0 0.969000 0.119000 0.016000 0.021000
0 0.958000 0.090000 0.016000 0.021000
0 0.947000 0.062000 0.016000 0.021000
0 0.936000 0.077000 0.016000 0.021000
0 0.892000 0.077000 0.016000 0.021000
0 0.884000 0.065000 0.016000 0.021000
0 0.928000 0.133000 0.016000 0.021000
0 0.909000 0.129000 0.016000 0.021000
0 0.914000 0.140000 0.016000 0.021000
0 0.956000 0.200000 0.016000 0.021000
0 0.967000 0.212000 0.016000 0.021000
0 0.936000 0.240000 0.016000 0.021000
0 0.969000 0.240000 0.016000 0.021000
0 0.936000 0.256000 0.016000 0.021000
0 0.892000 0.256000 0.016000 0.021000
0 0.894000 0.192000 0.016000 0.021000
0 0.867000 0.169000 0.016000 0.021000
0 0.839000 0.046000 0.016000 0.021000
0 0.795000 0.083000 0.016000 0.021000
0 0.819000 0.127000 0.016000 0.021000
0 0.808000 0.167000 0.016000 0.021000
0 0.816000 0.156000 0.016000 0.021000
0 0.872000 0.256000 0.016000 0.021000
0 0.877000 0.290000 0.016000 0.021000
0 0.869000 0.308000 0.016000 0.021000
0 0.842000 0.312000 0.016000 0.021000
0 0.817000 0.296000 0.016000 0.021000
0 0.773000 0.029000 0.016000 0.021000
0 0.763000 0.054000 0.016000 0.021000
0 0.764000 0.077000 0.016000 0.021000
0 0.767000 0.096000 0.016000 0.021000
0 0.739000 0.115000 0.016000 0.021000
0 0.659000 0.102000 0.016000 0.021000
0 0.616000 0.113000 0.016000 0.021000
0 0.719000 0.169000 0.016000 0.021000
0 0.692000 0.210000 0.016000 0.021000
0 0.723000 0.277000 0.016000 0.021000
0 0.542000 0.254000 0.016000 0.021000
0 0.500000 0.240000 0.016000 0.021000
0 0.505000 0.188000 0.016000 0.021000
0 0.481000 0.125000 0.016000 0.021000
0 0.483000 0.087000 0.016000 0.021000
0 0.537000 0.075000 0.016000 0.021000
0 0.444000 0.098000 0.016000 0.021000
0 0.408000 0.077000 0.016000 0.021000
0 0.416000 0.138000 0.016000 0.021000
0 0.420000 0.148000 0.016000 0.021000
0 0.414000 0.171000 0.016000 0.021000
0 0.441000 0.171000 0.016000 0.021000
0 0.363000 0.110000 0.016000 0.021000
0 0.361000 0.090000 0.016000 0.021000
0 0.345000 0.054000 0.016000 0.021000
0 0.281000 0.060000 0.016000 0.021000
0 0.294000 0.075000 0.016000 0.021000
0 0.291000 0.096000 0.016000 0.021000
0 0.298000 0.108000 0.016000 0.021000
0 0.309000 0.115000 0.016000 0.021000
0 0.328000 0.202000 0.016000 0.021000
0 0.161000 0.092000 0.016000 0.021000
0 0.119000 0.060000 0.016000 0.021000
0 0.052000 0.094000 0.016000 0.021000
0 0.045000 0.117000 0.016000 0.021000
0 0.061000 0.142000 0.016000 0.021000
0 0.053000 0.150000 0.016000 0.021000
0 0.019000 0.242000 0.016000 0.021000
0 0.056000 0.287000 0.016000 0.021000
0 0.061000 0.258000 0.016000 0.021000
0 0.080000 0.292000 0.016000 0.021000
0 0.050000 0.329000 0.016000 0.021000
0 0.192000 0.235000 0.016000 0.021000
0 0.223000 0.169000 0.016000 0.021000
0 0.222000 0.223000 0.016000 0.021000
0 0.216000 0.142000 0.016000 0.021000
0 0.208000 0.123000 0.016000 0.021000
0 0.317000 0.294000 0.016000 0.021000
0 0.477000 0.271000 0.016000 0.021000
0 0.319000 0.350000 0.016000 0.021000
0 0.347000 0.327000 0.016000 0.021000
0 0.064000 0.371000 0.016000 0.021000
0 0.075000 0.494000 0.016000 0.021000
0 0.042000 0.506000 0.016000 0.021000
0 0.528000 0.321000 0.016000 0.021000
0 0.467000 0.296000 0.016000 0.021000
0 0.645000 0.358000 0.016000 0.021000
0 0.575000 0.367000 0.016000 0.021000
0 0.694000 0.408000 0.016000 0.021000
0 0.019000 0.738000 0.016000 0.021000
0 0.073000 0.738000 0.016000 0.021000
0 0.094000 0.744000 0.016000 0.021000
0 0.045000 0.858000 0.016000 0.021000
0 0.059000 0.871000 0.016000 0.021000
0 0.130000 0.835000 0.016000 0.021000
0 0.145000 0.912000 0.016000 0.021000
0 0.088000 0.958000 0.016000 0.021000
0 0.055000 0.944000 0.016000 0.021000
0 0.202000 0.921000 0.016000 0.021000
0 0.230000 0.929000 0.016000 0.021000
0 0.220000 0.975000 0.016000 0.021000
0 0.120000 0.533000 0.016000 0.021000
0 0.147000 0.479000 0.016000 0.021000
0 0.105000 0.669000 0.016000 0.021000
0 0.120000 0.646000 0.016000 0.021000
0 0.141000 0.656000 0.016000 0.021000
0 0.130000 0.760000 0.016000 0.021000
0 0.183000 0.792000 0.016000 0.021000
0 0.270000 0.885000 0.016000 0.021000
0 0.252000 0.910000 0.016000 0.021000
0 0.264000 0.742000 0.016000 0.021000
0 0.173000 0.725000 0.016000 0.021000
0 0.125000 0.702000 0.016000 0.021000
0 0.220000 0.660000 0.016000 0.021000
0 0.170000 0.646000 0.016000 0.021000
0 0.161000 0.658000 0.016000 0.021000
0 0.248000 0.606000 0.016000 0.021000
0 0.194000 0.619000 0.016000 0.021000
0 0.109000 0.567000 0.016000 0.021000
0 0.214000 0.558000 0.016000 0.021000
0 0.158000 0.502000 0.016000 0.021000
0 0.217000 0.410000 0.016000 0.021000
0 0.234000 0.412000 0.016000 0.021000
0 0.227000 0.465000 0.016000 0.021000
0 0.342000 0.415000 0.016000 0.021000
0 0.261000 0.408000 0.016000 0.021000
0 0.266000 0.394000 0.016000 0.021000
0 0.336000 0.473000 0.016000 0.021000
0 0.314000 0.623000 0.016000 0.021000
0 0.322000 0.602000 0.016000 0.021000
0 0.306000 0.579000 0.016000 0.021000
0 0.367000 0.546000 0.016000 0.021000
0 0.394000 0.535000 0.016000 0.021000
0 0.428000 0.527000 0.016000 0.021000
0 0.359000 0.929000 0.016000 0.021000
0 0.358000 0.950000 0.016000 0.021000
0 0.291000 0.933000 0.016000 0.021000
0 0.273000 0.960000 0.016000 0.021000
0 0.455000 0.960000 0.016000 0.021000
0 0.461000 0.900000 0.016000 0.021000
0 0.434000 0.867000 0.016000 0.021000
0 0.442000 0.819000 0.016000 0.021000
0 0.425000 0.762000 0.016000 0.021000
0 0.480000 0.754000 0.016000 0.021000
0 0.530000 0.910000 0.016000 0.021000
0 0.537000 0.969000 0.016000 0.021000
0 0.581000 0.985000 0.016000 0.021000
0 0.417000 0.392000 0.016000 0.021000
0 0.389000 0.458000 0.016000 0.021000
0 0.450000 0.369000 0.016000 0.021000
0 0.186000 0.129000 0.016000 0.021000
0 0.331000 0.027000 0.016000 0.021000
0 0.073000 0.037000 0.016000 0.021000
0 0.103000 0.031000 0.016000 0.021000
0 0.420000 0.810000 0.016000 0.021000
0 0.463000 0.925000 0.016000 0.021000
0 0.583000 0.869000 0.016000 0.021000
0 0.583000 0.958000 0.016000 0.021000
0 0.522000 0.644000 0.016000 0.021000
0 0.467000 0.554000 0.016000 0.021000
0 0.442000 0.456000 0.016000 0.021000
0 0.491000 0.377000 0.016000 0.021000
0 0.459000 0.310000 0.016000 0.021000
0 0.525000 0.535000 0.016000 0.021000
0 0.475000 0.579000 0.016000 0.021000
0 0.481000 0.556000 0.016000 0.021000
0 0.616000 0.485000 0.016000 0.021000
0 0.550000 0.621000 0.016000 0.021000
0 0.591000 0.775000 0.016000 0.021000
0 0.564000 0.756000 0.016000 0.021000
0 0.547000 0.758000 0.016000 0.021000
0 0.539000 0.740000 0.016000 0.021000
0 0.544000 0.715000 0.016000 0.021000
0 0.539000 0.690000 0.016000 0.021000
0 0.547000 0.679000 0.016000 0.021000
0 0.569000 0.577000 0.016000 0.021000
0 0.544000 0.431000 0.016000 0.021000
0 0.639000 0.679000 0.016000 0.021000
0 0.639000 0.935000 0.016000 0.021000
0 0.638000 0.960000 0.016000 0.021000
0 0.669000 0.971000 0.016000 0.021000
0 0.689000 0.965000 0.016000 0.021000
0 0.683000 0.931000 0.016000 0.021000
0 0.672000 0.890000 0.016000 0.021000
0 0.639000 0.890000 0.016000 0.021000
0 0.708000 0.879000 0.016000 0.021000
0 0.739000 0.935000 0.016000 0.021000
0 0.761000 0.950000 0.016000 0.021000
0 0.638000 0.815000 0.016000 0.021000
0 0.677000 0.769000 0.016000 0.021000
0 0.705000 0.673000 0.016000 0.021000
0 0.703000 0.642000 0.016000 0.021000
0 0.678000 0.613000 0.016000 0.021000
0 0.680000 0.588000 0.016000 0.021000
0 0.719000 0.548000 0.016000 0.021000
0 0.719000 0.460000 0.016000 0.021000
0 0.694000 0.444000 0.016000 0.021000
0 0.741000 0.656000 0.016000 0.021000
0 0.744000 0.673000 0.016000 0.021000
0 0.759000 0.729000 0.016000 0.021000
0 0.794000 0.908000 0.016000 0.021000
0 0.812000 0.890000 0.016000 0.021000
0 0.830000 0.956000 0.016000 0.021000
0 0.845000 0.967000 0.016000 0.021000
0 0.777000 0.660000 0.016000 0.021000
0 0.780000 0.621000 0.016000 0.021000
0 0.772000 0.583000 0.016000 0.021000
0 0.753000 0.450000 0.016000 0.021000
0 0.808000 0.952000 0.016000 0.021000
0 0.920000 0.971000 0.016000 0.021000
0 0.873000 0.975000 0.016000 0.021000
0 0.877000 0.869000 0.016000 0.021000
0 0.888000 0.892000 0.016000 0.021000
0 0.889000 0.856000 0.016000 0.021000
0 0.917000 0.921000 0.016000 0.021000
0 0.897000 0.923000 0.016000 0.021000
0 0.923000 0.852000 0.016000 0.021000
0 0.909000 0.890000 0.016000 0.021000
0 0.917000 0.742000 0.016000 0.021000
0 0.928000 0.571000 0.016000 0.021000
0 0.975000 0.975000 0.016000 0.021000
0 0.650000 0.479000 0.016000 0.021000
0 0.838000 0.433000 0.016000 0.021000
0 0.900000 0.402000 0.016000 0.021000
0 0.892000 0.512000 0.016000 0.021000
0 0.967000 0.871000 0.016000 0.021000
0 0.948000 0.894000 0.016000 0.021000
0 0.956000 0.877000 0.016000 0.021000
0 0.914000 0.556000 0.016000 0.021000
0 0.877000 0.821000 0.016000 0.021000
0 0.684000 0.829000 0.016000 0.021000
0 0.566000 0.321000 0.016000 0.021000
0 0.081000 0.327000 0.016000 0.021000
0 0.841000 0.762000 0.016000 0.021000
0 0.853000 0.752000 0.016000 0.021000
0 0.286000 0.077000 0.016000 0.021000
0 0.864000 0.537000 0.016000 0.021000
0 0.038000 0.442000 0.016000 0.021000
0 0.083000 0.919000 0.016000 0.021000
0 0.102000 0.906000 0.016000 0.021000
0 0.905000 0.940000 0.016000 0.021000
0 0.980000 0.196000 0.016000 0.021000
0 0.647000 0.448000 0.016000 0.021000
0 0.658000 0.462000 0.016000 0.021000
0 0.831000 0.444000 0.016000 0.021000
0 0.172000 0.094000 0.016000 0.021000
0 0.716000 0.806000 0.016000 0.021000
0 0.711000 0.806000 0.016000 0.021000
0 0.877000 0.933000 0.016000 0.021000
0 0.675000 0.796000 0.016000 0.021000
0 0.667000 0.800000 0.016000 0.021000
0 0.491016 0.409028 0.011719 0.026389
0 0.865625 0.681944 0.012500 0.022222
0 0.884766 0.681944 0.013281 0.022222
0 0.991406 0.733333 0.009375 0.030556
0 0.922266 0.382639 0.010156 0.023611
0 0.907812 0.381944 0.010937 0.022222
0 0.447656 0.404861 0.014062 0.020833
0 0.469531 0.411111 0.014062 0.022222
0 0.117188 0.546528 0.015625 0.018056
0 0.021094 0.026389 0.014062 0.022222
0 0.005469 0.554167 0.007813 0.027778
0 0.008203 0.038889 0.007031 0.025000
0 0.832422 0.985417 0.013281 0.018056
0 0.944141 0.973611 0.014844 0.022222
0 0.645703 0.564583 0.011719 0.034722
0 0.019141 0.111806 0.014844 0.029167
0 0.519922 0.447917 0.016406 0.020833
0 0.506250 0.413889 0.015625 0.022222
0 0.510938 0.427778 0.007813 0.027778
0 0.644141 0.766667 0.019531 0.025000
0 0.598437 0.739583 0.012500 0.029167
0 0.589844 0.742361 0.014062 0.020833
0 0.923437 0.884722 0.012500 0.030556
0 0.179688 0.910417 0.018750 0.029167
0 0.768359 0.181944 0.014844 0.022222
0 0.128516 0.043056 0.011719 0.025000
0 0.164453 0.212500 0.019531 0.019444
0 0.133984 0.177083 0.010156 0.034722
0 0.103906 0.140278 0.010937 0.030556
0 0.083203 0.137500 0.016406 0.025000
0 0.178516 0.054861 0.016406 0.020833
0 0.204297 0.043056 0.017969 0.019444
0 0.205469 0.058333 0.012500 0.025000
0 0.231641 0.111111 0.017969 0.027778
0 0.293359 0.138889 0.013281 0.027778
0 0.313281 0.043056 0.015625 0.025000
0 0.443750 0.041667 0.010937 0.030556
0 0.599609 0.151389 0.014844 0.025000
0 0.628125 0.135417 0.009375 0.018056
0 0.621875 0.154861 0.009375 0.031944
0 0.610156 0.084722 0.014062 0.019444
0 0.625391 0.088194 0.014844 0.023611
0 0.644531 0.231250 0.012500 0.031944
0 0.729688 0.069444 0.012500 0.025000
0 0.694141 0.053472 0.008594 0.031944
0 0.307422 0.011806 0.014844 0.018056
0 0.683594 0.022917 0.009375 0.029167
0 0.857422 0.084028 0.011719 0.031944
0 0.928906 0.168750 0.009375 0.031944
0 0.917969 0.158333 0.014062 0.027778
0 0.980078 0.092361 0.008594 0.029167
0 0.941797 0.284028 0.014844 0.026389
0 0.951172 0.221528 0.013281 0.026389
0 0.963281 0.173611 0.010937 0.033333
0 0.836719 0.236111 0.009375 0.033333
0 0.853125 0.255556 0.009375 0.030556
0 0.812500 0.341667 0.014062 0.022222
0 0.801172 0.345833 0.013281 0.022222
0 0.782422 0.339583 0.011719 0.023611
0 0.795313 0.329167 0.012500 0.016667
0 0.793750 0.375694 0.014062 0.026389
0 0.784766 0.398611 0.010156 0.033333
0 0.832812 0.335417 0.010937 0.031944
0 0.843750 0.352083 0.012500 0.026389
0 0.868359 0.350000 0.016406 0.025000
0 0.876172 0.495139 0.010156 0.037500
0 0.871875 0.452778 0.014062 0.027778
0 0.846875 0.511111 0.012500 0.019444
0 0.931641 0.472222 0.010156 0.030556
0 0.924609 0.475694 0.011719 0.023611
0 0.963281 0.521528 0.010937 0.034722
0 0.995703 0.490278 0.008594 0.038889
0 0.932422 0.346528 0.011719 0.031944
0 0.805859 0.486806 0.010156 0.031944
0 0.825781 0.549306 0.014062 0.029167
0 0.814844 0.529861 0.012500 0.020833
0 0.809375 0.540278 0.009375 0.025000
0 0.800000 0.522917 0.012500 0.029167
0 0.753906 0.606250 0.010937 0.029167
0 0.936719 0.691667 0.009375 0.030556
0 0.962500 0.693056 0.012500 0.027778
0 0.982031 0.679167 0.010937 0.030556
0 0.830859 0.720833 0.011719 0.022222
0 0.822266 0.724306 0.011719 0.031944
0 0.809375 0.736806 0.007813 0.031944
0 0.870313 0.768750 0.009375 0.031944
0 0.847656 0.800000 0.010937 0.030556
0 0.627344 0.872917 0.010937 0.037500
0 0.609375 0.863889 0.010937 0.027778
0 0.767578 0.792361 0.010156 0.031944
0 0.898438 0.795833 0.014062 0.025000
0 0.766406 0.273611 0.009375 0.030556
0 0.718750 0.231250 0.009375 0.031944
0 0.773828 0.740278 0.008594 0.027778
0 0.786328 0.693750 0.011719 0.031944
0 0.787891 0.139583 0.008594 0.026389
0 0.678125 0.286111 0.009375 0.033333
0 0.664063 0.274306 0.009375 0.031944
0 0.667969 0.258333 0.009375 0.025000
0 0.607813 0.254167 0.017188 0.022222
0 0.589453 0.243750 0.014844 0.026389
0 0.596484 0.706944 0.011719 0.030556
0 0.501172 0.521528 0.008594 0.034722
0 0.519531 0.599306 0.010937 0.029167
0 0.377344 0.827083 0.010937 0.029167
0 0.400781 0.715278 0.009375 0.027778
0 0.422266 0.608333 0.011719 0.033333
0 0.298047 0.668056 0.010156 0.030556
0 0.278516 0.541667 0.011719 0.033333
0 0.300391 0.409028 0.011719 0.026389
0 0.302344 0.427778 0.014062 0.019444
0 0.304688 0.438194 0.014062 0.023611
0 0.250391 0.469444 0.011719 0.025000
0 0.247266 0.443056 0.014844 0.022222
0 0.169531 0.577083 0.012500 0.026389
0 0.182422 0.541667 0.010156 0.030556
0 0.110937 0.369444 0.017188 0.022222
0 0.148828 0.323611 0.010156 0.027778
0 0.075781 0.411111 0.012500 0.030556
0 0.050781 0.227778 0.009375 0.030556
0 0.020703 0.625694 0.011719 0.031944
0 0.032031 0.548611 0.007813 0.030556
0 0.019531 0.573611 0.009375 0.033333
0 0.038281 0.225000 0.010937 0.038889
0 0.132813 0.060417 0.012500 0.031944
0 0.210547 0.812500 0.016406 0.019444
0 0.367188 0.472222 0.012500 0.030556
0 0.379687 0.538889 0.010937 0.036111
0 0.716797 0.511806 0.010156 0.031944
0 0.732813 0.481250 0.009375 0.031944
0 0.556641 0.493056 0.011719 0.030556
0 0.578125 0.481250 0.012500 0.020833
0 0.480859 0.497917 0.011719 0.031944
0 0.409375 0.529167 0.010937 0.033333
0 0.549219 0.789583 0.010937 0.023611
0 0.558203 0.792361 0.010156 0.029167
0 0.489453 0.775694 0.013281 0.026389
0 0.474609 0.784028 0.016406 0.023611
0 0.458594 0.800694 0.014062 0.026389
0 0.680078 0.714583 0.011719 0.037500
0 0.672656 0.729167 0.017188 0.019444
0 0.710938 0.769444 0.012500 0.030556
0 0.692578 0.473611 0.010156 0.030556
0 0.616016 0.818750 0.010156 0.031944
0 0.214453 0.734722 0.010156 0.030556
0 0.223828 0.852778 0.011719 0.025000
0 0.016797 0.941667 0.016406 0.025000
0 0.204297 0.745833 0.011719 0.027778
0 0.540625 0.221528 0.009375 0.031944
0 0.348437 0.225000 0.009375 0.030556
0 0.721484 0.395139 0.016406 0.023611
0 0.711328 0.384028 0.011719 0.031944
0 0.823828 0.179861 0.011719 0.029167
0 0.371875 0.574306 0.009375 0.034722
0 0.977344 0.560417 0.007813 0.029167
0 0.983203 0.606250 0.010156 0.029167
0 0.959766 0.374306 0.011719 0.029167
0 0.599219 0.536806 0.007813 0.031944
0 0.605859 0.558333 0.010156 0.033333
0 0.597266 0.566667 0.016406 0.019444
0 0.456641 0.165972 0.010156 0.031944
0 0.232422 0.190972 0.010156 0.031944
0 0.518750 0.403472 0.015625 0.020833
0 0.454297 0.326389 0.010156 0.036111
0 0.353125 0.354861 0.010937 0.029167
0 0.528516 0.281944 0.010156 0.027778
0 0.302734 0.625000 0.010156 0.030556
0 0.175391 0.347222 0.013281 0.016667
0 0.180859 0.331944 0.008594 0.027778
0 0.158984 0.336111 0.010156 0.030556
0 0.170312 0.371528 0.012500 0.023611
0 0.164453 0.390278 0.010156 0.030556
0 0.240625 0.320833 0.017188 0.022222
0 0.245312 0.352778 0.015625 0.025000
0 0.263281 0.363194 0.012500 0.023611
0 0.369531 0.647917 0.010937 0.029167
0 0.753125 0.125694 0.009375 0.034722
0 0.762891 0.125000 0.011719 0.030556
0 0.813672 0.075000 0.008594 0.025000
0 0.419922 0.443056 0.014844 0.022222
0 0.418359 0.459722 0.013281 0.025000
0 0.917578 0.656250 0.014844 0.020833
0 0.916406 0.670833 0.012500 0.027778
0 0.239063 0.530556 0.014062 0.027778
0 0.275781 0.038889 0.012500 0.025000
0 0.873828 0.557639 0.014844 0.023611
0 0.350781 0.659722 0.009375 0.030556
0 0.429688 0.248611 0.009375 0.027778
0 0.433594 0.263889 0.010937 0.022222
0 0.426172 0.275694 0.008594 0.026389
0 0.421094 0.282639 0.010937 0.029167
0 0.592969 0.170139 0.010937 0.020833
0 0.579297 0.170833 0.016406 0.025000
0 0.583594 0.186806 0.009375 0.031944
0 0.551172 0.519444 0.021094 0.019444
0 0.509766 0.518056 0.008594 0.022222
0 0.631641 0.013194 0.010156 0.015278
0 0.953516 0.037500 0.010156 0.030556
0 0.429297 0.107639 0.008594 0.026389
0 0.099609 0.251389 0.011719 0.027778
0 0.062891 0.111806 0.008594 0.029167
0 0.706641 0.145833 0.014844 0.022222
0 0.621484 0.440972 0.013281 0.020833
0 0.633984 0.432639 0.017969 0.023611
0 0.659375 0.425000 0.012500 0.030556
0 0.495703 0.706944 0.011719 0.030556
0 0.378516 0.334028 0.014844 0.023611
0 0.678125 0.053472 0.010937 0.031944
0 0.426953 0.652778 0.011719 0.027778
0 0.546094 0.469444 0.012500 0.025000
0 0.724609 0.102778 0.013281 0.019444
0 0.659375 0.070833 0.017188 0.022222
0 0.416016 0.059722 0.014844 0.025000
0 0.370703 0.146528 0.013281 0.023611
0 0.364062 0.167361 0.020312 0.018056
0 0.370313 0.180556 0.017188 0.019444
0 0.209375 0.186111 0.007813 0.030556
0 0.216406 0.199306 0.009375 0.020833
0 0.357422 0.511806 0.013281 0.031944
0 0.797656 0.729167 0.010937 0.030556
0 0.717188 0.613194 0.014062 0.018056
0 0.331641 0.581944 0.013281 0.022222
0 0.026563 0.619444 0.010937 0.022222
0 0.024219 0.559722 0.007813 0.030556
0 0.012891 0.557639 0.008594 0.029167
0 0.650000 0.958333 0.014062 0.016667
