0 0.946600 0.481300 0.013000 0.022700
0 0.318600 0.422200 0.014000 0.020800
0 0.968500 0.643800 0.015600 0.020800
0 0.795900 0.455300 0.014800 0.021400
0 0.159200 0.580300 0.013200 0.020300
0 0.642600 0.081700 0.013800 0.019000
0 0.403700 0.307400 0.016000 0.017700
0 0.642400 0.428500 0.014700 0.018600
0 0.644100 0.231100 0.014900 0.021200
0 0.760500 0.196600 0.014300 0.019000
0 0.767700 0.084700 0.014200 0.019600
0 0.142600 0.158900 0.015900 0.018400
0 0.955400 0.516700 0.014000 0.019800
0 0.841400 0.792500 0.019000 0.018400
0 0.440100 0.292500 0.014900 0.018800
0 0.176800 0.290400 0.015500 0.019900
0 0.482600 0.495500 0.013900 0.020600
0 0.135400 0.657800 0.013900 0.018200
0 0.670600 0.727700 0.015200 0.024100
0 0.496500 0.878300 0.014300 0.018600
0 0.418200 0.545900 0.015500 0.020000
0 0.204100 0.678500 0.014400 0.018100
0 0.530300 0.369400 0.014100 0.017200
0 0.130500 0.708600 0.014700 0.019300
0 0.081700 0.855100 0.013200 0.020800
0 0.458800 0.483800 0.014000 0.019700
0 0.445800 0.315900 0.013600 0.019100
0 0.391900 0.406100 0.016100 0.018200
0 0.302600 0.644100 0.017500 0.020100
0 0.443700 0.880200 0.013200 0.022300
0 0.684700 0.809200 0.017900 0.022100
0 0.944900 0.602800 0.017700 0.019900
0 0.832900 0.609300 0.017600 0.019100
0 0.890600 0.457200 0.012900 0.021000
0 0.764100 0.554100 0.016400 0.020100
0 0.429100 0.796700 0.015500 0.019800
0 0.609700 0.480100 0.011500 0.022400
0 0.916800 0.727200 0.016400 0.019400
0 0.410200 0.289600 0.014100 0.017600
0 0.285200 0.753100 0.015900 0.019000
0 0.108600 0.089900 0.014800 0.020200
0 0.729500 0.346100 0.014600 0.019800
0 0.551800 0.296500 0.015200 0.018600
0 0.659500 0.334900 0.015300 0.020100
0 0.902400 0.258500 0.015500 0.019800
0 0.355000 0.166700 0.012900 0.022900
0 0.879000 0.321700 0.015900 0.017700
0 0.469300 0.207200 0.014000 0.022000
0 0.106000 0.221300 0.014100 0.021700
0 0.510600 0.678200 0.013600 0.020200
0 0.127300 0.471700 0.014300 0.016900
0 0.881900 0.832200 0.017900 0.020900
0 0.215500 0.147100 0.014800 0.021200
0 0.402600 0.567300 0.017500 0.018800
0 0.455200 0.526900 0.015200 0.019900
0 0.752400 0.701800 0.015200 0.019700
0 0.743000 0.570700 0.018700 0.017700
0 0.895000 0.630100 0.014200 0.023100
0 0.669300 0.756700 0.015400 0.026300
0 0.473300 0.381200 0.014500 0.020000
0 0.903200 0.131700 0.016000 0.019500
0 0.892800 0.116500 0.014500 0.021500
0 0.835700 0.407500 0.014000 0.019400
0 0.884500 0.052900 0.015300 0.018500
0 0.885400 0.210400 0.013200 0.019000
0 0.482900 0.081400 0.013800 0.021000
0 0.188800 0.177800 0.015200 0.018800
0 0.252100 0.605300 0.015600 0.019400
0 0.760600 0.779300 0.016400 0.019600
0 0.198000 0.402300 0.013800 0.019000
0 0.513900 0.805800 0.013900 0.023300
0 0.085200 0.442300 0.012000 0.020600
0 0.255200 0.928400 0.013800 0.022200
0 0.578900 0.730700 0.013200 0.024900
0 0.680700 0.541600 0.017800 0.021500
0 0.565200 0.407900 0.011400 0.022600
0 0.385000 0.927200 0.015000 0.020700
0 0.681400 0.434300 0.014600 0.024000
0 0.667600 0.781500 0.015600 0.026000
0 0.251400 0.181700 0.013300 0.023800
0 0.560500 0.942900 0.018900 0.017700
0 0.882300 0.967100 0.015900 0.019300
0 0.421900 0.341900 0.012800 0.020800
0 0.705500 0.905800 0.018000 0.021700
0 0.064700 0.864700 0.015200 0.019500
0 0.416700 0.569300 0.017700 0.018200
0 0.494200 0.020300 0.016100 0.022400
0 0.298700 0.479300 0.013900 0.022700
0 0.658300 0.821800 0.014100 0.026600
0 0.676600 0.377600 0.014500 0.021000
0 0.444000 0.772400 0.012500 0.025700
0 0.103500 0.918600 0.011900 0.024200
0 0.777800 0.134100 0.012800 0.023600
0 0.016500 0.406000 0.015800 0.016400
0 0.605100 0.144200 0.014800 0.021700
0 0.580500 0.391700 0.012800 0.022600
0 0.542800 0.690500 0.013900 0.022600
0 0.941000 0.829600 0.012500 0.027300
0 0.244400 0.884300 0.011600 0.027300
0 0.069900 0.922900 0.014300 0.020500
0 0.638900 0.481900 0.011300 0.026300
0 0.568700 0.542200 0.012300 0.026000
0 0.022500 0.678200 0.013200 0.022900
0 0.010100 0.035300 0.015400 0.018000
0 0.646200 0.444300 0.014800 0.017800
0 0.130500 0.094400 0.013000 0.025500
0 0.163600 0.490700 0.014100 0.020000
0 0.735100 0.154500 0.009500 0.030900
0 0.970600 0.542400 0.011900 0.028900
0 0.208200 0.243800 0.011200 0.030300
0 0.069400 0.593100 0.012600 0.023300
0 0.183500 0.979700 0.015300 0.021100
0 0.761100 0.732000 0.011000 0.031200
0 0.915700 0.060800 0.014300 0.020400
0 0.859400 0.166600 0.011400 0.029600
0 0.785900 0.814400 0.016900 0.019400
0 0.585600 0.923300 0.016400 0.018300
0 0.506600 0.401400 0.015300 0.019300
0 0.260500 0.596100 0.012000 0.026500
0 0.768100 0.139400 0.013500 0.021500
0 0.251100 0.720400 0.013900 0.022100
0 0.794500 0.505100 0.012100 0.025000
0 0.898000 0.659500 0.013300 0.020500
0 0.576000 0.657500 0.012400 0.023200
0 0.968800 0.623600 0.016200 0.018900
0 0.127900 0.689100 0.015500 0.018900
0 0.103000 0.535500 0.013700 0.018000
0 0.863900 0.833900 0.018300 0.019600
0 0.128000 0.978600 0.013500 0.022000
0 0.884300 0.334100 0.016100 0.018500
0 0.139200 0.602900 0.014500 0.018600
0 0.972300 0.591400 0.013100 0.025100
0 0.396100 0.234900 0.013300 0.025700
0 0.825900 0.172300 0.014100 0.022400
0 0.171900 0.610900 0.013200 0.019900
0 0.015400 0.416200 0.016000 0.017300
0 0.236000 0.340000 0.011400 0.028300
0 0.082900 0.385700 0.014000 0.018600
0 0.077200 0.467700 0.013500 0.018500
0 0.539900 0.903800 0.017500 0.018700
0 0.876400 0.807000 0.017600 0.019300
0 0.428900 0.317800 0.012600 0.017400
0 0.452200 0.166400 0.013700 0.023100
0 0.895700 0.909600 0.014900 0.027500
0 0.035300 0.019400 0.014500 0.023500
0 0.167000 0.764100 0.016500 0.020200
0 0.514800 0.367300 0.014600 0.018500
0 0.235900 0.678200 0.012000 0.022500
0 0.470100 0.863700 0.014400 0.019600
0 0.453700 0.146500 0.012800 0.021600
0 0.468600 0.690300 0.012500 0.020600
0 0.488100 0.432500 0.012300 0.022900
0 0.473500 0.522300 0.014400 0.023400
0 0.699300 0.093600 0.010600 0.026200
0 0.440300 0.465400 0.011400 0.030800
0 0.073700 0.454100 0.013900 0.017200
0 0.897000 0.223600 0.013100 0.020000
0 0.436200 0.643600 0.010300 0.037800
0 0.290100 0.978200 0.011400 0.027200
0 0.861400 0.760000 0.015800 0.019300
0 0.563600 0.284800 0.012800 0.020500
0 0.418600 0.197600 0.013500 0.022900
0 0.915700 0.898000 0.017900 0.022200
0 0.652000 0.947000 0.016400 0.021100
0 0.861500 0.190200 0.014500 0.023400
0 0.201200 0.966600 0.015100 0.019600
0 0.278900 0.173200 0.013600 0.022000
0 0.149100 0.968200 0.014400 0.020800
0 0.475800 0.477300 0.011500 0.026100
0 0.480300 0.414000 0.014100 0.019400
0 0.338100 0.142100 0.010900 0.025100
0 0.680500 0.301500 0.014500 0.019900
0 0.442700 0.223600 0.013400 0.023600
0 0.621500 0.173100 0.010900 0.028300
0 0.147400 0.589300 0.013900 0.019100
0 0.111100 0.808000 0.012300 0.027400
0 0.135000 0.586100 0.012600 0.019300
0 0.658600 0.029800 0.013500 0.020400
0 0.761600 0.652800 0.014000 0.021600
0 0.634100 0.717700 0.014200 0.025900
0 0.985200 0.621600 0.014800 0.025400
0 0.005800 0.017400 0.009600 0.017300
0 0.798600 0.485700 0.013300 0.024400
0 0.132400 0.401500 0.010200 0.024600
0 0.463700 0.430600 0.014000 0.019200
0 0.860400 0.374100 0.017600 0.018000
0 0.411300 0.335000 0.015600 0.018600
0 0.448300 0.310900 0.012500 0.021500
0 0.311300 0.948000 0.012600 0.026700
0 0.135900 0.064200 0.010300 0.028300
0 0.161500 0.335400 0.015100 0.018700
0 0.101100 0.761100 0.014200 0.017800
0 0.179600 0.763900 0.015100 0.021600
0 0.647900 0.820600 0.014800 0.024200
0 0.542500 0.632100 0.011800 0.020900
0 0.502200 0.464200 0.011800 0.025400
0 0.572100 0.747800 0.011600 0.030500
0 0.841600 0.548500 0.013900 0.020700
0 0.257100 0.016000 0.010200 0.031700
0 0.917400 0.414200 0.010200 0.030800
0 0.261000 0.503600 0.013000 0.023000
0 0.961500 0.645400 0.013600 0.022500
0 0.098900 0.664900 0.012800 0.020800
0 0.789000 0.598900 0.015000 0.019900
0 0.078125 0.812500 0.010937 0.025000
0 0.126172 0.854861 0.013281 0.018056
0 0.253125 0.829861 0.007813 0.029167
0 0.760938 0.295139 0.010937 0.034722
0 0.717969 0.022917 0.017188 0.018056
0 0.784766 0.510417 0.010156 0.029167
0 0.740625 0.451389 0.007813 0.025000
0 0.457812 0.099306 0.012500 0.020833
0 0.614844 0.027778 0.012500 0.025000
0 0.717188 0.059722 0.010937 0.019444
0 0.936719 0.468750 0.012500 0.018056
0 0.723047 0.300000 0.016406 0.019444
0 0.892578 0.654167 0.014844 0.025000
0 0.778125 0.715278 0.017188 0.025000
0 0.785547 0.717361 0.010156 0.026389
0 0.589453 0.106250 0.017969 0.023611
0 0.292188 0.120833 0.012500 0.027778
0 0.091406 0.128472 0.010937 0.031944
0 0.281641 0.449306 0.016406 0.020833
0 0.350391 0.864583 0.014844 0.026389
0 0.977344 0.294444 0.014062 0.025000
0 0.946875 0.086806 0.014062 0.023611
0 0.902734 0.437500 0.013281 0.025000
0 0.428906 0.377778 0.012500 0.027778
0 0.541406 0.464583 0.012500 0.026389
0 0.548047 0.471528 0.013281 0.023611
0 0.125000 0.050694 0.015625 0.026389
