0 0.318000 0.418100 0.015200 0.020500
0 0.602600 0.080100 0.015300 0.019100
0 0.766600 0.092100 0.013100 0.022300
0 0.178500 0.556200 0.015100 0.019000
0 0.302900 0.644200 0.017600 0.021800
0 0.167100 0.328900 0.016000 0.020900
0 0.880200 0.807400 0.016100 0.020400
0 0.219700 0.147900 0.017600 0.018100
0 0.656900 0.230000 0.015400 0.022700
0 0.757300 0.141400 0.014900 0.019100
0 0.528900 0.432000 0.013800 0.021500
0 0.403600 0.307100 0.017200 0.018700
0 0.689900 0.806900 0.019300 0.021300
0 0.592700 0.455500 0.014700 0.019200
0 0.017000 0.405300 0.014100 0.018500
0 0.030800 0.605500 0.016200 0.020800
0 0.157400 0.531800 0.013600 0.019900
0 0.668500 0.758400 0.017400 0.023900
0 0.115200 0.095500 0.014700 0.020800
0 0.930300 0.497300 0.014200 0.021800
0 0.434200 0.295800 0.015300 0.021000
0 0.144800 0.493100 0.014400 0.018800
0 0.760400 0.196200 0.016600 0.017700
0 0.352500 0.368000 0.013400 0.022500
0 0.906000 0.129100 0.015400 0.020600
0 0.496400 0.878600 0.013500 0.019700
0 0.867100 0.829700 0.015100 0.021400
0 0.443100 0.515100 0.015200 0.019600
0 0.540300 0.458400 0.012500 0.021900
0 0.928600 0.721700 0.018800 0.019300
0 0.155300 0.732300 0.014000 0.020600
0 0.070500 0.869000 0.016700 0.022700
0 0.331800 0.503900 0.014000 0.021500
0 0.895600 0.630000 0.015100 0.022400
0 0.529900 0.369400 0.015400 0.018000
0 0.219900 0.672800 0.016100 0.019400
0 0.472800 0.491400 0.013500 0.021900
0 0.481200 0.596100 0.018200 0.023400
0 0.869800 0.433400 0.016400 0.020900
0 0.409000 0.758700 0.017200 0.021700
0 0.180400 0.285600 0.014000 0.020400
0 0.897700 0.046100 0.015400 0.018800
0 0.042900 0.582100 0.016500 0.021600
0 0.885400 0.210200 0.015400 0.019400
0 0.314900 0.257900 0.014800 0.023300
0 0.416800 0.440900 0.015200 0.022000
0 0.479400 0.416700 0.014000 0.022400
0 0.764300 0.558300 0.017000 0.019300
0 0.564200 0.857200 0.017600 0.020400
0 0.172300 0.484900 0.015600 0.019100
0 0.154400 0.667900 0.014100 0.022400
0 0.639000 0.481000 0.013000 0.025600
0 0.264200 0.166000 0.013900 0.025000
0 0.658100 0.820900 0.015200 0.026400
0 0.448400 0.231100 0.015700 0.021000
0 0.781500 0.822200 0.017600 0.018800
0 0.782400 0.146900 0.012600 0.028700
0 0.698300 0.833200 0.016100 0.022100
0 0.130000 0.590900 0.014700 0.019700
0 0.840400 0.609100 0.018800 0.020200
0 0.164600 0.767700 0.015700 0.021800
0 0.547600 0.666600 0.013000 0.023400
0 0.859500 0.167700 0.013300 0.026300
0 0.651200 0.430700 0.015600 0.018800
0 0.915300 0.559200 0.012400 0.023700
0 0.597100 0.435600 0.016000 0.019100
0 0.758600 0.384600 0.016200 0.025100
0 0.517000 0.401900 0.015600 0.021400
0 0.683100 0.718600 0.014800 0.027100
0 0.591000 0.790500 0.015200 0.022100
0 0.233800 0.680700 0.014100 0.023300
0 0.884000 0.052900 0.015600 0.020500
0 0.484700 0.683300 0.013300 0.026900
0 0.248500 0.882600 0.013200 0.026000
0 0.518500 0.941200 0.017100 0.022500
0 0.114700 0.439900 0.014100 0.021800
0 0.644900 0.444100 0.016200 0.019700
0 0.053500 0.704900 0.015400 0.022300
0 0.568500 0.542500 0.012000 0.026200
0 0.793900 0.502500 0.014200 0.023200
0 0.921600 0.028300 0.013200 0.023300
0 0.089200 0.592100 0.015900 0.019300
0 0.189100 0.176500 0.016600 0.018100
0 0.130900 0.766000 0.014300 0.021700
0 0.510900 0.678000 0.013600 0.020800
0 0.752600 0.244100 0.011700 0.028400
0 0.318000 0.729700 0.016200 0.024800
0 0.902100 0.107000 0.012800 0.021400
0 0.628900 0.181200 0.012900 0.030700
0 0.634800 0.384800 0.018300 0.021600
0 0.469300 0.860400 0.015000 0.021400
0 0.068800 0.893000 0.013800 0.024600
0 0.208400 0.243300 0.011100 0.029700
0 0.571200 0.633100 0.016200 0.024300
0 0.543400 0.632600 0.015100 0.021900
0 0.958300 0.309900 0.013200 0.023100
0 0.859200 0.704500 0.019800 0.019700
0 0.514600 0.757000 0.016400 0.022100
0 0.446900 0.314600 0.015400 0.021600
0 0.581200 0.715000 0.013400 0.025200
0 0.739800 0.777800 0.017900 0.018800
0 0.040700 0.019600 0.014400 0.024000
0 0.397500 0.277100 0.015400 0.020400
0 0.407400 0.156200 0.014400 0.024300
0 0.609700 0.480800 0.012700 0.023200
0 0.865500 0.056500 0.015200 0.022800
0 0.023000 0.685100 0.014100 0.023000
0 0.879400 0.322200 0.017400 0.020300
0 0.667100 0.784300 0.018400 0.021300
0 0.632900 0.552200 0.015200 0.022300
0 0.110100 0.735200 0.014400 0.023400
0 0.873400 0.605300 0.017600 0.020600
0 0.066900 0.927900 0.014100 0.022600
0 0.083000 0.854100 0.016700 0.023700
0 0.772500 0.720200 0.017100 0.024300
0 0.285600 0.753200 0.016900 0.019700
0 0.690200 0.760700 0.016800 0.021200
0 0.465300 0.979500 0.013000 0.024300
0 0.691000 0.396800 0.018800 0.020000
0 0.892700 0.114200 0.013500 0.020600
0 0.347700 0.857100 0.015300 0.025900
0 0.171600 0.610700 0.015200 0.018900
0 0.895900 0.222800 0.017000 0.019000
0 0.164700 0.553700 0.015300 0.019100
0 0.436600 0.381700 0.014300 0.024000
0 0.908400 0.026700 0.014900 0.019000
0 0.678900 0.280200 0.020000 0.019300
0 0.423100 0.704500 0.016500 0.022700
0 0.740300 0.402600 0.016300 0.021300
0 0.314200 0.497100 0.011200 0.025500
0 0.260200 0.602700 0.014100 0.026000
0 0.113700 0.034500 0.013500 0.021100
0 0.786600 0.543600 0.014900 0.021300
0 0.026100 0.413900 0.015700 0.019200
0 0.660400 0.165200 0.016400 0.020100
0 0.936200 0.422000 0.014500 0.023600
0 0.325700 0.591300 0.010700 0.033200
0 0.536100 0.872800 0.017300 0.018800
0 0.549100 0.293700 0.017000 0.017500
0 0.884100 0.331500 0.018400 0.021600
0 0.493800 0.561200 0.015100 0.019200
0 0.228200 0.973200 0.015600 0.019900
0 0.083000 0.385700 0.014100 0.020500
0 0.033000 0.628000 0.016300 0.020400
0 0.460900 0.901900 0.014100 0.025800
0 0.763600 0.778100 0.017000 0.019000
0 0.863200 0.190600 0.014000 0.023500
0 0.978300 0.283700 0.015100 0.025100
0 0.161500 0.628900 0.013600 0.019900
0 0.476100 0.382000 0.015300 0.021100
0 0.297100 0.119300 0.010700 0.035800
0 0.256200 0.679200 0.014700 0.020300
0 0.683500 0.544100 0.014500 0.026600
0 0.842600 0.739300 0.016200 0.020900
0 0.739000 0.198400 0.016800 0.017800
0 0.727700 0.026500 0.012500 0.028900
0 0.031641 0.252083 0.010156 0.034722
0 0.110937 0.298611 0.017188 0.027778
0 0.112500 0.509028 0.014062 0.040278
0 0.024219 0.981944 0.012500 0.025000
0 0.015234 0.945833 0.013281 0.027778
0 0.066016 0.804167 0.014844 0.030556
0 0.254687 0.835417 0.010937 0.029167
0 0.297656 0.263889 0.010937 0.027778
0 0.899609 0.547917 0.013281 0.020833
0 0.991406 0.483333 0.010937 0.022222
0 0.761328 0.652778 0.016406 0.025000
0 0.690234 0.430556 0.014844 0.030556
0 0.723437 0.787500 0.010937 0.027778
0 0.796875 0.812500 0.014062 0.019444
0 0.827344 0.172917 0.010937 0.029167
0 0.836328 0.165972 0.011719 0.029167
0 0.595703 0.098611 0.014844 0.025000
0 0.488672 0.078472 0.016406 0.029167
0 0.562500 0.288194 0.012500 0.020833
0 0.235938 0.336806 0.010937 0.034722
0 0.100781 0.449306 0.015625 0.020833
0 0.101562 0.462500 0.015625 0.025000
0 0.879297 0.921528 0.016406 0.026389
0 0.843750 0.900000 0.014062 0.033333
0 0.596875 0.979861 0.012500 0.023611
0 0.091406 0.915972 0.014062 0.023611
0 0.091406 0.128472 0.012500 0.034722
0 0.761719 0.309028 0.014062 0.040278
0 0.487500 0.761806 0.012500 0.034722
0 0.651563 0.969444 0.014062 0.027778
0 0.141797 0.061806 0.011719 0.037500
0 0.005859 0.011806 0.011719 0.020833
0 0.013281 0.038889 0.012500 0.025000
0 0.025000 0.075000 0.015625 0.022222
0 0.180859 0.013889 0.013281 0.022222
0 0.147656 0.154861 0.014062 0.023611
0 0.090625 0.625694 0.014062 0.026389
0 0.205859 0.953472 0.014844 0.020833
0 0.201562 0.904167 0.015625 0.022222
0 0.224609 0.839583 0.014844 0.029167
0 0.260156 0.929861 0.010937 0.031944
0 0.295312 0.977083 0.012500 0.026389
0 0.687500 0.898611 0.012500 0.033333
0 0.711328 0.904861 0.016406 0.026389
0 0.923047 0.914583 0.014844 0.029167
0 0.989844 0.609722 0.014062 0.022222
0 0.981250 0.625694 0.010937 0.020833
0 0.963672 0.638194 0.010156 0.023611
0 0.973437 0.638194 0.010937 0.023611
0 0.967969 0.622917 0.010937 0.026389
0 0.944531 0.600694 0.015625 0.029167
0 0.848437 0.796528 0.015625 0.023611
0 0.964063 0.870833 0.010937 0.036111
0 0.721875 0.127778 0.010937 0.033333
0 0.683203 0.091667 0.014844 0.022222
0 0.527344 0.806944 0.015625 0.025000
0 0.442578 0.637500 0.011719 0.030556
0 0.381250 0.675694 0.010937 0.034722
0 0.473047 0.527083 0.013281 0.029167
0 0.508984 0.473611 0.013281 0.025000
0 0.512109 0.372917 0.014844 0.026389
0 0.467187 0.168750 0.012500 0.023611
0 0.460938 0.160417 0.014062 0.026389
0 0.462109 0.062500 0.016406 0.027778
0 0.441406 0.075694 0.012500 0.031944
0 0.981250 0.540972 0.014062 0.023611
0 0.970703 0.541667 0.014844 0.025000
0 0.293359 0.429167 0.013281 0.027778
0 0.394531 0.415278 0.017188 0.022222
0 0.400000 0.426389 0.015625 0.022222
