0 0.980078 0.023611 0.014844 0.022222
0 0.844141 0.011806 0.011719 0.012500
0 0.852344 0.035417 0.009375 0.020833
0 0.934766 0.171528 0.007031 0.023611
0 0.942578 0.186806 0.010156 0.018056
0 0.931641 0.261806 0.010156 0.018056
0 0.931250 0.277083 0.010937 0.015278
0 0.953906 0.370833 0.015625 0.022222
0 0.917969 0.295833 0.007813 0.027778
0 0.905859 0.295833 0.008594 0.025000
0 0.868750 0.320139 0.010937 0.020833
0 0.908984 0.465972 0.014844 0.018056
0 0.920313 0.487500 0.010937 0.025000
0 0.994922 0.533333 0.008594 0.025000
0 0.935938 0.676389 0.010937 0.022222
0 0.968750 0.735417 0.009375 0.020833
0 0.982031 0.778472 0.010937 0.026389
0 0.945313 0.743056 0.010937 0.030556
0 0.970703 0.878472 0.010156 0.018056
0 0.928125 0.902083 0.010937 0.023611
0 0.981641 0.968750 0.010156 0.018056
0 0.892578 0.928472 0.011719 0.023611
0 0.862891 0.818056 0.010156 0.027778
0 0.879297 0.977083 0.014844 0.026389
0 0.832031 0.759722 0.010937 0.019444
0 0.811328 0.768056 0.010156 0.022222
0 0.852734 0.704861 0.010156 0.018056
0 0.896094 0.658333 0.012500 0.025000
0 0.844141 0.660417 0.011719 0.018056
0 0.856641 0.611806 0.013281 0.020833
0 0.874219 0.577083 0.009375 0.026389
0 0.857422 0.548611 0.011719 0.027778
0 0.839063 0.570139 0.009375 0.026389
0 0.842188 0.486111 0.010937 0.027778
0 0.805078 0.598611 0.010156 0.030556
0 0.821875 0.522222 0.012500 0.019444
0 0.791016 0.476389 0.011719 0.025000
0 0.844922 0.340972 0.011719 0.029167
0 0.782812 0.397222 0.010937 0.019444
0 0.793750 0.272222 0.010937 0.025000
0 0.779688 0.157639 0.012500 0.026389
0 0.798047 0.063889 0.010156 0.025000
0 0.760938 0.157639 0.012500 0.023611
0 0.726563 0.185417 0.014062 0.029167
0 0.737891 0.209722 0.013281 0.025000
0 0.724219 0.250694 0.012500 0.023611
0 0.757031 0.322222 0.015625 0.025000
0 0.730859 0.329167 0.013281 0.030556
0 0.716797 0.301389 0.013281 0.033333
0 0.693750 0.245139 0.014062 0.023611
0 0.670313 0.201389 0.015625 0.022222
0 0.653125 0.206250 0.012500 0.031944
0 0.649219 0.290278 0.015625 0.025000
0 0.756250 0.528472 0.009375 0.031944
0 0.733203 0.645833 0.010156 0.027778
0 0.737891 0.720833 0.013281 0.022222
0 0.737109 0.761806 0.013281 0.031944
0 0.794141 0.928472 0.011719 0.023611
0 0.785156 0.952778 0.014062 0.022222
0 0.768750 0.961806 0.014062 0.018056
0 0.740625 0.909028 0.012500 0.023611
0 0.752344 0.956250 0.010937 0.020833
0 0.739844 0.957639 0.010937 0.023611
0 0.732031 0.985417 0.012500 0.018056
0 0.726563 0.954861 0.007813 0.018056
0 0.717969 0.969444 0.007813 0.025000
0 0.720703 0.943056 0.008594 0.019444
0 0.717188 0.933333 0.010937 0.016667
0 0.701563 0.928472 0.009375 0.026389
0 0.682422 0.860417 0.013281 0.029167
0 0.675391 0.813194 0.011719 0.023611
0 0.672656 0.727778 0.010937 0.027778
0 0.663672 0.629861 0.008594 0.029167
0 0.635547 0.648611 0.013281 0.019444
0 0.619531 0.615972 0.015625 0.023611
0 0.611328 0.584722 0.011719 0.030556
0 0.637500 0.479167 0.012500 0.030556
0 0.628906 0.495833 0.010937 0.025000
0 0.618750 0.486111 0.014062 0.019444
0 0.628125 0.387500 0.014062 0.019444
0 0.620313 0.315972 0.012500 0.029167
0 0.602734 0.306250 0.016406 0.023611
0 0.611719 0.979861 0.014062 0.020833
0 0.598047 0.959722 0.008594 0.025000
0 0.582812 0.854167 0.014062 0.019444
0 0.559375 0.856944 0.010937 0.030556
0 0.539844 0.797222 0.014062 0.025000
0 0.588672 0.525000 0.008594 0.025000
0 0.589063 0.565278 0.010937 0.027778
0 0.565234 0.545833 0.011719 0.022222
0 0.558984 0.514583 0.010156 0.026389
0 0.598828 0.379861 0.010156 0.029167
0 0.626953 0.148611 0.013281 0.027778
0 0.605078 0.059722 0.011719 0.030556
0 0.585156 0.093750 0.010937 0.023611
0 0.571484 0.090278 0.014844 0.019444
0 0.543750 0.034028 0.009375 0.026389
0 0.504687 0.086111 0.010937 0.027778
0 0.475000 0.053472 0.014062 0.029167
0 0.535156 0.194444 0.007813 0.027778
0 0.515625 0.230556 0.014062 0.030556
0 0.498437 0.243750 0.012500 0.023611
0 0.548437 0.282639 0.017188 0.023611
0 0.533984 0.320139 0.014844 0.020833
0 0.525391 0.400694 0.014844 0.026389
0 0.537891 0.603472 0.013281 0.023611
0 0.518750 0.600000 0.014062 0.019444
0 0.501953 0.631250 0.011719 0.029167
0 0.517969 0.679861 0.012500 0.018056
0 0.520703 0.710417 0.011719 0.020833
0 0.548437 0.711806 0.012500 0.020833
0 0.503516 0.689583 0.013281 0.020833
0 0.505859 0.711111 0.016406 0.022222
0 0.485547 0.574306 0.016406 0.020833
0 0.480859 0.497222 0.013281 0.025000
0 0.480469 0.398611 0.010937 0.027778
0 0.467187 0.356250 0.015625 0.018056
0 0.453906 0.366667 0.009375 0.027778
0 0.449219 0.377778 0.012500 0.019444
0 0.409375 0.477778 0.010937 0.025000
0 0.471875 0.272917 0.012500 0.018056
0 0.458594 0.250000 0.010937 0.030556
0 0.451172 0.211806 0.010156 0.029167
0 0.432422 0.276389 0.013281 0.027778
0 0.434375 0.259028 0.009375 0.023611
0 0.416406 0.168750 0.012500 0.026389
0 0.386719 0.181944 0.009375 0.036111
0 0.401953 0.098611 0.013281 0.030556
0 0.384375 0.041667 0.010937 0.027778
0 0.351563 0.255556 0.015625 0.019444
0 0.350781 0.207639 0.015625 0.020833
0 0.322656 0.228472 0.010937 0.029167
0 0.337500 0.145833 0.014062 0.025000
0 0.308984 0.029861 0.013281 0.029167
0 0.272266 0.157639 0.011719 0.026389
0 0.259375 0.125000 0.012500 0.030556
0 0.409375 0.533333 0.015625 0.022222
0 0.429297 0.664583 0.016406 0.020833
0 0.410547 0.714583 0.014844 0.023611
0 0.431641 0.748611 0.010156 0.027778
0 0.429688 0.768056 0.014062 0.022222
0 0.516797 0.867361 0.013281 0.040278
0 0.498437 0.953472 0.010937 0.026389
0 0.383594 0.859722 0.010937 0.025000
0 0.377344 0.833333 0.010937 0.027778
0 0.345703 0.815972 0.013281 0.023611
0 0.393359 0.626389 0.013281 0.025000
0 0.346484 0.680556 0.016406 0.019444
0 0.373437 0.726389 0.009375 0.025000
0 0.364062 0.720139 0.009375 0.026389
0 0.358203 0.707639 0.011719 0.023611
0 0.383203 0.488889 0.010156 0.027778
0 0.368750 0.387500 0.014062 0.019444
0 0.360938 0.431250 0.014062 0.018056
0 0.353906 0.436806 0.012500 0.020833
0 0.344531 0.473611 0.014062 0.019444
0 0.346094 0.514583 0.015625 0.026389
0 0.330078 0.506250 0.013281 0.029167
0 0.353906 0.567361 0.014062 0.029167
0 0.325000 0.570139 0.014062 0.026389
0 0.280859 0.654861 0.014844 0.020833
0 0.310156 0.827083 0.017188 0.020833
0 0.406641 0.975694 0.014844 0.018056
0 0.394141 0.939583 0.014844 0.029167
0 0.366406 0.952778 0.014062 0.025000
0 0.353906 0.913889 0.010937 0.025000
0 0.333984 0.934028 0.013281 0.026389
0 0.349609 0.985417 0.011719 0.018056
0 0.335547 0.985417 0.014844 0.018056
0 0.312891 0.898611 0.011719 0.027778
0 0.324219 0.344444 0.015625 0.025000
0 0.305469 0.372917 0.015625 0.018056
0 0.285156 0.395139 0.018750 0.020833
0 0.278125 0.468056 0.012500 0.027778
0 0.257031 0.518056 0.012500 0.030556
0 0.255078 0.388889 0.014844 0.025000
0 0.256250 0.289583 0.010937 0.026389
0 0.277344 0.222222 0.015625 0.019444
0 0.262500 0.204167 0.017188 0.027778
0 0.234766 0.341667 0.010156 0.027778
0 0.219531 0.345139 0.015625 0.020833
0 0.225000 0.427778 0.015625 0.013889
0 0.223047 0.509722 0.011719 0.025000
0 0.219922 0.536806 0.019531 0.018056
0 0.232031 0.552778 0.012500 0.025000
0 0.257031 0.604167 0.015625 0.025000
0 0.221875 0.622222 0.014062 0.025000
0 0.246094 0.745139 0.015625 0.023611
0 0.212500 0.824306 0.012500 0.029167
0 0.204297 0.900000 0.011719 0.025000
0 0.186719 0.959028 0.014062 0.026389
0 0.149219 0.918056 0.014062 0.030556
0 0.148828 0.877778 0.014844 0.025000
0 0.134766 0.850694 0.010156 0.023611
0 0.117188 0.852778 0.018750 0.027778
0 0.093750 0.890278 0.015625 0.025000
0 0.072656 0.878472 0.014062 0.023611
0 0.168359 0.592361 0.014844 0.020833
0 0.152344 0.562500 0.009375 0.025000
0 0.144922 0.545139 0.010156 0.034722
0 0.179688 0.473611 0.018750 0.022222
0 0.177734 0.390278 0.016406 0.019444
0 0.196875 0.326389 0.012500 0.033333
0 0.129688 0.330556 0.012500 0.025000
0 0.106641 0.220833 0.014844 0.025000
0 0.146484 0.438194 0.014844 0.026389
0 0.130859 0.545833 0.011719 0.027778
0 0.100000 0.763194 0.012500 0.018056
0 0.085547 0.752778 0.013281 0.022222
0 0.090625 0.639583 0.010937 0.026389
0 0.092969 0.605556 0.010937 0.027778
0 0.089062 0.707639 0.012500 0.023611
0 0.076563 0.714583 0.014062 0.020833
0 0.072656 0.724306 0.014062 0.020833
0 0.066406 0.775694 0.012500 0.026389
0 0.038281 0.791667 0.017188 0.016667
0 0.029297 0.835417 0.011719 0.029167
0 0.022656 0.777778 0.010937 0.022222
0 0.023438 0.743056 0.017188 0.019444
0 0.005078 0.805556 0.008594 0.022222
0 0.081250 0.554167 0.018750 0.016667
0 0.059375 0.576389 0.012500 0.022222
0 0.042969 0.592361 0.015625 0.015278
0 0.057031 0.515972 0.015625 0.023611
0 0.085938 0.459722 0.012500 0.025000
0 0.058203 0.456250 0.010156 0.029167
0 0.060547 0.406250 0.013281 0.023611
0 0.044922 0.413194 0.013281 0.026389
0 0.040625 0.279861 0.017188 0.020833
0 0.141406 0.103472 0.014062 0.020833
0 0.069922 0.163889 0.011719 0.025000
0 0.126172 0.017361 0.010156 0.018056
0 0.869531 0.009722 0.017188 0.013889
