0 0.481200 0.419200 0.014500 0.020400
0 0.456800 0.154500 0.014600 0.022400
0 0.868900 0.418800 0.014400 0.020400
0 0.083800 0.593900 0.014900 0.018300
0 0.640800 0.430000 0.015700 0.017900
0 0.879300 0.893000 0.017200 0.018700
0 0.318600 0.421500 0.014400 0.020700
0 0.444100 0.731100 0.013800 0.019600
0 0.381400 0.545200 0.014400 0.019700
0 0.957600 0.617500 0.016100 0.018600
0 0.432100 0.471900 0.013500 0.021700
0 0.570200 0.478300 0.013800 0.018100
0 0.704900 0.906600 0.017000 0.020900
0 0.167000 0.591300 0.015800 0.017000
0 0.872300 0.808600 0.017000 0.018900
0 0.391000 0.404700 0.015600 0.018800
0 0.959100 0.445700 0.015900 0.019600
0 0.684800 0.292700 0.016400 0.019300
0 0.402300 0.304200 0.014400 0.021100
0 0.530400 0.369000 0.014800 0.017000
0 0.627400 0.769000 0.014900 0.021300
0 0.318300 0.181000 0.013900 0.021300
0 0.440200 0.292700 0.015000 0.020400
0 0.828700 0.607000 0.016900 0.020900
0 0.071000 0.456600 0.014200 0.017200
0 0.682900 0.044600 0.015500 0.018000
0 0.840800 0.792500 0.017600 0.018200
0 0.930500 0.630400 0.015800 0.019400
0 0.383000 0.283400 0.014300 0.018500
0 0.765500 0.692900 0.014800 0.018700
0 0.830900 0.445000 0.015100 0.020300
0 0.303000 0.643600 0.015600 0.020600
0 0.769300 0.084600 0.015600 0.020400
0 0.496700 0.879300 0.015200 0.018200
0 0.141500 0.160300 0.015900 0.019200
0 0.018800 0.607500 0.014400 0.020100
0 0.669300 0.756600 0.015300 0.025300
0 0.269700 0.443300 0.013800 0.021600
0 0.472800 0.379600 0.014800 0.019700
0 0.885600 0.210400 0.013600 0.018600
0 0.681200 0.141400 0.013900 0.020700
0 0.945200 0.602400 0.016800 0.020100
0 0.552400 0.296300 0.015400 0.018800
0 0.618400 0.256200 0.014200 0.019300
0 0.878700 0.322000 0.014900 0.019600
0 0.123000 0.470300 0.014700 0.016400
0 0.892800 0.116500 0.014700 0.021700
0 0.510800 0.678500 0.014300 0.020500
0 0.708600 0.584200 0.013100 0.021400
0 0.319200 0.494400 0.014100 0.020100
0 0.884600 0.053400 0.014300 0.018100
0 0.410600 0.896000 0.013500 0.022800
0 0.668400 0.727100 0.014700 0.024400
0 0.857300 0.834500 0.017900 0.018200
0 0.609900 0.480000 0.011700 0.021900
0 0.516700 0.902900 0.014800 0.019800
0 0.109700 0.872300 0.015600 0.018400
0 0.285300 0.753000 0.016700 0.018800
0 0.370300 0.576600 0.014100 0.021000
0 0.816900 0.531600 0.012700 0.024400
0 0.252000 0.605400 0.015400 0.019600
0 0.281500 0.659600 0.015300 0.018600
0 0.781200 0.806600 0.016000 0.016500
0 0.519900 0.523000 0.014000 0.019000
0 0.596500 0.942400 0.017100 0.021700
0 0.009900 0.034400 0.015600 0.017900
0 0.753300 0.179800 0.013400 0.024800
0 0.253800 0.928600 0.013700 0.021700
0 0.667600 0.781100 0.015900 0.024700
0 0.507500 0.403100 0.015400 0.018900
0 0.079600 0.442500 0.012400 0.019200
0 0.942800 0.881800 0.014900 0.024400
0 0.205000 0.676700 0.013800 0.018300
0 0.214600 0.147900 0.016500 0.018500
0 0.672700 0.076900 0.014600 0.018100
0 0.817900 0.591300 0.015200 0.020300
0 0.446800 0.314800 0.014500 0.020900
0 0.960900 0.340500 0.015300 0.018000
0 0.464200 0.741500 0.015100 0.019300
0 0.480500 0.082500 0.013600 0.022800
0 0.902300 0.131600 0.016400 0.019900
0 0.695200 0.414900 0.015600 0.021300
0 0.189500 0.180400 0.015600 0.017700
0 0.371000 0.283200 0.010500 0.026000
0 0.468000 0.492900 0.012900 0.021400
0 0.761000 0.554300 0.014900 0.018500
0 0.777100 0.715100 0.016000 0.020000
0 0.405400 0.335600 0.014300 0.020200
0 0.447700 0.065000 0.014000 0.021200
0 0.716900 0.965700 0.014000 0.021500
0 0.659000 0.820700 0.011700 0.031300
0 0.432100 0.852100 0.014700 0.019200
0 0.560900 0.646900 0.014500 0.021800
0 0.868100 0.295700 0.012800 0.027100
0 0.095100 0.945800 0.016600 0.020000
0 0.914800 0.726600 0.016600 0.019200
0 0.154100 0.671800 0.014100 0.020700
0 0.101800 0.084800 0.013400 0.021000
0 0.785300 0.510200 0.012200 0.026300
0 0.340100 0.191700 0.012000 0.030600
0 0.777300 0.768700 0.018600 0.017400
0 0.638900 0.481800 0.011300 0.025500
0 0.891900 0.634000 0.014400 0.021400
0 0.579500 0.727800 0.014000 0.022200
0 0.568800 0.541800 0.012400 0.024800
0 0.594200 0.346500 0.011400 0.026100
0 0.167800 0.726900 0.014400 0.019000
0 0.521800 0.027100 0.016100 0.020000
0 0.611000 0.330900 0.014300 0.019900
0 0.734200 0.483400 0.010800 0.030700
0 0.565500 0.623000 0.013100 0.021200
0 0.541500 0.464700 0.013000 0.023000
0 0.621700 0.171300 0.011200 0.031500
0 0.226000 0.754500 0.013400 0.020400
0 0.927300 0.943900 0.013900 0.021600
0 0.859500 0.166500 0.011400 0.028700
0 0.208600 0.243800 0.011500 0.028300
0 0.513600 0.809400 0.014200 0.020900
0 0.909300 0.447900 0.014900 0.017900
0 0.244100 0.884900 0.012000 0.026700
0 0.760300 0.732500 0.010900 0.030000
0 0.022600 0.677400 0.013100 0.023900
0 0.156400 0.203300 0.015500 0.016600
0 0.066500 0.047000 0.014400 0.022200
0 0.585000 0.882100 0.011700 0.030000
0 0.161200 0.335200 0.014900 0.018800
0 0.970500 0.541900 0.011700 0.029900
0 0.120900 0.359000 0.010500 0.026600
0 0.457400 0.814100 0.015300 0.020600
0 0.064500 0.864800 0.014400 0.018700
0 0.277300 0.509400 0.012600 0.027900
0 0.640200 0.554600 0.013300 0.024100
0 0.910700 0.957000 0.014100 0.022300
0 0.769100 0.130400 0.012900 0.027100
0 0.476500 0.477700 0.011500 0.028300
0 0.133300 0.598200 0.013800 0.018300
0 0.159200 0.580600 0.013700 0.020000
0 0.260600 0.596200 0.012100 0.027000
0 0.089500 0.029400 0.012600 0.024900
0 0.082700 0.385700 0.013000 0.018600
0 0.903600 0.435200 0.013500 0.017600
0 0.616000 0.041800 0.012900 0.025500
0 0.646200 0.444100 0.014900 0.018600
0 0.348500 0.864800 0.012900 0.027100
0 0.140200 0.801800 0.013000 0.021400
0 0.686300 0.942900 0.016400 0.019100
0 0.855100 0.411000 0.012900 0.022000
0 0.684500 0.811300 0.017800 0.020600
0 0.048300 0.870400 0.012400 0.020800
0 0.443200 0.020900 0.012100 0.029400
0 0.388800 0.565600 0.014100 0.023100
0 0.846900 0.376100 0.014300 0.020300
0 0.017400 0.957700 0.015400 0.021700
0 0.473400 0.522400 0.014000 0.023700
0 0.761600 0.652700 0.013900 0.020100
0 0.036000 0.019100 0.013500 0.024800
0 0.884300 0.333000 0.015800 0.020100
0 0.236100 0.339600 0.011300 0.028000
0 0.104800 0.789800 0.012900 0.021100
0 0.706300 0.039900 0.015500 0.019900
0 0.759600 0.197100 0.014500 0.022100
0 0.453500 0.523800 0.014100 0.020600
0 0.861500 0.190300 0.014300 0.022500
0 0.175900 0.290000 0.015400 0.020600
0 0.430600 0.522900 0.011400 0.029500
0 0.542400 0.632400 0.011900 0.020700
0 0.126300 0.932500 0.015600 0.021100
0 0.157700 0.405100 0.012400 0.020900
0 0.434600 0.643100 0.010000 0.037700
0 0.919300 0.436500 0.015300 0.017300
0 0.839600 0.855300 0.019400 0.017500
0 0.694100 0.338500 0.015800 0.018700
0 0.978300 0.056400 0.012500 0.027600
0 0.171200 0.610900 0.014600 0.018700
0 0.761200 0.779800 0.017500 0.019200
0 0.943800 0.639500 0.013100 0.022700
0 0.436300 0.159300 0.012200 0.030200
0 0.073600 0.594200 0.013800 0.018300
0 0.153100 0.072200 0.012100 0.026800
0 0.250900 0.180800 0.013700 0.023900
0 0.441400 0.223500 0.012700 0.025000
0 0.181500 0.153100 0.014300 0.020000
0 0.674000 0.435000 0.015600 0.020800
0 0.471800 0.207000 0.011200 0.026500
0 0.122100 0.964300 0.013200 0.021800
0 0.549200 0.754600 0.014200 0.019900
0 0.043600 0.828100 0.015300 0.023100
0 0.627900 0.039000 0.012800 0.025900
0 0.630600 0.183800 0.014100 0.022500
0 0.161400 0.767800 0.014600 0.020200
0 0.984500 0.622000 0.014300 0.025000
0 0.078900 0.610900 0.014900 0.017200
0 0.563800 0.284500 0.012900 0.020000
0 0.885300 0.805100 0.013700 0.022300
0 0.898700 0.614400 0.014800 0.021000
0 0.076200 0.469500 0.014500 0.017700
0 0.452600 0.166900 0.014100 0.022300
0 0.288500 0.977600 0.012200 0.027500
0 0.215300 0.964100 0.017500 0.019200
0 0.896900 0.223600 0.013500 0.020100
0 0.121800 0.611000 0.014300 0.019400
0 0.825600 0.173000 0.012500 0.026900
0 0.124300 0.747900 0.011500 0.023300
0 0.946600 0.089100 0.011000 0.024700
0 0.469800 0.861300 0.014600 0.019300
0 0.114800 0.722500 0.013700 0.022100
0 0.428906 0.377083 0.010937 0.023611
0 0.502344 0.465278 0.009375 0.022222
0 0.794922 0.554167 0.011719 0.030556
0 0.913672 0.504167 0.010156 0.019444
0 0.993750 0.395833 0.007813 0.038889
0 0.481250 0.397917 0.009375 0.018056
0 0.764063 0.617361 0.012500 0.029167
0 0.151172 0.975694 0.014844 0.023611
0 0.349609 0.208333 0.010156 0.033333
0 0.017578 0.404861 0.011719 0.020833
0 0.020312 0.413889 0.014062 0.022222
0 0.683984 0.024306 0.013281 0.023611
0 0.756641 0.197917 0.010156 0.023611
0 0.896484 0.022222 0.010156 0.025000
0 0.591016 0.105556 0.017969 0.025000
0 0.094922 0.050000 0.013281 0.019444
0 0.256641 0.013194 0.013281 0.023611
0 0.005078 0.018056 0.010156 0.025000
0 0.091016 0.127778 0.010156 0.030556
0 0.161719 0.491667 0.012500 0.027778
0 0.162109 0.663194 0.014844 0.020833
0 0.978125 0.293750 0.012500 0.023611
0 0.759766 0.279861 0.011719 0.029167
0 0.290234 0.126389 0.011719 0.033333
0 0.938672 0.920139 0.014844 0.018056
0 0.514063 0.363194 0.014062 0.020833
0 0.509766 0.375694 0.014844 0.020833
0 0.135156 0.066667 0.010937 0.030556
0 0.251563 0.839583 0.009375 0.034722
0 0.964063 0.645833 0.012500 0.025000
0 0.971484 0.642361 0.013281 0.020833
0 0.641406 0.653472 0.010937 0.031944
