0 0.370100 0.395100 0.014200 0.021400
0 0.893700 0.432700 0.016000 0.022700
0 0.679200 0.054800 0.015100 0.022100
0 0.819800 0.294000 0.014800 0.023100
0 0.558200 0.820200 0.015400 0.022000
0 0.592000 0.455700 0.017200 0.021400
0 0.258500 0.097300 0.018000 0.020300
0 0.870100 0.372200 0.014700 0.021800
0 0.506100 0.529500 0.014600 0.027100
0 0.654900 0.541700 0.015300 0.024700
0 0.706500 0.491700 0.014200 0.020400
0 0.344800 0.107700 0.016600 0.022400
0 0.582600 0.416900 0.015000 0.021800
0 0.927800 0.280800 0.014300 0.023500
0 0.646500 0.605700 0.016600 0.022200
0 0.154300 0.330900 0.015800 0.024800
0 0.584500 0.393100 0.014900 0.022100
0 0.283000 0.295400 0.014800 0.024100
0 0.303200 0.428900 0.015600 0.023500
0 0.742100 0.728600 0.014700 0.022400
0 0.932500 0.542400 0.015700 0.022500
0 0.055100 0.043800 0.015800 0.023100
0 0.096400 0.103100 0.015900 0.022100
0 0.494800 0.580700 0.016200 0.027300
0 0.294000 0.443300 0.015100 0.024500
0 0.678600 0.741600 0.015900 0.023600
0 0.319000 0.444700 0.015200 0.024400
0 0.717800 0.580300 0.014500 0.023300
0 0.869500 0.556600 0.015800 0.021500
0 0.546100 0.745300 0.014900 0.021900
0 0.532400 0.132600 0.015100 0.023800
0 0.881300 0.931500 0.015200 0.024600
0 0.881500 0.569300 0.015700 0.023200
0 0.145300 0.806100 0.015600 0.022300
0 0.631900 0.806400 0.014500 0.021900
0 0.217900 0.408800 0.014200 0.022600
0 0.385100 0.596200 0.016000 0.023300
0 0.205400 0.779900 0.015300 0.022500
0 0.283200 0.642100 0.015300 0.023100
0 0.719100 0.630300 0.015500 0.022200
0 0.103600 0.940700 0.016100 0.023300
0 0.155600 0.532300 0.016000 0.023200
0 0.282800 0.868800 0.016400 0.024500
0 0.919700 0.569200 0.016000 0.023900
0 0.834000 0.828900 0.014400 0.025200
0 0.208800 0.552900 0.016700 0.021300
0 0.571900 0.280900 0.015200 0.021600
0 0.256500 0.393200 0.015500 0.021500
0 0.258500 0.593600 0.015600 0.021200
0 0.044700 0.078500 0.014500 0.024600
0 0.831400 0.379600 0.014100 0.023500
0 0.945500 0.093500 0.015100 0.022600
0 0.505900 0.720900 0.014200 0.021600
0 0.822200 0.342100 0.015200 0.021800
0 0.428700 0.220300 0.014800 0.025900
0 0.371900 0.077000 0.016500 0.021300
0 0.421600 0.777700 0.016500 0.022200
0 0.682200 0.444200 0.016300 0.023200
0 0.205200 0.493700 0.016400 0.020800
0 0.683400 0.520600 0.015300 0.025200
0 0.356500 0.658500 0.013700 0.024000
0 0.005400 0.680500 0.010600 0.024100
0 0.757000 0.682000 0.016200 0.021700
0 0.468600 0.382300 0.014500 0.021300
0 0.604200 0.654100 0.014500 0.021900
0 0.533300 0.782600 0.014600 0.024100
0 0.097700 0.370900 0.015700 0.022800
0 0.645100 0.565400 0.015100 0.023000
0 0.908600 0.267000 0.014100 0.024400
0 0.031800 0.927600 0.014800 0.023700
0 0.521700 0.517900 0.015100 0.025800
0 0.178300 0.818400 0.015800 0.022600
0 0.007600 0.856600 0.014400 0.025300
0 0.334900 0.152900 0.016300 0.021300
0 0.445900 0.556100 0.015400 0.025200
0 0.256200 0.032300 0.015800 0.022100
0 0.805800 0.083200 0.015500 0.022700
0 0.291700 0.083600 0.017700 0.021400
0 0.367000 0.116000 0.015800 0.020700
0 0.544000 0.496600 0.015200 0.023500
0 0.396400 0.453600 0.014700 0.024300
0 0.583500 0.632400 0.015300 0.022500
0 0.220900 0.078400 0.016800 0.021800
0 0.184100 0.232600 0.014600 0.022700
0 0.571100 0.540700 0.017000 0.019900
0 0.717700 0.505600 0.014500 0.020800
0 0.608000 0.832700 0.014800 0.022900
0 0.154900 0.383100 0.015200 0.023000
0 0.558900 0.633200 0.015700 0.022400
0 0.690600 0.757200 0.015100 0.025000
0 0.633200 0.131900 0.015600 0.021200
0 0.814900 0.231200 0.015100 0.024600
0 0.430100 0.903500 0.015800 0.022600
0 0.841300 0.057300 0.016900 0.022900
0 0.067200 0.752800 0.014600 0.026000
0 0.642700 0.447200 0.015100 0.021300
0 0.733100 0.757900 0.014800 0.025200
0 0.772100 0.108200 0.015000 0.025200
0 0.792700 0.353000 0.014700 0.022300
0 0.622400 0.155900 0.014400 0.024300
0 0.107400 0.722000 0.015700 0.022700
0 0.159200 0.582500 0.014200 0.027400
0 0.147300 0.108300 0.016800 0.024800
0 0.197800 0.182000 0.014500 0.023700
0 0.733100 0.305300 0.015400 0.022500
0 0.371800 0.792100 0.016200 0.024000
0 0.405200 0.842800 0.015500 0.023400
0 0.814600 0.543900 0.015100 0.025300
0 0.916400 0.978400 0.013500 0.022300
0 0.685100 0.493900 0.013900 0.021000
0 0.494200 0.385600 0.014200 0.021900
0 0.546300 0.340100 0.014900 0.022300
0 0.985200 0.182800 0.014100 0.024200
0 0.759200 0.334300 0.015100 0.023100
0 0.083300 0.509100 0.014600 0.023500
0 0.672300 0.571400 0.015100 0.020500
0 0.041300 0.494000 0.016400 0.024200
0 0.092200 0.932200 0.016200 0.022700
0 0.394800 0.484700 0.014800 0.024700
0 0.878600 0.078800 0.017100 0.022000
0 0.607200 0.733600 0.014400 0.024100
0 0.722200 0.645300 0.015200 0.022100
0 0.297500 0.572200 0.014000 0.021600
0 0.834700 0.090300 0.016200 0.022300
0 0.535400 0.168100 0.016300 0.023400
0 0.784800 0.455200 0.016200 0.022000
0 0.018800 0.453500 0.015100 0.022200
0 0.798300 0.097000 0.015800 0.022100
0 0.858000 0.908900 0.015800 0.022100
0 0.841900 0.907100 0.014600 0.021800
0 0.246900 0.669300 0.016500 0.022800
0 0.981800 0.460100 0.015000 0.024600
0 0.182100 0.181500 0.014800 0.021700
0 0.670200 0.134100 0.015200 0.023200
0 0.884600 0.352200 0.014800 0.022000
0 0.116100 0.119500 0.017100 0.022300
0 0.244700 0.828400 0.015500 0.021100
0 0.257000 0.421300 0.014700 0.023500
0 0.253100 0.129200 0.017700 0.021300
0 0.490700 0.334600 0.014900 0.020400
0 0.405600 0.152300 0.016200 0.022700
0 0.385300 0.121300 0.017100 0.022000
0 0.004100 0.117500 0.008300 0.020700
0 0.782500 0.228900 0.012700 0.030000
0 0.355900 0.334900 0.015400 0.022500
0 0.866900 0.544900 0.015200 0.019900
0 0.902900 0.304100 0.014500 0.020500
0 0.521900 0.295100 0.016300 0.022800
0 0.502000 0.667600 0.016000 0.023700
0 0.896900 0.482600 0.016400 0.022300
0 0.690300 0.541100 0.015300 0.024000
0 0.484400 0.154800 0.015600 0.022100
0 0.068200 0.158900 0.018200 0.021000
0 0.667900 0.857900 0.016200 0.021200
0 0.769100 0.679600 0.016900 0.020800
0 0.031000 0.416100 0.015600 0.022100
0 0.547900 0.296300 0.015300 0.024100
0 0.844600 0.715700 0.015400 0.022700
0 0.958600 0.872400 0.015500 0.021900
0 0.390800 0.618500 0.015700 0.024500
0 0.846600 0.447800 0.015900 0.020100
0 0.684300 0.097100 0.014500 0.024000
0 0.217800 0.384600 0.014300 0.022400
0 0.469300 0.722400 0.014300 0.023400
0 0.647400 0.093200 0.015600 0.022400
0 0.935100 0.154300 0.015300 0.022900
0 0.819400 0.032200 0.017000 0.022200
0 0.051900 0.504400 0.016400 0.024600
0 0.369800 0.053800 0.015500 0.021200
0 0.135100 0.633700 0.015400 0.024100
0 0.179800 0.434700 0.015000 0.023000
0 0.583000 0.135000 0.015500 0.019500
0 0.564200 0.480100 0.015900 0.022400
0 0.604300 0.435200 0.016000 0.023100
0 0.260000 0.477900 0.017400 0.021600
0 0.723200 0.346700 0.015800 0.025000
0 0.102300 0.497100 0.015700 0.023600
0 0.573400 0.065400 0.015700 0.021300
0 0.432500 0.523100 0.014200 0.022200
0 0.702300 0.917200 0.014900 0.021600
0 0.651600 0.070000 0.014500 0.025400
0 0.193000 0.132200 0.014400 0.026800
0 0.254400 0.965600 0.015800 0.022400
0 0.354700 0.093300 0.016200 0.020500
0 0.530700 0.854000 0.014200 0.022900
0 0.301700 0.831200 0.015600 0.027500
0 0.620100 0.796600 0.015000 0.022200
0 0.435900 0.253600 0.014700 0.025200
0 0.680200 0.902200 0.015300 0.022300
0 0.302600 0.704900 0.014500 0.026000
0 0.617800 0.896100 0.014300 0.022900
0 0.315600 0.178000 0.016300 0.020600
0 0.126600 0.830500 0.016100 0.022900
0 0.031500 0.889800 0.014200 0.026600
0 0.397300 0.510400 0.014400 0.024200
0 0.934500 0.302600 0.014200 0.022500
0 0.322000 0.690400 0.016400 0.024100
0 0.790600 0.114800 0.014700 0.022800
0 0.972700 0.491900 0.015400 0.022400
0 0.128100 0.852500 0.015100 0.023100
0 0.706200 0.130500 0.014300 0.028200
0 0.655900 0.347800 0.015700 0.022200
0 0.466400 0.766300 0.017700 0.021000
0 0.357400 0.960000 0.015400 0.022400
0 0.855100 0.335500 0.016100 0.022700
0 0.790700 0.208300 0.014500 0.024300
0 0.081900 0.898100 0.015300 0.023600
0 0.769700 0.182600 0.013100 0.027800
0 0.864400 0.758100 0.016300 0.023000
0 0.918300 0.921500 0.014000 0.024700
0 0.120100 0.369400 0.014800 0.020900
0 0.459300 0.598000 0.015800 0.025400
0 0.959900 0.153200 0.016700 0.021900
0 0.705100 0.970300 0.015100 0.021700
0 0.171200 0.558100 0.014100 0.024100
0 0.273500 0.777900 0.015200 0.024200
0 0.873100 0.839900 0.014900 0.023300
0 0.639400 0.239200 0.015200 0.022800
0 0.293000 0.265400 0.016300 0.024300
0 0.745800 0.765200 0.013800 0.025500
0 0.658300 0.048200 0.014500 0.023700
0 0.042700 0.506000 0.016200 0.024900
0 0.673400 0.483200 0.014600 0.021000
0 0.497900 0.344500 0.015400 0.021600
0 0.110000 0.896300 0.015100 0.025100
0 0.135300 0.659700 0.015300 0.023900
0 0.132500 0.365200 0.015100 0.021700
0 0.404100 0.181700 0.016100 0.024700
0 0.772700 0.642500 0.016600 0.021100
0 0.590600 0.509300 0.015700 0.025600
0 0.385200 0.068000 0.015900 0.020000
0 0.505200 0.877200 0.015900 0.021900
0 0.596800 0.776600 0.015400 0.021800
0 0.920300 0.314700 0.015400 0.022100
0 0.669100 0.102900 0.015600 0.022500
0 0.130800 0.671900 0.015100 0.024600
0 0.084800 0.697900 0.015100 0.024400
0 0.033400 0.402300 0.015800 0.020800
0 0.827600 0.480200 0.016300 0.022700
0 0.728200 0.389300 0.016600 0.022900
0 0.271900 0.134200 0.017000 0.021000
0 0.873400 0.642000 0.014600 0.024100
0 0.933600 0.967500 0.014100 0.025400
0 0.235800 0.410700 0.014100 0.023100
0 0.160700 0.852300 0.016500 0.022000
0 0.245400 0.089200 0.017000 0.019800
0 0.651800 0.314800 0.015100 0.023300
0 0.747000 0.060300 0.015200 0.023800
0 0.848400 0.117500 0.014900 0.024000
0 0.298700 0.072800 0.015600 0.022300
0 0.489200 0.044300 0.015900 0.024100
0 0.978600 0.165500 0.014800 0.022500
0 0.780800 0.081000 0.015100 0.022700
0 0.918000 0.223400 0.016900 0.022900
0 0.210900 0.118100 0.016200 0.022900
0 0.845100 0.684600 0.015800 0.024500
0 0.236200 0.308100 0.015100 0.025500
0 0.014800 0.652600 0.014100 0.026700
0 0.495300 0.964500 0.015000 0.023900
0 0.460900 0.343500 0.015800 0.023700
0 0.881300 0.311100 0.015500 0.023600
0 0.783100 0.820900 0.015800 0.024500
0 0.508200 0.410300 0.014900 0.021300
0 0.590300 0.468600 0.014500 0.021800
0 0.101800 0.351600 0.015300 0.021700
0 0.823100 0.908200 0.014800 0.023800
0 0.473400 0.796900 0.016900 0.021800
0 0.376000 0.379900 0.014600 0.024000
0 0.704500 0.097600 0.015000 0.024100
0 0.533700 0.841100 0.015200 0.023700
0 0.638900 0.416500 0.016400 0.021800
0 0.051400 0.367000 0.017900 0.020800
0 0.768600 0.326700 0.014200 0.022800
0 0.271100 0.022400 0.014900 0.022500
0 0.726800 0.905000 0.015600 0.021400
0 0.498300 0.069900 0.014800 0.021700
0 0.726400 0.440900 0.015300 0.024000
0 0.984600 0.909800 0.014100 0.021900
0 0.790200 0.789300 0.015000 0.023800
0 0.516900 0.698500 0.015600 0.022200
0 0.280600 0.676800 0.014900 0.022800
0 0.172400 0.501900 0.017200 0.021200
0 0.592200 0.965200 0.012500 0.022300
0 0.433100 0.601700 0.015400 0.022800
0 0.715400 0.906400 0.016200 0.021200
0 0.771300 0.539600 0.015200 0.024600
0 0.648800 0.958600 0.015300 0.023100
0 0.388900 0.693300 0.016400 0.022700
0 0.110900 0.052400 0.015800 0.021300
0 0.873100 0.057800 0.016700 0.022400
0 0.721800 0.892000 0.017900 0.019800
0 0.984500 0.114800 0.014700 0.022400
0 0.897700 0.344000 0.016100 0.022600
0 0.915200 0.931700 0.014600 0.025200
0 0.580600 0.485900 0.015100 0.021500
0 0.136000 0.505400 0.016200 0.022600
0 0.456300 0.766300 0.015900 0.021900
0 0.626200 0.855700 0.015300 0.023300
0 0.322900 0.169400 0.016700 0.020500
0 0.083200 0.941700 0.015900 0.020800
0 0.432900 0.578200 0.014400 0.020800
0 0.917800 0.952200 0.014700 0.023000
0 0.346000 0.559700 0.013300 0.024200
0 0.752600 0.083500 0.017900 0.023700
0 0.663500 0.244500 0.015800 0.025100
0 0.373100 0.614500 0.015000 0.023900
0 0.027100 0.610900 0.015600 0.024600
0 0.965000 0.203800 0.016000 0.023600
0 0.665400 0.648100 0.015500 0.025500
0 0.978500 0.082000 0.015300 0.021300
0 0.772400 0.528500 0.014900 0.023800
0 0.839400 0.648000 0.015400 0.026500
0 0.574000 0.122600 0.015300 0.019700
0 0.648200 0.677000 0.014800 0.023400
0 0.073500 0.019900 0.017100 0.023800
0 0.730600 0.785900 0.015000 0.023500
0 0.342600 0.501800 0.014500 0.023000
0 0.367400 0.044600 0.016700 0.021500
0 0.967300 0.217500 0.014800 0.023500
0 0.552500 0.685300 0.016900 0.021400
0 0.169800 0.252100 0.014700 0.024600
0 0.448400 0.064300 0.015300 0.022000
0 0.847900 0.757000 0.016200 0.022400
0 0.110100 0.033800 0.017900 0.022600
0 0.604700 0.960800 0.012600 0.021900
0 0.653800 0.761100 0.015300 0.023200
0 0.247200 0.497900 0.015900 0.023300
0 0.654600 0.160900 0.013800 0.022800
0 0.608000 0.890800 0.013200 0.023800
0 0.018900 0.018000 0.020600 0.020600
0 0.211000 0.433300 0.014900 0.022100
0 0.181200 0.164100 0.015400 0.021600
0 0.251100 0.115500 0.016700 0.022100
0 0.940600 0.614300 0.015000 0.022900
0 0.754100 0.723200 0.014900 0.022700
0 0.247700 0.209600 0.014900 0.021700
0 0.891400 0.497300 0.015200 0.021600
0 0.747900 0.651900 0.016700 0.021300
0 0.979000 0.723600 0.016500 0.022500
0 0.164700 0.697700 0.017100 0.021700
0 0.947300 0.761000 0.016000 0.021400
0 0.880200 0.797400 0.014600 0.025300
0 0.210900 0.444800 0.014800 0.021400
0 0.638700 0.160700 0.014100 0.023800
0 0.802300 0.639600 0.014400 0.023500
0 0.811500 0.923300 0.013900 0.025100
0 0.414000 0.310500 0.016900 0.024600
0 0.845300 0.538900 0.015100 0.023200
0 0.390100 0.179800 0.017400 0.024500
0 0.153200 0.364700 0.016400 0.020100
0 0.122400 0.726200 0.016700 0.022200
0 0.155900 0.561100 0.014000 0.027000
0 0.815000 0.948300 0.015600 0.024500
0 0.488600 0.827200 0.015600 0.022300
0 0.723000 0.464200 0.015100 0.023500
0 0.235800 0.977000 0.013800 0.021800
0 0.363500 0.979700 0.013100 0.022400
0 0.853900 0.758800 0.017100 0.022200
0 0.860200 0.984100 0.013100 0.021200
0 0.551600 0.671400 0.015700 0.022700
0 0.163500 0.953000 0.014800 0.023800
0 0.783900 0.071300 0.016000 0.024100
0 0.086100 0.602000 0.015400 0.023000
0 0.289300 0.051600 0.014800 0.023500
0 0.673000 0.613900 0.015500 0.022600
0 0.834500 0.684800 0.014900 0.023400
0 0.573600 0.528000 0.016000 0.020800
0 0.989900 0.543200 0.011800 0.022600
0 0.276300 0.147000 0.018000 0.021900
0 0.990100 0.808800 0.013000 0.024400
0 0.315000 0.351700 0.014900 0.023700
0 0.362891 0.184722 0.017969 0.022222
0 0.400000 0.340972 0.010937 0.034722
0 0.426172 0.188889 0.011719 0.027778
0 0.334375 0.036806 0.010937 0.034722
0 0.713281 0.315972 0.012500 0.034722
0 0.876953 0.190278 0.017969 0.022222
0 0.969922 0.050694 0.011719 0.031944
0 0.990625 0.017361 0.012500 0.029167
0 0.989844 0.056250 0.017188 0.029167
0 0.977344 0.225000 0.015625 0.025000
0 0.992969 0.215972 0.012500 0.029167
0 0.993359 0.158333 0.011719 0.030556
0 0.926172 0.208333 0.017969 0.030556
0 0.866016 0.239583 0.010156 0.031944
0 0.829297 0.188194 0.013281 0.031944
0 0.817969 0.184722 0.012500 0.044444
0 0.875781 0.421528 0.018750 0.020833
0 0.909766 0.400000 0.010156 0.022222
0 0.992188 0.358333 0.014062 0.033333
0 0.892187 0.622222 0.012500 0.036111
0 0.969531 0.637500 0.010937 0.030556
0 0.981250 0.636111 0.010937 0.030556
0 0.988672 0.665972 0.011719 0.037500
0 0.953906 0.671528 0.014062 0.031944
0 0.802344 0.752778 0.021875 0.019444
0 0.829297 0.786806 0.011719 0.037500
0 0.893750 0.890278 0.009375 0.030556
0 0.957422 0.922917 0.011719 0.034722
0 0.840625 0.296528 0.010937 0.040278
0 0.673047 0.219444 0.011719 0.036111
0 0.722266 0.035417 0.011719 0.034722
0 0.689844 0.063194 0.015625 0.023611
0 0.435937 0.295833 0.010937 0.036111
0 0.455859 0.249306 0.010156 0.034722
0 0.512109 0.761111 0.016406 0.025000
0 0.582422 0.929167 0.013281 0.038889
0 0.811328 0.288194 0.013281 0.031944
0 0.959375 0.309722 0.014062 0.038889
0 0.103516 0.599306 0.010156 0.034722
0 0.043750 0.147222 0.014062 0.019444
0 0.045703 0.159028 0.010156 0.029167
0 0.412891 0.594444 0.010156 0.033333
0 0.421094 0.582639 0.010937 0.031944
0 0.016016 0.950694 0.013281 0.037500
0 0.066016 0.947917 0.011719 0.031944
0 0.228906 0.273611 0.010937 0.038889
0 0.014453 0.039583 0.016406 0.026389
0 0.534766 0.683333 0.011719 0.041667
0 0.654688 0.724306 0.010937 0.029167
0 0.791406 0.651389 0.012500 0.036111
0 0.808984 0.613889 0.013281 0.041667
0 0.666797 0.713889 0.013281 0.033333
0 0.724609 0.701389 0.014844 0.022222
0 0.717578 0.719444 0.011719 0.025000
0 0.711719 0.736806 0.018750 0.023611
0 0.773047 0.729861 0.010156 0.040278
0 0.049609 0.585417 0.011719 0.029167
0 0.219531 0.827778 0.012500 0.030556
0 0.294531 0.361111 0.009375 0.030556
0 0.283203 0.355556 0.013281 0.027778
0 0.914844 0.609028 0.010937 0.034722
0 0.989844 0.580556 0.018750 0.027778
0 0.442969 0.109028 0.010937 0.034722
0 0.423047 0.031250 0.011719 0.034722
0 0.311328 0.641667 0.011719 0.038889
0 0.305469 0.685417 0.014062 0.026389
0 0.398047 0.932639 0.016406 0.031944
0 0.480078 0.935417 0.011719 0.029167
0 0.096875 0.863194 0.012500 0.034722
0 0.114453 0.863889 0.010156 0.025000
0 0.146094 0.074306 0.020312 0.023611
0 0.183203 0.382639 0.011719 0.034722
0 0.256250 0.373611 0.012500 0.030556
0 0.431250 0.359722 0.012500 0.038889
0 0.987500 0.938889 0.010937 0.030556
0 0.991406 0.957639 0.015625 0.023611
0 0.942187 0.641667 0.010937 0.041667
0 0.218359 0.940278 0.013281 0.033333
0 0.275391 0.529167 0.010156 0.044444
0 0.416797 0.669444 0.013281 0.033333
0 0.566016 0.801389 0.011719 0.036111
0 0.470313 0.975694 0.014062 0.037500
0 0.594141 0.311111 0.014844 0.033333
0 0.781250 0.564583 0.010937 0.037500
0 0.439453 0.409722 0.017969 0.022222
0 0.530859 0.265972 0.013281 0.026389
0 0.525000 0.206250 0.012500 0.026389
0 0.023828 0.168750 0.011719 0.037500
0 0.156250 0.031944 0.012500 0.030556
0 0.173047 0.033333 0.017969 0.027778
0 0.899609 0.089583 0.013281 0.040278
0 0.932422 0.109028 0.014844 0.029167
0 0.223047 0.143750 0.010156 0.029167
0 0.581641 0.188889 0.011719 0.030556
0 0.633203 0.914583 0.011719 0.034722
0 0.623828 0.925694 0.013281 0.029167
0 0.800000 0.510417 0.009375 0.031944
0 0.186328 0.560417 0.010156 0.034722
0 0.060156 0.907639 0.009375 0.026389
0 0.051172 0.906944 0.008594 0.038889
0 0.063672 0.275694 0.010156 0.029167
0 0.746094 0.399306 0.010937 0.034722
0 0.750391 0.427778 0.013281 0.033333
0 0.398438 0.746528 0.014062 0.029167
0 0.447266 0.213889 0.014844 0.033333
0 0.525781 0.441667 0.010937 0.027778
0 0.515625 0.452083 0.009375 0.029167
0 0.491406 0.435417 0.010937 0.031944
0 0.486328 0.416667 0.016406 0.027778
0 0.512891 0.543750 0.016406 0.023611
0 0.917188 0.093750 0.009375 0.034722
0 0.898828 0.846528 0.013281 0.026389
0 0.478516 0.259028 0.011719 0.034722
0 0.489453 0.247917 0.014844 0.023611
0 0.443359 0.521528 0.010156 0.031944
0 0.544141 0.541667 0.011719 0.033333
0 0.361719 0.413194 0.010937 0.037500
0 0.088672 0.297222 0.016406 0.019444
0 0.082031 0.307639 0.021875 0.023611
0 0.103125 0.295139 0.012500 0.031944
0 0.620703 0.988889 0.019531 0.022222
0 0.716797 0.011806 0.014844 0.020833
0 0.726172 0.172917 0.010156 0.037500
0 0.453125 0.109028 0.009375 0.029167
0 0.861328 0.940972 0.013281 0.029167
0 0.849219 0.929861 0.012500 0.026389
0 0.483594 0.305556 0.012500 0.022222
0 0.480469 0.320833 0.010937 0.019444
0 0.826563 0.562500 0.014062 0.019444
0 0.837500 0.567361 0.015625 0.018056
