0 0.967000 0.056000 0.016000 0.021000
0 0.947000 0.060000 0.016000 0.021000
0 0.973000 0.075000 0.016000 0.021000
0 0.966000 0.092000 0.016000 0.021000
0 0.938000 0.142000 0.016000 0.021000
0 0.922000 0.129000 0.016000 0.021000
0 0.891000 0.077000 0.016000 0.021000
0 0.883000 0.102000 0.016000 0.021000
0 0.870000 0.075000 0.016000 0.021000
0 0.852000 0.062000 0.016000 0.021000
0 0.834000 0.058000 0.016000 0.021000
0 0.808000 0.121000 0.016000 0.021000
0 0.798000 0.129000 0.016000 0.021000
0 0.905000 0.204000 0.016000 0.021000
0 0.908000 0.173000 0.016000 0.021000
0 0.889000 0.154000 0.016000 0.021000
0 0.945000 0.219000 0.016000 0.021000
0 0.897000 0.240000 0.016000 0.021000
0 0.927000 0.277000 0.016000 0.021000
0 0.934000 0.290000 0.016000 0.021000
0 0.883000 0.256000 0.016000 0.021000
0 0.891000 0.277000 0.016000 0.021000
0 0.895000 0.367000 0.016000 0.021000
0 0.863000 0.321000 0.016000 0.021000
0 0.795000 0.312000 0.016000 0.021000
0 0.803000 0.331000 0.016000 0.021000
0 0.786000 0.340000 0.016000 0.021000
0 0.775000 0.360000 0.016000 0.021000
0 0.830000 0.344000 0.016000 0.021000
0 0.855000 0.367000 0.016000 0.021000
0 0.908000 0.406000 0.016000 0.021000
0 0.947000 0.471000 0.016000 0.021000
0 0.906000 0.521000 0.016000 0.021000
0 0.877000 0.492000 0.016000 0.021000
0 0.863000 0.508000 0.016000 0.021000
0 0.842000 0.440000 0.016000 0.021000
0 0.803000 0.540000 0.016000 0.021000
0 0.798000 0.562000 0.016000 0.021000
0 0.892000 0.556000 0.016000 0.021000
0 0.872000 0.521000 0.016000 0.021000
0 0.909000 0.573000 0.016000 0.021000
0 0.905000 0.646000 0.016000 0.021000
0 0.927000 0.750000 0.016000 0.021000
0 0.886000 0.842000 0.016000 0.021000
0 0.902000 0.852000 0.016000 0.021000
0 0.923000 0.858000 0.016000 0.021000
0 0.913000 0.875000 0.016000 0.021000
0 0.894000 0.894000 0.016000 0.021000
0 0.869000 0.898000 0.016000 0.021000
0 0.923000 0.935000 0.016000 0.021000
0 0.908000 0.929000 0.016000 0.021000
0 0.894000 0.929000 0.016000 0.021000
0 0.850000 0.944000 0.016000 0.021000
0 0.855000 0.723000 0.016000 0.021000
0 0.864000 0.681000 0.016000 0.021000
0 0.855000 0.671000 0.016000 0.021000
0 0.803000 0.698000 0.016000 0.021000
0 0.763000 0.744000 0.016000 0.021000
0 0.745000 0.731000 0.016000 0.021000
0 0.767000 0.723000 0.016000 0.021000
0 0.786000 0.706000 0.016000 0.021000
0 0.792000 0.679000 0.016000 0.021000
0 0.767000 0.675000 0.016000 0.021000
0 0.758000 0.654000 0.016000 0.021000
0 0.688000 0.637000 0.016000 0.021000
0 0.692000 0.625000 0.016000 0.021000
0 0.698000 0.610000 0.016000 0.021000
0 0.669000 0.581000 0.016000 0.021000
0 0.683000 0.567000 0.016000 0.021000
0 0.745000 0.462000 0.016000 0.021000
0 0.706000 0.412000 0.016000 0.021000
0 0.706000 0.392000 0.016000 0.021000
0 0.753000 0.290000 0.016000 0.021000
0 0.775000 0.123000 0.016000 0.021000
0 0.775000 0.085000 0.016000 0.021000
0 0.764000 0.104000 0.016000 0.021000
0 0.758000 0.121000 0.016000 0.021000
0 0.708000 0.125000 0.016000 0.021000
0 0.703000 0.106000 0.016000 0.021000
0 0.708000 0.085000 0.016000 0.021000
0 0.670000 0.069000 0.016000 0.021000
0 0.667000 0.081000 0.016000 0.021000
0 0.670000 0.100000 0.016000 0.021000
0 0.645000 0.119000 0.016000 0.021000
0 0.638000 0.133000 0.016000 0.021000
0 0.628000 0.125000 0.016000 0.021000
0 0.606000 0.104000 0.016000 0.021000
0 0.594000 0.069000 0.016000 0.021000
0 0.592000 0.150000 0.016000 0.021000
0 0.595000 0.167000 0.016000 0.021000
0 0.605000 0.169000 0.016000 0.021000
0 0.672000 0.246000 0.016000 0.021000
0 0.672000 0.269000 0.016000 0.021000
0 0.622000 0.346000 0.016000 0.021000
0 0.591000 0.367000 0.016000 0.021000
0 0.683000 0.452000 0.016000 0.021000
0 0.672000 0.448000 0.016000 0.021000
0 0.663000 0.448000 0.016000 0.021000
0 0.670000 0.469000 0.016000 0.021000
0 0.686000 0.471000 0.016000 0.021000
0 0.697000 0.471000 0.016000 0.021000
0 0.686000 0.727000 0.016000 0.021000
0 0.691000 0.738000 0.016000 0.021000
0 0.697000 0.756000 0.016000 0.021000
0 0.734000 0.804000 0.016000 0.021000
0 0.747000 0.971000 0.016000 0.021000
0 0.692000 0.915000 0.016000 0.021000
0 0.694000 0.892000 0.016000 0.021000
0 0.673000 0.769000 0.016000 0.021000
0 0.669000 0.754000 0.016000 0.021000
0 0.664000 0.744000 0.016000 0.021000
0 0.569000 0.258000 0.016000 0.021000
0 0.556000 0.263000 0.016000 0.021000
0 0.503000 0.133000 0.016000 0.021000
0 0.519000 0.317000 0.016000 0.021000
0 0.539000 0.329000 0.016000 0.021000
0 0.562000 0.442000 0.016000 0.021000
0 0.606000 0.425000 0.016000 0.021000
0 0.617000 0.442000 0.016000 0.021000
0 0.602000 0.487000 0.016000 0.021000
0 0.564000 0.627000 0.016000 0.021000
0 0.562000 0.708000 0.016000 0.021000
0 0.573000 0.715000 0.016000 0.021000
0 0.583000 0.750000 0.016000 0.021000
0 0.609000 0.756000 0.016000 0.021000
0 0.609000 0.867000 0.016000 0.021000
0 0.623000 0.879000 0.016000 0.021000
0 0.625000 0.898000 0.016000 0.021000
0 0.634000 0.910000 0.016000 0.021000
0 0.567000 0.773000 0.016000 0.021000
0 0.502000 0.785000 0.016000 0.021000
0 0.523000 0.694000 0.016000 0.021000
0 0.531000 0.665000 0.016000 0.021000
0 0.525000 0.648000 0.016000 0.021000
0 0.550000 0.533000 0.016000 0.021000
0 0.536000 0.525000 0.016000 0.021000
0 0.552000 0.510000 0.016000 0.021000
0 0.561000 0.483000 0.016000 0.021000
0 0.541000 0.462000 0.016000 0.021000
0 0.537000 0.490000 0.016000 0.021000
0 0.478000 0.377000 0.016000 0.021000
0 0.481000 0.358000 0.016000 0.021000
0 0.483000 0.410000 0.016000 0.021000
0 0.430000 0.233000 0.016000 0.021000
0 0.445000 0.146000 0.016000 0.021000
0 0.472000 0.075000 0.016000 0.021000
0 0.456000 0.071000 0.016000 0.021000
0 0.398000 0.071000 0.016000 0.021000
0 0.406000 0.087000 0.016000 0.021000
0 0.391000 0.092000 0.016000 0.021000
0 0.373000 0.113000 0.016000 0.021000
0 0.359000 0.129000 0.016000 0.021000
0 0.383000 0.158000 0.016000 0.021000
0 0.400000 0.177000 0.016000 0.021000
0 0.422000 0.177000 0.016000 0.021000
0 0.356000 0.175000 0.016000 0.021000
0 0.409000 0.371000 0.016000 0.021000
0 0.336000 0.348000 0.016000 0.021000
0 0.331000 0.335000 0.016000 0.021000
0 0.306000 0.152000 0.016000 0.021000
0 0.308000 0.125000 0.016000 0.021000
0 0.294000 0.121000 0.016000 0.021000
0 0.283000 0.100000 0.016000 0.021000
0 0.312000 0.090000 0.016000 0.021000
0 0.269000 0.067000 0.016000 0.021000
0 0.283000 0.065000 0.016000 0.021000
0 0.328000 0.052000 0.016000 0.021000
0 0.348000 0.056000 0.016000 0.021000
0 0.350000 0.037000 0.016000 0.021000
0 0.242000 0.135000 0.016000 0.021000
0 0.211000 0.119000 0.016000 0.021000
0 0.227000 0.121000 0.016000 0.021000
0 0.205000 0.090000 0.016000 0.021000
0 0.198000 0.060000 0.016000 0.021000
0 0.189000 0.044000 0.016000 0.021000
0 0.122000 0.075000 0.016000 0.021000
0 0.173000 0.104000 0.016000 0.021000
0 0.173000 0.121000 0.016000 0.021000
0 0.080000 0.140000 0.016000 0.021000
0 0.066000 0.150000 0.016000 0.021000
0 0.067000 0.290000 0.016000 0.021000
0 0.066000 0.321000 0.016000 0.021000
0 0.042000 0.338000 0.016000 0.021000
0 0.075000 0.369000 0.016000 0.021000
0 0.069000 0.392000 0.016000 0.021000
0 0.089000 0.321000 0.016000 0.021000
0 0.128000 0.371000 0.016000 0.021000
0 0.192000 0.371000 0.016000 0.021000
0 0.166000 0.406000 0.016000 0.021000
0 0.259000 0.315000 0.016000 0.021000
0 0.455000 0.537000 0.016000 0.021000
0 0.416000 0.525000 0.016000 0.021000
0 0.450000 0.406000 0.016000 0.021000
0 0.355000 0.483000 0.016000 0.021000
0 0.377000 0.494000 0.016000 0.021000
0 0.316000 0.454000 0.016000 0.021000
0 0.328000 0.427000 0.016000 0.021000
0 0.281000 0.412000 0.016000 0.021000
0 0.253000 0.400000 0.016000 0.021000
0 0.228000 0.410000 0.016000 0.021000
0 0.238000 0.423000 0.016000 0.021000
0 0.234000 0.442000 0.016000 0.021000
0 0.239000 0.458000 0.016000 0.021000
0 0.244000 0.475000 0.016000 0.021000
0 0.175000 0.494000 0.016000 0.021000
0 0.122000 0.558000 0.016000 0.021000
0 0.128000 0.533000 0.016000 0.021000
0 0.139000 0.523000 0.016000 0.021000
0 0.172000 0.558000 0.016000 0.021000
0 0.178000 0.571000 0.016000 0.021000
0 0.198000 0.554000 0.016000 0.021000
0 0.228000 0.542000 0.016000 0.021000
0 0.267000 0.596000 0.016000 0.021000
0 0.389000 0.562000 0.016000 0.021000
0 0.398000 0.560000 0.016000 0.021000
0 0.453000 0.779000 0.016000 0.021000
0 0.453000 0.804000 0.016000 0.021000
0 0.469000 0.817000 0.016000 0.021000
0 0.409000 0.769000 0.016000 0.021000
0 0.423000 0.854000 0.016000 0.021000
0 0.452000 0.906000 0.016000 0.021000
0 0.586000 0.844000 0.016000 0.021000
0 0.581000 0.890000 0.016000 0.021000
0 0.592000 0.879000 0.016000 0.021000
0 0.348000 0.665000 0.016000 0.021000
0 0.328000 0.642000 0.016000 0.021000
0 0.316000 0.619000 0.016000 0.021000
0 0.303000 0.606000 0.016000 0.021000
0 0.295000 0.646000 0.016000 0.021000
0 0.309000 0.652000 0.016000 0.021000
0 0.298000 0.681000 0.016000 0.021000
0 0.233000 0.662000 0.016000 0.021000
0 0.161000 0.646000 0.016000 0.021000
0 0.148000 0.665000 0.016000 0.021000
0 0.086000 0.738000 0.016000 0.021000
0 0.034000 0.613000 0.016000 0.021000
0 0.152000 0.721000 0.016000 0.021000
0 0.139000 0.700000 0.016000 0.021000
0 0.134000 0.821000 0.016000 0.021000
0 0.191000 0.823000 0.016000 0.021000
0 0.197000 0.840000 0.016000 0.021000
0 0.209000 0.798000 0.016000 0.021000
0 0.205000 0.777000 0.016000 0.021000
0 0.288000 0.867000 0.016000 0.021000
0 0.261000 0.892000 0.016000 0.021000
0 0.234000 0.944000 0.016000 0.021000
0 0.206000 0.929000 0.016000 0.021000
0 0.144000 0.894000 0.016000 0.021000
0 0.281000 0.942000 0.016000 0.021000
0 0.361000 0.950000 0.016000 0.021000
0 0.466000 0.942000 0.016000 0.021000
0 0.664000 0.950000 0.016000 0.021000
0 0.684000 0.942000 0.016000 0.021000
0 0.013000 0.394000 0.016000 0.021000
0 0.038000 0.110000 0.016000 0.021000
0 0.030000 0.042000 0.016000 0.021000
0 0.053000 0.027000 0.016000 0.021000
0 0.092000 0.023000 0.016000 0.021000
0 0.312000 0.027000 0.016000 0.021000
0 0.859000 0.023000 0.016000 0.021000
0 0.470000 0.404000 0.016000 0.021000
0 0.972000 0.877000 0.016000 0.021000
0 0.948000 0.983000 0.016000 0.021000
0 0.928000 0.971000 0.016000 0.021000
0 0.888000 0.963000 0.016000 0.021000
0 0.839000 0.969000 0.016000 0.021000
0 0.825000 0.971000 0.016000 0.021000
0 0.864000 0.956000 0.016000 0.021000
0 0.600000 0.973000 0.016000 0.021000
0 0.467000 0.965000 0.016000 0.021000
0 0.423000 0.967000 0.016000 0.021000
0 0.272000 0.977000 0.016000 0.021000
0 0.148000 0.979000 0.016000 0.021000
0 0.095000 0.969000 0.016000 0.021000
0 0.077000 0.973000 0.016000 0.021000
0 0.042000 0.929000 0.016000 0.021000
0 0.039000 0.965000 0.016000 0.021000
0 0.011000 0.577000 0.016000 0.021000
0 0.291000 0.467000 0.016000 0.021000
0 0.128000 0.067000 0.016000 0.021000
0 0.123000 0.052000 0.016000 0.021000
0 0.030000 0.031000 0.016000 0.021000
0 0.978000 0.665000 0.016000 0.021000
0 0.978000 0.129000 0.016000 0.021000
0 0.586000 0.163000 0.016000 0.021000
0 0.977000 0.183000 0.016000 0.021000
0 0.358000 0.052000 0.016000 0.021000
0 0.914000 0.952000 0.016000 0.021000
0 0.969000 0.963000 0.016000 0.021000
0 0.975000 0.977000 0.016000 0.021000
0 0.009000 0.406000 0.016000 0.021000
0 0.434000 0.792000 0.016000 0.021000
0 0.639000 0.031000 0.016000 0.021000
0 0.408000 0.567000 0.016000 0.021000
0 0.749609 0.584722 0.014844 0.022222
0 0.530469 0.981944 0.015625 0.036111
0 0.119922 0.017361 0.017969 0.029167
0 0.006641 0.226389 0.013281 0.036111
0 0.486328 0.472222 0.013281 0.033333
0 0.713672 0.351389 0.013281 0.033333
0 0.057422 0.087500 0.014844 0.030556
0 0.719141 0.010417 0.017969 0.018056
0 0.798047 0.904861 0.013281 0.029167
0 0.993750 0.475694 0.012500 0.031944
0 0.991016 0.217361 0.013281 0.031944
0 0.918750 0.656250 0.012500 0.031944
0 0.966016 0.670139 0.013281 0.034722
0 0.660937 0.288194 0.012500 0.031944
0 0.662891 0.311111 0.013281 0.025000
0 0.336719 0.188889 0.015625 0.030556
0 0.344141 0.200694 0.013281 0.029167
0 0.427344 0.263194 0.014062 0.029167
0 0.956641 0.540278 0.017969 0.022222
0 0.981641 0.846528 0.013281 0.026389
0 0.617578 0.245833 0.016406 0.027778
0 0.700000 0.176389 0.014062 0.033333
0 0.148047 0.209028 0.011719 0.026389
0 0.179297 0.206944 0.017969 0.025000
0 0.039453 0.188889 0.011719 0.038889
0 0.111328 0.124306 0.013281 0.031944
0 0.102734 0.272222 0.010156 0.033333
0 0.119141 0.782639 0.011719 0.034722
0 0.601953 0.505556 0.011719 0.033333
0 0.273047 0.522222 0.011719 0.030556
0 0.298438 0.393750 0.010937 0.031944
0 0.357031 0.379861 0.009375 0.029167
0 0.180078 0.350000 0.010156 0.030556
0 0.173047 0.605556 0.017969 0.022222
0 0.114453 0.667361 0.017969 0.020833
0 0.216016 0.753472 0.010156 0.026389
0 0.406250 0.695833 0.012500 0.027778
0 0.389453 0.804167 0.013281 0.033333
0 0.266406 0.754167 0.014062 0.030556
0 0.155469 0.354167 0.010937 0.022222
0 0.162500 0.357639 0.010937 0.026389
0 0.230859 0.322917 0.011719 0.029167
0 0.301953 0.313194 0.016406 0.026389
0 0.394141 0.323611 0.017969 0.022222
0 0.457812 0.186806 0.012500 0.031944
0 0.516406 0.180556 0.017188 0.025000
0 0.510938 0.227778 0.015625 0.025000
0 0.469141 0.280556 0.017969 0.025000
0 0.428125 0.299306 0.010937 0.029167
0 0.446094 0.284722 0.012500 0.030556
0 0.540625 0.237500 0.010937 0.030556
0 0.511328 0.489583 0.011719 0.034722
0 0.518750 0.575000 0.012500 0.030556
0 0.499609 0.543750 0.010156 0.031944
0 0.573047 0.498611 0.010156 0.030556
0 0.693750 0.065972 0.012500 0.031944
0 0.908594 0.109028 0.012500 0.026389
0 0.830859 0.268750 0.011719 0.031944
0 0.847266 0.325694 0.011719 0.026389
0 0.715625 0.490278 0.009375 0.027778
0 0.746094 0.433333 0.010937 0.027778
0 0.671094 0.818056 0.017188 0.030556
0 0.816797 0.761111 0.011719 0.022222
0 0.819531 0.740278 0.014062 0.025000
0 0.827344 0.757639 0.014062 0.023611
0 0.920703 0.718056 0.013281 0.030556
0 0.954297 0.344444 0.010156 0.036111
0 0.582812 0.664583 0.014062 0.029167
0 0.627344 0.677778 0.017188 0.022222
0 0.519531 0.901389 0.014062 0.027778
0 0.883984 0.781250 0.013281 0.031944
0 0.851953 0.784722 0.011719 0.030556
0 0.938672 0.668750 0.011719 0.031944
0 0.932813 0.321528 0.010937 0.031944
0 0.887891 0.302083 0.017969 0.023611
0 0.271875 0.013889 0.017188 0.022222
0 0.376563 0.662500 0.014062 0.030556
0 0.370313 0.593056 0.012500 0.033333
0 0.741797 0.676389 0.011719 0.036111
0 0.785156 0.174306 0.010937 0.031944
0 0.772656 0.765972 0.012500 0.031944
0 0.207031 0.220139 0.012500 0.023611
0 0.217969 0.220833 0.014062 0.022222
0 0.441016 0.345139 0.011719 0.037500
0 0.785547 0.382639 0.010156 0.034722
0 0.876953 0.432639 0.011719 0.029167
0 0.846875 0.238889 0.010937 0.033333
0 0.871484 0.265972 0.010156 0.029167
0 0.921094 0.453472 0.010937 0.026389
0 0.846094 0.076389 0.014062 0.036111
0 0.716797 0.156250 0.011719 0.023611
0 0.679688 0.039583 0.010937 0.026389
0 0.705859 0.540278 0.016406 0.022222
0 0.823438 0.192361 0.012500 0.034722
0 0.494922 0.712500 0.017969 0.019444
0 0.726172 0.297917 0.011719 0.031944
0 0.525391 0.068750 0.016406 0.026389
0 0.718359 0.789583 0.011719 0.034722
0 0.532031 0.711111 0.012500 0.030556
0 0.423828 0.586111 0.011719 0.033333
0 0.436719 0.577778 0.010937 0.025000
0 0.016406 0.645833 0.012500 0.033333
0 0.676953 0.978472 0.011719 0.023611
0 0.034375 0.136806 0.010937 0.031944
0 0.151953 0.495833 0.011719 0.030556
0 0.860156 0.743056 0.010937 0.033333
0 0.350391 0.975694 0.010156 0.029167
0 0.783984 0.041667 0.013281 0.025000
0 0.778906 0.594444 0.010937 0.025000
0 0.498437 0.972222 0.009375 0.033333
0 0.630469 0.959722 0.015625 0.019444
0 0.617969 0.959028 0.012500 0.020833
0 0.953125 0.146528 0.012500 0.034722
0 0.059766 0.245833 0.010156 0.036111
0 0.142188 0.342361 0.010937 0.040278
0 0.256250 0.346528 0.009375 0.026389
0 0.193750 0.173611 0.010937 0.022222
0 0.205078 0.168056 0.011719 0.019444
0 0.215234 0.179861 0.010156 0.034722
0 0.250000 0.228472 0.014062 0.031944
0 0.432422 0.129167 0.016406 0.022222
0 0.445703 0.067361 0.007031 0.029167
0 0.806641 0.279861 0.013281 0.029167
0 0.951953 0.261111 0.013281 0.025000
0 0.033203 0.525694 0.010156 0.034722
0 0.645312 0.581250 0.014062 0.037500
0 0.805078 0.506250 0.010156 0.031944
0 0.818359 0.509722 0.011719 0.030556
0 0.717188 0.888194 0.014062 0.026389
0 0.723828 0.928472 0.013281 0.023611
0 0.821094 0.864583 0.014062 0.029167
0 0.867188 0.850694 0.009375 0.037500
0 0.818750 0.463194 0.015625 0.026389
0 0.662500 0.703472 0.015625 0.031944
0 0.540625 0.798611 0.012500 0.027778
0 0.544531 0.812500 0.014062 0.025000
0 0.492578 0.743750 0.008594 0.031944
0 0.493750 0.756250 0.015625 0.020833
0 0.419141 0.454167 0.017969 0.019444
0 0.430469 0.481250 0.012500 0.031944
0 0.869141 0.565972 0.010156 0.026389
0 0.857422 0.554167 0.013281 0.025000
0 0.851563 0.540278 0.015625 0.025000
0 0.635156 0.781944 0.015625 0.025000
0 0.646094 0.814583 0.012500 0.040278
0 0.636328 0.815278 0.014844 0.027778
0 0.619922 0.835417 0.013281 0.031944
0 0.595312 0.540278 0.012500 0.022222
0 0.594141 0.560417 0.016406 0.020833
0 0.586328 0.545139 0.010156 0.026389
0 0.619922 0.570833 0.014844 0.025000
0 0.474609 0.572222 0.016406 0.025000
0 0.428125 0.637500 0.014062 0.030556
0 0.350391 0.627778 0.011719 0.027778
0 0.398047 0.431944 0.014844 0.025000
0 0.382813 0.436111 0.014062 0.036111
0 0.482031 0.304861 0.010937 0.031944
0 0.645312 0.201389 0.014062 0.027778
0 0.018750 0.533333 0.012500 0.027778
0 0.021484 0.551389 0.011719 0.038889
0 0.076563 0.278472 0.014062 0.031944
0 0.093750 0.897222 0.010937 0.030556
0 0.099219 0.889583 0.009375 0.023611
0 0.112891 0.900000 0.016406 0.025000
0 0.110547 0.885417 0.008594 0.029167
0 0.129688 0.920139 0.017188 0.023611
0 0.067188 0.896528 0.010937 0.034722
0 0.056250 0.876389 0.018750 0.025000
0 0.055859 0.506944 0.014844 0.025000
0 0.083203 0.494444 0.014844 0.025000
0 0.712891 0.656250 0.013281 0.031944
0 0.750781 0.623611 0.010937 0.033333
0 0.718359 0.204167 0.011719 0.030556
0 0.507422 0.394444 0.016406 0.022222
0 0.504687 0.418750 0.012500 0.043056
0 0.071094 0.943056 0.010937 0.030556
0 0.058594 0.933333 0.010937 0.030556
0 0.516016 0.409722 0.014844 0.022222
0 0.985547 0.627083 0.011719 0.031944
0 0.959766 0.881944 0.010156 0.033333
0 0.105469 0.629167 0.017188 0.025000
0 0.104297 0.643056 0.011719 0.022222
