0 0.886000 0.085000 0.016000 0.021000
0 0.894000 0.075000 0.016000 0.021000
0 0.886000 0.058000 0.016000 0.021000
0 0.950000 0.144000 0.016000 0.021000
0 0.969000 0.154000 0.016000 0.021000
0 0.967000 0.200000 0.016000 0.021000
0 0.953000 0.235000 0.016000 0.021000
0 0.925000 0.223000 0.016000 0.021000
0 0.933000 0.208000 0.016000 0.021000
0 0.916000 0.242000 0.016000 0.021000
0 0.913000 0.260000 0.016000 0.021000
0 0.927000 0.273000 0.016000 0.021000
0 0.928000 0.296000 0.016000 0.021000
0 0.923000 0.323000 0.016000 0.021000
0 0.906000 0.310000 0.016000 0.021000
0 0.886000 0.315000 0.016000 0.021000
0 0.861000 0.333000 0.016000 0.021000
0 0.880000 0.346000 0.016000 0.021000
0 0.906000 0.352000 0.016000 0.021000
0 0.827000 0.346000 0.016000 0.021000
0 0.819000 0.300000 0.016000 0.021000
0 0.817000 0.283000 0.016000 0.021000
0 0.845000 0.121000 0.016000 0.021000
0 0.830000 0.096000 0.016000 0.021000
0 0.808000 0.090000 0.016000 0.021000
0 0.797000 0.083000 0.016000 0.021000
0 0.795000 0.058000 0.016000 0.021000
0 0.789000 0.067000 0.016000 0.021000
0 0.780000 0.075000 0.016000 0.021000
0 0.773000 0.104000 0.016000 0.021000
0 0.744000 0.090000 0.016000 0.021000
0 0.753000 0.071000 0.016000 0.021000
0 0.703000 0.087000 0.016000 0.021000
0 0.772000 0.200000 0.016000 0.021000
0 0.769000 0.173000 0.016000 0.021000
0 0.778000 0.221000 0.016000 0.021000
0 0.692000 0.060000 0.016000 0.021000
0 0.678000 0.056000 0.016000 0.021000
0 0.667000 0.048000 0.016000 0.021000
0 0.655000 0.060000 0.016000 0.021000
0 0.656000 0.081000 0.016000 0.021000
0 0.659000 0.106000 0.016000 0.021000
0 0.666000 0.135000 0.016000 0.021000
0 0.658000 0.154000 0.016000 0.021000
0 0.630000 0.154000 0.016000 0.021000
0 0.644000 0.121000 0.016000 0.021000
0 0.578000 0.146000 0.016000 0.021000
0 0.569000 0.115000 0.016000 0.021000
0 0.569000 0.067000 0.016000 0.021000
0 0.728000 0.304000 0.016000 0.021000
0 0.542000 0.167000 0.016000 0.021000
0 0.495000 0.069000 0.016000 0.021000
0 0.494000 0.040000 0.016000 0.021000
0 0.391000 0.119000 0.016000 0.021000
0 0.394000 0.071000 0.016000 0.021000
0 0.444000 0.221000 0.016000 0.021000
0 0.400000 0.185000 0.016000 0.021000
0 0.386000 0.181000 0.016000 0.021000
0 0.364000 0.123000 0.016000 0.021000
0 0.380000 0.056000 0.016000 0.021000
0 0.380000 0.042000 0.016000 0.021000
0 0.328000 0.150000 0.016000 0.021000
0 0.317000 0.163000 0.016000 0.021000
0 0.267000 0.140000 0.016000 0.021000
0 0.256000 0.131000 0.016000 0.021000
0 0.259000 0.117000 0.016000 0.021000
0 0.252000 0.096000 0.016000 0.021000
0 0.241000 0.090000 0.016000 0.021000
0 0.230000 0.087000 0.016000 0.021000
0 0.295000 0.092000 0.016000 0.021000
0 0.109000 0.058000 0.016000 0.021000
0 0.214000 0.123000 0.016000 0.021000
0 0.197000 0.150000 0.016000 0.021000
0 0.178000 0.235000 0.016000 0.021000
0 0.175000 0.260000 0.016000 0.021000
0 0.289000 0.292000 0.016000 0.021000
0 0.306000 0.273000 0.016000 0.021000
0 0.280000 0.362000 0.016000 0.021000
0 0.255000 0.362000 0.016000 0.021000
0 0.223000 0.390000 0.016000 0.021000
0 0.211000 0.408000 0.016000 0.021000
0 0.208000 0.431000 0.016000 0.021000
0 0.208000 0.444000 0.016000 0.021000
0 0.230000 0.410000 0.016000 0.021000
0 0.259000 0.388000 0.016000 0.021000
0 0.263000 0.421000 0.016000 0.021000
0 0.309000 0.427000 0.016000 0.021000
0 0.288000 0.448000 0.016000 0.021000
0 0.266000 0.479000 0.016000 0.021000
0 0.244000 0.496000 0.016000 0.021000
0 0.209000 0.494000 0.016000 0.021000
0 0.177000 0.498000 0.016000 0.021000
0 0.105000 0.500000 0.016000 0.021000
0 0.317000 0.446000 0.016000 0.021000
0 0.417000 0.306000 0.016000 0.021000
0 0.455000 0.342000 0.016000 0.021000
0 0.464000 0.383000 0.016000 0.021000
0 0.514000 0.290000 0.016000 0.021000
0 0.527000 0.273000 0.016000 0.021000
0 0.548000 0.344000 0.016000 0.021000
0 0.648000 0.319000 0.016000 0.021000
0 0.653000 0.356000 0.016000 0.021000
0 0.577000 0.417000 0.016000 0.021000
0 0.516000 0.410000 0.016000 0.021000
0 0.491000 0.412000 0.016000 0.021000
0 0.494000 0.383000 0.016000 0.021000
0 0.891000 0.429000 0.016000 0.021000
0 0.866000 0.421000 0.016000 0.021000
0 0.845000 0.452000 0.016000 0.021000
0 0.838000 0.471000 0.016000 0.021000
0 0.941000 0.546000 0.016000 0.021000
0 0.911000 0.567000 0.016000 0.021000
0 0.944000 0.610000 0.016000 0.021000
0 0.875000 0.575000 0.016000 0.021000
0 0.786000 0.473000 0.016000 0.021000
0 0.778000 0.450000 0.016000 0.021000
0 0.725000 0.506000 0.016000 0.021000
0 0.717000 0.496000 0.016000 0.021000
0 0.678000 0.510000 0.016000 0.021000
0 0.692000 0.537000 0.016000 0.021000
0 0.670000 0.483000 0.016000 0.021000
0 0.680000 0.454000 0.016000 0.021000
0 0.633000 0.448000 0.016000 0.021000
0 0.616000 0.438000 0.016000 0.021000
0 0.589000 0.458000 0.016000 0.021000
0 0.580000 0.492000 0.016000 0.021000
0 0.569000 0.477000 0.016000 0.021000
0 0.572000 0.542000 0.016000 0.021000
0 0.562000 0.529000 0.016000 0.021000
0 0.562000 0.521000 0.016000 0.021000
0 0.522000 0.529000 0.016000 0.021000
0 0.514000 0.515000 0.016000 0.021000
0 0.506000 0.521000 0.016000 0.021000
0 0.509000 0.552000 0.016000 0.021000
0 0.448000 0.602000 0.016000 0.021000
0 0.444000 0.581000 0.016000 0.021000
0 0.455000 0.546000 0.016000 0.021000
0 0.445000 0.531000 0.016000 0.021000
0 0.430000 0.521000 0.016000 0.021000
0 0.391000 0.456000 0.016000 0.021000
0 0.500000 0.677000 0.016000 0.021000
0 0.547000 0.683000 0.016000 0.021000
0 0.556000 0.675000 0.016000 0.021000
0 0.588000 0.635000 0.016000 0.021000
0 0.600000 0.648000 0.016000 0.021000
0 0.655000 0.573000 0.016000 0.021000
0 0.680000 0.573000 0.016000 0.021000
0 0.709000 0.585000 0.016000 0.021000
0 0.666000 0.615000 0.016000 0.021000
0 0.659000 0.658000 0.016000 0.021000
0 0.727000 0.648000 0.016000 0.021000
0 0.752000 0.656000 0.016000 0.021000
0 0.780000 0.635000 0.016000 0.021000
0 0.803000 0.631000 0.016000 0.021000
0 0.812000 0.631000 0.016000 0.021000
0 0.845000 0.675000 0.016000 0.021000
0 0.827000 0.692000 0.016000 0.021000
0 0.763000 0.673000 0.016000 0.021000
0 0.750000 0.677000 0.016000 0.021000
0 0.792000 0.744000 0.016000 0.021000
0 0.847000 0.752000 0.016000 0.021000
0 0.861000 0.752000 0.016000 0.021000
0 0.950000 0.765000 0.016000 0.021000
0 0.797000 0.821000 0.016000 0.021000
0 0.783000 0.810000 0.016000 0.021000
0 0.786000 0.796000 0.016000 0.021000
0 0.714000 0.738000 0.016000 0.021000
0 0.669000 0.742000 0.016000 0.021000
0 0.666000 0.706000 0.016000 0.021000
0 0.656000 0.713000 0.016000 0.021000
0 0.620000 0.738000 0.016000 0.021000
0 0.537000 0.746000 0.016000 0.021000
0 0.514000 0.706000 0.016000 0.021000
0 0.503000 0.723000 0.016000 0.021000
0 0.463000 0.725000 0.016000 0.021000
0 0.250000 0.673000 0.016000 0.021000
0 0.252000 0.590000 0.016000 0.021000
0 0.303000 0.567000 0.016000 0.021000
0 0.203000 0.554000 0.016000 0.021000
0 0.167000 0.560000 0.016000 0.021000
0 0.055000 0.579000 0.016000 0.021000
0 0.130000 0.637000 0.016000 0.021000
0 0.156000 0.585000 0.016000 0.021000
0 0.133000 0.662000 0.016000 0.021000
0 0.125000 0.675000 0.016000 0.021000
0 0.080000 0.710000 0.016000 0.021000
0 0.064000 0.754000 0.016000 0.021000
0 0.113000 0.717000 0.016000 0.021000
0 0.170000 0.696000 0.016000 0.021000
0 0.031000 0.879000 0.016000 0.021000
0 0.075000 0.906000 0.016000 0.021000
0 0.081000 0.952000 0.016000 0.021000
0 0.098000 0.942000 0.016000 0.021000
0 0.094000 0.925000 0.016000 0.021000
0 0.106000 0.898000 0.016000 0.021000
0 0.139000 0.838000 0.016000 0.021000
0 0.155000 0.856000 0.016000 0.021000
0 0.206000 0.787000 0.016000 0.021000
0 0.366000 0.792000 0.016000 0.021000
0 0.414000 0.773000 0.016000 0.021000
0 0.428000 0.902000 0.016000 0.021000
0 0.470000 0.754000 0.016000 0.021000
0 0.539000 0.781000 0.016000 0.021000
0 0.550000 0.819000 0.016000 0.021000
0 0.539000 0.842000 0.016000 0.021000
0 0.498000 0.965000 0.016000 0.021000
0 0.614000 0.798000 0.016000 0.021000
0 0.602000 0.779000 0.016000 0.021000
0 0.628000 0.794000 0.016000 0.021000
0 0.663000 0.765000 0.016000 0.021000
0 0.627000 0.860000 0.016000 0.021000
0 0.614000 0.900000 0.016000 0.021000
0 0.728000 0.906000 0.016000 0.021000
0 0.730000 0.887000 0.016000 0.021000
0 0.719000 0.912000 0.016000 0.021000
0 0.823000 0.906000 0.016000 0.021000
0 0.838000 0.902000 0.016000 0.021000
0 0.852000 0.906000 0.016000 0.021000
0 0.673000 0.862000 0.016000 0.021000
0 0.964000 0.873000 0.016000 0.021000
0 0.914000 0.944000 0.016000 0.021000
0 0.920000 0.933000 0.016000 0.021000
0 0.878000 0.921000 0.016000 0.021000
0 0.106000 0.033000 0.016000 0.021000
0 0.066000 0.046000 0.016000 0.021000
0 0.053000 0.042000 0.016000 0.021000
0 0.983000 0.092000 0.016000 0.021000
0 0.989000 0.123000 0.016000 0.021000
0 0.984000 0.165000 0.016000 0.021000
0 0.984000 0.190000 0.016000 0.021000
0 0.977000 0.208000 0.016000 0.021000
0 0.984000 0.223000 0.016000 0.021000
0 0.977000 0.465000 0.016000 0.021000
0 0.975000 0.502000 0.016000 0.021000
0 0.988000 0.535000 0.016000 0.021000
0 0.978000 0.569000 0.016000 0.021000
0 0.972000 0.719000 0.016000 0.021000
0 0.923000 0.917000 0.016000 0.021000
0 0.933000 0.967000 0.016000 0.021000
0 0.916000 0.975000 0.016000 0.021000
0 0.942000 0.981000 0.016000 0.021000
0 0.830000 0.977000 0.016000 0.021000
0 0.984000 0.971000 0.016000 0.021000
0 0.719000 0.975000 0.016000 0.021000
0 0.652000 0.965000 0.016000 0.021000
0 0.702000 0.912000 0.016000 0.021000
0 0.605000 0.954000 0.016000 0.021000
0 0.592000 0.967000 0.016000 0.021000
0 0.359000 0.954000 0.016000 0.021000
0 0.223000 0.948000 0.016000 0.021000
0 0.169000 0.946000 0.016000 0.021000
0 0.028000 0.927000 0.016000 0.021000
0 0.280000 0.648000 0.016000 0.021000
0 0.028000 0.442000 0.016000 0.021000
0 0.159000 0.365000 0.016000 0.021000
0 0.198000 0.392000 0.016000 0.021000
0 0.319000 0.188000 0.016000 0.021000
0 0.069000 0.019000 0.016000 0.021000
0 0.194000 0.127000 0.016000 0.021000
0 0.345000 0.108000 0.016000 0.021000
0 0.719000 0.046000 0.016000 0.021000
0 0.823000 0.040000 0.016000 0.021000
0 0.636000 0.090000 0.016000 0.021000
0 0.020000 0.033000 0.016000 0.021000
0 0.017000 0.017000 0.016000 0.021000
0 0.470000 0.983000 0.016000 0.021000
0 0.984000 0.360000 0.016000 0.021000
0 0.246484 0.971528 0.017969 0.023611
0 0.234766 0.982639 0.013281 0.026389
0 0.318359 0.987500 0.017969 0.019444
0 0.363281 0.986111 0.014062 0.019444
0 0.008594 0.684028 0.017188 0.020833
0 0.008594 0.861111 0.014062 0.030556
0 0.066406 0.938889 0.010937 0.030556
0 0.064062 0.283333 0.012500 0.033333
0 0.019531 0.049306 0.014062 0.026389
0 0.991406 0.802778 0.015625 0.027778
0 0.673047 0.213889 0.011719 0.038889
0 0.894531 0.629861 0.010937 0.043056
0 0.835156 0.824306 0.012500 0.031944
0 0.827734 0.797917 0.011719 0.037500
0 0.897656 0.827778 0.012500 0.038889
0 0.682813 0.897917 0.012500 0.029167
0 0.234766 0.305556 0.014844 0.033333
0 0.715234 0.013889 0.016406 0.027778
0 0.651172 0.533333 0.013281 0.033333
0 0.176172 0.812500 0.016406 0.033333
0 0.040625 0.495833 0.010937 0.033333
0 0.332031 0.025694 0.014062 0.034722
0 0.392969 0.920139 0.014062 0.034722
0 0.502734 0.873611 0.014844 0.038889
0 0.155469 0.540972 0.010937 0.029167
0 0.282031 0.162500 0.014062 0.033333
0 0.287891 0.063889 0.013281 0.036111
0 0.892969 0.904167 0.014062 0.044444
0 0.862891 0.229861 0.014844 0.045833
0 0.360547 0.329861 0.016406 0.023611
0 0.200391 0.175000 0.016406 0.033333
0 0.753516 0.416667 0.016406 0.033333
0 0.651172 0.986111 0.014844 0.027778
0 0.542578 0.550694 0.011719 0.037500
0 0.555469 0.625000 0.014062 0.030556
0 0.630859 0.931944 0.014844 0.036111
0 0.985547 0.677083 0.013281 0.040278
0 0.099219 0.851389 0.012500 0.033333
0 0.838672 0.288889 0.013281 0.036111
0 0.710156 0.301389 0.014062 0.036111
0 0.719141 0.353472 0.016406 0.034722
0 0.580469 0.938194 0.012500 0.034722
0 0.475781 0.925694 0.014062 0.029167
0 0.393359 0.700694 0.013281 0.029167
0 0.529688 0.194444 0.014062 0.027778
0 0.229297 0.261806 0.014844 0.034722
0 0.483594 0.314583 0.015625 0.029167
0 0.854297 0.984028 0.017969 0.023611
0 0.023047 0.176389 0.016406 0.030556
0 0.034766 0.147917 0.017969 0.026389
0 0.048828 0.145833 0.013281 0.033333
0 0.065625 0.156944 0.020312 0.025000
0 0.093359 0.106250 0.017969 0.029167
0 0.121484 0.111806 0.017969 0.023611
0 0.045703 0.085417 0.014844 0.029167
0 0.155078 0.111111 0.016406 0.025000
0 0.154297 0.072917 0.016406 0.026389
0 0.158984 0.047222 0.010156 0.036111
0 0.170703 0.033333 0.016406 0.027778
0 0.182031 0.169444 0.010937 0.027778
0 0.172656 0.161111 0.017188 0.022222
0 0.173047 0.180556 0.016406 0.022222
0 0.153516 0.328472 0.014844 0.040278
0 0.128906 0.366667 0.014062 0.038889
0 0.103516 0.374306 0.021094 0.023611
0 0.108594 0.359722 0.015625 0.027778
0 0.154297 0.390278 0.010156 0.038889
0 0.270703 0.023611 0.010156 0.033333
0 0.257813 0.207639 0.020312 0.023611
0 0.099609 0.585417 0.011719 0.031944
0 0.085156 0.595139 0.014062 0.040278
0 0.147266 0.801389 0.016406 0.025000
0 0.114453 0.854861 0.011719 0.037500
0 0.123438 0.838889 0.010937 0.038889
0 0.226172 0.836806 0.010156 0.034722
0 0.310547 0.648611 0.013281 0.038889
0 0.491016 0.589583 0.014844 0.040278
0 0.436328 0.289583 0.013281 0.037500
0 0.435547 0.347917 0.013281 0.034722
0 0.428906 0.370833 0.010937 0.033333
0 0.493359 0.429861 0.010156 0.031944
0 0.487109 0.250694 0.013281 0.026389
0 0.497656 0.234028 0.014062 0.026389
0 0.425391 0.034722 0.011719 0.036111
0 0.446484 0.060417 0.016406 0.029167
0 0.290625 0.352778 0.014062 0.025000
0 0.310937 0.357639 0.012500 0.026389
0 0.182422 0.438194 0.017969 0.026389
0 0.087109 0.302778 0.019531 0.030556
0 0.103516 0.303472 0.008594 0.031944
0 0.225781 0.131944 0.010937 0.027778
0 0.435547 0.245139 0.010156 0.029167
0 0.539063 0.127778 0.021875 0.022222
0 0.640234 0.172222 0.013281 0.027778
0 0.368359 0.181944 0.014844 0.019444
0 0.810547 0.240278 0.011719 0.027778
0 0.517578 0.761806 0.017969 0.023611
0 0.303516 0.825694 0.013281 0.029167
0 0.363672 0.660417 0.014844 0.031944
0 0.374219 0.616667 0.009375 0.025000
0 0.381641 0.605556 0.011719 0.025000
0 0.383984 0.631944 0.011719 0.019444
0 0.402344 0.734722 0.012500 0.027778
0 0.456250 0.768056 0.015625 0.027778
0 0.426562 0.181250 0.010937 0.034722
0 0.491016 0.150000 0.017969 0.025000
0 0.455469 0.100000 0.017188 0.025000
0 0.442578 0.117361 0.014844 0.029167
0 0.573438 0.200000 0.014062 0.027778
0 0.656250 0.241667 0.014062 0.027778
0 0.643359 0.238194 0.016406 0.023611
0 0.860547 0.184722 0.016406 0.022222
0 0.842578 0.058333 0.008594 0.036111
0 0.835547 0.062500 0.010156 0.019444
0 0.926953 0.098611 0.011719 0.036111
0 0.644141 0.675000 0.016406 0.025000
0 0.644922 0.609028 0.016406 0.026389
0 0.694922 0.756250 0.017969 0.029167
0 0.727734 0.795139 0.014844 0.037500
0 0.773828 0.718056 0.013281 0.027778
0 0.743750 0.768056 0.017188 0.022222
0 0.733984 0.754167 0.010156 0.025000
0 0.743750 0.742361 0.009375 0.029167
0 0.753516 0.734722 0.008594 0.036111
0 0.869141 0.368056 0.013281 0.033333
0 0.580859 0.384028 0.013281 0.026389
0 0.587500 0.295139 0.015625 0.026389
0 0.572656 0.291667 0.012500 0.030556
0 0.431250 0.211806 0.014062 0.037500
0 0.188281 0.554861 0.010937 0.034722
0 0.783594 0.554167 0.010937 0.033333
0 0.800391 0.504167 0.011719 0.030556
0 0.934766 0.634028 0.011719 0.031944
0 0.567969 0.809722 0.010937 0.030556
0 0.746875 0.390972 0.010937 0.029167
0 0.734766 0.379861 0.013281 0.029167
0 0.836328 0.645139 0.011719 0.031944
0 0.825391 0.375694 0.019531 0.023611
0 0.969922 0.043056 0.011719 0.033333
0 0.982813 0.047222 0.014062 0.025000
0 0.529297 0.449306 0.011719 0.031944
0 0.538672 0.504861 0.014844 0.026389
0 0.545313 0.309722 0.012500 0.030556
0 0.766406 0.325000 0.017188 0.022222
0 0.753516 0.323611 0.011719 0.030556
0 0.954687 0.936111 0.010937 0.030556
0 0.981641 0.890278 0.014844 0.027778
0 0.789844 0.218056 0.010937 0.030556
0 0.790625 0.111806 0.017188 0.023611
0 0.827734 0.182639 0.010156 0.040278
0 0.910547 0.085417 0.011719 0.029167
0 0.903906 0.099306 0.010937 0.031944
0 0.046484 0.363889 0.014844 0.025000
0 0.338672 0.504861 0.013281 0.029167
0 0.340234 0.550694 0.011719 0.029167
0 0.316406 0.695139 0.014062 0.026389
0 0.303125 0.703472 0.014062 0.037500
0 0.275391 0.780556 0.013281 0.030556
0 0.251172 0.840972 0.014844 0.026389
0 0.286719 0.865278 0.015625 0.025000
0 0.530078 0.865278 0.014844 0.025000
0 0.600000 0.831944 0.020312 0.019444
0 0.729297 0.460417 0.011719 0.029167
0 0.732031 0.438889 0.017188 0.025000
0 0.632422 0.405556 0.016406 0.027778
0 0.361719 0.071528 0.018750 0.023611
0 0.770703 0.525000 0.017969 0.022222
0 0.763672 0.540972 0.017969 0.023611
0 0.684375 0.110417 0.009375 0.031944
0 0.950391 0.089583 0.014844 0.029167
0 0.396875 0.483333 0.018750 0.025000
0 0.395703 0.499306 0.017969 0.026389
0 0.491406 0.825000 0.017188 0.025000
0 0.465625 0.808333 0.012500 0.027778
0 0.792188 0.643056 0.009375 0.030556
0 0.795313 0.351389 0.014062 0.033333
0 0.705469 0.120833 0.010937 0.036111
0 0.812500 0.943750 0.010937 0.034722
0 0.809766 0.911111 0.011719 0.033333
0 0.963281 0.660417 0.010937 0.040278
0 0.969531 0.631250 0.010937 0.029167
0 0.981250 0.629861 0.010937 0.034722
0 0.835938 0.528472 0.014062 0.026389
0 0.819531 0.547917 0.015625 0.031944
0 0.911328 0.402083 0.013281 0.026389
0 0.964063 0.320139 0.012500 0.031944
0 0.361719 0.423611 0.010937 0.038889
0 0.371484 0.373611 0.013281 0.030556
0 0.368750 0.388889 0.012500 0.030556
0 0.417578 0.599306 0.011719 0.034722
0 0.431641 0.596528 0.011719 0.029167
0 0.720312 0.619444 0.009375 0.027778
0 0.841406 0.708333 0.014062 0.025000
0 0.871484 0.642361 0.021094 0.026389
0 0.865234 0.552778 0.013281 0.033333
0 0.408203 0.147222 0.016406 0.027778
0 0.721875 0.164583 0.010937 0.037500
0 0.254297 0.035417 0.013281 0.031944
0 0.030469 0.618056 0.014062 0.033333
0 0.015625 0.656944 0.012500 0.033333
0 0.035547 0.402778 0.016406 0.022222
0 0.033594 0.415278 0.020312 0.022222
0 0.436328 0.409028 0.017969 0.020833
0 0.534766 0.670833 0.011719 0.030556
0 0.820313 0.575694 0.014062 0.020833
0 0.401953 0.838194 0.016406 0.026389
0 0.866406 0.843056 0.021875 0.019444
0 0.271484 0.541667 0.010156 0.036111
0 0.455859 0.242361 0.011719 0.037500
0 0.138281 0.497222 0.012500 0.027778
0 0.089844 0.510417 0.015625 0.026389
0 0.419922 0.661111 0.013281 0.030556
0 0.725000 0.712500 0.015625 0.019444
0 0.877344 0.790278 0.009375 0.033333
0 0.907422 0.595139 0.013281 0.029167
0 0.113672 0.739583 0.016406 0.026389
0 0.277344 0.684722 0.012500 0.033333
0 0.400781 0.328472 0.009375 0.034722
0 0.514453 0.438889 0.008594 0.033333
0 0.595312 0.512500 0.017188 0.025000
0 0.846094 0.922222 0.014062 0.025000
0 0.857813 0.933333 0.015625 0.033333
0 0.488281 0.346528 0.009375 0.029167
0 0.493750 0.354861 0.012500 0.026389
0 0.481250 0.296528 0.015625 0.026389
0 0.899609 0.473611 0.014844 0.025000
0 0.894922 0.493056 0.017969 0.022222
0 0.830469 0.572222 0.012500 0.019444
0 0.062500 0.900000 0.009375 0.030556
0 0.051953 0.897222 0.011719 0.036111
0 0.016406 0.934028 0.007813 0.031944
0 0.005469 0.781944 0.010937 0.025000
0 0.053906 0.502778 0.014062 0.019444
0 0.057813 0.484028 0.015625 0.020833
