0 0.919000 0.087000 0.016000 0.021000
0 0.914000 0.106000 0.016000 0.021000
0 0.905000 0.060000 0.016000 0.021000
0 0.911000 0.144000 0.016000 0.021000
0 0.839000 0.069000 0.016000 0.021000
0 0.877000 0.052000 0.016000 0.021000
0 0.869000 0.058000 0.016000 0.021000
0 0.816000 0.131000 0.016000 0.021000
0 0.822000 0.108000 0.016000 0.021000
0 0.806000 0.133000 0.016000 0.021000
0 0.783000 0.127000 0.016000 0.021000
0 0.766000 0.113000 0.016000 0.021000
0 0.672000 0.117000 0.016000 0.021000
0 0.663000 0.085000 0.016000 0.021000
0 0.788000 0.173000 0.016000 0.021000
0 0.822000 0.169000 0.016000 0.021000
0 0.880000 0.269000 0.016000 0.021000
0 0.942000 0.219000 0.016000 0.021000
0 0.944000 0.242000 0.016000 0.021000
0 0.959000 0.223000 0.016000 0.021000
0 0.950000 0.183000 0.016000 0.021000
0 0.688000 0.165000 0.016000 0.021000
0 0.667000 0.158000 0.016000 0.021000
0 0.631000 0.148000 0.016000 0.021000
0 0.611000 0.127000 0.016000 0.021000
0 0.567000 0.156000 0.016000 0.021000
0 0.572000 0.108000 0.016000 0.021000
0 0.519000 0.087000 0.016000 0.021000
0 0.494000 0.106000 0.016000 0.021000
0 0.514000 0.135000 0.016000 0.021000
0 0.467000 0.081000 0.016000 0.021000
0 0.436000 0.083000 0.016000 0.021000
0 0.420000 0.092000 0.016000 0.021000
0 0.411000 0.110000 0.016000 0.021000
0 0.433000 0.119000 0.016000 0.021000
0 0.414000 0.158000 0.016000 0.021000
0 0.395000 0.175000 0.016000 0.021000
0 0.402000 0.065000 0.016000 0.021000
0 0.338000 0.048000 0.016000 0.021000
0 0.406000 0.044000 0.016000 0.021000
0 0.372000 0.204000 0.016000 0.021000
0 0.375000 0.221000 0.016000 0.021000
0 0.616000 0.108000 0.016000 0.021000
0 0.341000 0.129000 0.016000 0.021000
0 0.288000 0.129000 0.016000 0.021000
0 0.280000 0.140000 0.016000 0.021000
0 0.255000 0.127000 0.016000 0.021000
0 0.308000 0.127000 0.016000 0.021000
0 0.244000 0.146000 0.016000 0.021000
0 0.227000 0.156000 0.016000 0.021000
0 0.228000 0.140000 0.016000 0.021000
0 0.228000 0.125000 0.016000 0.021000
0 0.181000 0.113000 0.016000 0.021000
0 0.156000 0.131000 0.016000 0.021000
0 0.139000 0.092000 0.016000 0.021000
0 0.175000 0.071000 0.016000 0.021000
0 0.094000 0.073000 0.016000 0.021000
0 0.084000 0.042000 0.016000 0.021000
0 0.066000 0.140000 0.016000 0.021000
0 0.059000 0.127000 0.016000 0.021000
0 0.070000 0.110000 0.016000 0.021000
0 0.056000 0.163000 0.016000 0.021000
0 0.094000 0.113000 0.016000 0.021000
0 0.136000 0.165000 0.016000 0.021000
0 0.214000 0.181000 0.016000 0.021000
0 0.150000 0.275000 0.016000 0.021000
0 0.134000 0.283000 0.016000 0.021000
0 0.116000 0.300000 0.016000 0.021000
0 0.103000 0.292000 0.016000 0.021000
0 0.077000 0.331000 0.016000 0.021000
0 0.091000 0.340000 0.016000 0.021000
0 0.025000 0.340000 0.016000 0.021000
0 0.113000 0.394000 0.016000 0.021000
0 0.122000 0.408000 0.016000 0.021000
0 0.131000 0.415000 0.016000 0.021000
0 0.089000 0.458000 0.016000 0.021000
0 0.070000 0.475000 0.016000 0.021000
0 0.064000 0.448000 0.016000 0.021000
0 0.056000 0.431000 0.016000 0.021000
0 0.044000 0.431000 0.016000 0.021000
0 0.127000 0.506000 0.016000 0.021000
0 0.117000 0.519000 0.016000 0.021000
0 0.083000 0.552000 0.016000 0.021000
0 0.081000 0.562000 0.016000 0.021000
0 0.062000 0.544000 0.016000 0.021000
0 0.145000 0.585000 0.016000 0.021000
0 0.106000 0.692000 0.016000 0.021000
0 0.128000 0.688000 0.016000 0.021000
0 0.098000 0.677000 0.016000 0.021000
0 0.066000 0.640000 0.016000 0.021000
0 0.041000 0.706000 0.016000 0.021000
0 0.044000 0.758000 0.016000 0.021000
0 0.036000 0.785000 0.016000 0.021000
0 0.091000 0.790000 0.016000 0.021000
0 0.100000 0.794000 0.016000 0.021000
0 0.159000 0.781000 0.016000 0.021000
0 0.180000 0.808000 0.016000 0.021000
0 0.175000 0.858000 0.016000 0.021000
0 0.125000 0.827000 0.016000 0.021000
0 0.084000 0.844000 0.016000 0.021000
0 0.080000 0.833000 0.016000 0.021000
0 0.044000 0.877000 0.016000 0.021000
0 0.080000 0.890000 0.016000 0.021000
0 0.094000 0.929000 0.016000 0.021000
0 0.119000 0.873000 0.016000 0.021000
0 0.200000 0.950000 0.016000 0.021000
0 0.273000 0.906000 0.016000 0.021000
0 0.273000 0.875000 0.016000 0.021000
0 0.312000 0.854000 0.016000 0.021000
0 0.286000 0.808000 0.016000 0.021000
0 0.328000 0.760000 0.016000 0.021000
0 0.370000 0.804000 0.016000 0.021000
0 0.405000 0.902000 0.016000 0.021000
0 0.425000 0.848000 0.016000 0.021000
0 0.444000 0.900000 0.016000 0.021000
0 0.520000 0.900000 0.016000 0.021000
0 0.561000 0.873000 0.016000 0.021000
0 0.561000 0.835000 0.016000 0.021000
0 0.516000 0.831000 0.016000 0.021000
0 0.516000 0.800000 0.016000 0.021000
0 0.586000 0.800000 0.016000 0.021000
0 0.639000 0.883000 0.016000 0.021000
0 0.528000 0.948000 0.016000 0.021000
0 0.650000 0.929000 0.016000 0.021000
0 0.653000 0.910000 0.016000 0.021000
0 0.659000 0.890000 0.016000 0.021000
0 0.675000 0.912000 0.016000 0.021000
0 0.738000 0.929000 0.016000 0.021000
0 0.750000 0.923000 0.016000 0.021000
0 0.770000 0.890000 0.016000 0.021000
0 0.756000 0.871000 0.016000 0.021000
0 0.703000 0.871000 0.016000 0.021000
0 0.797000 0.927000 0.016000 0.021000
0 0.820000 0.904000 0.016000 0.021000
0 0.816000 0.881000 0.016000 0.021000
0 0.833000 0.894000 0.016000 0.021000
0 0.844000 0.906000 0.016000 0.021000
0 0.856000 0.892000 0.016000 0.021000
0 0.834000 0.869000 0.016000 0.021000
0 0.917000 0.915000 0.016000 0.021000
0 0.939000 0.879000 0.016000 0.021000
0 0.952000 0.910000 0.016000 0.021000
0 0.881000 0.794000 0.016000 0.021000
0 0.881000 0.740000 0.016000 0.021000
0 0.836000 0.779000 0.016000 0.021000
0 0.836000 0.794000 0.016000 0.021000
0 0.812000 0.790000 0.016000 0.021000
0 0.972000 0.744000 0.016000 0.021000
0 0.966000 0.704000 0.016000 0.021000
0 0.942000 0.715000 0.016000 0.021000
0 0.956000 0.610000 0.016000 0.021000
0 0.936000 0.596000 0.016000 0.021000
0 0.839000 0.721000 0.016000 0.021000
0 0.834000 0.683000 0.016000 0.021000
0 0.833000 0.671000 0.016000 0.021000
0 0.827000 0.642000 0.016000 0.021000
0 0.844000 0.631000 0.016000 0.021000
0 0.848000 0.602000 0.016000 0.021000
0 0.858000 0.588000 0.016000 0.021000
0 0.864000 0.558000 0.016000 0.021000
0 0.839000 0.560000 0.016000 0.021000
0 0.816000 0.565000 0.016000 0.021000
0 0.883000 0.560000 0.016000 0.021000
0 0.930000 0.529000 0.016000 0.021000
0 0.939000 0.512000 0.016000 0.021000
0 0.922000 0.465000 0.016000 0.021000
0 0.919000 0.444000 0.016000 0.021000
0 0.842000 0.452000 0.016000 0.021000
0 0.853000 0.429000 0.016000 0.021000
0 0.863000 0.423000 0.016000 0.021000
0 0.828000 0.410000 0.016000 0.021000
0 0.847000 0.369000 0.016000 0.021000
0 0.930000 0.396000 0.016000 0.021000
0 0.953000 0.388000 0.016000 0.021000
0 0.947000 0.342000 0.016000 0.021000
0 0.923000 0.340000 0.016000 0.021000
0 0.913000 0.325000 0.016000 0.021000
0 0.903000 0.312000 0.016000 0.021000
0 0.884000 0.310000 0.016000 0.021000
0 0.864000 0.327000 0.016000 0.021000
0 0.845000 0.321000 0.016000 0.021000
0 0.817000 0.331000 0.016000 0.021000
0 0.795000 0.365000 0.016000 0.021000
0 0.800000 0.323000 0.016000 0.021000
0 0.795000 0.258000 0.016000 0.021000
0 0.777000 0.237000 0.016000 0.021000
0 0.769000 0.287000 0.016000 0.021000
0 0.697000 0.254000 0.016000 0.021000
0 0.667000 0.246000 0.016000 0.021000
0 0.653000 0.212000 0.016000 0.021000
0 0.613000 0.229000 0.016000 0.021000
0 0.552000 0.231000 0.016000 0.021000
0 0.523000 0.210000 0.016000 0.021000
0 0.520000 0.227000 0.016000 0.021000
0 0.480000 0.198000 0.016000 0.021000
0 0.458000 0.212000 0.016000 0.021000
0 0.442000 0.229000 0.016000 0.021000
0 0.417000 0.250000 0.016000 0.021000
0 0.348000 0.167000 0.016000 0.021000
0 0.309000 0.194000 0.016000 0.021000
0 0.306000 0.181000 0.016000 0.021000
0 0.284000 0.188000 0.016000 0.021000
0 0.252000 0.208000 0.016000 0.021000
0 0.230000 0.275000 0.016000 0.021000
0 0.217000 0.298000 0.016000 0.021000
0 0.267000 0.319000 0.016000 0.021000
0 0.273000 0.333000 0.016000 0.021000
0 0.305000 0.248000 0.016000 0.021000
0 0.319000 0.254000 0.016000 0.021000
0 0.359000 0.281000 0.016000 0.021000
0 0.380000 0.294000 0.016000 0.021000
0 0.436000 0.292000 0.016000 0.021000
0 0.494000 0.252000 0.016000 0.021000
0 0.500000 0.271000 0.016000 0.021000
0 0.489000 0.300000 0.016000 0.021000
0 0.569000 0.369000 0.016000 0.021000
0 0.466000 0.265000 0.016000 0.021000
0 0.639000 0.344000 0.016000 0.021000
0 0.678000 0.344000 0.016000 0.021000
0 0.761000 0.358000 0.016000 0.021000
0 0.766000 0.369000 0.016000 0.021000
0 0.748000 0.425000 0.016000 0.021000
0 0.756000 0.419000 0.016000 0.021000
0 0.655000 0.419000 0.016000 0.021000
0 0.630000 0.392000 0.016000 0.021000
0 0.595000 0.402000 0.016000 0.021000
0 0.516000 0.394000 0.016000 0.021000
0 0.505000 0.408000 0.016000 0.021000
0 0.517000 0.408000 0.016000 0.021000
0 0.541000 0.438000 0.016000 0.021000
0 0.548000 0.425000 0.016000 0.021000
0 0.603000 0.458000 0.016000 0.021000
0 0.667000 0.465000 0.016000 0.021000
0 0.669000 0.494000 0.016000 0.021000
0 0.648000 0.487000 0.016000 0.021000
0 0.628000 0.515000 0.016000 0.021000
0 0.639000 0.533000 0.016000 0.021000
0 0.775000 0.477000 0.016000 0.021000
0 0.755000 0.483000 0.016000 0.021000
0 0.750000 0.508000 0.016000 0.021000
0 0.725000 0.512000 0.016000 0.021000
0 0.736000 0.527000 0.016000 0.021000
0 0.792000 0.592000 0.016000 0.021000
0 0.805000 0.619000 0.016000 0.021000
0 0.792000 0.617000 0.016000 0.021000
0 0.803000 0.725000 0.016000 0.021000
0 0.595000 0.487000 0.016000 0.021000
0 0.564000 0.479000 0.016000 0.021000
0 0.559000 0.492000 0.016000 0.021000
0 0.472000 0.396000 0.016000 0.021000
0 0.439000 0.412000 0.016000 0.021000
0 0.425000 0.365000 0.016000 0.021000
0 0.430000 0.335000 0.016000 0.021000
0 0.386000 0.329000 0.016000 0.021000
0 0.408000 0.419000 0.016000 0.021000
0 0.394000 0.454000 0.016000 0.021000
0 0.383000 0.469000 0.016000 0.021000
0 0.370000 0.458000 0.016000 0.021000
0 0.338000 0.419000 0.016000 0.021000
0 0.280000 0.410000 0.016000 0.021000
0 0.270000 0.367000 0.016000 0.021000
0 0.250000 0.398000 0.016000 0.021000
0 0.223000 0.438000 0.016000 0.021000
0 0.208000 0.454000 0.016000 0.021000
0 0.191000 0.448000 0.016000 0.021000
0 0.183000 0.440000 0.016000 0.021000
0 0.177000 0.406000 0.016000 0.021000
0 0.244000 0.448000 0.016000 0.021000
0 0.300000 0.469000 0.016000 0.021000
0 0.253000 0.500000 0.016000 0.021000
0 0.211000 0.494000 0.016000 0.021000
0 0.180000 0.560000 0.016000 0.021000
0 0.195000 0.573000 0.016000 0.021000
0 0.231000 0.567000 0.016000 0.021000
0 0.306000 0.540000 0.016000 0.021000
0 0.405000 0.508000 0.016000 0.021000
0 0.439000 0.492000 0.016000 0.021000
0 0.478000 0.483000 0.016000 0.021000
0 0.534000 0.517000 0.016000 0.021000
0 0.533000 0.544000 0.016000 0.021000
0 0.516000 0.560000 0.016000 0.021000
0 0.566000 0.577000 0.016000 0.021000
0 0.531000 0.596000 0.016000 0.021000
0 0.730000 0.546000 0.016000 0.021000
0 0.752000 0.542000 0.016000 0.021000
0 0.728000 0.613000 0.016000 0.021000
0 0.688000 0.573000 0.016000 0.021000
0 0.680000 0.635000 0.016000 0.021000
0 0.630000 0.604000 0.016000 0.021000
0 0.617000 0.631000 0.016000 0.021000
0 0.603000 0.644000 0.016000 0.021000
0 0.581000 0.631000 0.016000 0.021000
0 0.644000 0.715000 0.016000 0.021000
0 0.669000 0.717000 0.016000 0.021000
0 0.700000 0.760000 0.016000 0.021000
0 0.767000 0.723000 0.016000 0.021000
0 0.764000 0.802000 0.016000 0.021000
0 0.750000 0.819000 0.016000 0.021000
0 0.756000 0.698000 0.016000 0.021000
0 0.745000 0.706000 0.016000 0.021000
0 0.728000 0.669000 0.016000 0.021000
0 0.758000 0.688000 0.016000 0.021000
0 0.755000 0.667000 0.016000 0.021000
0 0.741000 0.658000 0.016000 0.021000
0 0.597000 0.040000 0.016000 0.021000
0 0.722000 0.744000 0.016000 0.021000
0 0.719000 0.804000 0.016000 0.021000
0 0.711000 0.835000 0.016000 0.021000
0 0.661000 0.948000 0.016000 0.021000
0 0.627000 0.777000 0.016000 0.021000
0 0.630000 0.762000 0.016000 0.021000
0 0.705000 0.662000 0.016000 0.021000
0 0.691000 0.667000 0.016000 0.021000
0 0.672000 0.656000 0.016000 0.021000
0 0.667000 0.673000 0.016000 0.021000
0 0.614000 0.660000 0.016000 0.021000
0 0.606000 0.742000 0.016000 0.021000
0 0.559000 0.769000 0.016000 0.021000
0 0.542000 0.760000 0.016000 0.021000
0 0.486000 0.569000 0.016000 0.021000
0 0.488000 0.537000 0.016000 0.021000
0 0.483000 0.525000 0.016000 0.021000
0 0.441000 0.560000 0.016000 0.021000
0 0.475000 0.629000 0.016000 0.021000
0 0.480000 0.633000 0.016000 0.021000
0 0.459000 0.640000 0.016000 0.021000
0 0.444000 0.637000 0.016000 0.021000
0 0.492000 0.710000 0.016000 0.021000
0 0.483000 0.710000 0.016000 0.021000
0 0.477000 0.731000 0.016000 0.021000
0 0.483000 0.756000 0.016000 0.021000
0 0.502000 0.748000 0.016000 0.021000
0 0.500000 0.758000 0.016000 0.021000
0 0.442000 0.754000 0.016000 0.021000
0 0.411000 0.729000 0.016000 0.021000
0 0.400000 0.698000 0.016000 0.021000
0 0.408000 0.617000 0.016000 0.021000
0 0.384000 0.600000 0.016000 0.021000
0 0.344000 0.660000 0.016000 0.021000
0 0.311000 0.748000 0.016000 0.021000
0 0.281000 0.704000 0.016000 0.021000
0 0.258000 0.713000 0.016000 0.021000
0 0.263000 0.694000 0.016000 0.021000
0 0.244000 0.675000 0.016000 0.021000
0 0.200000 0.698000 0.016000 0.021000
0 0.978000 0.071000 0.016000 0.021000
0 0.967000 0.019000 0.016000 0.021000
0 0.963000 0.179000 0.016000 0.021000
0 0.956000 0.202000 0.016000 0.021000
0 0.981000 0.177000 0.016000 0.021000
0 0.931000 0.237000 0.016000 0.021000
0 0.977000 0.258000 0.016000 0.021000
0 0.980000 0.300000 0.016000 0.021000
0 0.981000 0.381000 0.016000 0.021000
0 0.983000 0.481000 0.016000 0.021000
0 0.980000 0.510000 0.016000 0.021000
0 0.972000 0.527000 0.016000 0.021000
0 0.989000 0.554000 0.016000 0.021000
0 0.970000 0.581000 0.016000 0.021000
0 0.975000 0.613000 0.016000 0.021000
0 0.980000 0.958000 0.016000 0.021000
0 0.975000 0.971000 0.016000 0.021000
0 0.964000 0.963000 0.016000 0.021000
0 0.952000 0.954000 0.016000 0.021000
0 0.875000 0.973000 0.016000 0.021000
0 0.803000 0.967000 0.016000 0.021000
0 0.767000 0.952000 0.016000 0.021000
0 0.716000 0.902000 0.016000 0.021000
0 0.703000 0.900000 0.016000 0.021000
0 0.725000 0.975000 0.016000 0.021000
0 0.770000 0.825000 0.016000 0.021000
0 0.645000 0.790000 0.016000 0.021000
0 0.458000 0.733000 0.016000 0.021000
0 0.272000 0.623000 0.016000 0.021000
0 0.783000 0.281000 0.016000 0.021000
0 0.834000 0.169000 0.016000 0.021000
0 0.630000 0.973000 0.016000 0.021000
0 0.655000 0.963000 0.016000 0.021000
0 0.602000 0.969000 0.016000 0.021000
0 0.345000 0.975000 0.016000 0.021000
0 0.211000 0.973000 0.016000 0.021000
0 0.073000 0.967000 0.016000 0.021000
0 0.080000 0.935000 0.016000 0.021000
0 0.308000 0.446000 0.016000 0.021000
0 0.013000 0.317000 0.016000 0.021000
0 0.013000 0.221000 0.016000 0.021000
0 0.044000 0.077000 0.016000 0.021000
0 0.183000 0.050000 0.016000 0.021000
0 0.394000 0.115000 0.016000 0.021000
0 0.536000 0.085000 0.016000 0.021000
0 0.517000 0.021000 0.016000 0.021000
0 0.698000 0.040000 0.016000 0.021000
0 0.650000 0.025000 0.016000 0.021000
0 0.694000 0.071000 0.016000 0.021000
0 0.708000 0.119000 0.016000 0.021000
0 0.678000 0.087000 0.016000 0.021000
0 0.831000 0.029000 0.016000 0.021000
0 0.561000 0.204000 0.016000 0.021000
0 0.119000 0.329000 0.016000 0.021000
0 0.483000 0.596000 0.016000 0.021000
0 0.312000 0.517000 0.016000 0.021000
0 0.486000 0.977000 0.016000 0.021000
0 0.798000 0.019000 0.016000 0.021000
0 0.917000 0.985000 0.016000 0.021000
0 0.233000 0.015000 0.016000 0.021000
0 0.331000 0.021000 0.016000 0.021000
0 0.213000 0.425000 0.016000 0.021000
0 0.047656 0.776389 0.009375 0.030556
0 0.228906 0.093750 0.014062 0.020833
0 0.991406 0.606250 0.012500 0.031944
0 0.993750 0.711111 0.010937 0.030556
0 0.989453 0.887500 0.016406 0.019444
0 0.851563 0.013194 0.012500 0.026389
0 0.146484 0.013194 0.019531 0.018056
0 0.006250 0.154167 0.012500 0.022222
0 0.682813 0.987500 0.015625 0.025000
0 0.839063 0.987500 0.014062 0.022222
0 0.903516 0.778472 0.011719 0.043056
0 0.905078 0.664583 0.011719 0.037500
0 0.803125 0.484028 0.012500 0.031944
0 0.828906 0.490972 0.012500 0.034722
0 0.710547 0.393750 0.014844 0.031944
0 0.367188 0.689583 0.012500 0.037500
0 0.385547 0.818750 0.013281 0.037500
0 0.384375 0.863194 0.009375 0.031944
0 0.372656 0.919444 0.014062 0.038889
0 0.305469 0.407639 0.010937 0.031944
0 0.045703 0.465278 0.010156 0.030556
0 0.581250 0.234722 0.010937 0.033333
0 0.761719 0.178472 0.012500 0.037500
0 0.696484 0.290972 0.017969 0.020833
0 0.543750 0.014583 0.015625 0.018056
0 0.168359 0.628472 0.014844 0.026389
0 0.311328 0.780556 0.010156 0.038889
0 0.312500 0.690972 0.012500 0.040278
0 0.729297 0.571528 0.011719 0.023611
0 0.871094 0.367361 0.010937 0.034722
0 0.233594 0.972917 0.010937 0.029167
0 0.578906 0.704861 0.015625 0.034722
0 0.535937 0.662500 0.015625 0.033333
0 0.522656 0.491667 0.009375 0.033333
0 0.791016 0.894444 0.011719 0.025000
0 0.781641 0.906944 0.010156 0.025000
0 0.947266 0.970833 0.010156 0.033333
0 0.964453 0.986111 0.017969 0.019444
0 0.991797 0.161111 0.013281 0.022222
0 0.532812 0.154167 0.014062 0.027778
0 0.350000 0.347917 0.018750 0.031944
0 0.057813 0.314583 0.012500 0.037500
0 0.794141 0.676389 0.011719 0.033333
0 0.582031 0.832639 0.012500 0.034722
0 0.571875 0.970139 0.014062 0.034722
0 0.025781 0.835417 0.012500 0.031944
0 0.124609 0.088194 0.011719 0.034722
0 0.329297 0.491667 0.013281 0.027778
0 0.290234 0.468750 0.013281 0.026389
0 0.549609 0.637500 0.013281 0.038889
0 0.450781 0.553472 0.014062 0.020833
0 0.585156 0.325000 0.012500 0.033333
0 0.581250 0.346528 0.012500 0.031944
0 0.541406 0.359722 0.012500 0.036111
0 0.414844 0.284722 0.012500 0.036111
0 0.209375 0.109722 0.012500 0.030556
0 0.207031 0.141667 0.010937 0.030556
0 0.028906 0.088194 0.012500 0.034722
0 0.989062 0.245833 0.010937 0.033333
0 0.776172 0.072917 0.011719 0.031944
0 0.729297 0.013889 0.014844 0.019444
0 0.670313 0.031250 0.015625 0.026389
0 0.670703 0.051389 0.011719 0.030556
0 0.487500 0.843056 0.015625 0.030556
0 0.199609 0.535417 0.010156 0.031944
0 0.150391 0.435417 0.011719 0.023611
0 0.145313 0.452778 0.012500 0.025000
0 0.329688 0.085417 0.012500 0.031944
0 0.452344 0.181944 0.014062 0.030556
0 0.443359 0.140972 0.011719 0.029167
0 0.432813 0.018750 0.012500 0.023611
0 0.268750 0.058333 0.014062 0.030556
0 0.171875 0.771528 0.012500 0.031944
0 0.129688 0.799306 0.012500 0.029167
0 0.967188 0.792361 0.014062 0.029167
0 0.972266 0.825000 0.013281 0.033333
0 0.794531 0.529861 0.010937 0.026389
0 0.956250 0.504861 0.014062 0.029167
0 0.850781 0.240972 0.012500 0.034722
0 0.835156 0.259028 0.012500 0.031944
0 0.824219 0.837500 0.012500 0.033333
0 0.772656 0.431250 0.009375 0.029167
0 0.742188 0.286111 0.010937 0.022222
0 0.743750 0.307639 0.010937 0.029167
0 0.717188 0.063194 0.009375 0.029167
0 0.710156 0.075000 0.012500 0.027778
0 0.438672 0.390972 0.011719 0.029167
0 0.448047 0.590972 0.010156 0.031944
0 0.412891 0.667361 0.010156 0.031944
0 0.384375 0.655556 0.012500 0.030556
0 0.632422 0.945833 0.013281 0.036111
0 0.130078 0.855556 0.013281 0.030556
0 0.017969 0.901389 0.014062 0.033333
0 0.022266 0.663194 0.011719 0.029167
0 0.190234 0.192361 0.010156 0.026389
0 0.184375 0.225000 0.012500 0.027778
0 0.676562 0.180556 0.010937 0.025000
0 0.667969 0.171528 0.015625 0.018056
0 0.447656 0.376389 0.014062 0.022222
0 0.586719 0.985417 0.018750 0.018056
