0 0.644700 0.429900 0.015300 0.018700
0 0.218100 0.152700 0.015400 0.018200
0 0.232300 0.603600 0.014800 0.019000
0 0.868000 0.829400 0.015800 0.019100
0 0.760300 0.196400 0.014900 0.020100
0 0.417400 0.959600 0.017200 0.019200
0 0.097100 0.442200 0.013700 0.019400
0 0.167600 0.491200 0.014000 0.020500
0 0.391400 0.407700 0.015900 0.018700
0 0.530300 0.893700 0.014900 0.018500
0 0.302600 0.644600 0.016800 0.020600
0 0.422400 0.366000 0.013000 0.020400
0 0.167800 0.746400 0.015700 0.019900
0 0.764200 0.559500 0.015800 0.019500
0 0.319200 0.142300 0.014500 0.019800
0 0.403900 0.307500 0.016100 0.018200
0 0.530400 0.369300 0.015800 0.016800
0 0.439600 0.292000 0.015600 0.019400
0 0.145100 0.155300 0.016200 0.018700
0 0.157900 0.769200 0.013800 0.021700
0 0.026800 0.681100 0.012900 0.023100
0 0.165300 0.331300 0.018000 0.020100
0 0.885400 0.210400 0.013000 0.019400
0 0.259500 0.596500 0.013100 0.023500
0 0.810400 0.294400 0.014200 0.022000
0 0.647200 0.197000 0.014600 0.022300
0 0.878300 0.322200 0.016600 0.017000
0 0.708300 0.904800 0.017700 0.020100
0 0.519400 0.804300 0.013800 0.020700
0 0.904700 0.130800 0.015900 0.019000
0 0.495900 0.878500 0.014300 0.018400
0 0.189000 0.178900 0.015600 0.017900
0 0.478600 0.628500 0.013000 0.022100
0 0.210500 0.678500 0.014100 0.019500
0 0.511000 0.678600 0.013900 0.020500
0 0.518200 0.941400 0.016100 0.020200
0 0.944200 0.603000 0.016300 0.021200
0 0.702400 0.471800 0.015500 0.020300
0 0.134400 0.479900 0.014100 0.018700
0 0.844300 0.777300 0.018200 0.019400
0 0.402000 0.120600 0.014100 0.020000
0 0.469000 0.730800 0.017600 0.021200
0 0.643700 0.443600 0.015600 0.018500
0 0.504200 0.504700 0.013100 0.023800
0 0.346300 0.340000 0.014500 0.019700
0 0.054000 0.772700 0.015100 0.018300
0 0.542500 0.631800 0.012800 0.021100
0 0.285100 0.752900 0.017400 0.019200
0 0.669300 0.756500 0.015200 0.026500
0 0.126900 0.228100 0.013900 0.021300
0 0.368500 0.872600 0.016000 0.019700
0 0.922500 0.729000 0.016900 0.019600
0 0.056900 0.692400 0.012200 0.022400
0 0.480100 0.409500 0.014800 0.021000
0 0.070700 0.628400 0.016300 0.017800
0 0.543200 0.460300 0.012300 0.023300
0 0.040800 0.256500 0.013600 0.021800
0 0.260600 0.929500 0.014500 0.023500
0 0.609700 0.479800 0.011400 0.022900
0 0.840800 0.793100 0.018600 0.019000
0 0.514700 0.402200 0.015300 0.020200
0 0.082800 0.385300 0.013400 0.018700
0 0.894000 0.115000 0.014000 0.020900
0 0.583100 0.718100 0.013400 0.023600
0 0.504800 0.469900 0.011600 0.025400
0 0.723000 0.735300 0.015000 0.019500
0 0.685700 0.809500 0.017900 0.022100
0 0.667500 0.781200 0.015900 0.027000
0 0.468700 0.479000 0.012700 0.025700
0 0.880600 0.573200 0.015900 0.019700
0 0.110900 0.093300 0.016200 0.020000
0 0.059000 0.369600 0.010700 0.023400
0 0.742300 0.827600 0.015700 0.019400
0 0.705000 0.097000 0.013900 0.020900
0 0.558100 0.273200 0.015800 0.018700
0 0.017600 0.406500 0.014500 0.018200
0 0.659200 0.821200 0.013100 0.030900
0 0.078200 0.592600 0.014000 0.020000
0 0.972700 0.690100 0.016900 0.020000
0 0.639100 0.481700 0.011700 0.025200
0 0.476900 0.380700 0.014700 0.020600
0 0.247600 0.883700 0.012600 0.029400
0 0.539300 0.490500 0.013600 0.020800
0 0.071700 0.017300 0.016700 0.020100
0 0.836000 0.329400 0.014700 0.019300
0 0.877900 0.481600 0.011200 0.031000
0 0.276800 0.433100 0.017700 0.019400
0 0.201600 0.717100 0.013300 0.020800
0 0.810500 0.245600 0.011600 0.028700
0 0.656400 0.046100 0.011500 0.028200
0 0.685900 0.431400 0.016300 0.022700
0 0.182700 0.809400 0.013700 0.024400
0 0.893700 0.632200 0.014200 0.024700
0 0.898300 0.915900 0.016800 0.020800
0 0.460300 0.527000 0.015300 0.021200
0 0.098300 0.794500 0.013300 0.024200
0 0.568700 0.542000 0.011800 0.025900
0 0.916800 0.465500 0.013100 0.027500
0 0.765700 0.086300 0.014500 0.017800
0 0.470600 0.860900 0.013900 0.020900
0 0.861500 0.410900 0.014800 0.018200
0 0.178300 0.579800 0.013200 0.022500
0 0.208100 0.244300 0.010700 0.029600
0 0.836200 0.607900 0.018000 0.020200
0 0.318500 0.423000 0.016200 0.020400
0 0.788900 0.416700 0.015200 0.022600
0 0.389900 0.951900 0.017000 0.018200
0 0.783600 0.152800 0.012300 0.026200
0 0.948100 0.734900 0.014500 0.021600
0 0.501400 0.615800 0.014200 0.020300
0 0.533900 0.547800 0.011500 0.028100
0 0.078800 0.790200 0.013500 0.025700
0 0.138800 0.056300 0.011200 0.029300
0 0.556700 0.071600 0.014700 0.019100
0 0.970500 0.542100 0.012300 0.028800
0 0.359600 0.710400 0.012800 0.026900
0 0.804000 0.490300 0.011600 0.028600
0 0.859200 0.166100 0.011600 0.032100
0 0.259600 0.173100 0.013500 0.023600
0 0.758700 0.289900 0.013000 0.021800
0 0.660900 0.432100 0.015100 0.021200
0 0.943400 0.979500 0.014500 0.022000
0 0.684700 0.018100 0.009500 0.033600
0 0.653700 0.017500 0.011900 0.026500
0 0.788800 0.811200 0.016700 0.017300
0 0.180000 0.288500 0.014700 0.018900
0 0.765300 0.952200 0.016300 0.020600
0 0.149100 0.507100 0.012500 0.023300
0 0.942300 0.571400 0.014200 0.023300
0 0.168800 0.569500 0.013500 0.020600
0 0.615800 0.847800 0.013600 0.024900
0 0.567200 0.773500 0.013000 0.024200
0 0.158700 0.576700 0.014100 0.021200
0 0.445000 0.314900 0.015100 0.018200
0 0.480500 0.590000 0.015100 0.022900
0 0.770900 0.742000 0.015200 0.019100
0 0.736100 0.689200 0.013500 0.021500
0 0.151100 0.078300 0.014700 0.019600
0 0.236200 0.339700 0.011000 0.030300
0 0.477500 0.517900 0.015400 0.022900
0 0.019200 0.415300 0.015400 0.018000
0 0.052600 0.595300 0.016400 0.018800
0 0.946900 0.085900 0.012400 0.020500
0 0.896800 0.223500 0.013400 0.020800
0 0.036500 0.759400 0.011700 0.025900
0 0.761600 0.729900 0.011600 0.028800
0 0.351400 0.865000 0.013500 0.025300
0 0.485200 0.079900 0.012600 0.023400
0 0.171800 0.610900 0.013100 0.021700
0 0.861500 0.190400 0.014200 0.024100
0 0.165800 0.559200 0.013500 0.019600
0 0.627800 0.178300 0.011600 0.032800
0 0.058200 0.114900 0.013000 0.021400
0 0.790600 0.364300 0.014000 0.023600
0 0.873900 0.805700 0.017300 0.018800
0 0.763700 0.302400 0.011800 0.027300
0 0.901000 0.441500 0.010200 0.022800
0 0.777200 0.711400 0.016700 0.018900
0 0.761000 0.776300 0.017500 0.018100
0 0.444300 0.985600 0.015000 0.022800
0 0.410900 0.078000 0.015200 0.020900
0 0.790000 0.510900 0.013000 0.025900
0 0.304300 0.421100 0.017300 0.020000
0 0.452400 0.166100 0.013400 0.025100
0 0.297100 0.716300 0.016600 0.017300
0 0.433400 0.373400 0.011900 0.026500
0 0.067300 0.863900 0.015900 0.021300
0 0.676100 0.723400 0.015400 0.021400
0 0.563900 0.285200 0.014600 0.020800
0 0.444400 0.226300 0.013500 0.026200
0 0.289200 0.979400 0.011300 0.029000
0 0.276000 0.573000 0.013500 0.022800
0 0.663800 0.413700 0.018000 0.019900
0 0.514900 0.367400 0.015200 0.017800
0 0.396400 0.639900 0.016900 0.020200
0 0.488400 0.526800 0.015900 0.020700
0 0.886600 0.398000 0.010600 0.030900
0 0.413800 0.381200 0.014100 0.021000
0 0.549200 0.297300 0.016300 0.019900
0 0.885000 0.334000 0.017200 0.017200
0 0.507100 0.826400 0.014600 0.020100
0 0.753100 0.639600 0.013600 0.022200
0 0.376000 0.166100 0.015000 0.021200
0 0.818100 0.026600 0.012800 0.024200
0 0.038500 0.018300 0.014800 0.021600
0 0.527000 0.765100 0.014900 0.021400
0 0.065600 0.723400 0.013400 0.020700
0 0.948400 0.139700 0.015300 0.021300
0 0.259600 0.015100 0.010100 0.027400
0 0.244100 0.263800 0.013500 0.020800
0 0.455078 0.329167 0.010156 0.019444
0 0.492969 0.320833 0.020312 0.022222
0 0.177344 0.940278 0.012500 0.025000
0 0.475781 0.984028 0.014062 0.023611
0 0.761328 0.652083 0.014844 0.023611
0 0.086719 0.448611 0.014062 0.022222
0 0.088672 0.462500 0.016406 0.022222
0 0.925000 0.806250 0.012500 0.034722
0 0.980078 0.927778 0.014844 0.025000
0 0.091406 0.129861 0.010937 0.026389
0 0.003906 0.777778 0.007812 0.030556
0 0.114844 0.789583 0.017188 0.023611
0 0.014844 0.036806 0.014062 0.023611
0 0.006641 0.013194 0.013281 0.023611
0 0.691797 0.301389 0.010156 0.036111
0 0.977734 0.294444 0.014844 0.025000
0 0.442578 0.639583 0.011719 0.026389
0 0.294141 0.119444 0.013281 0.030556
0 0.288672 0.063194 0.013281 0.029167
0 0.827734 0.178472 0.011719 0.034722
0 0.089062 0.979861 0.015625 0.020833
0 0.252734 0.833333 0.011719 0.030556
0 0.107031 0.946528 0.010937 0.023611
0 0.313281 0.975694 0.015625 0.018056
0 0.250391 0.602083 0.014844 0.026389
0 0.855469 0.965972 0.017188 0.023611
0 0.859766 0.973611 0.016406 0.019444
0 0.989062 0.610417 0.012500 0.023611
0 0.981641 0.627778 0.011719 0.025000
0 0.965234 0.645139 0.013281 0.020833
0 0.972656 0.640278 0.012500 0.025000
0 0.966406 0.625694 0.012500 0.029167
0 0.816406 0.562500 0.014062 0.030556
0 0.967578 0.137500 0.013281 0.027778
0 0.884766 0.053472 0.016406 0.023611
0 0.578906 0.092361 0.010937 0.029167
0 0.595312 0.095833 0.015625 0.019444
0 0.594141 0.086806 0.011719 0.031944
0 0.328516 0.012500 0.013281 0.025000
0 0.732031 0.938194 0.012500 0.031944
0 0.453516 0.147917 0.013281 0.029167
