0 0.718100 0.906900 0.016900 0.018600
0 0.445100 0.316800 0.012300 0.018600
0 0.691900 0.807400 0.017400 0.022400
0 0.805100 0.657200 0.015600 0.020100
0 0.771100 0.558700 0.017400 0.019800
0 0.495700 0.880800 0.015500 0.019100
0 0.943700 0.604900 0.016700 0.021000
0 0.302300 0.645900 0.017100 0.021200
0 0.744900 0.544200 0.019200 0.019800
0 0.873000 0.832100 0.017300 0.020300
0 0.771000 0.716800 0.015100 0.021900
0 0.851900 0.608800 0.018200 0.020500
0 0.510400 0.680500 0.014500 0.021700
0 0.892500 0.907400 0.017200 0.020500
0 0.470400 0.865200 0.014800 0.020600
0 0.796900 0.506700 0.014700 0.021800
0 0.691200 0.718800 0.017300 0.022000
0 0.740900 0.910300 0.016600 0.019500
0 0.504600 0.632600 0.018400 0.020300
0 0.903900 0.134400 0.015500 0.020900
0 0.630000 0.554300 0.015900 0.022000
0 0.695600 0.421800 0.015300 0.024200
0 0.782100 0.827900 0.014500 0.018100
0 0.903300 0.629700 0.015800 0.024000
0 0.556400 0.765800 0.015000 0.020000
0 0.316900 0.417400 0.016800 0.023300
0 0.221000 0.668300 0.016500 0.020100
0 0.484600 0.456500 0.012400 0.019800
0 0.933400 0.723300 0.018900 0.018900
0 0.668100 0.758100 0.016400 0.027200
0 0.617600 0.579100 0.013600 0.024700
0 0.460300 0.465700 0.013000 0.020900
0 0.896700 0.114700 0.015500 0.021000
0 0.970300 0.544500 0.015700 0.027500
0 0.332700 0.784600 0.015700 0.023000
0 0.568100 0.543600 0.013700 0.027600
0 0.266000 0.922800 0.013700 0.022900
0 0.581400 0.709900 0.013700 0.025000
0 0.169800 0.769200 0.017600 0.022800
0 0.535300 0.921000 0.012300 0.026100
0 0.230600 0.980700 0.015600 0.019400
0 0.192800 0.909900 0.013800 0.026000
0 0.859400 0.170600 0.015300 0.024200
0 0.193000 0.178900 0.018500 0.018700
0 0.753300 0.290100 0.018200 0.021100
0 0.154500 0.483400 0.014700 0.019800
0 0.348400 0.860100 0.016300 0.021200
0 0.896000 0.390000 0.020700 0.020000
0 0.757300 0.344000 0.015600 0.025200
0 0.632000 0.707200 0.014900 0.026800
0 0.647900 0.431000 0.018100 0.022500
0 0.741000 0.967300 0.014300 0.021400
0 0.470600 0.377300 0.014500 0.021000
0 0.805500 0.683400 0.014700 0.021400
0 0.764500 0.776700 0.015800 0.020100
0 0.897100 0.227500 0.015000 0.022400
0 0.170700 0.890300 0.015300 0.023500
0 0.877500 0.530500 0.016500 0.022800
0 0.456300 0.228100 0.017300 0.021100
0 0.859800 0.315200 0.017300 0.019700
0 0.360000 0.839400 0.016200 0.020100
0 0.207000 0.106700 0.019600 0.020800
0 0.472200 0.409900 0.013500 0.023400
0 0.829200 0.135000 0.015000 0.022800
0 0.542900 0.890300 0.013700 0.023000
0 0.919900 0.440700 0.015200 0.022600
0 0.684500 0.546800 0.015600 0.021800
0 0.884600 0.214400 0.015400 0.021100
0 0.182400 0.545400 0.014300 0.019500
0 0.222400 0.146800 0.021400 0.018000
0 0.439000 0.294700 0.013700 0.020700
0 0.609200 0.483400 0.014700 0.023400
0 0.884100 0.055900 0.019300 0.021100
0 0.968200 0.315100 0.018100 0.019800
0 0.658000 0.822100 0.016500 0.026100
0 0.673100 0.492100 0.016500 0.023800
0 0.802400 0.826500 0.014300 0.023600
0 0.177600 0.481500 0.017400 0.019600
0 0.256500 0.832500 0.011000 0.035700
0 0.264200 0.165300 0.016200 0.021000
0 0.543400 0.633800 0.016400 0.021100
0 0.332300 0.383600 0.017800 0.021400
0 0.910100 0.465600 0.015700 0.022200
0 0.171000 0.614800 0.015800 0.021400
0 0.395400 0.410800 0.017300 0.021200
0 0.689700 0.465000 0.016700 0.021400
0 0.092400 0.566000 0.016800 0.022300
0 0.822500 0.185000 0.014600 0.023700
0 0.419100 0.192700 0.016500 0.023000
0 0.379300 0.169300 0.018200 0.021100
0 0.403500 0.309900 0.017400 0.022500
0 0.507200 0.472400 0.012400 0.027300
0 0.415100 0.378500 0.014800 0.019200
0 0.675900 0.958100 0.017000 0.019300
0 0.056000 0.568900 0.016800 0.024800
0 0.719200 0.938700 0.014900 0.018500
0 0.117800 0.580400 0.014400 0.021400
0 0.417500 0.141300 0.016900 0.023200
0 0.473600 0.523300 0.015200 0.022500
0 0.761300 0.655300 0.014000 0.022100
0 0.666600 0.784700 0.016600 0.028800
0 0.948200 0.302700 0.016600 0.019100
0 0.557300 0.839400 0.016000 0.020700
0 0.407700 0.340000 0.015300 0.020500
0 0.244200 0.628800 0.015500 0.018500
0 0.510400 0.397800 0.016300 0.026600
0 0.643300 0.446700 0.018300 0.023200
0 0.143900 0.520400 0.012900 0.021300
0 0.301400 0.745300 0.015300 0.023400
0 0.185000 0.152800 0.017200 0.019300
0 0.620000 0.117500 0.018200 0.020200
0 0.627300 0.179800 0.013900 0.030800
0 0.638800 0.481900 0.014500 0.024800
0 0.023828 0.690278 0.013281 0.036111
0 0.085156 0.674306 0.012500 0.034722
0 0.056250 0.687500 0.010937 0.033333
0 0.182031 0.353472 0.012500 0.018056
0 0.216797 0.250000 0.008594 0.025000
0 0.305469 0.208333 0.010937 0.022222
0 0.319922 0.290972 0.011719 0.031944
0 0.300391 0.111806 0.013281 0.031944
0 0.237109 0.538194 0.011719 0.023611
0 0.475391 0.487500 0.010156 0.025000
0 0.663281 0.862500 0.015625 0.030556
0 0.848437 0.800694 0.018750 0.026389
0 0.761328 0.199306 0.016406 0.026389
0 0.609766 0.286806 0.017969 0.029167
0 0.550000 0.466667 0.017188 0.025000
0 0.561328 0.501389 0.013281 0.025000
0 0.626172 0.602778 0.011719 0.027778
0 0.005859 0.017361 0.011719 0.020833
0 0.017188 0.035417 0.012500 0.023611
0 0.261328 0.415278 0.014844 0.025000
0 0.019531 0.406944 0.012500 0.025000
0 0.023438 0.415972 0.014062 0.023611
0 0.085938 0.388194 0.018750 0.023611
0 0.041406 0.014583 0.012500 0.018056
0 0.131641 0.163889 0.013281 0.027778
0 0.205469 0.245139 0.010937 0.029167
0 0.163281 0.325000 0.017188 0.022222
0 0.288672 0.754167 0.013281 0.022222
0 0.278125 0.754861 0.012500 0.026389
0 0.250781 0.887500 0.012500 0.033333
0 0.064062 0.872917 0.015625 0.026389
0 0.303125 0.980556 0.010937 0.027778
0 0.132812 0.328472 0.010937 0.034722
0 0.110937 0.085417 0.012500 0.029167
0 0.139453 0.048611 0.011719 0.033333
0 0.285547 0.020139 0.014844 0.023611
0 0.261328 0.036806 0.011719 0.029167
0 0.407031 0.052083 0.015625 0.023611
0 0.369531 0.129167 0.014062 0.027778
0 0.234766 0.341667 0.010156 0.036111
0 0.232812 0.340972 0.015625 0.023611
0 0.265625 0.611111 0.014062 0.022222
0 0.260547 0.602083 0.011719 0.029167
0 0.244531 0.588889 0.014062 0.025000
0 0.234766 0.605556 0.013281 0.025000
0 0.825000 0.567361 0.014062 0.031944
0 0.698828 0.611111 0.013281 0.030556
0 0.558594 0.290278 0.012500 0.022222
0 0.547266 0.295139 0.013281 0.023611
0 0.992578 0.612500 0.013281 0.027778
0 0.981641 0.600694 0.013281 0.029167
0 0.983984 0.625694 0.011719 0.020833
0 0.978125 0.643056 0.010937 0.019444
0 0.970312 0.631944 0.012500 0.030556
0 0.880469 0.330556 0.017188 0.027778
0 0.820312 0.346528 0.017188 0.020833
0 0.680859 0.272917 0.016406 0.023611
0 0.622266 0.054167 0.011719 0.025000
0 0.627734 0.043750 0.014844 0.026389
0 0.428125 0.581944 0.014062 0.019444
0 0.429688 0.603472 0.012500 0.023611
0 0.977344 0.296528 0.014062 0.023611
0 0.983984 0.024306 0.016406 0.026389
0 0.862109 0.193056 0.011719 0.030556
0 0.777734 0.115972 0.013281 0.026389
0 0.769531 0.096528 0.014062 0.026389
0 0.159766 0.186806 0.016406 0.023611
0 0.149609 0.145139 0.017969 0.023611
0 0.012109 0.865278 0.014844 0.025000
0 0.097656 0.797222 0.015625 0.027778
0 0.274609 0.947222 0.013281 0.030556
0 0.342578 0.985417 0.013281 0.020833
0 0.337109 0.639583 0.013281 0.023611
0 0.150391 0.727083 0.016406 0.023611
0 0.175781 0.281250 0.015625 0.026389
0 0.091406 0.122222 0.012500 0.033333
0 0.423438 0.446528 0.014062 0.026389
0 0.449609 0.511111 0.014844 0.027778
0 0.450000 0.643056 0.010937 0.041667
0 0.394141 0.784722 0.016406 0.025000
0 0.817969 0.424306 0.010937 0.031944
0 0.821484 0.434028 0.010156 0.023611
0 0.764063 0.729861 0.012500 0.034722
0 0.756641 0.790972 0.010156 0.029167
0 0.797266 0.790278 0.013281 0.025000
0 0.723047 0.181944 0.011719 0.027778
0 0.360547 0.449306 0.011719 0.034722
0 0.982813 0.843750 0.012500 0.031944
0 0.880078 0.811111 0.019531 0.027778
0 0.506250 0.773611 0.014062 0.027778
0 0.530078 0.807639 0.016406 0.029167
0 0.440234 0.378472 0.013281 0.029167
0 0.948047 0.973611 0.014844 0.030556
0 0.516406 0.902778 0.015625 0.022222
0 0.057813 0.874306 0.012500 0.029167
0 0.897656 0.904861 0.015625 0.026389
0 0.269141 0.015278 0.008594 0.022222
0 0.067969 0.545139 0.015625 0.031944
0 0.018750 0.559028 0.017188 0.037500
