0 0.144200 0.597400 0.014100 0.016400
0 0.078900 0.452900 0.014300 0.017100
0 0.318500 0.422400 0.014300 0.020300
0 0.417700 0.341900 0.014300 0.018500
0 0.528900 0.707600 0.013700 0.021200
0 0.642400 0.427400 0.015000 0.018700
0 0.177400 0.290100 0.015400 0.019800
0 0.841600 0.792200 0.018800 0.017700
0 0.766900 0.081500 0.016400 0.018300
0 0.941600 0.494500 0.015000 0.020200
0 0.079900 0.770100 0.013400 0.019100
0 0.942500 0.066400 0.013200 0.021200
0 0.204400 0.679300 0.014100 0.017800
0 0.760400 0.196500 0.014700 0.018900
0 0.440100 0.292800 0.014800 0.019400
0 0.110300 0.706000 0.013700 0.019700
0 0.920900 0.254100 0.014500 0.018800
0 0.609800 0.480100 0.011600 0.021600
0 0.333900 0.118500 0.014000 0.024000
0 0.944200 0.602700 0.017300 0.020800
0 0.670900 0.727400 0.014700 0.024200
0 0.255400 0.522100 0.013000 0.018400
0 0.530500 0.369300 0.014100 0.016800
0 0.746300 0.356800 0.016800 0.018400
0 0.446100 0.315800 0.013300 0.019100
0 0.190000 0.179500 0.015800 0.017900
0 0.455800 0.527500 0.015200 0.019900
0 0.683500 0.332400 0.015200 0.020400
0 0.496600 0.879100 0.014200 0.018600
0 0.359700 0.141500 0.014000 0.021000
0 0.747300 0.709600 0.014800 0.019800
0 0.392400 0.406200 0.016000 0.018100
0 0.404200 0.307800 0.016200 0.018000
0 0.866600 0.835100 0.016600 0.017300
0 0.370500 0.942600 0.016400 0.020300
0 0.794100 0.471500 0.013200 0.022100
0 0.667000 0.843100 0.015500 0.021800
0 0.879000 0.321700 0.015600 0.017700
0 0.141400 0.157700 0.015800 0.017700
0 0.897400 0.954000 0.016300 0.019200
0 0.302700 0.644400 0.017600 0.020900
0 0.579000 0.946800 0.015700 0.020300
0 0.744300 0.293400 0.013000 0.019500
0 0.669300 0.756400 0.014900 0.025900
0 0.421700 0.566700 0.016200 0.018500
0 0.285200 0.753000 0.015900 0.019500
0 0.284100 0.467700 0.012200 0.019800
0 0.118000 0.880800 0.015100 0.020800
0 0.115100 0.582600 0.014000 0.018900
0 0.104100 0.846300 0.014900 0.018200
0 0.846300 0.755200 0.016300 0.019900
0 0.510800 0.678600 0.014100 0.020400
0 0.685200 0.809000 0.017900 0.021800
0 0.885700 0.210400 0.013300 0.018400
0 0.835300 0.610700 0.018100 0.018900
0 0.065600 0.864600 0.014200 0.018900
0 0.252000 0.605400 0.015300 0.020500
0 0.481200 0.410200 0.014600 0.019900
0 0.251500 0.180700 0.013400 0.022500
0 0.570400 0.460600 0.014100 0.017600
0 0.658700 0.821400 0.013000 0.028500
0 0.059000 0.807700 0.012900 0.025900
0 0.845700 0.972700 0.015700 0.019800
0 0.903600 0.131200 0.015700 0.020400
0 0.017500 0.405600 0.014100 0.016400
0 0.669600 0.384100 0.013300 0.025000
0 0.484000 0.230600 0.015300 0.023700
0 0.083400 0.823000 0.014700 0.017100
0 0.483000 0.468100 0.011500 0.024600
0 0.760500 0.777800 0.017300 0.019400
0 0.917100 0.478200 0.013600 0.022400
0 0.164000 0.490600 0.014300 0.019800
0 0.578600 0.727700 0.013600 0.023100
0 0.804000 0.457700 0.012500 0.026600
0 0.570300 0.416000 0.013700 0.020700
0 0.604800 0.106400 0.015200 0.022300
0 0.928000 0.492200 0.015200 0.019900
0 0.897300 0.631600 0.016100 0.023200
0 0.667400 0.781500 0.015400 0.025900
0 0.706500 0.905900 0.017500 0.021600
0 0.682500 0.433300 0.014800 0.024100
0 0.893100 0.115800 0.013600 0.022500
0 0.639100 0.481700 0.010800 0.026900
0 0.540000 0.946800 0.017200 0.017900
0 0.865400 0.376700 0.015200 0.020600
0 0.256100 0.928900 0.013600 0.022400
0 0.148100 0.577500 0.013300 0.018500
0 0.083100 0.385400 0.013500 0.019100
0 0.902000 0.933400 0.012900 0.023700
0 0.482900 0.081100 0.013600 0.021500
0 0.548500 0.919900 0.015200 0.019500
0 0.473600 0.381600 0.015500 0.019100
0 0.508000 0.401800 0.015000 0.018600
0 0.894700 0.695900 0.012200 0.026300
0 0.097300 0.892200 0.011100 0.027400
0 0.130300 0.473500 0.014100 0.017000
0 0.451800 0.431800 0.015100 0.021600
0 0.977600 0.294200 0.013400 0.017700
0 0.557900 0.372900 0.014600 0.018900
0 0.646700 0.443700 0.014000 0.018200
0 0.471500 0.640900 0.011600 0.029300
0 0.658700 0.239000 0.014300 0.018900
0 0.245400 0.884300 0.011300 0.028900
0 0.457000 0.452700 0.013600 0.020300
0 0.023400 0.678900 0.012900 0.023000
0 0.429400 0.317800 0.012800 0.017800
0 0.551300 0.296800 0.015600 0.018400
0 0.208300 0.243900 0.011700 0.028900
0 0.392800 0.196900 0.011000 0.022900
0 0.830000 0.391400 0.010000 0.031500
0 0.859500 0.166900 0.012000 0.029600
0 0.568600 0.542300 0.012500 0.025300
0 0.542500 0.459800 0.011500 0.026200
0 0.448900 0.903700 0.013800 0.023600
0 0.071200 0.592200 0.012300 0.023400
0 0.435100 0.564500 0.014800 0.019400
0 0.265300 0.189200 0.015000 0.022500
0 0.118200 0.651600 0.014300 0.020200
0 0.443400 0.222100 0.012800 0.024900
0 0.470000 0.864100 0.014200 0.019200
0 0.697000 0.553000 0.014500 0.021700
0 0.478800 0.504800 0.013300 0.021000
0 0.128100 0.783900 0.010600 0.022700
0 0.743600 0.016200 0.015600 0.023900
0 0.006300 0.018100 0.010600 0.018300
0 0.260700 0.595800 0.012400 0.027900
0 0.854900 0.527000 0.012300 0.027100
0 0.451800 0.126900 0.014700 0.022200
0 0.970700 0.542600 0.012800 0.025100
0 0.284200 0.445600 0.011000 0.027900
0 0.635700 0.021500 0.013400 0.024500
0 0.016000 0.416600 0.015000 0.016800
0 0.906600 0.380500 0.012600 0.029400
0 0.722100 0.068000 0.016800 0.017300
0 0.417400 0.360800 0.013900 0.019100
0 0.171400 0.785600 0.013300 0.022100
0 0.884900 0.334200 0.015800 0.018100
0 0.626200 0.080600 0.015800 0.018900
0 0.479900 0.015000 0.015900 0.020200
0 0.169300 0.761100 0.014100 0.020100
0 0.088800 0.440900 0.013100 0.020500
0 0.235900 0.339800 0.011500 0.027300
0 0.128900 0.519500 0.013000 0.018400
0 0.171800 0.610700 0.013000 0.019600
0 0.501300 0.464900 0.012600 0.024900
0 0.161000 0.580000 0.013300 0.020000
0 0.786400 0.814400 0.017500 0.018700
0 0.239900 0.709000 0.010800 0.025600
0 0.761800 0.730200 0.011000 0.028600
0 0.777600 0.713700 0.014900 0.019000
0 0.793200 0.693800 0.013400 0.019000
0 0.968500 0.623900 0.015800 0.018300
0 0.908700 0.823000 0.018100 0.020100
0 0.082800 0.466200 0.013000 0.017600
0 0.217500 0.151100 0.014900 0.019200
0 0.757700 0.114500 0.012500 0.025100
0 0.776300 0.457300 0.015300 0.020400
0 0.103200 0.047900 0.013400 0.020800
0 0.113800 0.727000 0.013900 0.021300
0 0.245500 0.147400 0.013100 0.022200
0 0.401300 0.210600 0.014500 0.021300
0 0.108900 0.685700 0.013000 0.021400
0 0.141500 0.126600 0.013500 0.021200
0 0.474000 0.476500 0.011900 0.023200
0 0.984800 0.565300 0.012500 0.026600
0 0.861600 0.190400 0.014100 0.023900
0 0.873800 0.804600 0.018300 0.017500
0 0.624100 0.746400 0.013600 0.024800
0 0.693800 0.276800 0.012700 0.022000
0 0.293300 0.121800 0.010300 0.033700
0 0.451800 0.166000 0.012300 0.024600
0 0.351900 0.864800 0.013200 0.027100
0 0.223200 0.395300 0.014500 0.022500
0 0.761700 0.652300 0.014000 0.021100
0 0.622900 0.029200 0.014000 0.020200
0 0.419000 0.302400 0.012800 0.021000
0 0.319800 0.923400 0.012700 0.025700
0 0.946800 0.085700 0.012200 0.023500
0 0.563600 0.284900 0.012900 0.020900
0 0.111400 0.092400 0.016100 0.019600
0 0.011300 0.034800 0.014600 0.017900
0 0.813600 0.590700 0.015000 0.019400
0 0.515000 0.367100 0.014500 0.017900
0 0.036500 0.017900 0.012700 0.023500
0 0.163800 0.335000 0.015400 0.018600
0 0.729300 0.424000 0.014100 0.020500
0 0.473800 0.523300 0.014300 0.022900
0 0.639900 0.968800 0.016500 0.021200
0 0.431300 0.376700 0.012300 0.027100
0 0.897000 0.226300 0.013400 0.021700
0 0.453400 0.147300 0.013100 0.021500
0 0.941400 0.797700 0.014000 0.025300
0 0.290000 0.978700 0.011000 0.029600
0 0.257800 0.015700 0.009600 0.030400
0 0.688500 0.093000 0.014400 0.021500
0 0.785700 0.514100 0.014200 0.023400
0 0.625600 0.180700 0.012400 0.029200
0 0.227500 0.015700 0.011200 0.029200
0 0.542200 0.631400 0.011600 0.022300
0 0.137500 0.059028 0.014062 0.023611
0 0.091016 0.129167 0.008594 0.030556
0 0.209766 0.972222 0.014844 0.019444
0 0.163672 0.987500 0.013281 0.025000
0 0.085156 0.948611 0.014062 0.030556
0 0.438672 0.646528 0.010156 0.034722
0 0.591406 0.775694 0.010937 0.026389
0 0.574219 0.688889 0.009375 0.027778
0 0.762109 0.284722 0.011719 0.030556
0 0.826172 0.177778 0.011719 0.036111
0 0.725000 0.120139 0.014062 0.029167
0 0.976953 0.523611 0.013281 0.016667
0 0.869922 0.639583 0.024219 0.020833
0 0.854688 0.636111 0.012500 0.022222
0 0.909766 0.877778 0.019531 0.025000
0 0.588281 0.103472 0.015625 0.029167
0 0.094531 0.243750 0.015625 0.023611
0 0.010937 0.881944 0.012500 0.025000
0 0.252734 0.834722 0.011719 0.033333
0 0.344141 0.986806 0.016406 0.018056
0 0.256641 0.699306 0.011719 0.026389
0 0.452344 0.800694 0.015625 0.031944
0 0.408594 0.779167 0.017188 0.022222
0 0.514453 0.807639 0.014844 0.023611
0 0.935938 0.986111 0.015625 0.022222
0 0.983594 0.625694 0.014062 0.029167
0 0.973828 0.642361 0.014844 0.020833
0 0.962891 0.645833 0.014844 0.022222
0 0.916406 0.725694 0.017188 0.026389
0 0.778906 0.145833 0.015625 0.025000
0 0.885938 0.052083 0.015625 0.023611
0 0.765625 0.565278 0.017188 0.022222
0 0.765625 0.554167 0.015625 0.025000
0 0.518750 0.010417 0.012500 0.018056
0 0.137109 0.420833 0.013281 0.033333
