0 0.317400 0.416100 0.013700 0.022300
0 0.115800 0.704800 0.016200 0.020700
0 0.782000 0.818800 0.015000 0.019700
0 0.167100 0.329000 0.015800 0.020400
0 0.304000 0.643500 0.018600 0.019500
0 0.542600 0.458900 0.013800 0.022600
0 0.434100 0.295700 0.014800 0.021300
0 0.794300 0.505000 0.016400 0.022500
0 0.692900 0.759400 0.017400 0.024000
0 0.529300 0.869600 0.016000 0.018100
0 0.403700 0.307100 0.015600 0.018900
0 0.627700 0.255600 0.013200 0.023400
0 0.434400 0.879800 0.015000 0.022200
0 0.905100 0.129600 0.015400 0.019900
0 0.816900 0.205800 0.013700 0.021600
0 0.760700 0.196000 0.015900 0.020500
0 0.491100 0.554000 0.016400 0.018000
0 0.928700 0.721000 0.017600 0.019000
0 0.716800 0.172500 0.015500 0.020300
0 0.445900 0.516600 0.013800 0.018900
0 0.891100 0.691700 0.016900 0.018900
0 0.147100 0.153300 0.015000 0.019500
0 0.660000 0.371800 0.016200 0.020600
0 0.455200 0.694900 0.014000 0.020500
0 0.066500 0.080300 0.014300 0.020200
0 0.541200 0.633200 0.013800 0.023200
0 0.709100 0.905200 0.014300 0.025000
0 0.164700 0.541600 0.013300 0.021000
0 0.472200 0.491100 0.012800 0.021700
0 0.656400 0.144000 0.013100 0.022700
0 0.928200 0.058300 0.013300 0.020200
0 0.757200 0.360300 0.015600 0.020800
0 0.444200 0.957200 0.016000 0.021400
0 0.768700 0.802900 0.016400 0.019700
0 0.945300 0.602800 0.018100 0.020600
0 0.319000 0.528600 0.014300 0.022400
0 0.817100 0.765700 0.015700 0.018400
0 0.102800 0.717200 0.015700 0.021600
0 0.638800 0.481100 0.013600 0.023400
0 0.629800 0.454600 0.016600 0.022800
0 0.380000 0.427400 0.016500 0.019600
0 0.529800 0.369200 0.015700 0.017200
0 0.269300 0.655900 0.016300 0.017900
0 0.282900 0.706400 0.018000 0.018100
0 0.532300 0.758900 0.014700 0.020100
0 0.110400 0.092400 0.015300 0.020400
0 0.708800 0.082200 0.014100 0.020000
0 0.360800 0.396600 0.014000 0.021900
0 0.264400 0.167800 0.013200 0.023100
0 0.479600 0.416600 0.014600 0.022300
0 0.877500 0.808600 0.015900 0.020500
0 0.729500 0.868400 0.013400 0.024700
0 0.583400 0.716200 0.013900 0.022500
0 0.741100 0.741700 0.016200 0.020100
0 0.885600 0.210200 0.014300 0.020700
0 0.418200 0.379400 0.013400 0.018400
0 0.895400 0.629400 0.017000 0.020700
0 0.593500 0.766400 0.014900 0.023000
0 0.008200 0.033300 0.014400 0.020700
0 0.764200 0.556900 0.015600 0.020600
0 0.368200 0.265500 0.014300 0.023400
0 0.766400 0.090900 0.014200 0.023400
0 0.783100 0.403900 0.015600 0.022600
0 0.631700 0.508600 0.013200 0.022100
0 0.393800 0.410800 0.015300 0.019300
0 0.496700 0.878200 0.014100 0.020600
0 0.079500 0.269200 0.015600 0.020100
0 0.568800 0.541900 0.011300 0.024600
0 0.680400 0.722200 0.016700 0.026200
0 0.760000 0.309400 0.011800 0.029400
0 0.867200 0.830000 0.014700 0.021400
0 0.218400 0.148500 0.015000 0.018600
0 0.467100 0.127100 0.013700 0.018500
0 0.689400 0.807600 0.019000 0.021800
0 0.644800 0.443700 0.016500 0.020300
0 0.668700 0.756900 0.016600 0.030700
0 0.440100 0.147100 0.014100 0.020800
0 0.039500 0.670900 0.016800 0.018500
0 0.219100 0.672400 0.015500 0.020100
0 0.507900 0.471500 0.011300 0.026800
0 0.285600 0.753100 0.017000 0.018100
0 0.179800 0.286000 0.013900 0.020300
0 0.933500 0.342900 0.012300 0.030500
0 0.476600 0.382100 0.016100 0.020100
0 0.859500 0.167200 0.013600 0.026300
0 0.891600 0.026600 0.013900 0.019400
0 0.208700 0.243300 0.010400 0.028600
0 0.515500 0.401900 0.016200 0.020900
0 0.331100 0.631200 0.011200 0.029500
0 0.453300 0.146800 0.013600 0.018200
0 0.970500 0.541300 0.014600 0.026600
0 0.188800 0.177100 0.015300 0.018600
0 0.138800 0.490200 0.014100 0.019600
0 0.564200 0.468600 0.015300 0.021500
0 0.651400 0.429300 0.015900 0.019800
0 0.918700 0.064100 0.014200 0.018600
0 0.932200 0.956700 0.019800 0.018100
0 0.523100 0.903800 0.014400 0.022700
0 0.164400 0.766200 0.015800 0.021200
0 0.019300 0.158100 0.013700 0.022300
0 0.551600 0.293700 0.015100 0.017600
0 0.856800 0.240300 0.014200 0.023300
0 0.894900 0.114200 0.014600 0.021700
0 0.383000 0.745600 0.015800 0.021600
0 0.083300 0.385500 0.013900 0.020200
0 0.510600 0.678400 0.014800 0.022100
0 0.347800 0.858400 0.013600 0.026500
0 0.906200 0.497900 0.013600 0.022200
0 0.982900 0.332600 0.014700 0.020800
0 0.666100 0.781900 0.018000 0.028800
0 0.490300 0.943300 0.020100 0.019200
0 0.396600 0.702800 0.016700 0.021500
0 0.840400 0.609600 0.017700 0.022600
0 0.040400 0.019800 0.014900 0.024200
0 0.879200 0.322200 0.016700 0.019900
0 0.610200 0.481300 0.013200 0.021800
0 0.017500 0.408600 0.015300 0.021900
0 0.176900 0.565400 0.012800 0.022300
0 0.068600 0.867700 0.014300 0.027200
0 0.468500 0.860500 0.014600 0.022600
0 0.657600 0.819300 0.015400 0.029700
0 0.141200 0.056000 0.011800 0.030600
0 0.763900 0.778500 0.016800 0.019000
0 0.628600 0.177100 0.012800 0.026500
0 0.526300 0.809100 0.014100 0.020400
0 0.767500 0.272000 0.010700 0.032100
0 0.847400 0.797000 0.020000 0.019100
0 0.171100 0.485900 0.014700 0.019800
0 0.040000 0.617100 0.018300 0.017400
0 0.447300 0.314400 0.015500 0.021100
0 0.498900 0.566700 0.015600 0.020600
0 0.896400 0.223000 0.015100 0.020200
0 0.964300 0.832000 0.017700 0.025800
0 0.883500 0.330600 0.016600 0.022700
0 0.689100 0.434200 0.016600 0.022000
0 0.253900 0.833700 0.010900 0.033300
0 0.296400 0.119500 0.010300 0.035100
0 0.485700 0.079400 0.014800 0.019000
0 0.171800 0.610500 0.014800 0.019400
0 0.182300 0.964700 0.016000 0.023800
0 0.127600 0.639500 0.016200 0.019100
0 0.773600 0.842100 0.014800 0.022900
0 0.236000 0.339800 0.011300 0.030100
0 0.620200 0.161200 0.015700 0.018600
0 0.951600 0.553700 0.017600 0.020100
0 0.785600 0.164700 0.014600 0.020600
0 0.514200 0.371100 0.017000 0.019200
0 0.424000 0.061100 0.014700 0.020700
0 0.977700 0.293800 0.015000 0.022200
0 0.491400 0.064800 0.017300 0.020800
0 0.885700 0.530400 0.018300 0.022400
0 0.298600 0.285400 0.013900 0.023100
0 0.151200 0.589500 0.014400 0.020600
0 0.348500 0.472000 0.011500 0.027800
0 0.483700 0.727100 0.010200 0.030200
0 0.059900 0.855800 0.013200 0.028000
0 0.065900 0.883600 0.012000 0.029900
0 0.160700 0.560400 0.014600 0.020900
0 0.703200 0.934900 0.015300 0.025300
0 0.163900 0.578600 0.014200 0.020000
0 0.499100 0.706000 0.013700 0.022000
0 0.442200 0.640500 0.012600 0.031500
0 0.281700 0.223600 0.013700 0.023100
0 0.133600 0.721900 0.015800 0.021000
0 0.022900 0.414500 0.017700 0.020800
0 0.904300 0.629400 0.016200 0.020400
0 0.233400 0.722600 0.013800 0.022800
0 0.435600 0.376700 0.016700 0.018900
0 0.064400 0.269400 0.015400 0.020400
0 0.154000 0.583700 0.014800 0.021100
0 0.264844 0.015972 0.012500 0.020833
0 0.021094 0.684028 0.010937 0.026389
0 0.125000 0.839583 0.017188 0.026389
0 0.083203 0.770833 0.010156 0.033333
0 0.290625 0.977083 0.012500 0.026389
0 0.285937 0.440972 0.010937 0.037500
0 0.825781 0.173611 0.010937 0.027778
0 0.862109 0.188889 0.010156 0.016667
0 0.876172 0.425000 0.011719 0.019444
0 0.826172 0.925000 0.013281 0.030556
0 0.985547 0.918750 0.016406 0.020833
0 0.759375 0.651389 0.012500 0.022222
0 0.661719 0.011111 0.012500 0.016667
0 0.473437 0.526389 0.010937 0.022222
0 0.690625 0.498611 0.009375 0.030556
0 0.599219 0.936806 0.009375 0.034722
0 0.553516 0.626389 0.011719 0.022222
0 0.767578 0.727083 0.010156 0.029167
0 0.773828 0.715278 0.014844 0.022222
0 0.595312 0.095833 0.017188 0.027778
0 0.563281 0.287500 0.010937 0.022222
0 0.095703 0.465278 0.014844 0.016667
0 0.095703 0.454167 0.014844 0.022222
0 0.106641 0.446528 0.011719 0.029167
0 0.101562 0.465278 0.010937 0.027778
0 0.910156 0.922222 0.015625 0.022222
0 0.975391 0.886806 0.013281 0.026389
0 0.912109 0.413194 0.017969 0.029167
0 0.878516 0.018056 0.014844 0.022222
0 0.782031 0.147222 0.010937 0.030556
0 0.627344 0.050000 0.015625 0.027778
0 0.445703 0.224306 0.014844 0.029167
0 0.429688 0.192361 0.012500 0.023611
0 0.091797 0.129861 0.010156 0.029167
0 0.008984 0.584722 0.013281 0.019444
0 0.015234 0.904861 0.011719 0.031944
0 0.052344 0.938194 0.012500 0.023611
0 0.174609 0.888889 0.016406 0.030556
0 0.259375 0.929167 0.014062 0.027778
0 0.248828 0.879861 0.013281 0.029167
0 0.211719 0.812500 0.012500 0.030556
0 0.006641 0.014583 0.011719 0.018056
0 0.063281 0.665972 0.012500 0.026389
0 0.087109 0.591667 0.013281 0.027778
0 0.257031 0.975000 0.015625 0.022222
0 0.984375 0.625000 0.009375 0.019444
0 0.990625 0.611111 0.010937 0.022222
0 0.966016 0.640278 0.008594 0.022222
0 0.973437 0.638889 0.009375 0.022222
0 0.947656 0.477778 0.010937 0.033333
0 0.946484 0.090278 0.011719 0.027778
0 0.878906 0.072222 0.014062 0.030556
0 0.885156 0.052778 0.014062 0.022222
0 0.259375 0.596528 0.010937 0.037500
0 0.260156 0.609722 0.021875 0.022222
0 0.969141 0.623611 0.011719 0.027778
