0 0.958000 0.081000 0.016000 0.021000
0 0.911000 0.085000 0.016000 0.021000
0 0.895000 0.092000 0.016000 0.021000
0 0.898000 0.067000 0.016000 0.021000
0 0.888000 0.067000 0.016000 0.021000
0 0.839000 0.046000 0.016000 0.021000
0 0.828000 0.046000 0.016000 0.021000
0 0.831000 0.081000 0.016000 0.021000
0 0.820000 0.110000 0.016000 0.021000
0 0.808000 0.106000 0.016000 0.021000
0 0.850000 0.183000 0.016000 0.021000
0 0.934000 0.223000 0.016000 0.021000
0 0.941000 0.204000 0.016000 0.021000
0 0.919000 0.244000 0.016000 0.021000
0 0.925000 0.267000 0.016000 0.021000
0 0.920000 0.229000 0.016000 0.021000
0 0.927000 0.331000 0.016000 0.021000
0 0.911000 0.327000 0.016000 0.021000
0 0.895000 0.317000 0.016000 0.021000
0 0.916000 0.367000 0.016000 0.021000
0 0.873000 0.365000 0.016000 0.021000
0 0.878000 0.342000 0.016000 0.021000
0 0.866000 0.350000 0.016000 0.021000
0 0.869000 0.327000 0.016000 0.021000
0 0.825000 0.279000 0.016000 0.021000
0 0.814000 0.302000 0.016000 0.021000
0 0.834000 0.352000 0.016000 0.021000
0 0.814000 0.371000 0.016000 0.021000
0 0.802000 0.342000 0.016000 0.021000
0 0.756000 0.321000 0.016000 0.021000
0 0.720000 0.304000 0.016000 0.021000
0 0.806000 0.244000 0.016000 0.021000
0 0.795000 0.235000 0.016000 0.021000
0 0.775000 0.206000 0.016000 0.021000
0 0.766000 0.219000 0.016000 0.021000
0 0.775000 0.171000 0.016000 0.021000
0 0.783000 0.110000 0.016000 0.021000
0 0.775000 0.092000 0.016000 0.021000
0 0.763000 0.092000 0.016000 0.021000
0 0.738000 0.092000 0.016000 0.021000
0 0.717000 0.060000 0.016000 0.021000
0 0.702000 0.060000 0.016000 0.021000
0 0.703000 0.079000 0.016000 0.021000
0 0.703000 0.100000 0.016000 0.021000
0 0.856000 0.421000 0.016000 0.021000
0 0.886000 0.423000 0.016000 0.021000
0 0.917000 0.412000 0.016000 0.021000
0 0.848000 0.454000 0.016000 0.021000
0 0.909000 0.467000 0.016000 0.021000
0 0.908000 0.485000 0.016000 0.021000
0 0.830000 0.510000 0.016000 0.021000
0 0.778000 0.462000 0.016000 0.021000
0 0.767000 0.438000 0.016000 0.021000
0 0.738000 0.452000 0.016000 0.021000
0 0.742000 0.438000 0.016000 0.021000
0 0.753000 0.402000 0.016000 0.021000
0 0.752000 0.373000 0.016000 0.021000
0 0.659000 0.344000 0.016000 0.021000
0 0.645000 0.329000 0.016000 0.021000
0 0.622000 0.396000 0.016000 0.021000
0 0.627000 0.433000 0.016000 0.021000
0 0.617000 0.450000 0.016000 0.021000
0 0.670000 0.469000 0.016000 0.021000
0 0.677000 0.492000 0.016000 0.021000
0 0.653000 0.506000 0.016000 0.021000
0 0.648000 0.523000 0.016000 0.021000
0 0.727000 0.500000 0.016000 0.021000
0 0.703000 0.523000 0.016000 0.021000
0 0.689000 0.521000 0.016000 0.021000
0 0.733000 0.515000 0.016000 0.021000
0 0.752000 0.540000 0.016000 0.021000
0 0.758000 0.525000 0.016000 0.021000
0 0.773000 0.540000 0.016000 0.021000
0 0.833000 0.567000 0.016000 0.021000
0 0.855000 0.567000 0.016000 0.021000
0 0.864000 0.567000 0.016000 0.021000
0 0.870000 0.585000 0.016000 0.021000
0 0.897000 0.569000 0.016000 0.021000
0 0.900000 0.588000 0.016000 0.021000
0 0.863000 0.635000 0.016000 0.021000
0 0.852000 0.656000 0.016000 0.021000
0 0.831000 0.633000 0.016000 0.021000
0 0.816000 0.585000 0.016000 0.021000
0 0.786000 0.621000 0.016000 0.021000
0 0.795000 0.629000 0.016000 0.021000
0 0.814000 0.650000 0.016000 0.021000
0 0.814000 0.690000 0.016000 0.021000
0 0.842000 0.692000 0.016000 0.021000
0 0.713000 0.150000 0.016000 0.021000
0 0.655000 0.235000 0.016000 0.021000
0 0.639000 0.227000 0.016000 0.021000
0 0.645000 0.183000 0.016000 0.021000
0 0.642000 0.163000 0.016000 0.021000
0 0.636000 0.108000 0.016000 0.021000
0 0.650000 0.113000 0.016000 0.021000
0 0.652000 0.123000 0.016000 0.021000
0 0.663000 0.140000 0.016000 0.021000
0 0.675000 0.127000 0.016000 0.021000
0 0.684000 0.127000 0.016000 0.021000
0 0.659000 0.073000 0.016000 0.021000
0 0.656000 0.052000 0.016000 0.021000
0 0.673000 0.060000 0.016000 0.021000
0 0.698000 0.567000 0.016000 0.021000
0 0.681000 0.588000 0.016000 0.021000
0 0.694000 0.594000 0.016000 0.021000
0 0.641000 0.619000 0.016000 0.021000
0 0.655000 0.667000 0.016000 0.021000
0 0.638000 0.671000 0.016000 0.021000
0 0.656000 0.700000 0.016000 0.021000
0 0.664000 0.692000 0.016000 0.021000
0 0.638000 0.735000 0.016000 0.021000
0 0.655000 0.750000 0.016000 0.021000
0 0.672000 0.773000 0.016000 0.021000
0 0.733000 0.731000 0.016000 0.021000
0 0.728000 0.698000 0.016000 0.021000
0 0.697000 0.698000 0.016000 0.021000
0 0.736000 0.667000 0.016000 0.021000
0 0.752000 0.671000 0.016000 0.021000
0 0.759000 0.667000 0.016000 0.021000
0 0.780000 0.704000 0.016000 0.021000
0 0.780000 0.733000 0.016000 0.021000
0 0.877000 0.777000 0.016000 0.021000
0 0.858000 0.846000 0.016000 0.021000
0 0.838000 0.808000 0.016000 0.021000
0 0.828000 0.810000 0.016000 0.021000
0 0.811000 0.817000 0.016000 0.021000
0 0.795000 0.802000 0.016000 0.021000
0 0.775000 0.800000 0.016000 0.021000
0 0.755000 0.769000 0.016000 0.021000
0 0.750000 0.752000 0.016000 0.021000
0 0.738000 0.787000 0.016000 0.021000
0 0.720000 0.810000 0.016000 0.021000
0 0.867000 0.910000 0.016000 0.021000
0 0.892000 0.925000 0.016000 0.021000
0 0.908000 0.931000 0.016000 0.021000
0 0.930000 0.908000 0.016000 0.021000
0 0.925000 0.933000 0.016000 0.021000
0 0.853000 0.917000 0.016000 0.021000
0 0.841000 0.917000 0.016000 0.021000
0 0.838000 0.896000 0.016000 0.021000
0 0.808000 0.902000 0.016000 0.021000
0 0.794000 0.900000 0.016000 0.021000
0 0.733000 0.910000 0.016000 0.021000
0 0.739000 0.881000 0.016000 0.021000
0 0.727000 0.927000 0.016000 0.021000
0 0.691000 0.910000 0.016000 0.021000
0 0.570000 0.212000 0.016000 0.021000
0 0.550000 0.127000 0.016000 0.021000
0 0.564000 0.067000 0.016000 0.021000
0 0.441000 0.044000 0.016000 0.021000
0 0.433000 0.056000 0.016000 0.021000
0 0.417000 0.138000 0.016000 0.021000
0 0.438000 0.198000 0.016000 0.021000
0 0.434000 0.223000 0.016000 0.021000
0 0.448000 0.227000 0.016000 0.021000
0 0.458000 0.227000 0.016000 0.021000
0 0.505000 0.244000 0.016000 0.021000
0 0.506000 0.221000 0.016000 0.021000
0 0.475000 0.285000 0.016000 0.021000
0 0.486000 0.298000 0.016000 0.021000
0 0.498000 0.290000 0.016000 0.021000
0 0.516000 0.277000 0.016000 0.021000
0 0.544000 0.325000 0.016000 0.021000
0 0.555000 0.352000 0.016000 0.021000
0 0.569000 0.425000 0.016000 0.021000
0 0.578000 0.440000 0.016000 0.021000
0 0.513000 0.425000 0.016000 0.021000
0 0.494000 0.412000 0.016000 0.021000
0 0.486000 0.385000 0.016000 0.021000
0 0.481000 0.365000 0.016000 0.021000
0 0.456000 0.373000 0.016000 0.021000
0 0.448000 0.350000 0.016000 0.021000
0 0.438000 0.358000 0.016000 0.021000
0 0.425000 0.392000 0.016000 0.021000
0 0.430000 0.406000 0.016000 0.021000
0 0.427000 0.304000 0.016000 0.021000
0 0.392000 0.204000 0.016000 0.021000
0 0.386000 0.194000 0.016000 0.021000
0 0.377000 0.183000 0.016000 0.021000
0 0.397000 0.119000 0.016000 0.021000
0 0.358000 0.117000 0.016000 0.021000
0 0.338000 0.102000 0.016000 0.021000
0 0.353000 0.062000 0.016000 0.021000
0 0.384000 0.062000 0.016000 0.021000
0 0.384000 0.050000 0.016000 0.021000
0 0.361000 0.142000 0.016000 0.021000
0 0.323000 0.142000 0.016000 0.021000
0 0.306000 0.158000 0.016000 0.021000
0 0.289000 0.169000 0.016000 0.021000
0 0.323000 0.204000 0.016000 0.021000
0 0.308000 0.102000 0.016000 0.021000
0 0.289000 0.081000 0.016000 0.021000
0 0.288000 0.106000 0.016000 0.021000
0 0.273000 0.117000 0.016000 0.021000
0 0.267000 0.129000 0.016000 0.021000
0 0.261000 0.152000 0.016000 0.021000
0 0.245000 0.108000 0.016000 0.021000
0 0.236000 0.096000 0.016000 0.021000
0 0.222000 0.135000 0.016000 0.021000
0 0.164000 0.113000 0.016000 0.021000
0 0.166000 0.152000 0.016000 0.021000
0 0.166000 0.181000 0.016000 0.021000
0 0.205000 0.156000 0.016000 0.021000
0 0.183000 0.119000 0.016000 0.021000
0 0.075000 0.050000 0.016000 0.021000
0 0.050000 0.098000 0.016000 0.021000
0 0.056000 0.135000 0.016000 0.021000
0 0.064000 0.160000 0.016000 0.021000
0 0.267000 0.202000 0.016000 0.021000
0 0.194000 0.269000 0.016000 0.021000
0 0.169000 0.250000 0.016000 0.021000
0 0.103000 0.312000 0.016000 0.021000
0 0.041000 0.356000 0.016000 0.021000
0 0.100000 0.354000 0.016000 0.021000
0 0.113000 0.367000 0.016000 0.021000
0 0.116000 0.392000 0.016000 0.021000
0 0.128000 0.381000 0.016000 0.021000
0 0.167000 0.369000 0.016000 0.021000
0 0.233000 0.392000 0.016000 0.021000
0 0.205000 0.408000 0.016000 0.021000
0 0.228000 0.417000 0.016000 0.021000
0 0.202000 0.431000 0.016000 0.021000
0 0.205000 0.446000 0.016000 0.021000
0 0.189000 0.446000 0.016000 0.021000
0 0.264000 0.385000 0.016000 0.021000
0 0.280000 0.371000 0.016000 0.021000
0 0.270000 0.421000 0.016000 0.021000
0 0.270000 0.442000 0.016000 0.021000
0 0.275000 0.475000 0.016000 0.021000
0 0.414000 0.485000 0.016000 0.021000
0 0.469000 0.544000 0.016000 0.021000
0 0.498000 0.506000 0.016000 0.021000
0 0.505000 0.527000 0.016000 0.021000
0 0.519000 0.537000 0.016000 0.021000
0 0.508000 0.562000 0.016000 0.021000
0 0.559000 0.523000 0.016000 0.021000
0 0.536000 0.517000 0.016000 0.021000
0 0.570000 0.494000 0.016000 0.021000
0 0.580000 0.479000 0.016000 0.021000
0 0.581000 0.460000 0.016000 0.021000
0 0.530000 0.460000 0.016000 0.021000
0 0.598000 0.650000 0.016000 0.021000
0 0.595000 0.635000 0.016000 0.021000
0 0.555000 0.617000 0.016000 0.021000
0 0.541000 0.677000 0.016000 0.021000
0 0.533000 0.658000 0.016000 0.021000
0 0.491000 0.604000 0.016000 0.021000
0 0.484000 0.596000 0.016000 0.021000
0 0.458000 0.585000 0.016000 0.021000
0 0.433000 0.581000 0.016000 0.021000
0 0.425000 0.606000 0.016000 0.021000
0 0.436000 0.615000 0.016000 0.021000
0 0.406000 0.581000 0.016000 0.021000
0 0.372000 0.621000 0.016000 0.021000
0 0.383000 0.633000 0.016000 0.021000
0 0.386000 0.644000 0.016000 0.021000
0 0.383000 0.660000 0.016000 0.021000
0 0.397000 0.708000 0.016000 0.021000
0 0.405000 0.713000 0.016000 0.021000
0 0.455000 0.735000 0.016000 0.021000
0 0.492000 0.690000 0.016000 0.021000
0 0.513000 0.717000 0.016000 0.021000
0 0.470000 0.744000 0.016000 0.021000
0 0.528000 0.762000 0.016000 0.021000
0 0.623000 0.773000 0.016000 0.021000
0 0.616000 0.781000 0.016000 0.021000
0 0.627000 0.792000 0.016000 0.021000
0 0.606000 0.800000 0.016000 0.021000
0 0.572000 0.823000 0.016000 0.021000
0 0.542000 0.812000 0.016000 0.021000
0 0.586000 0.833000 0.016000 0.021000
0 0.630000 0.867000 0.016000 0.021000
0 0.308000 0.546000 0.016000 0.021000
0 0.242000 0.583000 0.016000 0.021000
0 0.198000 0.556000 0.016000 0.021000
0 0.194000 0.544000 0.016000 0.021000
0 0.236000 0.492000 0.016000 0.021000
0 0.222000 0.502000 0.016000 0.021000
0 0.234000 0.521000 0.016000 0.021000
0 0.284000 0.342000 0.016000 0.021000
0 0.648000 0.365000 0.016000 0.021000
0 0.184000 0.490000 0.016000 0.021000
0 0.113000 0.500000 0.016000 0.021000
0 0.098000 0.506000 0.016000 0.021000
0 0.066000 0.473000 0.016000 0.021000
0 0.064000 0.492000 0.016000 0.021000
0 0.052000 0.492000 0.016000 0.021000
0 0.047000 0.485000 0.016000 0.021000
0 0.038000 0.429000 0.016000 0.021000
0 0.042000 0.412000 0.016000 0.021000
0 0.172000 0.558000 0.016000 0.021000
0 0.156000 0.567000 0.016000 0.021000
0 0.155000 0.552000 0.016000 0.021000
0 0.041000 0.625000 0.016000 0.021000
0 0.020000 0.658000 0.016000 0.021000
0 0.022000 0.692000 0.016000 0.021000
0 0.064000 0.727000 0.016000 0.021000
0 0.103000 0.750000 0.016000 0.021000
0 0.122000 0.710000 0.016000 0.021000
0 0.119000 0.681000 0.016000 0.021000
0 0.120000 0.665000 0.016000 0.021000
0 0.116000 0.646000 0.016000 0.021000
0 0.178000 0.692000 0.016000 0.021000
0 0.256000 0.679000 0.016000 0.021000
0 0.305000 0.700000 0.016000 0.021000
0 0.311000 0.717000 0.016000 0.021000
0 0.353000 0.781000 0.016000 0.021000
0 0.398000 0.777000 0.016000 0.021000
0 0.395000 0.833000 0.016000 0.021000
0 0.502000 0.827000 0.016000 0.021000
0 0.542000 0.854000 0.016000 0.021000
0 0.467000 0.919000 0.016000 0.021000
0 0.417000 0.904000 0.016000 0.021000
0 0.297000 0.867000 0.016000 0.021000
0 0.200000 0.796000 0.016000 0.021000
0 0.175000 0.798000 0.016000 0.021000
0 0.153000 0.798000 0.016000 0.021000
0 0.130000 0.823000 0.016000 0.021000
0 0.123000 0.844000 0.016000 0.021000
0 0.150000 0.844000 0.016000 0.021000
0 0.141000 0.867000 0.016000 0.021000
0 0.119000 0.871000 0.016000 0.021000
0 0.069000 0.879000 0.016000 0.021000
0 0.094000 0.904000 0.016000 0.021000
0 0.089000 0.915000 0.016000 0.021000
0 0.620000 0.900000 0.016000 0.021000
0 0.619000 0.942000 0.016000 0.021000
0 0.586000 0.948000 0.016000 0.021000
0 0.509000 0.963000 0.016000 0.021000
0 0.952000 0.546000 0.016000 0.021000
0 0.178000 0.942000 0.016000 0.021000
0 0.963000 0.148000 0.016000 0.021000
0 0.978000 0.037000 0.016000 0.021000
0 0.969000 0.031000 0.016000 0.021000
0 0.980000 0.171000 0.016000 0.021000
0 0.972000 0.196000 0.016000 0.021000
0 0.969000 0.208000 0.016000 0.021000
0 0.941000 0.254000 0.016000 0.021000
0 0.986000 0.321000 0.016000 0.021000
0 0.975000 0.367000 0.016000 0.021000
0 0.916000 0.287000 0.016000 0.021000
0 0.983000 0.508000 0.016000 0.021000
0 0.983000 0.525000 0.016000 0.021000
0 0.966000 0.548000 0.016000 0.021000
0 0.986000 0.592000 0.016000 0.021000
0 0.984000 0.621000 0.016000 0.021000
0 0.986000 0.648000 0.016000 0.021000
0 0.977000 0.694000 0.016000 0.021000
0 0.977000 0.862000 0.016000 0.021000
0 0.970000 0.877000 0.016000 0.021000
0 0.981000 0.906000 0.016000 0.021000
0 0.953000 0.946000 0.016000 0.021000
0 0.931000 0.950000 0.016000 0.021000
0 0.817000 0.965000 0.016000 0.021000
0 0.733000 0.977000 0.016000 0.021000
0 0.686000 0.885000 0.016000 0.021000
0 0.684000 0.869000 0.016000 0.021000
0 0.639000 0.938000 0.016000 0.021000
0 0.633000 0.942000 0.016000 0.021000
0 0.633000 0.896000 0.016000 0.021000
0 0.663000 0.977000 0.016000 0.021000
0 0.653000 0.975000 0.016000 0.021000
0 0.592000 0.973000 0.016000 0.021000
0 0.577000 0.965000 0.016000 0.021000
0 0.239000 0.973000 0.016000 0.021000
0 0.225000 0.958000 0.016000 0.021000
0 0.234000 0.852000 0.016000 0.021000
0 0.091000 0.944000 0.016000 0.021000
0 0.080000 0.969000 0.016000 0.021000
0 0.016000 0.927000 0.016000 0.021000
0 0.025000 0.908000 0.016000 0.021000
0 0.016000 0.873000 0.016000 0.021000
0 0.014000 0.785000 0.016000 0.021000
0 0.269000 0.654000 0.016000 0.021000
0 0.161000 0.598000 0.016000 0.021000
0 0.138000 0.481000 0.016000 0.021000
0 0.023000 0.156000 0.016000 0.021000
0 0.044000 0.142000 0.016000 0.021000
0 0.025000 0.065000 0.016000 0.021000
0 0.027000 0.046000 0.016000 0.021000
0 0.102000 0.029000 0.016000 0.021000
0 0.169000 0.025000 0.016000 0.021000
0 0.144000 0.102000 0.016000 0.021000
0 0.128000 0.108000 0.016000 0.021000
0 0.233000 0.127000 0.016000 0.021000
0 0.406000 0.069000 0.016000 0.021000
0 0.323000 0.279000 0.016000 0.021000
0 0.498000 0.140000 0.016000 0.021000
0 0.502000 0.029000 0.016000 0.021000
0 0.714000 0.027000 0.016000 0.021000
0 0.794000 0.050000 0.016000 0.021000
0 0.797000 0.062000 0.016000 0.021000
0 0.806000 0.037000 0.016000 0.021000
0 0.584000 0.275000 0.016000 0.021000
0 0.336000 0.531000 0.016000 0.021000
0 0.333000 0.512000 0.016000 0.021000
0 0.802000 0.600000 0.016000 0.021000
0 0.663000 0.617000 0.016000 0.021000
0 0.525000 0.742000 0.016000 0.021000
0 0.709000 0.756000 0.016000 0.021000
0 0.839000 0.983000 0.016000 0.021000
0 0.738000 0.654000 0.016000 0.021000
0 0.519000 0.404000 0.016000 0.021000
0 0.064000 0.015000 0.016000 0.021000
0 0.986000 0.212000 0.016000 0.021000
0 0.328516 0.022222 0.011719 0.044444
0 0.991016 0.267360 0.014844 0.026389
0 0.990625 0.125000 0.009375 0.019444
0 0.989844 0.152778 0.012500 0.027778
0 0.992969 0.794444 0.012500 0.038889
0 0.004688 0.300000 0.009375 0.033333
0 0.365625 0.943750 0.015625 0.031944
0 0.310937 0.662500 0.012500 0.036111
0 0.428906 0.654860 0.017188 0.029167
0 0.537500 0.556944 0.010937 0.033333
0 0.571094 0.552083 0.012500 0.040278
0 0.278516 0.790972 0.016406 0.034722
0 0.388672 0.904860 0.014844 0.037500
0 0.030859 0.868056 0.014844 0.036111
0 0.064844 0.930556 0.010937 0.036111
0 0.446875 0.539583 0.012500 0.040278
0 0.719530 0.365972 0.015625 0.031944
0 0.578906 0.376389 0.012500 0.044444
0 0.405859 0.314583 0.013280 0.034722
0 0.253906 0.344444 0.012500 0.033333
0 0.435547 0.125694 0.013280 0.031944
0 0.146484 0.314583 0.016406 0.031944
0 0.156250 0.396528 0.012500 0.043056
0 0.708594 0.286110 0.015625 0.033333
0 0.083984 0.115972 0.013280 0.031944
0 0.726953 0.595833 0.016406 0.036111
0 0.267578 0.556944 0.016406 0.027778
0 0.907422 0.111110 0.010156 0.036111
0 0.390625 0.496528 0.015625 0.031944
0 0.426172 0.520139 0.014844 0.037500
0 0.801562 0.494444 0.014062 0.030556
0 0.789844 0.545833 0.009375 0.033333
0 0.975390 0.981250 0.016406 0.026389
0 0.940234 0.973610 0.014844 0.022222
0 0.960547 0.990972 0.011719 0.018056
0 0.469140 0.984722 0.016406 0.030556
0 0.993750 0.082639 0.010937 0.034722
0 0.258594 0.047222 0.012500 0.033333
0 0.711328 0.981944 0.017969 0.025000
0 0.990234 0.979167 0.011719 0.030556
0 0.992188 0.509028 0.010937 0.023611
0 0.042969 0.032639 0.015625 0.026389
0 0.007422 0.185417 0.014844 0.031944
0 0.062109 0.286111 0.011719 0.041667
0 0.114844 0.060417 0.009375 0.034722
0 0.091016 0.303472 0.016406 0.026389
0 0.062891 0.570833 0.014844 0.030556
0 0.083984 0.584722 0.016406 0.027778
0 0.089453 0.568750 0.014844 0.034722
0 0.057031 0.755556 0.018750 0.022222
0 0.098828 0.834028 0.013281 0.029167
0 0.179688 0.180556 0.012500 0.036111
0 0.160156 0.077083 0.020312 0.023611
0 0.231641 0.295139 0.013281 0.034722
0 0.234375 0.245139 0.009375 0.037500
0 0.271484 0.037500 0.011719 0.038889
0 0.296094 0.279861 0.017188 0.031944
0 0.302734 0.366667 0.014844 0.030556
0 0.312109 0.450694 0.019531 0.031944
0 0.317969 0.420139 0.020312 0.023611
0 0.362891 0.363889 0.011719 0.033333
0 0.371094 0.379167 0.014062 0.041667
0 0.369531 0.320833 0.017188 0.025000
0 0.426172 0.167361 0.011719 0.034722
0 0.272266 0.696528 0.013281 0.031944
0 0.260156 0.858333 0.017188 0.025000
0 0.308203 0.811806 0.014844 0.031944
0 0.328516 0.979167 0.019531 0.025000
0 0.370313 0.433333 0.010937 0.033333
0 0.435547 0.271528 0.011719 0.034722
0 0.384766 0.456944 0.017969 0.027778
0 0.497266 0.734722 0.014844 0.027778
0 0.453906 0.822917 0.014062 0.023611
0 0.498828 0.864583 0.014844 0.026389
0 0.522266 0.878472 0.011719 0.031944
0 0.543750 0.780556 0.017188 0.019444
0 0.568359 0.681944 0.014844 0.027778
0 0.608203 0.504861 0.019531 0.020833
0 0.531250 0.181944 0.014062 0.027778
0 0.544922 0.162500 0.021094 0.025000
0 0.572656 0.160417 0.015625 0.026389
0 0.467969 0.098611 0.017188 0.033333
0 0.486328 0.069444 0.017969 0.022222
0 0.577344 0.021528 0.012500 0.040278
0 0.557422 0.103472 0.014844 0.034722
0 0.578516 0.300000 0.011719 0.036111
0 0.812500 0.933333 0.014062 0.033333
0 0.841406 0.743056 0.012500 0.033333
0 0.853906 0.748611 0.017188 0.033333
0 0.899219 0.640972 0.015625 0.034722
0 0.943359 0.614583 0.019531 0.029167
0 0.971094 0.467361 0.018750 0.026389
0 0.852344 0.206944 0.010937 0.038889
0 0.817578 0.159722 0.011719 0.030556
0 0.840234 0.127083 0.019531 0.020833
0 0.670313 0.094444 0.009375 0.036111
0 0.676953 0.202778 0.013281 0.036111
0 0.896875 0.807639 0.012500 0.034722
0 0.956250 0.772222 0.015625 0.033333
0 0.962891 0.720139 0.016406 0.020833
0 0.965234 0.616667 0.010156 0.033333
0 0.839063 0.279861 0.009375 0.043056
0 0.744141 0.315278 0.013281 0.027778
0 0.056250 0.876389 0.012500 0.033333
0 0.079297 0.911806 0.013281 0.020833
