0 0.145400 0.593200 0.013500 0.017300
0 0.318600 0.422500 0.013900 0.021000
0 0.178000 0.290000 0.015600 0.019800
0 0.105600 0.583000 0.012300 0.020300
0 0.641700 0.427300 0.015100 0.018800
0 0.454500 0.528900 0.014800 0.021400
0 0.070300 0.768500 0.014400 0.019000
0 0.841800 0.792300 0.018400 0.017700
0 0.440100 0.292300 0.015400 0.018700
0 0.765400 0.081600 0.015600 0.018000
0 0.568800 0.956600 0.015000 0.020300
0 0.206900 0.680300 0.014500 0.017600
0 0.217000 0.152200 0.015600 0.018700
0 0.819500 0.585000 0.016100 0.020400
0 0.190000 0.178600 0.015700 0.017800
0 0.909700 0.954100 0.015500 0.018900
0 0.834900 0.746500 0.016600 0.018800
0 0.680100 0.092700 0.014200 0.018200
0 0.419500 0.343500 0.014100 0.018700
0 0.531200 0.368800 0.013700 0.017200
0 0.693200 0.330400 0.014200 0.019300
0 0.609800 0.480200 0.011600 0.022300
0 0.867000 0.834100 0.016200 0.018200
0 0.929900 0.505700 0.014200 0.019800
0 0.484300 0.480700 0.013100 0.020400
0 0.779400 0.145000 0.014400 0.020300
0 0.302800 0.644300 0.017200 0.021600
0 0.617100 0.081400 0.014800 0.018300
0 0.757400 0.359800 0.015700 0.019200
0 0.393000 0.406800 0.016500 0.017600
0 0.446600 0.315500 0.013600 0.019300
0 0.530700 0.955600 0.015000 0.019000
0 0.404400 0.307400 0.017500 0.017300
0 0.105300 0.716400 0.013500 0.021700
0 0.666500 0.241800 0.014600 0.018000
0 0.131800 0.472800 0.014100 0.016800
0 0.143300 0.144300 0.013800 0.019800
0 0.142100 0.158400 0.016000 0.017400
0 0.768800 0.460500 0.015600 0.020400
0 0.515000 0.807000 0.013700 0.021800
0 0.806700 0.445500 0.011600 0.027000
0 0.760700 0.196600 0.016000 0.018300
0 0.252000 0.605800 0.015300 0.020100
0 0.165100 0.796100 0.014700 0.019900
0 0.165200 0.579500 0.012900 0.020100
0 0.496500 0.879000 0.014100 0.018900
0 0.669200 0.756400 0.015300 0.026300
0 0.728700 0.055800 0.017100 0.018400
0 0.879000 0.321700 0.016000 0.017300
0 0.285200 0.753000 0.016500 0.019300
0 0.885700 0.210500 0.013700 0.018500
0 0.109500 0.647400 0.014900 0.018600
0 0.478300 0.408700 0.013900 0.020900
0 0.659000 0.821200 0.013200 0.028400
0 0.254900 0.196200 0.013900 0.020200
0 0.835900 0.609700 0.018400 0.018900
0 0.942800 0.782400 0.014700 0.025200
0 0.790600 0.459000 0.013400 0.021500
0 0.234500 0.393800 0.014200 0.020400
0 0.654100 0.390900 0.014600 0.020400
0 0.685200 0.808500 0.017400 0.022000
0 0.017100 0.405800 0.015500 0.016200
0 0.510900 0.678700 0.014600 0.020300
0 0.256600 0.928800 0.013900 0.021700
0 0.282300 0.454100 0.014200 0.019800
0 0.945300 0.053600 0.015900 0.017700
0 0.754400 0.104800 0.014300 0.018600
0 0.893100 0.116000 0.013800 0.021300
0 0.483000 0.081600 0.013300 0.020700
0 0.944100 0.602300 0.016400 0.021000
0 0.452600 0.570500 0.014400 0.021700
0 0.683000 0.432600 0.015000 0.023800
0 0.451800 0.820000 0.012900 0.022100
0 0.667400 0.781400 0.015600 0.026000
0 0.508400 0.402500 0.014600 0.018100
0 0.164100 0.490500 0.014200 0.020400
0 0.754100 0.290500 0.012300 0.023900
0 0.903900 0.131200 0.015300 0.020000
0 0.452000 0.916600 0.014200 0.027700
0 0.555600 0.358100 0.010900 0.021700
0 0.153000 0.577500 0.013900 0.017000
0 0.521900 0.714600 0.013900 0.021900
0 0.429900 0.564700 0.014700 0.020800
0 0.892300 0.709800 0.014000 0.020400
0 0.115900 0.697200 0.012600 0.020400
0 0.897400 0.633200 0.016100 0.024200
0 0.786100 0.669800 0.012200 0.025900
0 0.760500 0.777400 0.017500 0.019200
0 0.670200 0.726800 0.015000 0.025500
0 0.331500 0.103900 0.012900 0.026000
0 0.251300 0.179700 0.013500 0.020400
0 0.541200 0.929200 0.013300 0.022000
0 0.566500 0.427300 0.012800 0.024000
0 0.921600 0.817400 0.016700 0.019900
0 0.969000 0.622900 0.014600 0.020400
0 0.245800 0.884100 0.011900 0.027800
0 0.873800 0.379400 0.013300 0.026200
0 0.095800 0.878600 0.012700 0.024000
0 0.067000 0.863900 0.016100 0.018800
0 0.598200 0.779300 0.011500 0.028600
0 0.977800 0.294000 0.013000 0.018000
0 0.568500 0.542000 0.012300 0.025600
0 0.551300 0.296800 0.015200 0.018400
0 0.777200 0.714100 0.014600 0.020000
0 0.639000 0.481700 0.011200 0.027500
0 0.903000 0.366100 0.013100 0.027200
0 0.071400 0.591800 0.012400 0.023600
0 0.470200 0.864200 0.014300 0.019500
0 0.140800 0.769300 0.011800 0.028500
0 0.859200 0.166600 0.011900 0.029800
0 0.627500 0.182400 0.012400 0.030200
0 0.873600 0.804300 0.018100 0.017200
0 0.390100 0.221300 0.013300 0.020100
0 0.646400 0.443800 0.014400 0.018200
0 0.970100 0.541600 0.011500 0.028300
0 0.720000 0.108600 0.011000 0.025100
0 0.695300 0.260000 0.014500 0.020300
0 0.244000 0.723300 0.014300 0.020400
0 0.090500 0.440300 0.012800 0.019800
0 0.247900 0.534500 0.011700 0.027100
0 0.120100 0.848200 0.014400 0.020500
0 0.113700 0.092200 0.015300 0.019500
0 0.080500 0.452600 0.014100 0.016900
0 0.851700 0.964400 0.015100 0.020700
0 0.906400 0.858700 0.016500 0.020400
0 0.452100 0.166200 0.013300 0.023200
0 0.208400 0.244200 0.011300 0.030300
0 0.616500 0.097900 0.013900 0.019200
0 0.260600 0.595800 0.011600 0.028000
0 0.023800 0.678600 0.012700 0.024200
0 0.402300 0.377000 0.014500 0.019600
0 0.821300 0.383000 0.010200 0.033600
0 0.220100 0.022700 0.013800 0.026900
0 0.027300 0.867400 0.014900 0.021200
0 0.168900 0.761000 0.014800 0.020200
0 0.082600 0.385400 0.014200 0.019600
0 0.447500 0.140000 0.014000 0.021100
0 0.918800 0.504500 0.014400 0.021100
0 0.991100 0.553800 0.009900 0.027200
0 0.172000 0.610300 0.013300 0.020400
0 0.916400 0.726100 0.016700 0.018900
0 0.898800 0.943000 0.014500 0.021000
0 0.621900 0.760600 0.012700 0.023700
0 0.846600 0.633000 0.017700 0.018300
0 0.258800 0.684700 0.013400 0.025800
0 0.006400 0.017900 0.010700 0.018100
0 0.931500 0.251900 0.013900 0.022700
0 0.885100 0.334200 0.016500 0.017600
0 0.083000 0.465100 0.013600 0.017600
0 0.751600 0.016500 0.015100 0.022500
0 0.714600 0.560500 0.017100 0.021100
0 0.861100 0.515600 0.010800 0.033300
0 0.577300 0.726900 0.013700 0.022100
0 0.452200 0.552000 0.015100 0.021100
0 0.722300 0.414100 0.014000 0.022300
0 0.293500 0.120600 0.010300 0.033900
0 0.141400 0.435000 0.010400 0.024400
0 0.113300 0.896600 0.013400 0.026100
0 0.016900 0.416700 0.016400 0.016800
0 0.236100 0.339700 0.011200 0.028400
0 0.573700 0.703600 0.014600 0.019500
0 0.430300 0.372800 0.011700 0.027900
0 0.257500 0.136300 0.014200 0.017700
0 0.789900 0.510900 0.013400 0.022800
0 0.640700 0.978600 0.013000 0.023100
0 0.276900 0.435000 0.012800 0.025100
0 0.473900 0.380500 0.014800 0.019600
0 0.106600 0.736100 0.014400 0.020800
0 0.163800 0.334700 0.015400 0.019500
0 0.361000 0.947900 0.014800 0.021100
0 0.473800 0.522900 0.015000 0.022800
0 0.861600 0.190500 0.014400 0.023600
0 0.352900 0.864900 0.013200 0.027500
0 0.563600 0.284800 0.013100 0.020700
0 0.361400 0.123200 0.014500 0.022100
0 0.388700 0.180200 0.011200 0.032200
0 0.762000 0.731100 0.010300 0.029900
0 0.046500 0.801800 0.018800 0.018000
0 0.515100 0.366900 0.013700 0.018100
0 0.786400 0.814100 0.017700 0.018900
0 0.896700 0.226400 0.013400 0.022100
0 0.761600 0.652800 0.014800 0.021900
0 0.060900 0.821500 0.018100 0.017300
0 0.011300 0.034700 0.014900 0.017500
0 0.290700 0.979600 0.011000 0.030700
0 0.135000 0.526400 0.013900 0.017800
0 0.453300 0.146100 0.013300 0.019400
0 0.400700 0.771600 0.014700 0.021700
0 0.983800 0.526300 0.015300 0.021200
0 0.500800 0.464800 0.012600 0.024300
0 0.763800 0.289900 0.011200 0.030400
0 0.542900 0.461400 0.013300 0.022700
0 0.983900 0.621900 0.015400 0.021500
0 0.744900 0.711500 0.014800 0.019100
0 0.168359 0.988889 0.011719 0.022222
0 0.438281 0.645139 0.010937 0.023611
0 0.439453 0.226389 0.016406 0.027778
0 0.824609 0.172917 0.013281 0.040278
0 0.675781 0.850000 0.014062 0.025000
0 0.922656 0.487500 0.010937 0.016667
0 0.491797 0.253472 0.010156 0.031944
0 0.470313 0.016667 0.014062 0.019444
0 0.351172 0.981944 0.014844 0.025000
0 0.426172 0.315278 0.008594 0.019444
0 0.573438 0.550000 0.012500 0.016667
0 0.612500 0.021528 0.014062 0.020833
0 0.624219 0.020833 0.015625 0.027778
0 0.091797 0.130556 0.010156 0.030556
0 0.590625 0.105556 0.018750 0.025000
0 0.037891 0.018056 0.014844 0.025000
0 0.257812 0.012500 0.010937 0.025000
0 0.252734 0.838889 0.011719 0.041667
0 0.099219 0.967361 0.012500 0.034722
0 0.226953 0.965278 0.016406 0.027778
0 0.324219 0.912500 0.015625 0.030556
0 0.140234 0.059028 0.013281 0.037500
0 0.087109 0.047917 0.013281 0.023611
0 0.085547 0.256250 0.014844 0.029167
0 0.462500 0.619444 0.010937 0.027778
0 0.707422 0.906944 0.017969 0.027778
0 0.922266 0.972222 0.014844 0.027778
0 0.963281 0.643056 0.012500 0.027778
0 0.970703 0.642361 0.011719 0.031944
0 0.946875 0.090278 0.010937 0.027778
0 0.886328 0.054167 0.014844 0.033333
0 0.470703 0.477778 0.011719 0.025000
0 0.469141 0.464583 0.013281 0.026389
0 0.458594 0.421528 0.014062 0.026389
0 0.762500 0.550694 0.015625 0.020833
0 0.773438 0.553472 0.015625 0.026389
0 0.578125 0.436806 0.015625 0.020833
