0 0.905000 0.129000 0.016000 0.021000
0 0.872000 0.106000 0.016000 0.021000
0 0.855000 0.042000 0.016000 0.021000
0 0.947000 0.138000 0.016000 0.021000
0 0.945000 0.154000 0.016000 0.021000
0 0.931000 0.152000 0.016000 0.021000
0 0.920000 0.144000 0.016000 0.021000
0 0.889000 0.177000 0.016000 0.021000
0 0.947000 0.265000 0.016000 0.021000
0 0.856000 0.202000 0.016000 0.021000
0 0.838000 0.169000 0.016000 0.021000
0 0.827000 0.163000 0.016000 0.021000
0 0.819000 0.142000 0.016000 0.021000
0 0.788000 0.158000 0.016000 0.021000
0 0.770000 0.175000 0.016000 0.021000
0 0.784000 0.123000 0.016000 0.021000
0 0.780000 0.110000 0.016000 0.021000
0 0.738000 0.092000 0.016000 0.021000
0 0.709000 0.121000 0.016000 0.021000
0 0.683000 0.163000 0.016000 0.021000
0 0.667000 0.144000 0.016000 0.021000
0 0.683000 0.079000 0.016000 0.021000
0 0.691000 0.058000 0.016000 0.021000
0 0.706000 0.035000 0.016000 0.021000
0 0.653000 0.104000 0.016000 0.021000
0 0.622000 0.098000 0.016000 0.021000
0 0.606000 0.094000 0.016000 0.021000
0 0.597000 0.065000 0.016000 0.021000
0 0.592000 0.135000 0.016000 0.021000
0 0.602000 0.148000 0.016000 0.021000
0 0.591000 0.175000 0.016000 0.021000
0 0.622000 0.165000 0.016000 0.021000
0 0.694000 0.188000 0.016000 0.021000
0 0.672000 0.215000 0.016000 0.021000
0 0.666000 0.250000 0.016000 0.021000
0 0.675000 0.246000 0.016000 0.021000
0 0.695000 0.263000 0.016000 0.021000
0 0.719000 0.202000 0.016000 0.021000
0 0.756000 0.285000 0.016000 0.021000
0 0.742000 0.308000 0.016000 0.021000
0 0.777000 0.300000 0.016000 0.021000
0 0.797000 0.292000 0.016000 0.021000
0 0.822000 0.279000 0.016000 0.021000
0 0.844000 0.317000 0.016000 0.021000
0 0.805000 0.323000 0.016000 0.021000
0 0.769000 0.327000 0.016000 0.021000
0 0.770000 0.348000 0.016000 0.021000
0 0.770000 0.381000 0.016000 0.021000
0 0.778000 0.385000 0.016000 0.021000
0 0.795000 0.369000 0.016000 0.021000
0 0.947000 0.312000 0.016000 0.021000
0 0.959000 0.188000 0.016000 0.021000
0 0.950000 0.344000 0.016000 0.021000
0 0.928000 0.365000 0.016000 0.021000
0 0.873000 0.398000 0.016000 0.021000
0 0.891000 0.415000 0.016000 0.021000
0 0.833000 0.450000 0.016000 0.021000
0 0.811000 0.446000 0.016000 0.021000
0 0.781000 0.431000 0.016000 0.021000
0 0.692000 0.438000 0.016000 0.021000
0 0.680000 0.425000 0.016000 0.021000
0 0.672000 0.415000 0.016000 0.021000
0 0.675000 0.365000 0.016000 0.021000
0 0.609000 0.360000 0.016000 0.021000
0 0.583000 0.248000 0.016000 0.021000
0 0.572000 0.217000 0.016000 0.021000
0 0.553000 0.221000 0.016000 0.021000
0 0.556000 0.198000 0.016000 0.021000
0 0.539000 0.219000 0.016000 0.021000
0 0.550000 0.146000 0.016000 0.021000
0 0.544000 0.106000 0.016000 0.021000
0 0.503000 0.121000 0.016000 0.021000
0 0.513000 0.119000 0.016000 0.021000
0 0.502000 0.087000 0.016000 0.021000
0 0.511000 0.073000 0.016000 0.021000
0 0.475000 0.102000 0.016000 0.021000
0 0.473000 0.144000 0.016000 0.021000
0 0.473000 0.188000 0.016000 0.021000
0 0.506000 0.188000 0.016000 0.021000
0 0.444000 0.127000 0.016000 0.021000
0 0.447000 0.106000 0.016000 0.021000
0 0.459000 0.081000 0.016000 0.021000
0 0.431000 0.073000 0.016000 0.021000
0 0.438000 0.058000 0.016000 0.021000
0 0.386000 0.040000 0.016000 0.021000
0 0.433000 0.177000 0.016000 0.021000
0 0.519000 0.265000 0.016000 0.021000
0 0.414000 0.294000 0.016000 0.021000
0 0.395000 0.287000 0.016000 0.021000
0 0.356000 0.267000 0.016000 0.021000
0 0.330000 0.229000 0.016000 0.021000
0 0.334000 0.215000 0.016000 0.021000
0 0.353000 0.181000 0.016000 0.021000
0 0.366000 0.158000 0.016000 0.021000
0 0.428000 0.327000 0.016000 0.021000
0 0.403000 0.340000 0.016000 0.021000
0 0.389000 0.358000 0.016000 0.021000
0 0.428000 0.419000 0.016000 0.021000
0 0.436000 0.433000 0.016000 0.021000
0 0.444000 0.392000 0.016000 0.021000
0 0.489000 0.410000 0.016000 0.021000
0 0.530000 0.392000 0.016000 0.021000
0 0.562000 0.390000 0.016000 0.021000
0 0.578000 0.396000 0.016000 0.021000
0 0.602000 0.415000 0.016000 0.021000
0 0.528000 0.425000 0.016000 0.021000
0 0.500000 0.446000 0.016000 0.021000
0 0.567000 0.450000 0.016000 0.021000
0 0.583000 0.483000 0.016000 0.021000
0 0.606000 0.492000 0.016000 0.021000
0 0.634000 0.496000 0.016000 0.021000
0 0.691000 0.515000 0.016000 0.021000
0 0.719000 0.519000 0.016000 0.021000
0 0.755000 0.508000 0.016000 0.021000
0 0.770000 0.512000 0.016000 0.021000
0 0.820000 0.481000 0.016000 0.021000
0 0.825000 0.498000 0.016000 0.021000
0 0.836000 0.490000 0.016000 0.021000
0 0.925000 0.431000 0.016000 0.021000
0 0.939000 0.417000 0.016000 0.021000
0 0.941000 0.429000 0.016000 0.021000
0 0.942000 0.460000 0.016000 0.021000
0 0.953000 0.494000 0.016000 0.021000
0 0.958000 0.512000 0.016000 0.021000
0 0.950000 0.533000 0.016000 0.021000
0 0.950000 0.565000 0.016000 0.021000
0 0.920000 0.554000 0.016000 0.021000
0 0.922000 0.571000 0.016000 0.021000
0 0.853000 0.548000 0.016000 0.021000
0 0.834000 0.540000 0.016000 0.021000
0 0.858000 0.527000 0.016000 0.021000
0 0.811000 0.577000 0.016000 0.021000
0 0.788000 0.588000 0.016000 0.021000
0 0.784000 0.577000 0.016000 0.021000
0 0.772000 0.598000 0.016000 0.021000
0 0.316000 0.192000 0.016000 0.021000
0 0.316000 0.165000 0.016000 0.021000
0 0.327000 0.127000 0.016000 0.021000
0 0.316000 0.115000 0.016000 0.021000
0 0.298000 0.102000 0.016000 0.021000
0 0.298000 0.073000 0.016000 0.021000
0 0.239000 0.133000 0.016000 0.021000
0 0.277000 0.163000 0.016000 0.021000
0 0.267000 0.192000 0.016000 0.021000
0 0.286000 0.206000 0.016000 0.021000
0 0.300000 0.179000 0.016000 0.021000
0 0.288000 0.167000 0.016000 0.021000
0 0.289000 0.277000 0.016000 0.021000
0 0.217000 0.254000 0.016000 0.021000
0 0.220000 0.233000 0.016000 0.021000
0 0.231000 0.221000 0.016000 0.021000
0 0.211000 0.123000 0.016000 0.021000
0 0.188000 0.108000 0.016000 0.021000
0 0.166000 0.102000 0.016000 0.021000
0 0.133000 0.065000 0.016000 0.021000
0 0.094000 0.042000 0.016000 0.021000
0 0.058000 0.065000 0.016000 0.021000
0 0.066000 0.121000 0.016000 0.021000
0 0.050000 0.144000 0.016000 0.021000
0 0.106000 0.129000 0.016000 0.021000
0 0.117000 0.123000 0.016000 0.021000
0 0.178000 0.181000 0.016000 0.021000
0 0.189000 0.135000 0.016000 0.021000
0 0.178000 0.127000 0.016000 0.021000
0 0.077000 0.167000 0.016000 0.021000
0 0.047000 0.244000 0.016000 0.021000
0 0.047000 0.283000 0.016000 0.021000
0 0.120000 0.233000 0.016000 0.021000
0 0.134000 0.271000 0.016000 0.021000
0 0.147000 0.294000 0.016000 0.021000
0 0.244000 0.296000 0.016000 0.021000
0 0.284000 0.338000 0.016000 0.021000
0 0.286000 0.358000 0.016000 0.021000
0 0.255000 0.360000 0.016000 0.021000
0 0.130000 0.360000 0.016000 0.021000
0 0.109000 0.350000 0.016000 0.021000
0 0.080000 0.379000 0.016000 0.021000
0 0.036000 0.342000 0.016000 0.021000
0 0.053000 0.427000 0.016000 0.021000
0 0.078000 0.415000 0.016000 0.021000
0 0.084000 0.485000 0.016000 0.021000
0 0.103000 0.442000 0.016000 0.021000
0 0.117000 0.429000 0.016000 0.021000
0 0.125000 0.394000 0.016000 0.021000
0 0.131000 0.452000 0.016000 0.021000
0 0.128000 0.500000 0.016000 0.021000
0 0.139000 0.475000 0.016000 0.021000
0 0.156000 0.452000 0.016000 0.021000
0 0.186000 0.421000 0.016000 0.021000
0 0.217000 0.400000 0.016000 0.021000
0 0.211000 0.390000 0.016000 0.021000
0 0.145000 0.531000 0.016000 0.021000
0 0.131000 0.531000 0.016000 0.021000
0 0.148000 0.552000 0.016000 0.021000
0 0.166000 0.510000 0.016000 0.021000
0 0.253000 0.444000 0.016000 0.021000
0 0.283000 0.425000 0.016000 0.021000
0 0.280000 0.467000 0.016000 0.021000
0 0.275000 0.490000 0.016000 0.021000
0 0.267000 0.565000 0.016000 0.021000
0 0.231000 0.604000 0.016000 0.021000
0 0.311000 0.496000 0.016000 0.021000
0 0.308000 0.444000 0.016000 0.021000
0 0.323000 0.446000 0.016000 0.021000
0 0.325000 0.425000 0.016000 0.021000
0 0.311000 0.423000 0.016000 0.021000
0 0.339000 0.429000 0.016000 0.021000
0 0.358000 0.408000 0.016000 0.021000
0 0.380000 0.433000 0.016000 0.021000
0 0.367000 0.440000 0.016000 0.021000
0 0.384000 0.456000 0.016000 0.021000
0 0.391000 0.475000 0.016000 0.021000
0 0.439000 0.483000 0.016000 0.021000
0 0.452000 0.529000 0.016000 0.021000
0 0.472000 0.525000 0.016000 0.021000
0 0.477000 0.506000 0.016000 0.021000
0 0.444000 0.467000 0.016000 0.021000
0 0.509000 0.500000 0.016000 0.021000
0 0.537000 0.508000 0.016000 0.021000
0 0.525000 0.500000 0.016000 0.021000
0 0.525000 0.487000 0.016000 0.021000
0 0.506000 0.546000 0.016000 0.021000
0 0.520000 0.554000 0.016000 0.021000
0 0.483000 0.575000 0.016000 0.021000
0 0.458000 0.588000 0.016000 0.021000
0 0.508000 0.598000 0.016000 0.021000
0 0.523000 0.598000 0.016000 0.021000
0 0.531000 0.598000 0.016000 0.021000
0 0.541000 0.583000 0.016000 0.021000
0 0.558000 0.590000 0.016000 0.021000
0 0.572000 0.602000 0.016000 0.021000
0 0.653000 0.625000 0.016000 0.021000
0 0.683000 0.631000 0.016000 0.021000
0 0.711000 0.558000 0.016000 0.021000
0 0.719000 0.640000 0.016000 0.021000
0 0.700000 0.658000 0.016000 0.021000
0 0.716000 0.669000 0.016000 0.021000
0 0.727000 0.677000 0.016000 0.021000
0 0.727000 0.698000 0.016000 0.021000
0 0.756000 0.629000 0.016000 0.021000
0 0.766000 0.635000 0.016000 0.021000
0 0.773000 0.667000 0.016000 0.021000
0 0.792000 0.700000 0.016000 0.021000
0 0.812000 0.708000 0.016000 0.021000
0 0.830000 0.696000 0.016000 0.021000
0 0.828000 0.673000 0.016000 0.021000
0 0.845000 0.627000 0.016000 0.021000
0 0.814000 0.640000 0.016000 0.021000
0 0.788000 0.648000 0.016000 0.021000
0 0.919000 0.604000 0.016000 0.021000
0 0.941000 0.604000 0.016000 0.021000
0 0.944000 0.642000 0.016000 0.021000
0 0.920000 0.683000 0.016000 0.021000
0 0.900000 0.702000 0.016000 0.021000
0 0.877000 0.702000 0.016000 0.021000
0 0.880000 0.731000 0.016000 0.021000
0 0.919000 0.798000 0.016000 0.021000
0 0.898000 0.850000 0.016000 0.021000
0 0.898000 0.887000 0.016000 0.021000
0 0.845000 0.865000 0.016000 0.021000
0 0.795000 0.740000 0.016000 0.021000
0 0.781000 0.775000 0.016000 0.021000
0 0.697000 0.765000 0.016000 0.021000
0 0.692000 0.733000 0.016000 0.021000
0 0.663000 0.660000 0.016000 0.021000
0 0.647000 0.675000 0.016000 0.021000
0 0.636000 0.690000 0.016000 0.021000
0 0.620000 0.673000 0.016000 0.021000
0 0.570000 0.652000 0.016000 0.021000
0 0.588000 0.631000 0.016000 0.021000
0 0.519000 0.675000 0.016000 0.021000
0 0.502000 0.640000 0.016000 0.021000
0 0.477000 0.623000 0.016000 0.021000
0 0.447000 0.654000 0.016000 0.021000
0 0.436000 0.681000 0.016000 0.021000
0 0.423000 0.598000 0.016000 0.021000
0 0.372000 0.596000 0.016000 0.021000
0 0.352000 0.583000 0.016000 0.021000
0 0.320000 0.690000 0.016000 0.021000
0 0.319000 0.729000 0.016000 0.021000
0 0.309000 0.727000 0.016000 0.021000
0 0.292000 0.713000 0.016000 0.021000
0 0.272000 0.710000 0.016000 0.021000
0 0.245000 0.675000 0.016000 0.021000
0 0.206000 0.692000 0.016000 0.021000
0 0.238000 0.710000 0.016000 0.021000
0 0.222000 0.729000 0.016000 0.021000
0 0.139000 0.627000 0.016000 0.021000
0 0.111000 0.629000 0.016000 0.021000
0 0.108000 0.652000 0.016000 0.021000
0 0.075000 0.681000 0.016000 0.021000
0 0.058000 0.694000 0.016000 0.021000
0 0.045000 0.735000 0.016000 0.021000
0 0.072000 0.748000 0.016000 0.021000
0 0.091000 0.725000 0.016000 0.021000
0 0.097000 0.735000 0.016000 0.021000
0 0.105000 0.800000 0.016000 0.021000
0 0.053000 0.790000 0.016000 0.021000
0 0.120000 0.812000 0.016000 0.021000
0 0.120000 0.831000 0.016000 0.021000
0 0.139000 0.792000 0.016000 0.021000
0 0.178000 0.758000 0.016000 0.021000
0 0.159000 0.829000 0.016000 0.021000
0 0.102000 0.850000 0.016000 0.021000
0 0.078000 0.852000 0.016000 0.021000
0 0.220000 0.821000 0.016000 0.021000
0 0.297000 0.781000 0.016000 0.021000
0 0.341000 0.773000 0.016000 0.021000
0 0.298000 0.835000 0.016000 0.021000
0 0.328000 0.865000 0.016000 0.021000
0 0.345000 0.856000 0.016000 0.021000
0 0.370000 0.862000 0.016000 0.021000
0 0.378000 0.900000 0.016000 0.021000
0 0.397000 0.912000 0.016000 0.021000
0 0.419000 0.810000 0.016000 0.021000
0 0.391000 0.794000 0.016000 0.021000
0 0.784000 0.838000 0.016000 0.021000
0 0.778000 0.840000 0.016000 0.021000
0 0.784000 0.867000 0.016000 0.021000
0 0.805000 0.877000 0.016000 0.021000
0 0.803000 0.919000 0.016000 0.021000
0 0.809000 0.933000 0.016000 0.021000
0 0.789000 0.902000 0.016000 0.021000
0 0.758000 0.896000 0.016000 0.021000
0 0.758000 0.912000 0.016000 0.021000
0 0.767000 0.929000 0.016000 0.021000
0 0.773000 0.956000 0.016000 0.021000
0 0.741000 0.906000 0.016000 0.021000
0 0.733000 0.835000 0.016000 0.021000
0 0.697000 0.821000 0.016000 0.021000
0 0.703000 0.794000 0.016000 0.021000
0 0.686000 0.844000 0.016000 0.021000
0 0.695000 0.887000 0.016000 0.021000
0 0.688000 0.915000 0.016000 0.021000
0 0.661000 0.894000 0.016000 0.021000
0 0.597000 0.879000 0.016000 0.021000
0 0.597000 0.871000 0.016000 0.021000
0 0.603000 0.785000 0.016000 0.021000
0 0.586000 0.713000 0.016000 0.021000
0 0.569000 0.723000 0.016000 0.021000
0 0.555000 0.787000 0.016000 0.021000
0 0.542000 0.821000 0.016000 0.021000
0 0.528000 0.815000 0.016000 0.021000
0 0.514000 0.935000 0.016000 0.021000
0 0.469000 0.825000 0.016000 0.021000
0 0.470000 0.802000 0.016000 0.021000
0 0.494000 0.787000 0.016000 0.021000
0 0.458000 0.754000 0.016000 0.021000
0 0.439000 0.762000 0.016000 0.021000
0 0.058000 0.925000 0.016000 0.021000
0 0.498000 0.140000 0.016000 0.021000
0 0.970000 0.167000 0.016000 0.021000
0 0.973000 0.194000 0.016000 0.021000
0 0.988000 0.206000 0.016000 0.021000
0 0.988000 0.223000 0.016000 0.021000
0 0.966000 0.312000 0.016000 0.021000
0 0.980000 0.335000 0.016000 0.021000
0 0.984000 0.092000 0.016000 0.021000
0 0.841000 0.344000 0.016000 0.021000
0 0.967000 0.575000 0.016000 0.021000
0 0.963000 0.615000 0.016000 0.021000
0 0.969000 0.667000 0.016000 0.021000
0 0.959000 0.673000 0.016000 0.021000
0 0.959000 0.738000 0.016000 0.021000
0 0.980000 0.831000 0.016000 0.021000
0 0.961000 0.848000 0.016000 0.021000
0 0.983000 0.875000 0.016000 0.021000
0 0.944000 0.883000 0.016000 0.021000
0 0.955000 0.946000 0.016000 0.021000
0 0.944000 0.958000 0.016000 0.021000
0 0.795000 0.973000 0.016000 0.021000
0 0.719000 0.952000 0.016000 0.021000
0 0.702000 0.971000 0.016000 0.021000
0 0.705000 0.869000 0.016000 0.021000
0 0.605000 0.904000 0.016000 0.021000
0 0.484000 0.704000 0.016000 0.021000
0 0.581000 0.583000 0.016000 0.021000
0 0.495000 0.388000 0.016000 0.021000
0 0.608000 0.977000 0.016000 0.021000
0 0.591000 0.985000 0.016000 0.021000
0 0.534000 0.969000 0.016000 0.021000
0 0.527000 0.965000 0.016000 0.021000
0 0.456000 0.963000 0.016000 0.021000
0 0.334000 0.958000 0.016000 0.021000
0 0.317000 0.765000 0.016000 0.021000
0 0.228000 0.975000 0.016000 0.021000
0 0.175000 0.965000 0.016000 0.021000
0 0.117000 0.963000 0.016000 0.021000
0 0.088000 0.963000 0.016000 0.021000
0 0.036000 0.963000 0.016000 0.021000
0 0.088000 0.781000 0.016000 0.021000
0 0.019000 0.775000 0.016000 0.021000
0 0.027000 0.656000 0.016000 0.021000
0 0.019000 0.648000 0.016000 0.021000
0 0.028000 0.404000 0.016000 0.021000
0 0.023000 0.360000 0.016000 0.021000
0 0.017000 0.335000 0.016000 0.021000
0 0.016000 0.227000 0.016000 0.021000
0 0.036000 0.158000 0.016000 0.021000
0 0.022000 0.152000 0.016000 0.021000
0 0.150000 0.031000 0.016000 0.021000
0 0.194000 0.042000 0.016000 0.021000
0 0.205000 0.033000 0.016000 0.021000
0 0.208000 0.085000 0.016000 0.021000
0 0.255000 0.040000 0.016000 0.021000
0 0.650000 0.050000 0.016000 0.021000
0 0.773000 0.023000 0.016000 0.021000
0 0.841000 0.025000 0.016000 0.021000
0 0.861000 0.021000 0.016000 0.021000
0 0.320000 0.015000 0.016000 0.021000
0 0.953000 0.408000 0.016000 0.021000
0 0.980000 0.948000 0.016000 0.021000
0 0.945000 0.985000 0.016000 0.021000
0 0.197000 0.425000 0.016000 0.021000
0 0.438000 0.015000 0.016000 0.021000
0 0.369000 0.887000 0.016000 0.021000
0 0.011000 0.260000 0.016000 0.021000
0 0.758000 0.019000 0.016000 0.021000
0 0.011000 0.725000 0.016000 0.021000
0 0.986000 0.240000 0.016000 0.021000
0 0.173047 0.011111 0.013281 0.022222
0 0.262891 0.011806 0.013281 0.023611
0 0.253516 0.013889 0.013281 0.027778
0 0.005469 0.540972 0.010937 0.029167
0 0.007422 0.615278 0.014844 0.019444
0 0.007813 0.886111 0.015625 0.033333
0 0.175000 0.670833 0.014062 0.038889
0 0.069531 0.481944 0.014062 0.036111
0 0.306250 0.310417 0.015625 0.040278
0 0.343750 0.294444 0.015625 0.033333
0 0.234375 0.528472 0.012500 0.037500
0 0.210938 0.509722 0.012500 0.038889
0 0.575000 0.284028 0.014062 0.034722
0 0.660547 0.538194 0.013281 0.043056
0 0.549609 0.903472 0.016406 0.037500
0 0.123047 0.743056 0.013281 0.033333
0 0.857422 0.284722 0.011719 0.030556
0 0.923828 0.187500 0.011719 0.033333
0 0.734766 0.238889 0.011719 0.036111
0 0.395312 0.774306 0.015625 0.029167
0 0.363672 0.945833 0.014844 0.033333
0 0.087891 0.520139 0.013281 0.037500
0 0.653516 0.020139 0.017969 0.020833
0 0.691797 0.015972 0.017969 0.026389
0 0.057422 0.875000 0.013281 0.038889
0 0.904688 0.267361 0.017188 0.034722
0 0.394922 0.697222 0.011719 0.036111
0 0.991406 0.118056 0.012500 0.036111
0 0.005859 0.435417 0.011719 0.020833
0 0.699609 0.514583 0.013281 0.023611
0 0.323047 0.044444 0.010156 0.030556
0 0.186328 0.284028 0.011719 0.031944
0 0.144141 0.321528 0.013281 0.034722
0 0.034375 0.129167 0.014062 0.033333
0 0.164453 0.726389 0.010156 0.027778
0 0.121094 0.618056 0.010937 0.033333
0 0.016797 0.416667 0.010156 0.030556
0 0.819531 0.881250 0.015625 0.031944
0 0.837500 0.850694 0.012500 0.034722
0 0.835156 0.719444 0.009375 0.025000
0 0.828516 0.732639 0.011719 0.023611
0 0.929688 0.777083 0.010937 0.034722
0 0.923437 0.715972 0.010937 0.029167
0 0.560156 0.270139 0.012500 0.029167
0 0.469531 0.740278 0.014062 0.030556
0 0.480859 0.802778 0.010156 0.025000
0 0.353125 0.861111 0.009375 0.030556
0 0.258984 0.979861 0.011719 0.026389
0 0.739844 0.954861 0.012500 0.031944
0 0.775000 0.888194 0.010937 0.029167
0 0.768359 0.839583 0.010156 0.031944
0 0.680469 0.881250 0.009375 0.031944
0 0.699609 0.942361 0.013281 0.031944
0 0.637109 0.890972 0.014844 0.023611
0 0.645312 0.764583 0.014062 0.034722
0 0.605859 0.675000 0.010156 0.030556
0 0.592188 0.747917 0.010937 0.031944
0 0.616797 0.792361 0.011719 0.029167
0 0.529297 0.659028 0.013281 0.034722
0 0.550391 0.422222 0.011719 0.036111
0 0.761719 0.363889 0.009375 0.033333
0 0.587891 0.377083 0.010156 0.031944
0 0.452734 0.248611 0.011719 0.030556
0 0.426562 0.234028 0.012500 0.031944
0 0.408594 0.239583 0.014062 0.018056
0 0.403516 0.239583 0.011719 0.040278
0 0.290234 0.261806 0.013281 0.029167
0 0.131250 0.120139 0.009375 0.034722
0 0.636328 0.614583 0.013281 0.023611
0 0.625391 0.602778 0.011719 0.036111
0 0.755469 0.690972 0.012500 0.031944
0 0.794141 0.629861 0.011719 0.029167
0 0.771094 0.135417 0.014062 0.034722
0 0.723437 0.113889 0.014062 0.033333
0 0.735156 0.134028 0.015625 0.023611
0 0.976953 0.711111 0.011719 0.030556
0 0.946484 0.776389 0.014844 0.030556
0 0.734375 0.665972 0.010937 0.031944
0 0.750781 0.254861 0.010937 0.034722
0 0.217187 0.177778 0.012500 0.036111
0 0.136719 0.096528 0.014062 0.029167
0 0.402344 0.370833 0.017188 0.019444
