0 0.318600 0.422400 0.013800 0.020100
0 0.155600 0.583900 0.014200 0.019200
0 0.580900 0.792200 0.016500 0.019600
0 0.794000 0.743400 0.014200 0.018600
0 0.216700 0.153500 0.015000 0.018200
0 0.053100 0.755700 0.013400 0.020800
0 0.867800 0.831000 0.015800 0.018700
0 0.067500 0.867600 0.013600 0.020100
0 0.720600 0.471700 0.016400 0.019900
0 0.482800 0.504700 0.015400 0.017300
0 0.760300 0.196300 0.015000 0.019700
0 0.840700 0.793000 0.018500 0.018200
0 0.719700 0.095800 0.014300 0.018800
0 0.209600 0.679600 0.013600 0.019000
0 0.440000 0.292200 0.014600 0.019100
0 0.766200 0.559700 0.016300 0.019600
0 0.457300 0.528100 0.014200 0.020000
0 0.742000 0.309400 0.015800 0.020500
0 0.391400 0.406600 0.015900 0.018600
0 0.496600 0.878700 0.015100 0.018100
0 0.302800 0.644200 0.017200 0.021300
0 0.403600 0.307400 0.015800 0.017900
0 0.609700 0.479900 0.011100 0.023300
0 0.644500 0.430400 0.015000 0.018300
0 0.445600 0.315400 0.013500 0.018800
0 0.396400 0.966600 0.016700 0.020600
0 0.521300 0.530500 0.013900 0.021200
0 0.165900 0.768700 0.016100 0.018100
0 0.189500 0.179400 0.017300 0.018400
0 0.371100 0.730600 0.019000 0.019300
0 0.084500 0.766400 0.013400 0.020700
0 0.530300 0.369400 0.015500 0.016800
0 0.944500 0.602900 0.017600 0.020100
0 0.392900 0.079200 0.012600 0.022100
0 0.143100 0.160100 0.016600 0.018500
0 0.272700 0.432700 0.014700 0.022200
0 0.165800 0.492200 0.015300 0.021300
0 0.244300 0.634000 0.013300 0.021100
0 0.183300 0.732000 0.014300 0.020100
0 0.152800 0.728900 0.015800 0.019400
0 0.260200 0.596100 0.012900 0.024400
0 0.358700 0.355100 0.015000 0.019600
0 0.519000 0.805200 0.014600 0.021900
0 0.835600 0.609200 0.017900 0.019900
0 0.783100 0.393900 0.013100 0.022400
0 0.730600 0.729100 0.015100 0.020200
0 0.904300 0.131300 0.015800 0.019400
0 0.485200 0.735000 0.015500 0.020300
0 0.511000 0.678600 0.014500 0.020800
0 0.458800 0.969300 0.013800 0.023100
0 0.484200 0.591100 0.017100 0.019900
0 0.885300 0.210600 0.013500 0.018800
0 0.878300 0.322000 0.017000 0.018300
0 0.179000 0.289000 0.015600 0.019000
0 0.792100 0.391900 0.011800 0.025700
0 0.479600 0.409400 0.014200 0.021500
0 0.794900 0.270900 0.012700 0.027900
0 0.165100 0.332400 0.017100 0.019000
0 0.685600 0.809100 0.017400 0.022300
0 0.956400 0.940700 0.017300 0.020700
0 0.543600 0.279700 0.013400 0.022000
0 0.502700 0.471200 0.011100 0.024700
0 0.720100 0.965500 0.015200 0.019800
0 0.669200 0.756500 0.015100 0.027600
0 0.329200 0.971000 0.014400 0.019600
0 0.918800 0.726500 0.015800 0.020600
0 0.691600 0.277500 0.016400 0.019300
0 0.777300 0.710800 0.016300 0.018000
0 0.680300 0.421300 0.014300 0.019700
0 0.747400 0.669600 0.014800 0.019400
0 0.168800 0.572600 0.012700 0.020700
0 0.148600 0.480300 0.013700 0.023400
0 0.051800 0.721100 0.011800 0.023200
0 0.893600 0.115100 0.014200 0.021100
0 0.095200 0.440800 0.013600 0.018800
0 0.878700 0.966500 0.016800 0.019900
0 0.257900 0.927700 0.014800 0.020800
0 0.072500 0.764800 0.014300 0.019200
0 0.741600 0.607200 0.014300 0.021100
0 0.082800 0.385200 0.013700 0.019700
0 0.017200 0.406000 0.014600 0.017000
0 0.685700 0.432900 0.014000 0.022100
0 0.783600 0.153600 0.014200 0.023000
0 0.282900 0.085000 0.014700 0.022700
0 0.617800 0.820700 0.013700 0.024300
0 0.065900 0.080500 0.011300 0.024600
0 0.945100 0.767200 0.011400 0.025500
0 0.667600 0.780600 0.015800 0.028700
0 0.110900 0.093300 0.015400 0.019900
0 0.585300 0.059600 0.013400 0.022200
0 0.247300 0.884100 0.012500 0.028200
0 0.568600 0.542400 0.012300 0.025200
0 0.776700 0.978900 0.013900 0.023700
0 0.471500 0.608700 0.017200 0.019000
0 0.541000 0.460500 0.012200 0.023100
0 0.638900 0.481500 0.011000 0.026500
0 0.551300 0.298100 0.016100 0.019100
0 0.881800 0.923100 0.016500 0.020300
0 0.970400 0.542200 0.012600 0.028600
0 0.889300 0.496300 0.014200 0.020000
0 0.659100 0.820600 0.012900 0.031100
0 0.978600 0.156000 0.018300 0.018700
0 0.909400 0.814800 0.014400 0.023500
0 0.830500 0.414400 0.014000 0.019000
0 0.488800 0.541700 0.012400 0.021500
0 0.379200 0.965400 0.015800 0.021600
0 0.514600 0.401800 0.015300 0.020300
0 0.894400 0.632800 0.014100 0.025700
0 0.859200 0.166500 0.011600 0.030400
0 0.959800 0.715400 0.014400 0.023500
0 0.819000 0.595500 0.014600 0.021900
0 0.469500 0.538900 0.014300 0.017000
0 0.523700 0.895300 0.014300 0.021600
0 0.040200 0.017300 0.012900 0.023300
0 0.672700 0.207000 0.013400 0.025800
0 0.863500 0.330400 0.017400 0.020100
0 0.972300 0.143500 0.016200 0.019300
0 0.294200 0.119200 0.010300 0.032900
0 0.601500 0.056700 0.011500 0.025400
0 0.332200 0.042400 0.011500 0.032000
0 0.348400 0.152200 0.014300 0.021900
0 0.094800 0.952900 0.013300 0.027200
0 0.884400 0.332400 0.017200 0.019200
0 0.628500 0.178500 0.012400 0.029900
0 0.172100 0.610700 0.012700 0.020800
0 0.416100 0.618300 0.014800 0.024300
0 0.208100 0.243900 0.010800 0.030600
0 0.969200 0.622500 0.013400 0.023500
0 0.789600 0.509700 0.013500 0.021200
0 0.017500 0.416100 0.015600 0.017400
0 0.106400 0.977800 0.012700 0.024500
0 0.646800 0.443900 0.014500 0.019500
0 0.164900 0.827200 0.017300 0.021300
0 0.691800 0.045300 0.014400 0.022500
0 0.240800 0.240400 0.012000 0.027300
0 0.761000 0.776600 0.016600 0.018900
0 0.432200 0.373000 0.012700 0.024600
0 0.635000 0.417500 0.015300 0.020400
0 0.236100 0.339900 0.011100 0.029000
0 0.890500 0.460900 0.012500 0.021200
0 0.563500 0.284700 0.013800 0.019600
0 0.575900 0.721500 0.013800 0.025700
0 0.470800 0.863700 0.015400 0.019200
0 0.123600 0.806500 0.015100 0.018300
0 0.057400 0.330500 0.011900 0.021800
0 0.429100 0.317300 0.011900 0.018700
0 0.444500 0.226500 0.013800 0.024800
0 0.452200 0.166400 0.013000 0.023300
0 0.448300 0.310600 0.012600 0.021900
0 0.476100 0.379100 0.015100 0.020100
0 0.873700 0.805600 0.017700 0.018300
0 0.863400 0.759400 0.015500 0.018900
0 0.159400 0.565800 0.012100 0.020200
0 0.886200 0.391100 0.010400 0.031200
0 0.635700 0.045100 0.009300 0.036900
0 0.552100 0.747500 0.014000 0.021700
0 0.285300 0.752900 0.016000 0.018900
0 0.139100 0.193800 0.011500 0.025100
0 0.468800 0.476500 0.012500 0.025800
0 0.861500 0.190400 0.014500 0.023900
0 0.255500 0.983800 0.012300 0.026700
0 0.628300 0.457700 0.013800 0.023100
0 0.040700 0.785200 0.012100 0.022800
0 0.251700 0.601800 0.014600 0.020000
0 0.548500 0.466300 0.013200 0.025700
0 0.295200 0.438700 0.015100 0.020500
0 0.280900 0.409900 0.014400 0.022400
0 0.374200 0.183500 0.013200 0.025300
0 0.084900 0.447700 0.014200 0.017100
0 0.289200 0.979000 0.011200 0.030400
0 0.657300 0.073400 0.011400 0.026200
0 0.515000 0.367500 0.014900 0.018800
0 0.761900 0.731300 0.010700 0.030600
0 0.486100 0.830700 0.014700 0.018400
0 0.486800 0.491400 0.014200 0.020000
0 0.860600 0.576200 0.015400 0.021100
0 0.493100 0.976500 0.013600 0.021400
0 0.897000 0.226400 0.013000 0.021900
0 0.440500 0.641600 0.010300 0.037300
0 0.076100 0.592100 0.013000 0.022500
0 0.186000 0.546400 0.014700 0.019400
0 0.026000 0.677800 0.013300 0.024000
0 0.028000 0.289300 0.011400 0.028000
0 0.983400 0.251300 0.015900 0.020600
0 0.257800 0.015400 0.009900 0.028500
0 0.761500 0.653600 0.015300 0.021200
0 0.070000 0.590400 0.014400 0.022500
0 0.484700 0.080000 0.013600 0.022300
0 0.061400 0.821600 0.012300 0.023400
0 0.940700 0.539500 0.012600 0.023800
0 0.134900 0.474000 0.014200 0.018000
0 0.915100 0.485800 0.010900 0.027300
0 0.416800 0.138600 0.013300 0.022200
0 0.523900 0.960100 0.016200 0.020500
0 0.094200 0.823500 0.010000 0.028100
0 0.283600 0.744900 0.013000 0.023500
0 0.717500 0.836200 0.015600 0.022200
0 0.673500 0.726200 0.014700 0.025000
0 0.542500 0.631600 0.012000 0.024000
0 0.013400 0.035200 0.014200 0.019400
0 0.079687 0.015278 0.012500 0.013889
0 0.255469 0.176389 0.015625 0.027778
0 0.175391 0.062500 0.011719 0.025000
0 0.253125 0.835417 0.012500 0.020833
0 0.458203 0.365278 0.010156 0.025000
0 0.811328 0.323611 0.013281 0.027778
0 0.797266 0.015972 0.014844 0.020833
0 0.352344 0.877778 0.010937 0.022222
0 0.789844 0.815972 0.014062 0.026389
0 0.260547 0.569444 0.010156 0.019444
0 0.423438 0.363889 0.009375 0.025000
0 0.793750 0.514583 0.009375 0.012500
0 0.575000 0.077083 0.015625 0.023611
0 0.594531 0.100000 0.015625 0.033333
0 0.087500 0.462500 0.015625 0.025000
0 0.092188 0.127778 0.010937 0.033333
0 0.977344 0.293750 0.012500 0.029167
0 0.516016 0.326389 0.011719 0.036111
0 0.946875 0.086111 0.012500 0.027778
0 0.005469 0.013889 0.010937 0.022222
0 0.765625 0.297917 0.012500 0.031944
0 0.884766 0.052083 0.014844 0.023611
0 0.707812 0.905556 0.015625 0.025000
0 0.353906 0.862500 0.012500 0.027778
0 0.828125 0.179167 0.014062 0.033333
0 0.081641 0.639583 0.013281 0.026389
0 0.488672 0.981250 0.014844 0.015278
0 0.982422 0.623611 0.010156 0.025000
0 0.963672 0.642361 0.008594 0.020833
0 0.971875 0.641667 0.010937 0.019444
0 0.989453 0.611806 0.013281 0.023611
0 0.762891 0.085417 0.016406 0.029167
0 0.452734 0.145833 0.011719 0.025000
0 0.139453 0.056944 0.011719 0.030556
0 0.872656 0.953472 0.015625 0.026389
0 0.473437 0.527083 0.014062 0.026389
