0 0.873000 0.121000 0.016000 0.021000
0 0.891000 0.148000 0.016000 0.021000
0 0.905000 0.167000 0.016000 0.021000
0 0.928000 0.200000 0.016000 0.021000
0 0.945000 0.173000 0.016000 0.021000
0 0.952000 0.163000 0.016000 0.021000
0 0.930000 0.140000 0.016000 0.021000
0 0.923000 0.131000 0.016000 0.021000
0 0.955000 0.185000 0.016000 0.021000
0 0.938000 0.267000 0.016000 0.021000
0 0.906000 0.248000 0.016000 0.021000
0 0.869000 0.240000 0.016000 0.021000
0 0.863000 0.194000 0.016000 0.021000
0 0.845000 0.198000 0.016000 0.021000
0 0.830000 0.171000 0.016000 0.021000
0 0.841000 0.163000 0.016000 0.021000
0 0.816000 0.135000 0.016000 0.021000
0 0.789000 0.148000 0.016000 0.021000
0 0.766000 0.177000 0.016000 0.021000
0 0.767000 0.135000 0.016000 0.021000
0 0.769000 0.121000 0.016000 0.021000
0 0.781000 0.115000 0.016000 0.021000
0 0.773000 0.100000 0.016000 0.021000
0 0.855000 0.050000 0.016000 0.021000
0 0.733000 0.081000 0.016000 0.021000
0 0.733000 0.119000 0.016000 0.021000
0 0.722000 0.121000 0.016000 0.021000
0 0.719000 0.140000 0.016000 0.021000
0 0.700000 0.192000 0.016000 0.021000
0 0.673000 0.175000 0.016000 0.021000
0 0.664000 0.144000 0.016000 0.021000
0 0.717000 0.212000 0.016000 0.021000
0 0.739000 0.225000 0.016000 0.021000
0 0.750000 0.240000 0.016000 0.021000
0 0.700000 0.271000 0.016000 0.021000
0 0.670000 0.260000 0.016000 0.021000
0 0.675000 0.231000 0.016000 0.021000
0 0.664000 0.208000 0.016000 0.021000
0 0.741000 0.312000 0.016000 0.021000
0 0.750000 0.294000 0.016000 0.021000
0 0.766000 0.294000 0.016000 0.021000
0 0.767000 0.321000 0.016000 0.021000
0 0.752000 0.310000 0.016000 0.021000
0 0.758000 0.335000 0.016000 0.021000
0 0.777000 0.306000 0.016000 0.021000
0 0.794000 0.302000 0.016000 0.021000
0 0.809000 0.292000 0.016000 0.021000
0 0.814000 0.312000 0.016000 0.021000
0 0.853000 0.319000 0.016000 0.021000
0 0.817000 0.342000 0.016000 0.021000
0 0.791000 0.348000 0.016000 0.021000
0 0.788000 0.377000 0.016000 0.021000
0 0.767000 0.371000 0.016000 0.021000
0 0.766000 0.362000 0.016000 0.021000
0 0.645000 0.100000 0.016000 0.021000
0 0.697000 0.077000 0.016000 0.021000
0 0.647000 0.042000 0.016000 0.021000
0 0.633000 0.058000 0.016000 0.021000
0 0.616000 0.100000 0.016000 0.021000
0 0.620000 0.135000 0.016000 0.021000
0 0.606000 0.133000 0.016000 0.021000
0 0.603000 0.115000 0.016000 0.021000
0 0.606000 0.163000 0.016000 0.021000
0 0.600000 0.158000 0.016000 0.021000
0 0.566000 0.148000 0.016000 0.021000
0 0.588000 0.183000 0.016000 0.021000
0 0.581000 0.206000 0.016000 0.021000
0 0.578000 0.223000 0.016000 0.021000
0 0.564000 0.200000 0.016000 0.021000
0 0.550000 0.212000 0.016000 0.021000
0 0.505000 0.265000 0.016000 0.021000
0 0.520000 0.188000 0.016000 0.021000
0 0.578000 0.256000 0.016000 0.021000
0 0.581000 0.269000 0.016000 0.021000
0 0.683000 0.406000 0.016000 0.021000
0 0.705000 0.425000 0.016000 0.021000
0 0.670000 0.431000 0.016000 0.021000
0 0.786000 0.419000 0.016000 0.021000
0 0.889000 0.400000 0.016000 0.021000
0 0.877000 0.402000 0.016000 0.021000
0 0.902000 0.417000 0.016000 0.021000
0 0.936000 0.400000 0.016000 0.021000
0 0.945000 0.412000 0.016000 0.021000
0 0.936000 0.435000 0.016000 0.021000
0 0.928000 0.435000 0.016000 0.021000
0 0.933000 0.373000 0.016000 0.021000
0 0.956000 0.342000 0.016000 0.021000
0 0.938000 0.315000 0.016000 0.021000
0 0.956000 0.306000 0.016000 0.021000
0 0.544000 0.113000 0.016000 0.021000
0 0.533000 0.100000 0.016000 0.021000
0 0.516000 0.085000 0.016000 0.021000
0 0.503000 0.108000 0.016000 0.021000
0 0.495000 0.123000 0.016000 0.021000
0 0.500000 0.125000 0.016000 0.021000
0 0.478000 0.135000 0.016000 0.021000
0 0.464000 0.117000 0.016000 0.021000
0 0.470000 0.069000 0.016000 0.021000
0 0.439000 0.073000 0.016000 0.021000
0 0.448000 0.035000 0.016000 0.021000
0 0.448000 0.117000 0.016000 0.021000
0 0.448000 0.133000 0.016000 0.021000
0 0.450000 0.175000 0.016000 0.021000
0 0.478000 0.177000 0.016000 0.021000
0 0.433000 0.225000 0.016000 0.021000
0 0.419000 0.229000 0.016000 0.021000
0 0.384000 0.167000 0.016000 0.021000
0 0.372000 0.190000 0.016000 0.021000
0 0.358000 0.154000 0.016000 0.021000
0 0.333000 0.135000 0.016000 0.021000
0 0.319000 0.148000 0.016000 0.021000
0 0.317000 0.129000 0.016000 0.021000
0 0.308000 0.110000 0.016000 0.021000
0 0.263000 0.040000 0.016000 0.021000
0 0.281000 0.150000 0.016000 0.021000
0 0.300000 0.158000 0.016000 0.021000
0 0.300000 0.167000 0.016000 0.021000
0 0.306000 0.183000 0.016000 0.021000
0 0.316000 0.227000 0.016000 0.021000
0 0.328000 0.212000 0.016000 0.021000
0 0.347000 0.263000 0.016000 0.021000
0 0.403000 0.279000 0.016000 0.021000
0 0.405000 0.298000 0.016000 0.021000
0 0.422000 0.329000 0.016000 0.021000
0 0.400000 0.346000 0.016000 0.021000
0 0.380000 0.367000 0.016000 0.021000
0 0.291000 0.348000 0.016000 0.021000
0 0.284000 0.327000 0.016000 0.021000
0 0.302000 0.292000 0.016000 0.021000
0 0.298000 0.273000 0.016000 0.021000
0 0.238000 0.296000 0.016000 0.021000
0 0.219000 0.265000 0.016000 0.021000
0 0.230000 0.235000 0.016000 0.021000
0 0.222000 0.219000 0.016000 0.021000
0 0.213000 0.196000 0.016000 0.021000
0 0.183000 0.185000 0.016000 0.021000
0 0.177000 0.144000 0.016000 0.021000
0 0.173000 0.121000 0.016000 0.021000
0 0.178000 0.104000 0.016000 0.021000
0 0.217000 0.129000 0.016000 0.021000
0 0.233000 0.133000 0.016000 0.021000
0 0.228000 0.090000 0.016000 0.021000
0 0.153000 0.096000 0.016000 0.021000
0 0.133000 0.085000 0.016000 0.021000
0 0.125000 0.060000 0.016000 0.021000
0 0.138000 0.123000 0.016000 0.021000
0 0.122000 0.146000 0.016000 0.021000
0 0.103000 0.121000 0.016000 0.021000
0 0.070000 0.125000 0.016000 0.021000
0 0.052000 0.073000 0.016000 0.021000
0 0.034000 0.158000 0.016000 0.021000
0 0.048000 0.167000 0.016000 0.021000
0 0.080000 0.181000 0.016000 0.021000
0 0.120000 0.208000 0.016000 0.021000
0 0.139000 0.265000 0.016000 0.021000
0 0.155000 0.292000 0.016000 0.021000
0 0.152000 0.340000 0.016000 0.021000
0 0.181000 0.302000 0.016000 0.021000
0 0.134000 0.373000 0.016000 0.021000
0 0.048000 0.267000 0.016000 0.021000
0 0.055000 0.250000 0.016000 0.021000
0 0.025000 0.325000 0.016000 0.021000
0 0.034000 0.358000 0.016000 0.021000
0 0.027000 0.367000 0.016000 0.021000
0 0.119000 0.388000 0.016000 0.021000
0 0.088000 0.421000 0.016000 0.021000
0 0.122000 0.417000 0.016000 0.021000
0 0.111000 0.431000 0.016000 0.021000
0 0.089000 0.500000 0.016000 0.021000
0 0.125000 0.442000 0.016000 0.021000
0 0.133000 0.458000 0.016000 0.021000
0 0.139000 0.487000 0.016000 0.021000
0 0.148000 0.502000 0.016000 0.021000
0 0.164000 0.510000 0.016000 0.021000
0 0.156000 0.533000 0.016000 0.021000
0 0.141000 0.544000 0.016000 0.021000
0 0.156000 0.460000 0.016000 0.021000
0 0.144000 0.456000 0.016000 0.021000
0 0.177000 0.423000 0.016000 0.021000
0 0.194000 0.406000 0.016000 0.021000
0 0.220000 0.373000 0.016000 0.021000
0 0.259000 0.360000 0.016000 0.021000
0 0.259000 0.442000 0.016000 0.021000
0 0.264000 0.494000 0.016000 0.021000
0 0.319000 0.487000 0.016000 0.021000
0 0.330000 0.448000 0.016000 0.021000
0 0.331000 0.423000 0.016000 0.021000
0 0.323000 0.415000 0.016000 0.021000
0 0.303000 0.415000 0.016000 0.021000
0 0.300000 0.431000 0.016000 0.021000
0 0.286000 0.423000 0.016000 0.021000
0 0.392000 0.435000 0.016000 0.021000
0 0.386000 0.473000 0.016000 0.021000
0 0.378000 0.462000 0.016000 0.021000
0 0.423000 0.485000 0.016000 0.021000
0 0.453000 0.462000 0.016000 0.021000
0 0.431000 0.438000 0.016000 0.021000
0 0.428000 0.427000 0.016000 0.021000
0 0.434000 0.406000 0.016000 0.021000
0 0.439000 0.394000 0.016000 0.021000
0 0.494000 0.454000 0.016000 0.021000
0 0.530000 0.429000 0.016000 0.021000
0 0.525000 0.394000 0.016000 0.021000
0 0.569000 0.392000 0.016000 0.021000
0 0.584000 0.398000 0.016000 0.021000
0 0.592000 0.385000 0.016000 0.021000
0 0.606000 0.360000 0.016000 0.021000
0 0.597000 0.419000 0.016000 0.021000
0 0.838000 0.444000 0.016000 0.021000
0 0.819000 0.454000 0.016000 0.021000
0 0.814000 0.438000 0.016000 0.021000
0 0.833000 0.479000 0.016000 0.021000
0 0.850000 0.519000 0.016000 0.021000
0 0.814000 0.542000 0.016000 0.021000
0 0.795000 0.508000 0.016000 0.021000
0 0.784000 0.508000 0.016000 0.021000
0 0.763000 0.510000 0.016000 0.021000
0 0.948000 0.460000 0.016000 0.021000
0 0.944000 0.485000 0.016000 0.021000
0 0.953000 0.523000 0.016000 0.021000
0 0.942000 0.519000 0.016000 0.021000
0 0.916000 0.548000 0.016000 0.021000
0 0.945000 0.565000 0.016000 0.021000
0 0.958000 0.571000 0.016000 0.021000
0 0.916000 0.581000 0.016000 0.021000
0 0.784000 0.575000 0.016000 0.021000
0 0.772000 0.583000 0.016000 0.021000
0 0.697000 0.573000 0.016000 0.021000
0 0.681000 0.506000 0.016000 0.021000
0 0.714000 0.506000 0.016000 0.021000
0 0.639000 0.500000 0.016000 0.021000
0 0.570000 0.485000 0.016000 0.021000
0 0.542000 0.496000 0.016000 0.021000
0 0.522000 0.483000 0.016000 0.021000
0 0.505000 0.500000 0.016000 0.021000
0 0.509000 0.527000 0.016000 0.021000
0 0.478000 0.510000 0.016000 0.021000
0 0.463000 0.517000 0.016000 0.021000
0 0.441000 0.535000 0.016000 0.021000
0 0.350000 0.571000 0.016000 0.021000
0 0.450000 0.590000 0.016000 0.021000
0 0.470000 0.577000 0.016000 0.021000
0 0.484000 0.606000 0.016000 0.021000
0 0.509000 0.606000 0.016000 0.021000
0 0.514000 0.565000 0.016000 0.021000
0 0.541000 0.573000 0.016000 0.021000
0 0.531000 0.615000 0.016000 0.021000
0 0.511000 0.642000 0.016000 0.021000
0 0.491000 0.696000 0.016000 0.021000
0 0.527000 0.675000 0.016000 0.021000
0 0.561000 0.658000 0.016000 0.021000
0 0.583000 0.623000 0.016000 0.021000
0 0.561000 0.583000 0.016000 0.021000
0 0.567000 0.577000 0.016000 0.021000
0 0.627000 0.608000 0.016000 0.021000
0 0.622000 0.623000 0.016000 0.021000
0 0.645000 0.610000 0.016000 0.021000
0 0.670000 0.629000 0.016000 0.021000
0 0.686000 0.658000 0.016000 0.021000
0 0.656000 0.673000 0.016000 0.021000
0 0.630000 0.679000 0.016000 0.021000
0 0.730000 0.677000 0.016000 0.021000
0 0.731000 0.656000 0.016000 0.021000
0 0.730000 0.642000 0.016000 0.021000
0 0.750000 0.637000 0.016000 0.021000
0 0.759000 0.648000 0.016000 0.021000
0 0.764000 0.662000 0.016000 0.021000
0 0.777000 0.660000 0.016000 0.021000
0 0.784000 0.623000 0.016000 0.021000
0 0.788000 0.642000 0.016000 0.021000
0 0.794000 0.644000 0.016000 0.021000
0 0.805000 0.646000 0.016000 0.021000
0 0.817000 0.654000 0.016000 0.021000
0 0.839000 0.640000 0.016000 0.021000
0 0.861000 0.552000 0.016000 0.021000
0 0.925000 0.610000 0.016000 0.021000
0 0.931000 0.606000 0.016000 0.021000
0 0.964000 0.617000 0.016000 0.021000
0 0.963000 0.644000 0.016000 0.021000
0 0.950000 0.660000 0.016000 0.021000
0 0.914000 0.694000 0.016000 0.021000
0 0.870000 0.708000 0.016000 0.021000
0 0.938000 0.762000 0.016000 0.021000
0 0.952000 0.750000 0.016000 0.021000
0 0.903000 0.812000 0.016000 0.021000
0 0.898000 0.862000 0.016000 0.021000
0 0.889000 0.875000 0.016000 0.021000
0 0.842000 0.852000 0.016000 0.021000
0 0.839000 0.835000 0.016000 0.021000
0 0.836000 0.706000 0.016000 0.021000
0 0.822000 0.706000 0.016000 0.021000
0 0.820000 0.688000 0.016000 0.021000
0 0.803000 0.704000 0.016000 0.021000
0 0.803000 0.748000 0.016000 0.021000
0 0.778000 0.790000 0.016000 0.021000
0 0.770000 0.815000 0.016000 0.021000
0 0.777000 0.827000 0.016000 0.021000
0 0.797000 0.871000 0.016000 0.021000
0 0.789000 0.877000 0.016000 0.021000
0 0.816000 0.921000 0.016000 0.021000
0 0.820000 0.933000 0.016000 0.021000
0 0.784000 0.946000 0.016000 0.021000
0 0.772000 0.935000 0.016000 0.021000
0 0.797000 0.908000 0.016000 0.021000
0 0.783000 0.904000 0.016000 0.021000
0 0.772000 0.908000 0.016000 0.021000
0 0.755000 0.923000 0.016000 0.021000
0 0.747000 0.906000 0.016000 0.021000
0 0.741000 0.842000 0.016000 0.021000
0 0.711000 0.796000 0.016000 0.021000
0 0.689000 0.769000 0.016000 0.021000
0 0.614000 0.792000 0.016000 0.021000
0 0.594000 0.794000 0.016000 0.021000
0 0.595000 0.762000 0.016000 0.021000
0 0.548000 0.779000 0.016000 0.021000
0 0.548000 0.819000 0.016000 0.021000
0 0.522000 0.812000 0.016000 0.021000
0 0.672000 0.852000 0.016000 0.021000
0 0.680000 0.862000 0.016000 0.021000
0 0.688000 0.890000 0.016000 0.021000
0 0.705000 0.894000 0.016000 0.021000
0 0.702000 0.912000 0.016000 0.021000
0 0.711000 0.927000 0.016000 0.021000
0 0.667000 0.900000 0.016000 0.021000
0 0.491000 0.798000 0.016000 0.021000
0 0.481000 0.787000 0.016000 0.021000
0 0.470000 0.810000 0.016000 0.021000
0 0.441000 0.771000 0.016000 0.021000
0 0.438000 0.662000 0.016000 0.021000
0 0.414000 0.833000 0.016000 0.021000
0 0.605000 0.875000 0.016000 0.021000
0 0.620000 0.892000 0.016000 0.021000
0 0.525000 0.933000 0.016000 0.021000
0 0.352000 0.879000 0.016000 0.021000
0 0.355000 0.862000 0.016000 0.021000
0 0.341000 0.850000 0.016000 0.021000
0 0.388000 0.917000 0.016000 0.021000
0 0.369000 0.940000 0.016000 0.021000
0 0.330000 0.942000 0.016000 0.021000
0 0.312000 0.790000 0.016000 0.021000
0 0.352000 0.775000 0.016000 0.021000
0 0.316000 0.738000 0.016000 0.021000
0 0.322000 0.713000 0.016000 0.021000
0 0.314000 0.694000 0.016000 0.021000
0 0.281000 0.713000 0.016000 0.021000
0 0.244000 0.710000 0.016000 0.021000
0 0.239000 0.671000 0.016000 0.021000
0 0.236000 0.629000 0.016000 0.021000
0 0.255000 0.562000 0.016000 0.021000
0 0.120000 0.629000 0.016000 0.021000
0 0.100000 0.635000 0.016000 0.021000
0 0.117000 0.652000 0.016000 0.021000
0 0.073000 0.679000 0.016000 0.021000
0 0.047000 0.698000 0.016000 0.021000
0 0.064000 0.710000 0.016000 0.021000
0 0.030000 0.658000 0.016000 0.021000
0 0.030000 0.635000 0.016000 0.021000
0 0.091000 0.725000 0.016000 0.021000
0 0.081000 0.740000 0.016000 0.021000
0 0.072000 0.760000 0.016000 0.021000
0 0.067000 0.790000 0.016000 0.021000
0 0.103000 0.777000 0.016000 0.021000
0 0.113000 0.794000 0.016000 0.021000
0 0.139000 0.785000 0.016000 0.021000
0 0.131000 0.771000 0.016000 0.021000
0 0.119000 0.727000 0.016000 0.021000
0 0.163000 0.710000 0.016000 0.021000
0 0.198000 0.694000 0.016000 0.021000
0 0.211000 0.727000 0.016000 0.021000
0 0.227000 0.802000 0.016000 0.021000
0 0.189000 0.756000 0.016000 0.021000
0 0.152000 0.827000 0.016000 0.021000
0 0.128000 0.827000 0.016000 0.021000
0 0.130000 0.808000 0.016000 0.021000
0 0.109000 0.846000 0.016000 0.021000
0 0.084000 0.846000 0.016000 0.021000
0 0.078000 0.869000 0.016000 0.021000
0 0.067000 0.900000 0.016000 0.021000
0 0.097000 0.954000 0.016000 0.021000
0 0.167000 0.958000 0.016000 0.021000
0 0.128000 0.967000 0.016000 0.021000
0 0.056000 0.933000 0.016000 0.021000
0 0.048000 0.946000 0.016000 0.021000
0 0.978000 0.156000 0.016000 0.021000
0 0.972000 0.231000 0.016000 0.021000
0 0.397000 0.037000 0.016000 0.021000
0 0.978000 0.102000 0.016000 0.021000
0 0.980000 0.246000 0.016000 0.021000
0 0.967000 0.192000 0.016000 0.021000
0 0.986000 0.338000 0.016000 0.021000
0 0.967000 0.704000 0.016000 0.021000
0 0.981000 0.835000 0.016000 0.021000
0 0.972000 0.850000 0.016000 0.021000
0 0.956000 0.883000 0.016000 0.021000
0 0.978000 0.938000 0.016000 0.021000
0 0.933000 0.948000 0.016000 0.021000
0 0.680000 0.817000 0.016000 0.021000
0 0.786000 0.975000 0.016000 0.021000
0 0.711000 0.973000 0.016000 0.021000
0 0.591000 0.983000 0.016000 0.021000
0 0.495000 0.385000 0.016000 0.021000
0 0.017000 0.881000 0.016000 0.021000
0 0.014000 0.775000 0.016000 0.021000
0 0.017000 0.731000 0.016000 0.021000
0 0.019000 0.433000 0.016000 0.021000
0 0.009000 0.404000 0.016000 0.021000
0 0.031000 0.406000 0.016000 0.021000
0 0.106000 0.335000 0.016000 0.021000
0 0.123000 0.510000 0.016000 0.021000
0 0.020000 0.263000 0.016000 0.021000
0 0.031000 0.219000 0.016000 0.021000
0 0.009000 0.152000 0.016000 0.021000
0 0.155000 0.025000 0.016000 0.021000
0 0.195000 0.025000 0.016000 0.021000
0 0.270000 0.029000 0.016000 0.021000
0 0.678000 0.040000 0.016000 0.021000
0 0.689000 0.025000 0.016000 0.021000
0 0.708000 0.025000 0.016000 0.021000
0 0.763000 0.029000 0.016000 0.021000
0 0.391000 0.710000 0.016000 0.021000
0 0.011000 0.610000 0.016000 0.021000
0 0.005469 0.354167 0.010937 0.025000
0 0.007813 0.261806 0.015625 0.031944
0 0.230078 0.984028 0.011719 0.029167
0 0.335547 0.009028 0.016406 0.018056
0 0.825391 0.013194 0.017969 0.026389
0 0.846875 0.009722 0.014062 0.019444
0 0.893750 0.013194 0.017188 0.026389
0 0.769531 0.016667 0.012500 0.033333
0 0.934375 0.986806 0.020312 0.020833
0 0.933594 0.652778 0.012500 0.033333
0 0.992578 0.393056 0.010156 0.030556
0 0.991016 0.218056 0.016406 0.027778
0 0.605078 0.984722 0.016406 0.025000
0 0.651953 0.773611 0.011719 0.036111
0 0.551562 0.887500 0.012500 0.036111
0 0.214062 0.504861 0.015625 0.040278
0 0.466797 0.952778 0.019531 0.030556
0 0.560938 0.281250 0.010937 0.031944
0 0.267969 0.197917 0.014062 0.037500
0 0.169531 0.679861 0.010937 0.037500
0 0.311719 0.322917 0.010937 0.034722
0 0.388281 0.777083 0.014062 0.034722
0 0.423047 0.684028 0.021094 0.029167
0 0.819922 0.574306 0.011719 0.034722
0 0.456250 0.236806 0.015625 0.037500
0 0.400391 0.769444 0.014844 0.027778
0 0.369922 0.852778 0.010156 0.033333
0 0.373828 0.897917 0.017969 0.020833
0 0.688281 0.750694 0.010937 0.029167
0 0.923047 0.754167 0.010156 0.033333
0 0.471875 0.754861 0.009375 0.029167
0 0.466016 0.758333 0.013281 0.030556
0 0.051953 0.421528 0.010156 0.031944
0 0.988281 0.950694 0.012500 0.018056
0 0.852344 0.863194 0.012500 0.023611
0 0.342969 0.897917 0.014062 0.018056
0 0.737891 0.954167 0.011719 0.030556
0 0.199219 0.031250 0.007813 0.029167
0 0.172266 0.020833 0.011719 0.027778
0 0.137891 0.621528 0.011719 0.037500
0 0.068359 0.493056 0.010156 0.036111
0 0.083594 0.513194 0.010937 0.029167
0 0.035156 0.134722 0.010937 0.030556
0 0.096875 0.022917 0.010937 0.031944
0 0.081641 0.382639 0.011719 0.034722
0 0.218750 0.392361 0.012500 0.031944
0 0.338672 0.286806 0.010156 0.034722
0 0.332422 0.238194 0.011719 0.029167
0 0.289844 0.222222 0.014062 0.027778
0 0.324609 0.037500 0.010156 0.030556
0 0.299219 0.064583 0.010937 0.023611
0 0.309375 0.025000 0.010937 0.016667
0 0.317578 0.014583 0.010156 0.018056
0 0.598047 0.052778 0.011719 0.030556
0 0.403906 0.219444 0.010937 0.030556
0 0.366406 0.431944 0.012500 0.025000
0 0.364062 0.407639 0.017188 0.018056
0 0.284375 0.486111 0.012500 0.033333
0 0.239844 0.517361 0.010937 0.026389
0 0.298828 0.729861 0.010156 0.026389
0 0.293359 0.785417 0.010156 0.031944
0 0.301562 0.838889 0.012500 0.033333
0 0.204688 0.979861 0.010937 0.029167
0 0.537109 0.959722 0.013281 0.036111
0 0.528906 0.978472 0.012500 0.029167
0 0.462891 0.827778 0.013281 0.022222
0 0.416406 0.576389 0.014062 0.033333
0 0.369531 0.583333 0.014062 0.025000
0 0.577344 0.450694 0.012500 0.031944
0 0.560938 0.438194 0.010937 0.026389
0 0.661719 0.552778 0.012500 0.038889
0 0.573828 0.700694 0.014844 0.031944
0 0.589844 0.704167 0.012500 0.030556
0 0.600781 0.666667 0.010937 0.030556
0 0.823047 0.896528 0.011719 0.031944
0 0.604297 0.480556 0.016406 0.027778
0 0.561328 0.461111 0.011719 0.025000
0 0.545703 0.515972 0.013281 0.034722
0 0.933984 0.700000 0.011719 0.022222
0 0.891016 0.713194 0.013281 0.026389
0 0.861328 0.265278 0.010156 0.025000
0 0.989062 0.861806 0.009375 0.023611
0 0.474219 0.416667 0.014062 0.027778
0 0.618750 0.683333 0.010937 0.025000
0 0.677344 0.354167 0.012500 0.033333
0 0.393750 0.365972 0.015625 0.018056
0 0.832812 0.725694 0.010937 0.029167
0 0.756250 0.713889 0.014062 0.025000
