0 0.964000 0.077000 0.016000 0.021000
0 0.964000 0.146000 0.016000 0.021000
0 0.913000 0.081000 0.016000 0.021000
0 0.897000 0.094000 0.016000 0.021000
0 0.895000 0.065000 0.016000 0.021000
0 0.830000 0.081000 0.016000 0.021000
0 0.836000 0.127000 0.016000 0.021000
0 0.819000 0.117000 0.016000 0.021000
0 0.811000 0.104000 0.016000 0.021000
0 0.731000 0.100000 0.016000 0.021000
0 0.944000 0.204000 0.016000 0.021000
0 0.917000 0.248000 0.016000 0.021000
0 0.823000 0.271000 0.016000 0.021000
0 0.802000 0.252000 0.016000 0.021000
0 0.792000 0.240000 0.016000 0.021000
0 0.872000 0.323000 0.016000 0.021000
0 0.875000 0.342000 0.016000 0.021000
0 0.834000 0.354000 0.016000 0.021000
0 0.814000 0.310000 0.016000 0.021000
0 0.802000 0.338000 0.016000 0.021000
0 0.717000 0.298000 0.016000 0.021000
0 0.709000 0.279000 0.016000 0.021000
0 0.645000 0.327000 0.016000 0.021000
0 0.661000 0.344000 0.016000 0.021000
0 0.683000 0.133000 0.016000 0.021000
0 0.675000 0.135000 0.016000 0.021000
0 0.658000 0.131000 0.016000 0.021000
0 0.659000 0.123000 0.016000 0.021000
0 0.644000 0.108000 0.016000 0.021000
0 0.659000 0.067000 0.016000 0.021000
0 0.672000 0.067000 0.016000 0.021000
0 0.700000 0.062000 0.016000 0.021000
0 0.711000 0.060000 0.016000 0.021000
0 0.702000 0.075000 0.016000 0.021000
0 0.703000 0.100000 0.016000 0.021000
0 0.648000 0.167000 0.016000 0.021000
0 0.763000 0.212000 0.016000 0.021000
0 0.655000 0.242000 0.016000 0.021000
0 0.755000 0.373000 0.016000 0.021000
0 0.748000 0.369000 0.016000 0.021000
0 0.811000 0.373000 0.016000 0.021000
0 0.916000 0.367000 0.016000 0.021000
0 0.928000 0.333000 0.016000 0.021000
0 0.913000 0.325000 0.016000 0.021000
0 0.900000 0.317000 0.016000 0.021000
0 0.927000 0.258000 0.016000 0.021000
0 0.934000 0.263000 0.016000 0.021000
0 0.850000 0.421000 0.016000 0.021000
0 0.886000 0.421000 0.016000 0.021000
0 0.847000 0.454000 0.016000 0.021000
0 0.766000 0.433000 0.016000 0.021000
0 0.756000 0.525000 0.016000 0.021000
0 0.750000 0.540000 0.016000 0.021000
0 0.736000 0.515000 0.016000 0.021000
0 0.730000 0.494000 0.016000 0.021000
0 0.709000 0.521000 0.016000 0.021000
0 0.673000 0.494000 0.016000 0.021000
0 0.670000 0.473000 0.016000 0.021000
0 0.616000 0.502000 0.016000 0.021000
0 0.619000 0.448000 0.016000 0.021000
0 0.630000 0.431000 0.016000 0.021000
0 0.644000 0.371000 0.016000 0.021000
0 0.555000 0.358000 0.016000 0.021000
0 0.581000 0.302000 0.016000 0.021000
0 0.564000 0.212000 0.016000 0.021000
0 0.569000 0.160000 0.016000 0.021000
0 0.548000 0.163000 0.016000 0.021000
0 0.555000 0.123000 0.016000 0.021000
0 0.553000 0.100000 0.016000 0.021000
0 0.556000 0.069000 0.016000 0.021000
0 0.509000 0.217000 0.016000 0.021000
0 0.506000 0.240000 0.016000 0.021000
0 0.509000 0.283000 0.016000 0.021000
0 0.495000 0.283000 0.016000 0.021000
0 0.486000 0.296000 0.016000 0.021000
0 0.461000 0.219000 0.016000 0.021000
0 0.588000 0.479000 0.016000 0.021000
0 0.580000 0.469000 0.016000 0.021000
0 0.514000 0.421000 0.016000 0.021000
0 0.447000 0.375000 0.016000 0.021000
0 0.442000 0.194000 0.016000 0.021000
0 0.433000 0.131000 0.016000 0.021000
0 0.433000 0.225000 0.016000 0.021000
0 0.372000 0.317000 0.016000 0.021000
0 0.328000 0.275000 0.016000 0.021000
0 0.319000 0.215000 0.016000 0.021000
0 0.383000 0.177000 0.016000 0.021000
0 0.381000 0.190000 0.016000 0.021000
0 0.389000 0.200000 0.016000 0.021000
0 0.292000 0.173000 0.016000 0.021000
0 0.306000 0.154000 0.016000 0.021000
0 0.319000 0.140000 0.016000 0.021000
0 0.358000 0.142000 0.016000 0.021000
0 0.400000 0.117000 0.016000 0.021000
0 0.364000 0.115000 0.016000 0.021000
0 0.352000 0.060000 0.016000 0.021000
0 0.389000 0.062000 0.016000 0.021000
0 0.391000 0.044000 0.016000 0.021000
0 0.408000 0.075000 0.016000 0.021000
0 0.431000 0.056000 0.016000 0.021000
0 0.439000 0.042000 0.016000 0.021000
0 0.483000 0.071000 0.016000 0.021000
0 0.420000 0.135000 0.016000 0.021000
0 0.309000 0.106000 0.016000 0.021000
0 0.286000 0.096000 0.016000 0.021000
0 0.286000 0.110000 0.016000 0.021000
0 0.277000 0.125000 0.016000 0.021000
0 0.264000 0.131000 0.016000 0.021000
0 0.255000 0.144000 0.016000 0.021000
0 0.225000 0.133000 0.016000 0.021000
0 0.230000 0.121000 0.016000 0.021000
0 0.242000 0.106000 0.016000 0.021000
0 0.234000 0.092000 0.016000 0.021000
0 0.163000 0.077000 0.016000 0.021000
0 0.164000 0.113000 0.016000 0.021000
0 0.180000 0.117000 0.016000 0.021000
0 0.164000 0.148000 0.016000 0.021000
0 0.158000 0.177000 0.016000 0.021000
0 0.194000 0.173000 0.016000 0.021000
0 0.206000 0.158000 0.016000 0.021000
0 0.116000 0.067000 0.016000 0.021000
0 0.078000 0.052000 0.016000 0.021000
0 0.048000 0.104000 0.016000 0.021000
0 0.061000 0.129000 0.016000 0.021000
0 0.080000 0.121000 0.016000 0.021000
0 0.062000 0.156000 0.016000 0.021000
0 0.569000 0.496000 0.016000 0.021000
0 0.527000 0.471000 0.016000 0.021000
0 0.495000 0.502000 0.016000 0.021000
0 0.502000 0.527000 0.016000 0.021000
0 0.505000 0.556000 0.016000 0.021000
0 0.553000 0.523000 0.016000 0.021000
0 0.645000 0.519000 0.016000 0.021000
0 0.655000 0.498000 0.016000 0.021000
0 0.702000 0.565000 0.016000 0.021000
0 0.911000 0.462000 0.016000 0.021000
0 0.908000 0.481000 0.016000 0.021000
0 0.938000 0.613000 0.016000 0.021000
0 0.948000 0.608000 0.016000 0.021000
0 0.861000 0.631000 0.016000 0.021000
0 0.864000 0.579000 0.016000 0.021000
0 0.852000 0.565000 0.016000 0.021000
0 0.839000 0.569000 0.016000 0.021000
0 0.844000 0.654000 0.016000 0.021000
0 0.839000 0.694000 0.016000 0.021000
0 0.838000 0.740000 0.016000 0.021000
0 0.853000 0.750000 0.016000 0.021000
0 0.825000 0.819000 0.016000 0.021000
0 0.817000 0.806000 0.016000 0.021000
0 0.770000 0.804000 0.016000 0.021000
0 0.736000 0.787000 0.016000 0.021000
0 0.758000 0.775000 0.016000 0.021000
0 0.750000 0.758000 0.016000 0.021000
0 0.736000 0.740000 0.016000 0.021000
0 0.752000 0.735000 0.016000 0.021000
0 0.783000 0.700000 0.016000 0.021000
0 0.812000 0.696000 0.016000 0.021000
0 0.731000 0.727000 0.016000 0.021000
0 0.709000 0.746000 0.016000 0.021000
0 0.733000 0.692000 0.016000 0.021000
0 0.750000 0.675000 0.016000 0.021000
0 0.758000 0.665000 0.016000 0.021000
0 0.742000 0.654000 0.016000 0.021000
0 0.728000 0.665000 0.016000 0.021000
0 0.666000 0.688000 0.016000 0.021000
0 0.656000 0.692000 0.016000 0.021000
0 0.652000 0.677000 0.016000 0.021000
0 0.634000 0.665000 0.016000 0.021000
0 0.592000 0.652000 0.016000 0.021000
0 0.595000 0.631000 0.016000 0.021000
0 0.570000 0.685000 0.016000 0.021000
0 0.491000 0.606000 0.016000 0.021000
0 0.486000 0.600000 0.016000 0.021000
0 0.461000 0.581000 0.016000 0.021000
0 0.470000 0.546000 0.016000 0.021000
0 0.370000 0.440000 0.016000 0.021000
0 0.298000 0.279000 0.016000 0.021000
0 0.167000 0.252000 0.016000 0.021000
0 0.109000 0.319000 0.016000 0.021000
0 0.102000 0.319000 0.016000 0.021000
0 0.092000 0.302000 0.016000 0.021000
0 0.098000 0.352000 0.016000 0.021000
0 0.114000 0.369000 0.016000 0.021000
0 0.119000 0.390000 0.016000 0.021000
0 0.125000 0.385000 0.016000 0.021000
0 0.169000 0.371000 0.016000 0.021000
0 0.198000 0.431000 0.016000 0.021000
0 0.191000 0.446000 0.016000 0.021000
0 0.203000 0.448000 0.016000 0.021000
0 0.223000 0.419000 0.016000 0.021000
0 0.234000 0.390000 0.016000 0.021000
0 0.264000 0.381000 0.016000 0.021000
0 0.309000 0.454000 0.016000 0.021000
0 0.277000 0.471000 0.016000 0.021000
0 0.263000 0.444000 0.016000 0.021000
0 0.236000 0.490000 0.016000 0.021000
0 0.225000 0.498000 0.016000 0.021000
0 0.228000 0.515000 0.016000 0.021000
0 0.188000 0.485000 0.016000 0.021000
0 0.114000 0.502000 0.016000 0.021000
0 0.102000 0.510000 0.016000 0.021000
0 0.044000 0.433000 0.016000 0.021000
0 0.045000 0.423000 0.016000 0.021000
0 0.047000 0.408000 0.016000 0.021000
0 0.153000 0.560000 0.016000 0.021000
0 0.173000 0.560000 0.016000 0.021000
0 0.192000 0.542000 0.016000 0.021000
0 0.194000 0.556000 0.016000 0.021000
0 0.383000 0.665000 0.016000 0.021000
0 0.380000 0.648000 0.016000 0.021000
0 0.383000 0.635000 0.016000 0.021000
0 0.434000 0.610000 0.016000 0.021000
0 0.431000 0.577000 0.016000 0.021000
0 0.430000 0.565000 0.016000 0.021000
0 0.255000 0.679000 0.016000 0.021000
0 0.303000 0.704000 0.016000 0.021000
0 0.309000 0.723000 0.016000 0.021000
0 0.398000 0.710000 0.016000 0.021000
0 0.492000 0.688000 0.016000 0.021000
0 0.514000 0.721000 0.016000 0.021000
0 0.494000 0.735000 0.016000 0.021000
0 0.478000 0.738000 0.016000 0.021000
0 0.464000 0.746000 0.016000 0.021000
0 0.455000 0.740000 0.016000 0.021000
0 0.602000 0.796000 0.016000 0.021000
0 0.617000 0.767000 0.016000 0.021000
0 0.617000 0.792000 0.016000 0.021000
0 0.645000 0.731000 0.016000 0.021000
0 0.678000 0.769000 0.016000 0.021000
0 0.570000 0.821000 0.016000 0.021000
0 0.581000 0.831000 0.016000 0.021000
0 0.537000 0.804000 0.016000 0.021000
0 0.503000 0.831000 0.016000 0.021000
0 0.452000 0.827000 0.016000 0.021000
0 0.394000 0.781000 0.016000 0.021000
0 0.181000 0.698000 0.016000 0.021000
0 0.119000 0.683000 0.016000 0.021000
0 0.120000 0.704000 0.016000 0.021000
0 0.120000 0.662000 0.016000 0.021000
0 0.116000 0.644000 0.016000 0.021000
0 0.155000 0.604000 0.016000 0.021000
0 0.442000 0.346000 0.016000 0.021000
0 0.198000 0.796000 0.016000 0.021000
0 0.155000 0.794000 0.016000 0.021000
0 0.106000 0.754000 0.016000 0.021000
0 0.055000 0.756000 0.016000 0.021000
0 0.127000 0.819000 0.016000 0.021000
0 0.142000 0.869000 0.016000 0.021000
0 0.150000 0.846000 0.016000 0.021000
0 0.123000 0.871000 0.016000 0.021000
0 0.263000 0.867000 0.016000 0.021000
0 0.300000 0.865000 0.016000 0.021000
0 0.369000 0.940000 0.016000 0.021000
0 0.417000 0.902000 0.016000 0.021000
0 0.461000 0.915000 0.016000 0.021000
0 0.634000 0.869000 0.016000 0.021000
0 0.634000 0.892000 0.016000 0.021000
0 0.625000 0.904000 0.016000 0.021000
0 0.639000 0.933000 0.016000 0.021000
0 0.620000 0.942000 0.016000 0.021000
0 0.686000 0.906000 0.016000 0.021000
0 0.733000 0.915000 0.016000 0.021000
0 0.727000 0.927000 0.016000 0.021000
0 0.806000 0.902000 0.016000 0.021000
0 0.833000 0.898000 0.016000 0.021000
0 0.836000 0.885000 0.016000 0.021000
0 0.841000 0.917000 0.016000 0.021000
0 0.852000 0.915000 0.016000 0.021000
0 0.864000 0.906000 0.016000 0.021000
0 0.889000 0.933000 0.016000 0.021000
0 0.911000 0.929000 0.016000 0.021000
0 0.933000 0.908000 0.016000 0.021000
0 0.928000 0.940000 0.016000 0.021000
0 0.044000 0.631000 0.016000 0.021000
0 0.975000 0.042000 0.016000 0.021000
0 0.970000 0.021000 0.016000 0.021000
0 0.973000 0.194000 0.016000 0.021000
0 0.967000 0.206000 0.016000 0.021000
0 0.983000 0.167000 0.016000 0.021000
0 0.981000 0.217000 0.016000 0.021000
0 0.939000 0.221000 0.016000 0.021000
0 0.922000 0.227000 0.016000 0.021000
0 0.972000 0.367000 0.016000 0.021000
0 0.980000 0.510000 0.016000 0.021000
0 0.980000 0.527000 0.016000 0.021000
0 0.986000 0.329000 0.016000 0.021000
0 0.777000 0.173000 0.016000 0.021000
0 0.758000 0.100000 0.016000 0.021000
0 0.953000 0.542000 0.016000 0.021000
0 0.983000 0.619000 0.016000 0.021000
0 0.984000 0.640000 0.016000 0.021000
0 0.978000 0.688000 0.016000 0.021000
0 0.981000 0.702000 0.016000 0.021000
0 0.958000 0.719000 0.016000 0.021000
0 0.978000 0.910000 0.016000 0.021000
0 0.950000 0.952000 0.016000 0.021000
0 0.938000 0.946000 0.016000 0.021000
0 0.788000 0.900000 0.016000 0.021000
0 0.691000 0.702000 0.016000 0.021000
0 0.656000 0.606000 0.016000 0.021000
0 0.741000 0.442000 0.016000 0.021000
0 0.689000 0.877000 0.016000 0.021000
0 0.734000 0.975000 0.016000 0.021000
0 0.831000 0.983000 0.016000 0.021000
0 0.658000 0.977000 0.016000 0.021000
0 0.633000 0.950000 0.016000 0.021000
0 0.588000 0.952000 0.016000 0.021000
0 0.573000 0.956000 0.016000 0.021000
0 0.513000 0.960000 0.016000 0.021000
0 0.331000 0.981000 0.016000 0.021000
0 0.088000 0.950000 0.016000 0.021000
0 0.091000 0.921000 0.016000 0.021000
0 0.097000 0.906000 0.016000 0.021000
0 0.022000 0.900000 0.016000 0.021000
0 0.014000 0.879000 0.016000 0.021000
0 0.014000 0.921000 0.016000 0.021000
0 0.120000 0.842000 0.016000 0.021000
0 0.017000 0.783000 0.016000 0.021000
0 0.070000 0.735000 0.016000 0.021000
0 0.023000 0.692000 0.016000 0.021000
0 0.269000 0.654000 0.016000 0.021000
0 0.444000 0.742000 0.016000 0.021000
0 0.202000 0.412000 0.016000 0.021000
0 0.102000 0.031000 0.016000 0.021000
0 0.044000 0.027000 0.016000 0.021000
0 0.031000 0.046000 0.016000 0.021000
0 0.023000 0.065000 0.016000 0.021000
0 0.045000 0.129000 0.016000 0.021000
0 0.270000 0.040000 0.016000 0.021000
0 0.170000 0.027000 0.016000 0.021000
0 0.155000 0.023000 0.016000 0.021000
0 0.473000 0.106000 0.016000 0.021000
0 0.498000 0.138000 0.016000 0.021000
0 0.747000 0.396000 0.016000 0.021000
0 0.795000 0.046000 0.016000 0.021000
0 0.713000 0.035000 0.016000 0.021000
0 0.683000 0.048000 0.016000 0.021000
0 0.661000 0.044000 0.016000 0.021000
0 0.336000 0.133000 0.016000 0.021000
0 0.589000 0.981000 0.016000 0.021000
0 0.942000 0.977000 0.016000 0.021000
0 0.331640 0.015278 0.013280 0.022222
0 0.991016 0.275000 0.013280 0.030556
0 0.990625 0.563889 0.017188 0.027778
0 0.004688 0.300000 0.009375 0.030556
0 0.006250 0.184028 0.012500 0.029167
0 0.479688 0.990278 0.015625 0.019444
0 0.994140 0.381250 0.010156 0.023611
0 0.993359 0.509722 0.010156 0.019444
0 0.992578 0.136110 0.013280 0.025000
0 0.305469 0.366667 0.014062 0.044444
0 0.169530 0.804860 0.014062 0.026389
0 0.271484 0.572917 0.016406 0.034722
0 0.146875 0.305556 0.018750 0.027778
0 0.142188 0.478472 0.012500 0.034722
0 0.155859 0.409028 0.011719 0.037500
0 0.901172 0.802778 0.013280 0.038889
0 0.435937 0.262500 0.012500 0.036111
0 0.406640 0.307639 0.011719 0.031944
0 0.841016 0.270833 0.011719 0.036111
0 0.372266 0.372222 0.013280 0.036111
0 0.569922 0.553472 0.013280 0.045833
0 0.727734 0.592360 0.011719 0.037500
0 0.718750 0.367360 0.012500 0.037500
0 0.816016 0.649306 0.008594 0.031944
0 0.825780 0.637500 0.009375 0.036111
0 0.875000 0.376389 0.010937 0.036111
0 0.801953 0.495139 0.013280 0.037500
0 0.676172 0.197917 0.013280 0.034722
0 0.530859 0.179167 0.010156 0.025000
0 0.989062 0.976389 0.017188 0.027778
0 0.910547 0.111806 0.013280 0.034722
0 0.835938 0.804167 0.010937 0.036111
0 0.019530 0.661110 0.014062 0.033333
0 0.026172 0.861806 0.011719 0.034722
0 0.066797 0.927778 0.011719 0.036111
0 0.071094 0.884028 0.010937 0.034722
0 0.060938 0.865972 0.015625 0.031944
0 0.077734 0.977083 0.013280 0.037500
0 0.100390 0.827083 0.013280 0.031944
0 0.545313 0.856944 0.017188 0.036111
0 0.853125 0.202083 0.014062 0.031944
0 0.180469 0.186110 0.012500 0.033333
0 0.279687 0.790972 0.015625 0.026389
0 0.967578 0.611806 0.011719 0.034722
0 0.535937 0.561806 0.014062 0.031944
0 0.335156 0.100694 0.014062 0.029167
0 0.775780 0.461806 0.014062 0.031944
0 0.062500 0.011806 0.015625 0.023611
0 0.712890 0.980556 0.016406 0.019444
0 0.803906 0.025000 0.012500 0.025000
0 0.839453 0.038889 0.013280 0.036111
0 0.830078 0.050000 0.016406 0.030556
0 0.235156 0.978472 0.017188 0.018056
0 0.130469 0.106250 0.018750 0.029167
0 0.063672 0.292361 0.013281 0.037500
0 0.071875 0.472222 0.017188 0.025000
0 0.042188 0.481944 0.012500 0.030556
0 0.066016 0.568750 0.017969 0.029167
0 0.039844 0.352083 0.015625 0.031944
0 0.192578 0.272917 0.017969 0.029167
0 0.232422 0.296528 0.010156 0.040278
0 0.278125 0.375694 0.010937 0.031944
0 0.281250 0.341667 0.017188 0.022222
0 0.181250 0.945139 0.018750 0.023611
0 0.225000 0.956944 0.010937 0.036111
0 0.241016 0.859028 0.011719 0.034722
0 0.390625 0.894444 0.014062 0.033333
0 0.394531 0.831250 0.018750 0.029167
0 0.499609 0.861111 0.016406 0.027778
0 0.524219 0.880556 0.015625 0.033333
0 0.541797 0.676389 0.013281 0.027778
0 0.534766 0.658333 0.010156 0.036111
0 0.361328 0.362500 0.016406 0.022222
0 0.241406 0.579167 0.021875 0.025000
0 0.270312 0.205556 0.021875 0.027778
0 0.626953 0.096528 0.016406 0.029167
0 0.781641 0.109028 0.013281 0.023611
0 0.500781 0.029861 0.015625 0.026389
0 0.580469 0.022917 0.015625 0.029167
0 0.774219 0.092361 0.009375 0.040278
0 0.993359 0.091667 0.011719 0.022222
0 0.830078 0.506250 0.013281 0.034722
0 0.898047 0.577778 0.011719 0.036111
0 0.351953 0.784028 0.022656 0.023611
0 0.428906 0.647917 0.018750 0.029167
0 0.641016 0.620139 0.016406 0.026389
0 0.958203 0.775000 0.013281 0.030556
0 0.617969 0.398611 0.012500 0.025000
0 0.446094 0.225000 0.012500 0.033333
0 0.544141 0.331250 0.014844 0.029167
0 0.480078 0.284028 0.011719 0.034722
0 0.582812 0.267361 0.015625 0.029167
0 0.329688 0.526389 0.012500 0.022222
0 0.324609 0.513194 0.013281 0.026389
0 0.386328 0.493750 0.016406 0.029167
0 0.448828 0.543056 0.011719 0.036111
0 0.421875 0.512500 0.017188 0.025000
0 0.408984 0.711806 0.011719 0.029167
0 0.270312 0.695139 0.014062 0.037500
0 0.634375 0.229167 0.017188 0.030556
0 0.641797 0.180556 0.013281 0.036111
0 0.670313 0.097917 0.010937 0.034722
0 0.743359 0.309722 0.013281 0.030556
0 0.754297 0.318056 0.014844 0.025000
0 0.776172 0.213194 0.011719 0.040278
0 0.424219 0.299306 0.017188 0.029167
0 0.717188 0.143056 0.012500 0.030556
0 0.812500 0.160417 0.012500 0.034722
0 0.877734 0.769444 0.016406 0.030556
0 0.493750 0.413194 0.018750 0.029167
0 0.554688 0.613889 0.017188 0.030556
0 0.683594 0.526389 0.009375 0.030556
0 0.788672 0.539583 0.011719 0.029167
0 0.862109 0.347917 0.013281 0.040278
0 0.308594 0.542361 0.012500 0.040278
0 0.311328 0.664583 0.011719 0.037500
0 0.368359 0.626389 0.014844 0.027778
0 0.412891 0.483333 0.021094 0.025000
0 0.912500 0.278472 0.014062 0.029167
0 0.023438 0.150694 0.017188 0.020833
0 0.237500 0.236111 0.014062 0.033333
0 0.253125 0.341667 0.012500 0.036111
0 0.544922 0.777778 0.014844 0.019444
0 0.525781 0.763889 0.017188 0.019444
0 0.650781 0.760417 0.018750 0.023611
0 0.719141 0.812500 0.014844 0.030556
0 0.740234 0.879861 0.014844 0.029167
0 0.855469 0.844444 0.018750 0.019444
0 0.900781 0.642361 0.012500 0.040278
0 0.920703 0.409722 0.016406 0.025000
0 0.846094 0.179167 0.018750 0.022222
0 0.968750 0.470139 0.017188 0.026389
0 0.253516 0.051389 0.011719 0.038889
0 0.428906 0.165278 0.012500 0.038889
0 0.575781 0.441667 0.015625 0.027778
0 0.566797 0.422222 0.019531 0.025000
0 0.577734 0.375000 0.013281 0.033333
0 0.795703 0.803472 0.017969 0.020833
0 0.970312 0.872917 0.017188 0.029167
0 0.321484 0.420139 0.017969 0.029167
0 0.383203 0.456250 0.017969 0.023611
0 0.421484 0.393056 0.010156 0.033333
0 0.429688 0.412500 0.017188 0.019444
0 0.432422 0.363194 0.011719 0.034722
0 0.519531 0.536806 0.010937 0.031944
0 0.535937 0.518750 0.014062 0.026389
0 0.305859 0.806250 0.013281 0.031944
0 0.405078 0.592361 0.019531 0.029167
0 0.812500 0.927083 0.010937 0.026389
0 0.814844 0.950694 0.009375 0.023611
0 0.482031 0.384722 0.014062 0.019444
0 0.479688 0.368056 0.009375 0.033333
0 0.469922 0.372917 0.014844 0.020833
0 0.806250 0.593750 0.010937 0.023611
0 0.814844 0.595833 0.012500 0.025000
0 0.792188 0.629861 0.010937 0.031944
0 0.787109 0.619444 0.011719 0.030556
0 0.775391 0.727083 0.017969 0.026389
0 0.082813 0.561111 0.015625 0.025000
0 0.084375 0.581944 0.010937 0.027778
0 0.060938 0.490278 0.012500 0.030556
0 0.051172 0.488194 0.011719 0.029167
0 0.680469 0.599306 0.012500 0.023611
0 0.692578 0.599306 0.013281 0.018056
