0 0.883000 0.060000 0.016000 0.021000
0 0.900000 0.094000 0.016000 0.021000
0 0.905000 0.098000 0.016000 0.021000
0 0.948000 0.204000 0.016000 0.021000
0 0.948000 0.223000 0.016000 0.021000
0 0.931000 0.221000 0.016000 0.021000
0 0.925000 0.235000 0.016000 0.021000
0 0.927000 0.258000 0.016000 0.021000
0 0.925000 0.279000 0.016000 0.021000
0 0.906000 0.317000 0.016000 0.021000
0 0.931000 0.340000 0.016000 0.021000
0 0.916000 0.329000 0.016000 0.021000
0 0.967000 0.375000 0.016000 0.021000
0 0.923000 0.373000 0.016000 0.021000
0 0.878000 0.315000 0.016000 0.021000
0 0.917000 0.427000 0.016000 0.021000
0 0.880000 0.419000 0.016000 0.021000
0 0.913000 0.475000 0.016000 0.021000
0 0.953000 0.479000 0.016000 0.021000
0 0.853000 0.440000 0.016000 0.021000
0 0.844000 0.456000 0.016000 0.021000
0 0.844000 0.421000 0.016000 0.021000
0 0.841000 0.360000 0.016000 0.021000
0 0.806000 0.371000 0.016000 0.021000
0 0.806000 0.335000 0.016000 0.021000
0 0.808000 0.312000 0.016000 0.021000
0 0.952000 0.606000 0.016000 0.021000
0 0.939000 0.606000 0.016000 0.021000
0 0.895000 0.569000 0.016000 0.021000
0 0.881000 0.562000 0.016000 0.021000
0 0.864000 0.573000 0.016000 0.021000
0 0.855000 0.590000 0.016000 0.021000
0 0.847000 0.575000 0.016000 0.021000
0 0.853000 0.562000 0.016000 0.021000
0 0.856000 0.629000 0.016000 0.021000
0 0.842000 0.646000 0.016000 0.021000
0 0.836000 0.681000 0.016000 0.021000
0 0.877000 0.758000 0.016000 0.021000
0 0.878000 0.777000 0.016000 0.021000
0 0.952000 0.715000 0.016000 0.021000
0 0.834000 0.881000 0.016000 0.021000
0 0.825000 0.887000 0.016000 0.021000
0 0.802000 0.898000 0.016000 0.021000
0 0.814000 0.919000 0.016000 0.021000
0 0.809000 0.933000 0.016000 0.021000
0 0.845000 0.850000 0.016000 0.021000
0 0.825000 0.802000 0.016000 0.021000
0 0.802000 0.798000 0.016000 0.021000
0 0.766000 0.806000 0.016000 0.021000
0 0.761000 0.790000 0.016000 0.021000
0 0.727000 0.796000 0.016000 0.021000
0 0.714000 0.821000 0.016000 0.021000
0 0.745000 0.873000 0.016000 0.021000
0 0.734000 0.921000 0.016000 0.021000
0 0.734000 0.929000 0.016000 0.021000
0 0.683000 0.906000 0.016000 0.021000
0 0.642000 0.892000 0.016000 0.021000
0 0.636000 0.873000 0.016000 0.021000
0 0.634000 0.906000 0.016000 0.021000
0 0.628000 0.931000 0.016000 0.021000
0 0.631000 0.954000 0.016000 0.021000
0 0.639000 0.940000 0.016000 0.021000
0 0.645000 0.954000 0.016000 0.021000
0 0.591000 0.958000 0.016000 0.021000
0 0.569000 0.960000 0.016000 0.021000
0 0.455000 0.910000 0.016000 0.021000
0 0.550000 0.865000 0.016000 0.021000
0 0.570000 0.823000 0.016000 0.021000
0 0.575000 0.838000 0.016000 0.021000
0 0.508000 0.827000 0.016000 0.021000
0 0.530000 0.806000 0.016000 0.021000
0 0.411000 0.900000 0.016000 0.021000
0 0.386000 0.792000 0.016000 0.021000
0 0.341000 0.775000 0.016000 0.021000
0 0.308000 0.794000 0.016000 0.021000
0 0.267000 0.879000 0.016000 0.021000
0 0.253000 0.869000 0.016000 0.021000
0 0.305000 0.860000 0.016000 0.021000
0 0.186000 0.944000 0.016000 0.021000
0 0.136000 0.871000 0.016000 0.021000
0 0.125000 0.867000 0.016000 0.021000
0 0.125000 0.833000 0.016000 0.021000
0 0.128000 0.812000 0.016000 0.021000
0 0.069000 0.850000 0.016000 0.021000
0 0.030000 0.885000 0.016000 0.021000
0 0.100000 0.767000 0.016000 0.021000
0 0.052000 0.756000 0.016000 0.021000
0 0.156000 0.787000 0.016000 0.021000
0 0.125000 0.694000 0.016000 0.021000
0 0.114000 0.685000 0.016000 0.021000
0 0.111000 0.669000 0.016000 0.021000
0 0.111000 0.654000 0.016000 0.021000
0 0.052000 0.631000 0.016000 0.021000
0 0.072000 0.562000 0.016000 0.021000
0 0.084000 0.571000 0.016000 0.021000
0 0.108000 0.508000 0.016000 0.021000
0 0.117000 0.502000 0.016000 0.021000
0 0.078000 0.467000 0.016000 0.021000
0 0.064000 0.481000 0.016000 0.021000
0 0.045000 0.471000 0.016000 0.021000
0 0.102000 0.302000 0.016000 0.021000
0 0.095000 0.321000 0.016000 0.021000
0 0.114000 0.321000 0.016000 0.021000
0 0.150000 0.177000 0.016000 0.021000
0 0.158000 0.142000 0.016000 0.021000
0 0.075000 0.121000 0.016000 0.021000
0 0.066000 0.119000 0.016000 0.021000
0 0.059000 0.154000 0.016000 0.021000
0 0.086000 0.058000 0.016000 0.021000
0 0.117000 0.106000 0.016000 0.021000
0 0.133000 0.100000 0.016000 0.021000
0 0.169000 0.075000 0.016000 0.021000
0 0.173000 0.110000 0.016000 0.021000
0 0.192000 0.177000 0.016000 0.021000
0 0.208000 0.167000 0.016000 0.021000
0 0.208000 0.150000 0.016000 0.021000
0 0.230000 0.113000 0.016000 0.021000
0 0.234000 0.094000 0.016000 0.021000
0 0.252000 0.113000 0.016000 0.021000
0 0.234000 0.140000 0.016000 0.021000
0 0.244000 0.148000 0.016000 0.021000
0 0.270000 0.129000 0.016000 0.021000
0 0.283000 0.121000 0.016000 0.021000
0 0.289000 0.104000 0.016000 0.021000
0 0.259000 0.065000 0.016000 0.021000
0 0.320000 0.119000 0.016000 0.021000
0 0.317000 0.138000 0.016000 0.021000
0 0.298000 0.152000 0.016000 0.021000
0 0.278000 0.202000 0.016000 0.021000
0 0.319000 0.227000 0.016000 0.021000
0 0.353000 0.150000 0.016000 0.021000
0 0.394000 0.062000 0.016000 0.021000
0 0.394000 0.046000 0.016000 0.021000
0 0.413000 0.077000 0.016000 0.021000
0 0.403000 0.113000 0.016000 0.021000
0 0.375000 0.117000 0.016000 0.021000
0 0.388000 0.177000 0.016000 0.021000
0 0.380000 0.194000 0.016000 0.021000
0 0.384000 0.208000 0.016000 0.021000
0 0.428000 0.229000 0.016000 0.021000
0 0.450000 0.192000 0.016000 0.021000
0 0.425000 0.125000 0.016000 0.021000
0 0.433000 0.065000 0.016000 0.021000
0 0.477000 0.073000 0.016000 0.021000
0 0.483000 0.106000 0.016000 0.021000
0 0.500000 0.131000 0.016000 0.021000
0 0.513000 0.212000 0.016000 0.021000
0 0.513000 0.233000 0.016000 0.021000
0 0.555000 0.156000 0.016000 0.021000
0 0.561000 0.119000 0.016000 0.021000
0 0.541000 0.092000 0.016000 0.021000
0 0.550000 0.077000 0.016000 0.021000
0 0.567000 0.173000 0.016000 0.021000
0 0.647000 0.198000 0.016000 0.021000
0 0.655000 0.169000 0.016000 0.021000
0 0.678000 0.142000 0.016000 0.021000
0 0.645000 0.142000 0.016000 0.021000
0 0.631000 0.117000 0.016000 0.021000
0 0.620000 0.092000 0.016000 0.021000
0 0.663000 0.044000 0.016000 0.021000
0 0.666000 0.062000 0.016000 0.021000
0 0.670000 0.073000 0.016000 0.021000
0 0.706000 0.067000 0.016000 0.021000
0 0.713000 0.044000 0.016000 0.021000
0 0.720000 0.046000 0.016000 0.021000
0 0.725000 0.104000 0.016000 0.021000
0 0.811000 0.106000 0.016000 0.021000
0 0.812000 0.123000 0.016000 0.021000
0 0.834000 0.058000 0.016000 0.021000
0 0.784000 0.171000 0.016000 0.021000
0 0.748000 0.317000 0.016000 0.021000
0 0.741000 0.306000 0.016000 0.021000
0 0.709000 0.294000 0.016000 0.021000
0 0.705000 0.271000 0.016000 0.021000
0 0.669000 0.340000 0.016000 0.021000
0 0.645000 0.335000 0.016000 0.021000
0 0.583000 0.306000 0.016000 0.021000
0 0.502000 0.287000 0.016000 0.021000
0 0.486000 0.287000 0.016000 0.021000
0 0.484000 0.265000 0.016000 0.021000
0 0.431000 0.302000 0.016000 0.021000
0 0.336000 0.275000 0.016000 0.021000
0 0.202000 0.279000 0.016000 0.021000
0 0.092000 0.346000 0.016000 0.021000
0 0.111000 0.375000 0.016000 0.021000
0 0.123000 0.400000 0.016000 0.021000
0 0.278000 0.342000 0.016000 0.021000
0 0.438000 0.340000 0.016000 0.021000
0 0.436000 0.375000 0.016000 0.021000
0 0.433000 0.410000 0.016000 0.021000
0 0.447000 0.377000 0.016000 0.021000
0 0.463000 0.377000 0.016000 0.021000
0 0.478000 0.381000 0.016000 0.021000
0 0.494000 0.404000 0.016000 0.021000
0 0.509000 0.404000 0.016000 0.021000
0 0.516000 0.415000 0.016000 0.021000
0 0.544000 0.344000 0.016000 0.021000
0 0.528000 0.481000 0.016000 0.021000
0 0.559000 0.362000 0.016000 0.021000
0 0.555000 0.429000 0.016000 0.021000
0 0.567000 0.429000 0.016000 0.021000
0 0.611000 0.398000 0.016000 0.021000
0 0.639000 0.427000 0.016000 0.021000
0 0.588000 0.481000 0.016000 0.021000
0 0.573000 0.473000 0.016000 0.021000
0 0.758000 0.367000 0.016000 0.021000
0 0.761000 0.433000 0.016000 0.021000
0 0.742000 0.440000 0.016000 0.021000
0 0.759000 0.454000 0.016000 0.021000
0 0.773000 0.448000 0.016000 0.021000
0 0.717000 0.519000 0.016000 0.021000
0 0.650000 0.512000 0.016000 0.021000
0 0.630000 0.498000 0.016000 0.021000
0 0.567000 0.494000 0.016000 0.021000
0 0.548000 0.521000 0.016000 0.021000
0 0.533000 0.521000 0.016000 0.021000
0 0.500000 0.562000 0.016000 0.021000
0 0.498000 0.523000 0.016000 0.021000
0 0.494000 0.498000 0.016000 0.021000
0 0.480000 0.606000 0.016000 0.021000
0 0.488000 0.610000 0.016000 0.021000
0 0.425000 0.487000 0.016000 0.021000
0 0.378000 0.456000 0.016000 0.021000
0 0.328000 0.419000 0.016000 0.021000
0 0.280000 0.392000 0.016000 0.021000
0 0.222000 0.423000 0.016000 0.021000
0 0.202000 0.444000 0.016000 0.021000
0 0.194000 0.433000 0.016000 0.021000
0 0.192000 0.412000 0.016000 0.021000
0 0.192000 0.456000 0.016000 0.021000
0 0.238000 0.500000 0.016000 0.021000
0 0.305000 0.456000 0.016000 0.021000
0 0.236000 0.577000 0.016000 0.021000
0 0.192000 0.558000 0.016000 0.021000
0 0.181000 0.562000 0.016000 0.021000
0 0.195000 0.537000 0.016000 0.021000
0 0.395000 0.592000 0.016000 0.021000
0 0.391000 0.677000 0.016000 0.021000
0 0.413000 0.698000 0.016000 0.021000
0 0.402000 0.717000 0.016000 0.021000
0 0.537000 0.671000 0.016000 0.021000
0 0.488000 0.696000 0.016000 0.021000
0 0.483000 0.723000 0.016000 0.021000
0 0.470000 0.740000 0.016000 0.021000
0 0.491000 0.740000 0.016000 0.021000
0 0.509000 0.727000 0.016000 0.021000
0 0.533000 0.762000 0.016000 0.021000
0 0.552000 0.773000 0.016000 0.021000
0 0.589000 0.644000 0.016000 0.021000
0 0.595000 0.631000 0.016000 0.021000
0 0.631000 0.625000 0.016000 0.021000
0 0.625000 0.665000 0.016000 0.021000
0 0.647000 0.685000 0.016000 0.021000
0 0.683000 0.700000 0.016000 0.021000
0 0.655000 0.729000 0.016000 0.021000
0 0.642000 0.756000 0.016000 0.021000
0 0.611000 0.758000 0.016000 0.021000
0 0.598000 0.796000 0.016000 0.021000
0 0.625000 0.781000 0.016000 0.021000
0 0.683000 0.767000 0.016000 0.021000
0 0.734000 0.742000 0.016000 0.021000
0 0.741000 0.717000 0.016000 0.021000
0 0.755000 0.727000 0.016000 0.021000
0 0.767000 0.717000 0.016000 0.021000
0 0.750000 0.771000 0.016000 0.021000
0 0.811000 0.700000 0.016000 0.021000
0 0.820000 0.665000 0.016000 0.021000
0 0.819000 0.623000 0.016000 0.021000
0 0.812000 0.602000 0.016000 0.021000
0 0.756000 0.656000 0.016000 0.021000
0 0.752000 0.675000 0.016000 0.021000
0 0.719000 0.669000 0.016000 0.021000
0 0.312000 0.729000 0.016000 0.021000
0 0.305000 0.721000 0.016000 0.021000
0 0.298000 0.706000 0.016000 0.021000
0 0.258000 0.683000 0.016000 0.021000
0 0.258000 0.665000 0.016000 0.021000
0 0.267000 0.704000 0.016000 0.021000
0 0.970000 0.200000 0.016000 0.021000
0 0.966000 0.188000 0.016000 0.021000
0 0.977000 0.188000 0.016000 0.021000
0 0.975000 0.152000 0.016000 0.021000
0 0.972000 0.033000 0.016000 0.021000
0 0.984000 0.223000 0.016000 0.021000
0 0.969000 0.517000 0.016000 0.021000
0 0.981000 0.531000 0.016000 0.021000
0 0.959000 0.540000 0.016000 0.021000
0 0.983000 0.592000 0.016000 0.021000
0 0.988000 0.613000 0.016000 0.021000
0 0.975000 0.692000 0.016000 0.021000
0 0.981000 0.715000 0.016000 0.021000
0 0.969000 0.844000 0.016000 0.021000
0 0.978000 0.881000 0.016000 0.021000
0 0.972000 0.912000 0.016000 0.021000
0 0.939000 0.925000 0.016000 0.021000
0 0.931000 0.944000 0.016000 0.021000
0 0.819000 0.973000 0.016000 0.021000
0 0.752000 0.967000 0.016000 0.021000
0 0.656000 0.965000 0.016000 0.021000
0 0.695000 0.890000 0.016000 0.021000
0 0.688000 0.873000 0.016000 0.021000
0 0.586000 0.981000 0.016000 0.021000
0 0.513000 0.760000 0.016000 0.021000
0 0.647000 0.606000 0.016000 0.021000
0 0.678000 0.606000 0.016000 0.021000
0 0.803000 0.594000 0.016000 0.021000
0 0.809000 0.579000 0.016000 0.021000
0 0.334000 0.975000 0.016000 0.021000
0 0.230000 0.963000 0.016000 0.021000
0 0.230000 0.979000 0.016000 0.021000
0 0.084000 0.952000 0.016000 0.021000
0 0.023000 0.783000 0.016000 0.021000
0 0.159000 0.850000 0.016000 0.021000
0 0.031000 0.696000 0.016000 0.021000
0 0.220000 0.521000 0.016000 0.021000
0 0.231000 0.490000 0.016000 0.021000
0 0.311000 0.525000 0.016000 0.021000
0 0.325000 0.515000 0.016000 0.021000
0 0.284000 0.435000 0.016000 0.021000
0 0.173000 0.371000 0.016000 0.021000
0 0.050000 0.415000 0.016000 0.021000
0 0.047000 0.429000 0.016000 0.021000
0 0.036000 0.348000 0.016000 0.021000
0 0.016000 0.146000 0.016000 0.021000
0 0.052000 0.125000 0.016000 0.021000
0 0.052000 0.115000 0.016000 0.021000
0 0.155000 0.021000 0.016000 0.021000
0 0.172000 0.033000 0.016000 0.021000
0 0.267000 0.046000 0.016000 0.021000
0 0.163000 0.090000 0.016000 0.021000
0 0.436000 0.029000 0.016000 0.021000
0 0.506000 0.023000 0.016000 0.021000
0 0.581000 0.029000 0.016000 0.021000
0 0.795000 0.029000 0.016000 0.021000
0 0.688000 0.048000 0.016000 0.021000
0 0.800000 0.046000 0.016000 0.021000
0 0.816000 0.027000 0.016000 0.021000
0 0.838000 0.033000 0.016000 0.021000
0 0.833000 0.129000 0.016000 0.021000
0 0.777000 0.108000 0.016000 0.021000
0 0.808000 0.144000 0.016000 0.021000
0 0.664000 0.117000 0.016000 0.021000
0 0.753000 0.385000 0.016000 0.021000
0 0.323000 0.160000 0.016000 0.021000
0 0.469000 0.592000 0.016000 0.021000
0 0.442000 0.619000 0.016000 0.021000
0 0.377000 0.665000 0.016000 0.021000
0 0.547000 0.608000 0.016000 0.021000
0 0.641000 0.523000 0.016000 0.021000
0 0.073000 0.550000 0.016000 0.021000
0 0.377000 0.442000 0.016000 0.021000
0 0.717000 0.981000 0.016000 0.021000
0 0.659000 0.985000 0.016000 0.021000
0 0.945000 0.983000 0.016000 0.021000
0 0.986000 0.973000 0.016000 0.021000
0 0.986000 0.571000 0.016000 0.021000
0 0.989000 0.290000 0.016000 0.021000
0 0.991000 0.340000 0.016000 0.021000
0 0.445703 0.745139 0.007031 0.034722
0 0.449609 0.745139 0.014844 0.018056
0 0.008594 0.922222 0.017188 0.022222
0 0.903516 0.650000 0.011719 0.038889
0 0.909766 0.929167 0.011719 0.036111
0 0.990625 0.251389 0.017188 0.016667
0 0.992578 0.168056 0.013281 0.025000
0 0.992969 0.470833 0.012500 0.016667
0 0.990234 0.505556 0.017969 0.022222
0 0.570313 0.988194 0.014062 0.018056
0 0.483594 0.984722 0.017188 0.025000
0 0.222656 0.006944 0.014062 0.013889
0 0.316016 0.010417 0.016406 0.020833
0 0.005859 0.304167 0.011719 0.036111
0 0.004688 0.212500 0.009375 0.025000
0 0.004688 0.188194 0.009375 0.020833
0 0.080859 0.986806 0.016406 0.018056
0 0.155859 0.413194 0.011719 0.034722
0 0.232031 0.287500 0.014062 0.036111
0 0.569141 0.560417 0.013281 0.045833
0 0.535937 0.559722 0.010937 0.036111
0 0.560156 0.218750 0.015625 0.026389
0 0.676562 0.193750 0.010937 0.034722
0 0.844141 0.261111 0.011719 0.041667
0 0.789844 0.536806 0.012500 0.031944
0 0.782422 0.900694 0.014844 0.031944
0 0.727344 0.584722 0.009375 0.030556
0 0.672656 0.686806 0.009375 0.034722
0 0.453125 0.557639 0.012500 0.040278
0 0.178906 0.200000 0.010937 0.038889
0 0.826953 0.501389 0.013281 0.033333
0 0.367969 0.936806 0.015625 0.034722
0 0.902344 0.793056 0.012500 0.038889
0 0.282031 0.796528 0.014062 0.040278
0 0.060547 0.300000 0.016406 0.033333
0 0.240625 0.229861 0.012500 0.037500
0 0.577734 0.367361 0.010156 0.034722
0 0.992969 0.375694 0.012500 0.023611
0 0.300391 0.271528 0.014844 0.034722
0 0.265625 0.379861 0.015625 0.031944
0 0.273438 0.580556 0.014062 0.041667
0 0.718750 0.373611 0.015625 0.041667
0 0.476563 0.542361 0.015625 0.026389
0 0.100781 0.819444 0.014062 0.033333
0 0.467969 0.218056 0.014062 0.033333
0 0.385938 0.492361 0.017188 0.037500
0 0.682813 0.536806 0.014062 0.040278
0 0.333203 0.097917 0.013281 0.040278
0 0.980078 0.983333 0.016406 0.022222
0 0.988672 0.946528 0.016406 0.023611
0 0.972266 0.016667 0.013281 0.027778
0 0.347266 0.056944 0.016406 0.027778
0 0.118359 0.068750 0.011719 0.040278
0 0.025000 0.072222 0.012500 0.038889
0 0.032031 0.052083 0.010937 0.034722
0 0.041016 0.023611 0.011719 0.033333
0 0.056641 0.011111 0.017969 0.022222
0 0.094531 0.031944 0.017188 0.019444
0 0.020703 0.656944 0.014844 0.030556
0 0.013672 0.886806 0.011719 0.031944
0 0.254687 0.334722 0.012500 0.033333
0 0.303906 0.378472 0.012500 0.031944
0 0.192188 0.802083 0.015625 0.023611
0 0.145703 0.472222 0.013281 0.033333
0 0.151172 0.564583 0.014844 0.034722
0 0.158203 0.608333 0.016406 0.027778
0 0.187500 0.481250 0.017188 0.026389
0 0.143750 0.297222 0.017188 0.030556
0 0.160156 0.259722 0.015625 0.025000
0 0.167969 0.797917 0.012500 0.037500
0 0.023047 0.854167 0.011719 0.027778
0 0.311719 0.675694 0.010937 0.029167
0 0.280859 0.468056 0.019531 0.022222
0 0.257031 0.444444 0.017188 0.022222
0 0.240234 0.391667 0.016406 0.022222
0 0.408203 0.300694 0.013281 0.034722
0 0.357031 0.360417 0.014062 0.029167
0 0.377344 0.356250 0.012500 0.029167
0 0.439844 0.559722 0.010937 0.025000
0 0.431250 0.576389 0.012500 0.025000
0 0.382813 0.645833 0.012500 0.033333
0 0.359375 0.637500 0.014062 0.027778
0 0.516016 0.544444 0.014844 0.038889
0 0.532422 0.169444 0.011719 0.033333
0 0.580859 0.254861 0.013281 0.034722
0 0.635156 0.375694 0.015625 0.026389
0 0.627344 0.229167 0.017188 0.030556
0 0.657812 0.240972 0.020312 0.018056
0 0.613672 0.452083 0.019531 0.026389
0 0.672656 0.090972 0.009375 0.031944
0 0.697266 0.090278 0.014844 0.030556
0 0.771094 0.090278 0.014062 0.038889
0 0.760156 0.199306 0.014062 0.037500
0 0.769922 0.250000 0.013281 0.033333
0 0.776953 0.214583 0.010156 0.034722
0 0.794531 0.256944 0.010937 0.027778
0 0.793359 0.235417 0.010156 0.029167
0 0.735547 0.688194 0.010156 0.031944
0 0.710547 0.560417 0.017969 0.023611
0 0.735156 0.498611 0.015625 0.027778
0 0.738281 0.513889 0.010937 0.022222
0 0.755469 0.523611 0.015625 0.022222
0 0.745313 0.538194 0.014062 0.026389
0 0.784766 0.697917 0.014844 0.034722
0 0.421484 0.613889 0.013281 0.025000
0 0.433203 0.647222 0.016406 0.027778
0 0.416406 0.508333 0.015625 0.025000
0 0.537891 0.648611 0.011719 0.027778
0 0.519141 0.887500 0.013281 0.025000
0 0.495313 0.855556 0.015625 0.025000
0 0.517578 0.954167 0.014844 0.019444
0 0.713281 0.747917 0.014062 0.029167
0 0.823438 0.815972 0.010937 0.037500
0 0.885156 0.945139 0.012500 0.037500
0 0.860156 0.901389 0.010937 0.030556
0 0.850000 0.915972 0.010937 0.026389
0 0.954297 0.961806 0.008594 0.031944
0 0.971484 0.604861 0.010156 0.045833
0 0.910156 0.459722 0.017188 0.027778
0 0.966406 0.077083 0.014062 0.029167
0 0.846094 0.185417 0.009375 0.031944
0 0.838672 0.179167 0.014844 0.022222
0 0.829297 0.092361 0.011719 0.029167
0 0.934375 0.898611 0.014062 0.036111
0 0.417578 0.398611 0.011719 0.036111
0 0.371484 0.307639 0.013281 0.034722
0 0.390234 0.826389 0.016406 0.027778
0 0.386328 0.882639 0.013281 0.029167
0 0.444531 0.833333 0.018750 0.027778
0 0.294531 0.174306 0.018750 0.026389
0 0.186328 0.692361 0.019531 0.023611
0 0.659375 0.693056 0.009375 0.038889
0 0.802344 0.490972 0.012500 0.031944
0 0.793750 0.613194 0.012500 0.018056
0 0.792188 0.629861 0.010937 0.029167
0 0.836328 0.795139 0.008594 0.034722
0 0.837109 0.734722 0.011719 0.030556
0 0.851172 0.740972 0.014844 0.031944
0 0.858203 0.337500 0.011719 0.030556
0 0.871875 0.335417 0.017188 0.023611
0 0.875391 0.363889 0.010156 0.033333
0 0.828516 0.271528 0.013281 0.026389
0 0.911719 0.115278 0.010937 0.036111
0 0.908984 0.072222 0.017969 0.027778
0 0.901172 0.271528 0.014844 0.031944
0 0.574219 0.689583 0.014062 0.029167
0 0.448828 0.220139 0.013281 0.031944
0 0.437109 0.249306 0.013281 0.031944
0 0.430469 0.163194 0.010937 0.034722
0 0.427344 0.140972 0.014062 0.029167
0 0.837109 0.913889 0.011719 0.030556
0 0.960938 0.777778 0.014062 0.030556
0 0.716797 0.134722 0.013281 0.027778
0 0.760156 0.543750 0.015625 0.018056
0 0.053516 0.480556 0.011719 0.025000
0 0.075000 0.865972 0.012500 0.029167
0 0.068359 0.912500 0.010156 0.030556
0 0.078516 0.918056 0.008594 0.027778
0 0.089844 0.915278 0.012500 0.022222
0 0.672266 0.483333 0.011719 0.033333
0 0.666797 0.478472 0.013281 0.026389
