0 0.972000 0.173000 0.016000 0.021000
0 0.958000 0.188000 0.016000 0.021000
0 0.941000 0.152000 0.016000 0.021000
0 0.944000 0.135000 0.016000 0.021000
0 0.934000 0.152000 0.016000 0.021000
0 0.923000 0.146000 0.016000 0.021000
0 0.913000 0.121000 0.016000 0.021000
0 0.863000 0.102000 0.016000 0.021000
0 0.891000 0.181000 0.016000 0.021000
0 0.947000 0.260000 0.016000 0.021000
0 0.855000 0.285000 0.016000 0.021000
0 0.947000 0.312000 0.016000 0.021000
0 0.947000 0.348000 0.016000 0.021000
0 0.955000 0.400000 0.016000 0.021000
0 0.933000 0.417000 0.016000 0.021000
0 0.927000 0.438000 0.016000 0.021000
0 0.947000 0.446000 0.016000 0.021000
0 0.941000 0.462000 0.016000 0.021000
0 0.953000 0.494000 0.016000 0.021000
0 0.958000 0.510000 0.016000 0.021000
0 0.953000 0.537000 0.016000 0.021000
0 0.953000 0.567000 0.016000 0.021000
0 0.923000 0.567000 0.016000 0.021000
0 0.919000 0.560000 0.016000 0.021000
0 0.941000 0.600000 0.016000 0.021000
0 0.959000 0.615000 0.016000 0.021000
0 0.942000 0.637000 0.016000 0.021000
0 0.917000 0.604000 0.016000 0.021000
0 0.852000 0.204000 0.016000 0.021000
0 0.836000 0.169000 0.016000 0.021000
0 0.822000 0.144000 0.016000 0.021000
0 0.830000 0.181000 0.016000 0.021000
0 0.827000 0.279000 0.016000 0.021000
0 0.839000 0.315000 0.016000 0.021000
0 0.798000 0.290000 0.016000 0.021000
0 0.802000 0.325000 0.016000 0.021000
0 0.844000 0.344000 0.016000 0.021000
0 0.794000 0.367000 0.016000 0.021000
0 0.870000 0.392000 0.016000 0.021000
0 0.889000 0.412000 0.016000 0.021000
0 0.828000 0.452000 0.016000 0.021000
0 0.808000 0.452000 0.016000 0.021000
0 0.820000 0.479000 0.016000 0.021000
0 0.836000 0.494000 0.016000 0.021000
0 0.822000 0.498000 0.016000 0.021000
0 0.864000 0.529000 0.016000 0.021000
0 0.844000 0.548000 0.016000 0.021000
0 0.812000 0.588000 0.016000 0.021000
0 0.792000 0.573000 0.016000 0.021000
0 0.789000 0.583000 0.016000 0.021000
0 0.850000 0.625000 0.016000 0.021000
0 0.814000 0.637000 0.016000 0.021000
0 0.797000 0.633000 0.016000 0.021000
0 0.827000 0.673000 0.016000 0.021000
0 0.833000 0.692000 0.016000 0.021000
0 0.878000 0.700000 0.016000 0.021000
0 0.891000 0.704000 0.016000 0.021000
0 0.905000 0.706000 0.016000 0.021000
0 0.920000 0.690000 0.016000 0.021000
0 0.927000 0.717000 0.016000 0.021000
0 0.931000 0.779000 0.016000 0.021000
0 0.927000 0.792000 0.016000 0.021000
0 0.952000 0.777000 0.016000 0.021000
0 0.959000 0.733000 0.016000 0.021000
0 0.880000 0.744000 0.016000 0.021000
0 0.905000 0.892000 0.016000 0.021000
0 0.844000 0.867000 0.016000 0.021000
0 0.838000 0.846000 0.016000 0.021000
0 0.833000 0.721000 0.016000 0.021000
0 0.783000 0.771000 0.016000 0.021000
0 0.795000 0.738000 0.016000 0.021000
0 0.808000 0.708000 0.016000 0.021000
0 0.781000 0.844000 0.016000 0.021000
0 0.775000 0.858000 0.016000 0.021000
0 0.775000 0.892000 0.016000 0.021000
0 0.783000 0.910000 0.016000 0.021000
0 0.808000 0.877000 0.016000 0.021000
0 0.803000 0.912000 0.016000 0.021000
0 0.803000 0.927000 0.016000 0.021000
0 0.756000 0.927000 0.016000 0.021000
0 0.763000 0.904000 0.016000 0.021000
0 0.734000 0.910000 0.016000 0.021000
0 0.686000 0.910000 0.016000 0.021000
0 0.656000 0.894000 0.016000 0.021000
0 0.683000 0.887000 0.016000 0.021000
0 0.692000 0.873000 0.016000 0.021000
0 0.711000 0.879000 0.016000 0.021000
0 0.695000 0.848000 0.016000 0.021000
0 0.731000 0.838000 0.016000 0.021000
0 0.698000 0.821000 0.016000 0.021000
0 0.700000 0.796000 0.016000 0.021000
0 0.702000 0.762000 0.016000 0.021000
0 0.689000 0.727000 0.016000 0.021000
0 0.647000 0.765000 0.016000 0.021000
0 0.617000 0.790000 0.016000 0.021000
0 0.603000 0.785000 0.016000 0.021000
0 0.592000 0.738000 0.016000 0.021000
0 0.584000 0.715000 0.016000 0.021000
0 0.567000 0.727000 0.016000 0.021000
0 0.556000 0.787000 0.016000 0.021000
0 0.533000 0.821000 0.016000 0.021000
0 0.548000 0.908000 0.016000 0.021000
0 0.506000 0.942000 0.016000 0.021000
0 0.400000 0.904000 0.016000 0.021000
0 0.380000 0.896000 0.016000 0.021000
0 0.370000 0.869000 0.016000 0.021000
0 0.344000 0.852000 0.016000 0.021000
0 0.327000 0.862000 0.016000 0.021000
0 0.339000 0.771000 0.016000 0.021000
0 0.392000 0.775000 0.016000 0.021000
0 0.419000 0.802000 0.016000 0.021000
0 0.473000 0.821000 0.016000 0.021000
0 0.469000 0.794000 0.016000 0.021000
0 0.492000 0.787000 0.016000 0.021000
0 0.470000 0.738000 0.016000 0.021000
0 0.455000 0.750000 0.016000 0.021000
0 0.319000 0.735000 0.016000 0.021000
0 0.306000 0.727000 0.016000 0.021000
0 0.314000 0.710000 0.016000 0.021000
0 0.323000 0.692000 0.016000 0.021000
0 0.277000 0.706000 0.016000 0.021000
0 0.247000 0.675000 0.016000 0.021000
0 0.233000 0.708000 0.016000 0.021000
0 0.227000 0.729000 0.016000 0.021000
0 0.209000 0.694000 0.016000 0.021000
0 0.178000 0.758000 0.016000 0.021000
0 0.217000 0.823000 0.016000 0.021000
0 0.159000 0.827000 0.016000 0.021000
0 0.098000 0.742000 0.016000 0.021000
0 0.095000 0.727000 0.016000 0.021000
0 0.067000 0.744000 0.016000 0.021000
0 0.041000 0.733000 0.016000 0.021000
0 0.020000 0.771000 0.016000 0.021000
0 0.052000 0.790000 0.016000 0.021000
0 0.091000 0.779000 0.016000 0.021000
0 0.106000 0.802000 0.016000 0.021000
0 0.120000 0.819000 0.016000 0.021000
0 0.117000 0.838000 0.016000 0.021000
0 0.098000 0.848000 0.016000 0.021000
0 0.078000 0.848000 0.016000 0.021000
0 0.061000 0.921000 0.016000 0.021000
0 0.116000 0.956000 0.016000 0.021000
0 0.123000 0.617000 0.016000 0.021000
0 0.116000 0.627000 0.016000 0.021000
0 0.103000 0.650000 0.016000 0.021000
0 0.080000 0.681000 0.016000 0.021000
0 0.064000 0.692000 0.016000 0.021000
0 0.025000 0.656000 0.016000 0.021000
0 0.075000 0.419000 0.016000 0.021000
0 0.081000 0.375000 0.016000 0.021000
0 0.102000 0.440000 0.016000 0.021000
0 0.106000 0.425000 0.016000 0.021000
0 0.117000 0.433000 0.016000 0.021000
0 0.131000 0.446000 0.016000 0.021000
0 0.142000 0.471000 0.016000 0.021000
0 0.134000 0.500000 0.016000 0.021000
0 0.131000 0.535000 0.016000 0.021000
0 0.141000 0.525000 0.016000 0.021000
0 0.145000 0.540000 0.016000 0.021000
0 0.148000 0.552000 0.016000 0.021000
0 0.175000 0.508000 0.016000 0.021000
0 0.231000 0.596000 0.016000 0.021000
0 0.269000 0.562000 0.016000 0.021000
0 0.248000 0.450000 0.016000 0.021000
0 0.202000 0.423000 0.016000 0.021000
0 0.206000 0.392000 0.016000 0.021000
0 0.183000 0.417000 0.016000 0.021000
0 0.158000 0.446000 0.016000 0.021000
0 0.127000 0.400000 0.016000 0.021000
0 0.128000 0.356000 0.016000 0.021000
0 0.113000 0.356000 0.016000 0.021000
0 0.142000 0.315000 0.016000 0.021000
0 0.147000 0.287000 0.016000 0.021000
0 0.128000 0.269000 0.016000 0.021000
0 0.119000 0.240000 0.016000 0.021000
0 0.044000 0.242000 0.016000 0.021000
0 0.038000 0.340000 0.016000 0.021000
0 0.255000 0.354000 0.016000 0.021000
0 0.247000 0.302000 0.016000 0.021000
0 0.217000 0.248000 0.016000 0.021000
0 0.223000 0.240000 0.016000 0.021000
0 0.186000 0.277000 0.016000 0.021000
0 0.219000 0.173000 0.016000 0.021000
0 0.175000 0.171000 0.016000 0.021000
0 0.186000 0.135000 0.016000 0.021000
0 0.208000 0.121000 0.016000 0.021000
0 0.191000 0.102000 0.016000 0.021000
0 0.175000 0.102000 0.016000 0.021000
0 0.164000 0.096000 0.016000 0.021000
0 0.119000 0.127000 0.016000 0.021000
0 0.109000 0.135000 0.016000 0.021000
0 0.078000 0.163000 0.016000 0.021000
0 0.053000 0.142000 0.016000 0.021000
0 0.038000 0.152000 0.016000 0.021000
0 0.062000 0.119000 0.016000 0.021000
0 0.061000 0.062000 0.016000 0.021000
0 0.131000 0.069000 0.016000 0.021000
0 0.147000 0.037000 0.016000 0.021000
0 0.194000 0.040000 0.016000 0.021000
0 0.252000 0.040000 0.016000 0.021000
0 0.241000 0.138000 0.016000 0.021000
0 0.286000 0.165000 0.016000 0.021000
0 0.320000 0.188000 0.016000 0.021000
0 0.308000 0.163000 0.016000 0.021000
0 0.353000 0.163000 0.016000 0.021000
0 0.369000 0.167000 0.016000 0.021000
0 0.377000 0.158000 0.016000 0.021000
0 0.319000 0.121000 0.016000 0.021000
0 0.381000 0.040000 0.016000 0.021000
0 0.427000 0.075000 0.016000 0.021000
0 0.439000 0.067000 0.016000 0.021000
0 0.444000 0.077000 0.016000 0.021000
0 0.456000 0.081000 0.016000 0.021000
0 0.447000 0.102000 0.016000 0.021000
0 0.444000 0.119000 0.016000 0.021000
0 0.431000 0.177000 0.016000 0.021000
0 0.342000 0.215000 0.016000 0.021000
0 0.339000 0.227000 0.016000 0.021000
0 0.330000 0.223000 0.016000 0.021000
0 0.283000 0.283000 0.016000 0.021000
0 0.358000 0.273000 0.016000 0.021000
0 0.406000 0.237000 0.016000 0.021000
0 0.425000 0.233000 0.016000 0.021000
0 0.452000 0.252000 0.016000 0.021000
0 0.400000 0.292000 0.016000 0.021000
0 0.472000 0.188000 0.016000 0.021000
0 0.469000 0.144000 0.016000 0.021000
0 0.478000 0.104000 0.016000 0.021000
0 0.494000 0.090000 0.016000 0.021000
0 0.508000 0.069000 0.016000 0.021000
0 0.509000 0.117000 0.016000 0.021000
0 0.502000 0.148000 0.016000 0.021000
0 0.505000 0.194000 0.016000 0.021000
0 0.522000 0.260000 0.016000 0.021000
0 0.536000 0.215000 0.016000 0.021000
0 0.589000 0.138000 0.016000 0.021000
0 0.544000 0.138000 0.016000 0.021000
0 0.548000 0.108000 0.016000 0.021000
0 0.594000 0.075000 0.016000 0.021000
0 0.606000 0.094000 0.016000 0.021000
0 0.625000 0.102000 0.016000 0.021000
0 0.652000 0.102000 0.016000 0.021000
0 0.686000 0.075000 0.016000 0.021000
0 0.692000 0.060000 0.016000 0.021000
0 0.705000 0.037000 0.016000 0.021000
0 0.650000 0.046000 0.016000 0.021000
0 0.738000 0.092000 0.016000 0.021000
0 0.706000 0.119000 0.016000 0.021000
0 0.738000 0.117000 0.016000 0.021000
0 0.742000 0.133000 0.016000 0.021000
0 0.781000 0.169000 0.016000 0.021000
0 0.788000 0.131000 0.016000 0.021000
0 0.783000 0.110000 0.016000 0.021000
0 0.720000 0.196000 0.016000 0.021000
0 0.689000 0.185000 0.016000 0.021000
0 0.691000 0.154000 0.016000 0.021000
0 0.669000 0.150000 0.016000 0.021000
0 0.622000 0.165000 0.016000 0.021000
0 0.608000 0.150000 0.016000 0.021000
0 0.594000 0.169000 0.016000 0.021000
0 0.553000 0.198000 0.016000 0.021000
0 0.553000 0.227000 0.016000 0.021000
0 0.561000 0.260000 0.016000 0.021000
0 0.572000 0.281000 0.016000 0.021000
0 0.586000 0.242000 0.016000 0.021000
0 0.672000 0.225000 0.016000 0.021000
0 0.667000 0.242000 0.016000 0.021000
0 0.681000 0.254000 0.016000 0.021000
0 0.695000 0.263000 0.016000 0.021000
0 0.750000 0.263000 0.016000 0.021000
0 0.758000 0.277000 0.016000 0.021000
0 0.744000 0.302000 0.016000 0.021000
0 0.731000 0.304000 0.016000 0.021000
0 0.784000 0.298000 0.016000 0.021000
0 0.772000 0.323000 0.016000 0.021000
0 0.775000 0.340000 0.016000 0.021000
0 0.772000 0.354000 0.016000 0.021000
0 0.770000 0.392000 0.016000 0.021000
0 0.691000 0.442000 0.016000 0.021000
0 0.681000 0.427000 0.016000 0.021000
0 0.675000 0.423000 0.016000 0.021000
0 0.616000 0.362000 0.016000 0.021000
0 0.592000 0.375000 0.016000 0.021000
0 0.605000 0.417000 0.016000 0.021000
0 0.578000 0.396000 0.016000 0.021000
0 0.559000 0.392000 0.016000 0.021000
0 0.530000 0.392000 0.016000 0.021000
0 0.550000 0.425000 0.016000 0.021000
0 0.572000 0.444000 0.016000 0.021000
0 0.527000 0.423000 0.016000 0.021000
0 0.503000 0.440000 0.016000 0.021000
0 0.494000 0.404000 0.016000 0.021000
0 0.450000 0.385000 0.016000 0.021000
0 0.430000 0.327000 0.016000 0.021000
0 0.408000 0.340000 0.016000 0.021000
0 0.395000 0.365000 0.016000 0.021000
0 0.281000 0.356000 0.016000 0.021000
0 0.284000 0.340000 0.016000 0.021000
0 0.280000 0.429000 0.016000 0.021000
0 0.283000 0.462000 0.016000 0.021000
0 0.277000 0.492000 0.016000 0.021000
0 0.308000 0.496000 0.016000 0.021000
0 0.309000 0.450000 0.016000 0.021000
0 0.322000 0.448000 0.016000 0.021000
0 0.322000 0.435000 0.016000 0.021000
0 0.314000 0.427000 0.016000 0.021000
0 0.358000 0.406000 0.016000 0.021000
0 0.344000 0.435000 0.016000 0.021000
0 0.369000 0.440000 0.016000 0.021000
0 0.388000 0.456000 0.016000 0.021000
0 0.389000 0.473000 0.016000 0.021000
0 0.431000 0.412000 0.016000 0.021000
0 0.441000 0.427000 0.016000 0.021000
0 0.439000 0.465000 0.016000 0.021000
0 0.441000 0.479000 0.016000 0.021000
0 0.469000 0.508000 0.016000 0.021000
0 0.472000 0.527000 0.016000 0.021000
0 0.453000 0.533000 0.016000 0.021000
0 0.375000 0.598000 0.016000 0.021000
0 0.356000 0.583000 0.016000 0.021000
0 0.475000 0.627000 0.016000 0.021000
0 0.498000 0.644000 0.016000 0.021000
0 0.516000 0.673000 0.016000 0.021000
0 0.575000 0.654000 0.016000 0.021000
0 0.642000 0.688000 0.016000 0.021000
0 0.650000 0.673000 0.016000 0.021000
0 0.666000 0.665000 0.016000 0.021000
0 0.700000 0.656000 0.016000 0.021000
0 0.716000 0.681000 0.016000 0.021000
0 0.722000 0.698000 0.016000 0.021000
0 0.733000 0.667000 0.016000 0.021000
0 0.753000 0.690000 0.016000 0.021000
0 0.773000 0.673000 0.016000 0.021000
0 0.791000 0.692000 0.016000 0.021000
0 0.786000 0.646000 0.016000 0.021000
0 0.766000 0.629000 0.016000 0.021000
0 0.756000 0.625000 0.016000 0.021000
0 0.772000 0.600000 0.016000 0.021000
0 0.716000 0.554000 0.016000 0.021000
0 0.750000 0.506000 0.016000 0.021000
0 0.767000 0.517000 0.016000 0.021000
0 0.786000 0.506000 0.016000 0.021000
0 0.706000 0.515000 0.016000 0.021000
0 0.695000 0.510000 0.016000 0.021000
0 0.684000 0.637000 0.016000 0.021000
0 0.714000 0.637000 0.016000 0.021000
0 0.655000 0.625000 0.016000 0.021000
0 0.642000 0.615000 0.016000 0.021000
0 0.623000 0.498000 0.016000 0.021000
0 0.606000 0.492000 0.016000 0.021000
0 0.581000 0.471000 0.016000 0.021000
0 0.536000 0.504000 0.016000 0.021000
0 0.527000 0.494000 0.016000 0.021000
0 0.519000 0.508000 0.016000 0.021000
0 0.508000 0.548000 0.016000 0.021000
0 0.484000 0.577000 0.016000 0.021000
0 0.458000 0.585000 0.016000 0.021000
0 0.517000 0.550000 0.016000 0.021000
0 0.533000 0.598000 0.016000 0.021000
0 0.555000 0.588000 0.016000 0.021000
0 0.583000 0.592000 0.016000 0.021000
0 0.589000 0.631000 0.016000 0.021000
0 0.483000 0.704000 0.016000 0.021000
0 0.942000 0.192000 0.016000 0.021000
0 0.977000 0.196000 0.016000 0.021000
0 0.988000 0.206000 0.016000 0.021000
0 0.988000 0.223000 0.016000 0.021000
0 0.966000 0.310000 0.016000 0.021000
0 0.980000 0.342000 0.016000 0.021000
0 0.972000 0.575000 0.016000 0.021000
0 0.972000 0.673000 0.016000 0.021000
0 0.981000 0.715000 0.016000 0.021000
0 0.980000 0.827000 0.016000 0.021000
0 0.958000 0.850000 0.016000 0.021000
0 0.942000 0.881000 0.016000 0.021000
0 0.984000 0.883000 0.016000 0.021000
0 0.945000 0.954000 0.016000 0.021000
0 0.981000 0.954000 0.016000 0.021000
0 0.956000 0.950000 0.016000 0.021000
0 0.800000 0.973000 0.016000 0.021000
0 0.769000 0.958000 0.016000 0.021000
0 0.739000 0.956000 0.016000 0.021000
0 0.714000 0.948000 0.016000 0.021000
0 0.698000 0.973000 0.016000 0.021000
0 0.613000 0.975000 0.016000 0.021000
0 0.456000 0.967000 0.016000 0.021000
0 0.430000 0.746000 0.016000 0.021000
0 0.642000 0.890000 0.016000 0.021000
0 0.364000 0.946000 0.016000 0.021000
0 0.333000 0.956000 0.016000 0.021000
0 0.180000 0.967000 0.016000 0.021000
0 0.086000 0.967000 0.016000 0.021000
0 0.034000 0.960000 0.016000 0.021000
0 0.022000 0.358000 0.016000 0.021000
0 0.014000 0.344000 0.016000 0.021000
0 0.011000 0.227000 0.016000 0.021000
0 0.769000 0.838000 0.016000 0.021000
0 0.844000 0.025000 0.016000 0.021000
0 0.867000 0.025000 0.016000 0.021000
0 0.773000 0.031000 0.016000 0.021000
0 0.652000 0.031000 0.016000 0.021000
0 0.438000 0.017000 0.016000 0.021000
0 0.322000 0.021000 0.016000 0.021000
0 0.206000 0.075000 0.016000 0.021000
0 0.022000 0.148000 0.016000 0.021000
0 0.084000 0.487000 0.016000 0.021000
0 0.009000 0.540000 0.016000 0.021000
0 0.013000 0.652000 0.016000 0.021000
0 0.009000 0.725000 0.016000 0.021000
0 0.007031 0.885417 0.014062 0.029167
0 0.006250 0.610417 0.012500 0.020833
0 0.989062 0.080556 0.017188 0.033333
0 0.992188 0.121528 0.010937 0.031944
0 0.232812 0.533333 0.015625 0.036111
0 0.137109 0.635417 0.011719 0.037500
0 0.296875 0.777778 0.014062 0.038889
0 0.300391 0.828472 0.014844 0.037500
0 0.137500 0.796528 0.012500 0.034722
0 0.171094 0.661806 0.010937 0.040278
0 0.163281 0.728472 0.010937 0.037500
0 0.947656 0.986111 0.018750 0.027778
0 0.207813 0.512500 0.012500 0.027778
0 0.218750 0.413889 0.015625 0.036111
0 0.047656 0.291667 0.014062 0.036111
0 0.051562 0.435417 0.009375 0.031944
0 0.084766 0.525000 0.013281 0.038889
0 0.069531 0.479861 0.010937 0.037500
0 0.897656 0.842361 0.014062 0.045833
0 0.660937 0.534028 0.014062 0.040278
0 0.991406 0.241667 0.012500 0.022222
0 0.009766 0.260417 0.014844 0.020833
0 0.225781 0.968056 0.017188 0.030556
0 0.053906 0.873611 0.014062 0.030556
0 0.023828 0.417361 0.011719 0.031944
0 0.033203 0.126389 0.011719 0.027778
0 0.132813 0.119444 0.009375 0.030556
0 0.140625 0.097222 0.012500 0.030556
0 0.092578 0.049306 0.011719 0.034722
0 0.298828 0.080556 0.011719 0.033333
0 0.325391 0.050000 0.011719 0.025000
0 0.287500 0.205556 0.012500 0.027778
0 0.303125 0.194444 0.010937 0.030556
0 0.263672 0.183333 0.011719 0.030556
0 0.389062 0.800000 0.012500 0.030556
0 0.355078 0.856250 0.013281 0.034722
0 0.266406 0.973611 0.014062 0.033333
0 0.525781 0.960417 0.010937 0.031944
0 0.534766 0.973611 0.010156 0.033333
0 0.481250 0.809028 0.010937 0.034722
0 0.508594 0.595139 0.012500 0.034722
0 0.531250 0.653472 0.014062 0.040278
0 0.628906 0.596528 0.012500 0.034722
0 0.567187 0.602778 0.012500 0.033333
0 0.541016 0.590972 0.011719 0.031944
0 0.340625 0.302778 0.014062 0.033333
0 0.307031 0.306250 0.014062 0.034722
0 0.291406 0.260417 0.010937 0.029167
0 0.230469 0.215278 0.014062 0.030556
0 0.205469 0.037500 0.010937 0.027778
0 0.673828 0.370139 0.013281 0.031944
0 0.736719 0.240278 0.012500 0.030556
0 0.768750 0.136806 0.012500 0.031944
0 0.722656 0.107639 0.012500 0.031944
0 0.920703 0.188194 0.013281 0.034722
0 0.959766 0.677083 0.011719 0.026389
0 0.856641 0.041667 0.013281 0.030556
0 0.820313 0.875000 0.014062 0.033333
0 0.695703 0.943056 0.011719 0.025000
0 0.601172 0.906944 0.011719 0.027778
0 0.594141 0.863194 0.014844 0.029167
0 0.593750 0.875694 0.021875 0.020833
0 0.289844 0.704167 0.010937 0.033333
0 0.388281 0.694444 0.010937 0.033333
0 0.416406 0.597222 0.014062 0.030556
0 0.450391 0.646528 0.013281 0.031944
0 0.441016 0.677778 0.011719 0.036111
0 0.600000 0.677083 0.010937 0.031944
0 0.620313 0.668056 0.015625 0.033333
0 0.128906 0.750000 0.014062 0.036111
0 0.728125 0.527778 0.010937 0.033333
0 0.781641 0.438889 0.011719 0.036111
0 0.779688 0.393056 0.010937 0.030556
0 0.758203 0.373611 0.011719 0.036111
0 0.928906 0.360417 0.012500 0.031944
0 0.903906 0.272222 0.015625 0.038889
0 0.756641 0.012500 0.014844 0.013889
0 0.419922 0.302083 0.016406 0.020833
0 0.405859 0.370139 0.016406 0.023611
0 0.832031 0.745139 0.012500 0.023611
0 0.590625 0.986111 0.017188 0.022222
