0 0.908300 0.445400 0.015600 0.019100
0 0.505700 0.468400 0.012700 0.021600
0 0.881100 0.809000 0.016600 0.019100
0 0.867800 0.542700 0.015500 0.021200
0 0.518400 0.470400 0.013500 0.021400
0 0.267800 0.607100 0.014500 0.020700
0 0.691900 0.807200 0.016300 0.021400
0 0.691700 0.717800 0.016600 0.020600
0 0.353300 0.842700 0.016100 0.018600
0 0.443900 0.317300 0.012400 0.017600
0 0.943200 0.604500 0.015900 0.021000
0 0.905400 0.394000 0.016000 0.020400
0 0.496100 0.880700 0.015500 0.018000
0 0.183100 0.881800 0.014300 0.022200
0 0.872800 0.832100 0.016700 0.019500
0 0.678900 0.467600 0.015200 0.019400
0 0.879200 0.329300 0.018100 0.020200
0 0.831700 0.353900 0.015000 0.022700
0 0.681300 0.494500 0.015900 0.022600
0 0.302200 0.645800 0.016700 0.020300
0 0.206900 0.244300 0.014200 0.021400
0 0.529200 0.805100 0.015800 0.019300
0 0.851900 0.609400 0.017500 0.019300
0 0.406100 0.784900 0.014500 0.022300
0 0.469900 0.864800 0.014500 0.019100
0 0.867700 0.308800 0.015100 0.019800
0 0.316500 0.415700 0.017000 0.021700
0 0.265500 0.945200 0.015100 0.019900
0 0.193200 0.178900 0.015900 0.018600
0 0.782500 0.828000 0.014800 0.018400
0 0.771800 0.717300 0.014400 0.020600
0 0.781200 0.129800 0.014000 0.024900
0 0.744500 0.292500 0.015700 0.021200
0 0.796500 0.507300 0.014800 0.021700
0 0.770300 0.560400 0.016300 0.021600
0 0.221400 0.668700 0.015000 0.019900
0 0.903200 0.630100 0.014600 0.023500
0 0.647900 0.431100 0.016000 0.020800
0 0.920600 0.432500 0.015200 0.020900
0 0.664400 0.855500 0.014000 0.026600
0 0.330300 0.647100 0.015800 0.018400
0 0.903500 0.134500 0.015200 0.020300
0 0.568400 0.543400 0.012700 0.024300
0 0.510700 0.680700 0.015000 0.020500
0 0.502000 0.629600 0.017300 0.019100
0 0.170100 0.769600 0.017500 0.020800
0 0.933600 0.723200 0.017200 0.019500
0 0.695200 0.422100 0.015000 0.023100
0 0.668200 0.757900 0.016200 0.025700
0 0.228800 0.544700 0.013800 0.021700
0 0.720300 0.169700 0.014600 0.026000
0 0.970100 0.544500 0.013900 0.027900
0 0.542700 0.633900 0.014000 0.019800
0 0.757200 0.343100 0.014300 0.025000
0 0.418600 0.346400 0.014200 0.019400
0 0.897000 0.114700 0.015200 0.020900
0 0.629300 0.693400 0.014300 0.025300
0 0.770000 0.095200 0.016000 0.026000
0 0.542200 0.882300 0.015200 0.018500
0 0.435400 0.381000 0.014700 0.019000
0 0.581300 0.710100 0.013400 0.024600
0 0.910700 0.477500 0.014700 0.022500
0 0.459900 0.459000 0.011400 0.024600
0 0.761200 0.655000 0.014400 0.021400
0 0.609200 0.483700 0.013800 0.021000
0 0.455300 0.227900 0.016000 0.021000
0 0.682800 0.282500 0.019000 0.020400
0 0.044500 0.682700 0.014500 0.021100
0 0.472900 0.415100 0.013500 0.021700
0 0.809500 0.433800 0.013900 0.020900
0 0.021600 0.682200 0.013700 0.023100
0 0.177700 0.481600 0.016500 0.018500
0 0.469800 0.373100 0.014000 0.019600
0 0.267000 0.923000 0.013800 0.022000
0 0.897200 0.227300 0.014200 0.022100
0 0.871100 0.246300 0.012800 0.025200
0 0.526900 0.897000 0.016400 0.017500
0 0.941700 0.291800 0.012900 0.024000
0 0.179200 0.146800 0.015600 0.017900
0 0.609500 0.572900 0.014800 0.020200
0 0.818800 0.577200 0.014000 0.023600
0 0.152500 0.144800 0.018900 0.019700
0 0.256300 0.831600 0.011000 0.033200
0 0.697500 0.621500 0.012700 0.030400
0 0.131900 0.696200 0.015200 0.025600
0 0.954500 0.314900 0.017500 0.018500
0 0.222300 0.147500 0.018700 0.017600
0 0.639900 0.564700 0.016000 0.019700
0 0.948400 0.964400 0.015600 0.020700
0 0.644000 0.446500 0.016100 0.021600
0 0.594700 0.293600 0.017700 0.020100
0 0.177300 0.282400 0.017800 0.020700
0 0.514900 0.789100 0.015700 0.019700
0 0.293300 0.758000 0.018800 0.020100
0 0.552500 0.856000 0.017400 0.016500
0 0.883900 0.055400 0.017000 0.021000
0 0.631000 0.614900 0.015000 0.022900
0 0.658600 0.822500 0.015200 0.026800
0 0.356400 0.444300 0.016400 0.022300
0 0.638900 0.483200 0.013800 0.022400
0 0.171100 0.614600 0.014600 0.020500
0 0.439000 0.294000 0.013900 0.018700
0 0.666300 0.784600 0.016500 0.027400
0 0.708500 0.940500 0.015700 0.018300
0 0.180300 0.546900 0.012400 0.019600
0 0.473800 0.523300 0.014900 0.021800
0 0.627100 0.179300 0.013300 0.029600
0 0.304100 0.740000 0.015000 0.022300
0 0.193900 0.897800 0.012900 0.023900
0 0.764900 0.727800 0.011400 0.024000
0 0.257900 0.597100 0.013800 0.020200
0 0.340200 0.773100 0.014900 0.020900
0 0.755600 0.803500 0.011100 0.032100
0 0.414800 0.452600 0.013900 0.020800
0 0.539800 0.940000 0.012300 0.025200
0 0.346700 0.982700 0.014400 0.023200
0 0.264300 0.164600 0.014700 0.021600
0 0.514400 0.393600 0.017200 0.022500
0 0.143400 0.517600 0.012700 0.023100
0 0.476600 0.489900 0.013800 0.023500
0 0.547900 0.296700 0.018000 0.016800
0 0.817400 0.427100 0.013300 0.024400
0 0.444000 0.595000 0.016200 0.024700
0 0.551400 0.464500 0.014400 0.021500
0 0.249100 0.884100 0.012000 0.025500
0 0.448600 0.510400 0.014100 0.020100
0 0.807500 0.701700 0.013800 0.023600
0 0.285300 0.756000 0.017500 0.020400
0 0.677500 0.529800 0.014400 0.023600
0 0.529000 0.372000 0.014300 0.019500
0 0.884500 0.214000 0.015100 0.020100
0 0.220800 0.097400 0.017000 0.021500
0 0.308700 0.217900 0.015400 0.025500
0 0.848100 0.801200 0.016400 0.019400
0 0.794300 0.648500 0.014800 0.021100
0 0.303400 0.980600 0.011200 0.028800
0 0.830500 0.123300 0.014600 0.024500
0 0.761200 0.776700 0.015100 0.020000
0 0.155800 0.485100 0.015000 0.019100
0 0.761100 0.197600 0.018100 0.021800
0 0.799200 0.809800 0.013000 0.026200
0 0.348500 0.861000 0.015800 0.019700
0 0.448700 0.642900 0.012100 0.034200
0 0.095100 0.568800 0.017200 0.019200
0 0.217800 0.235500 0.014400 0.024600
0 0.127344 0.141667 0.014062 0.033333
0 0.126563 0.338194 0.014062 0.023611
0 0.178516 0.349306 0.010156 0.029167
0 0.220703 0.331250 0.013281 0.023611
0 0.062891 0.531944 0.013281 0.019444
0 0.057813 0.559028 0.015625 0.026389
0 0.019531 0.563194 0.017188 0.026389
0 0.125781 0.511806 0.009375 0.031944
0 0.228906 0.587500 0.015625 0.030556
0 0.316797 0.315278 0.011719 0.036111
0 0.318750 0.381944 0.012500 0.022222
0 0.294531 0.027778 0.014062 0.025000
0 0.436719 0.198611 0.012500 0.022222
0 0.418359 0.596528 0.013281 0.026389
0 0.991797 0.734722 0.013281 0.025000
0 0.558984 0.286806 0.013281 0.018056
0 0.631250 0.018056 0.017188 0.022222
0 0.621484 0.038194 0.013281 0.031944
0 0.640234 0.055556 0.017969 0.019444
0 0.566797 0.040278 0.017969 0.022222
0 0.008203 0.020139 0.014844 0.023611
0 0.023047 0.042361 0.016406 0.020833
0 0.235156 0.340972 0.010937 0.034722
0 0.017578 0.406250 0.014844 0.026389
0 0.019922 0.415972 0.016406 0.023611
0 0.562891 0.780556 0.016406 0.027778
0 0.088672 0.789583 0.014844 0.026389
0 0.091797 0.123611 0.011719 0.038889
0 0.264844 0.018056 0.012500 0.033333
0 0.325781 0.123611 0.015625 0.027778
0 0.308203 0.128472 0.013281 0.023611
0 0.298828 0.113194 0.010156 0.029167
0 0.163672 0.326389 0.014844 0.025000
0 0.085156 0.389583 0.015625 0.020833
0 0.126172 0.579167 0.014844 0.030556
0 0.239453 0.981944 0.016406 0.025000
0 0.733984 0.961111 0.016406 0.025000
0 0.717188 0.905556 0.015625 0.025000
0 0.992969 0.032639 0.012500 0.026389
0 0.262109 0.420139 0.014844 0.029167
0 0.119531 0.463194 0.012500 0.023611
0 0.132812 0.461111 0.015625 0.025000
0 0.412500 0.155556 0.015625 0.022222
0 0.409766 0.063194 0.014844 0.023611
0 0.006250 0.879167 0.012500 0.027778
0 0.110156 0.090972 0.014062 0.029167
0 0.138281 0.050000 0.012500 0.030556
0 0.042578 0.018750 0.014844 0.023611
0 0.225000 0.620833 0.015625 0.027778
0 0.991406 0.590972 0.015625 0.020833
0 0.990234 0.614583 0.011719 0.026389
0 0.982031 0.630556 0.010937 0.030556
0 0.963672 0.638889 0.010156 0.025000
0 0.971875 0.638889 0.010937 0.022222
0 0.983594 0.145139 0.014062 0.031944
0 0.965234 0.328472 0.014844 0.023611
0 0.859375 0.166667 0.010937 0.027778
0 0.862500 0.191667 0.012500 0.022222
0 0.826953 0.183333 0.013281 0.030556
0 0.376172 0.140278 0.011719 0.025000
0 0.369922 0.157639 0.011719 0.023611
0 0.977344 0.297222 0.012500 0.027778
0 0.148828 0.178472 0.014844 0.023611
0 0.738672 0.928472 0.013281 0.023611
0 0.909375 0.920139 0.015625 0.023611
0 0.666016 0.950694 0.017969 0.026389
0 0.965625 0.929167 0.015625 0.022222
0 0.392578 0.412500 0.014844 0.025000
0 0.403906 0.391667 0.015625 0.022222
0 0.976562 0.831944 0.010937 0.027778
0 0.064062 0.871528 0.014062 0.023611
0 0.072656 0.877083 0.014062 0.023611
0 0.140625 0.725694 0.015625 0.023611
0 0.076563 0.668056 0.012500 0.022222
0 0.458984 0.291667 0.013281 0.016667
0 0.403516 0.310417 0.014844 0.023611
0 0.885938 0.900000 0.015625 0.022222
0 0.757031 0.542361 0.017188 0.026389
0 0.510938 0.372222 0.012500 0.033333
0 0.612891 0.104167 0.016406 0.027778
0 0.616406 0.125694 0.009375 0.026389
