0 0.158900 0.580100 0.012900 0.021100
0 0.318600 0.421800 0.014300 0.022200
0 0.892800 0.631800 0.014900 0.021200
0 0.215200 0.147300 0.017500 0.018500
0 0.641300 0.429000 0.015600 0.019200
0 0.830400 0.607200 0.017000 0.020200
0 0.130900 0.608000 0.014500 0.018400
0 0.659200 0.082100 0.014700 0.018500
0 0.440100 0.292800 0.015300 0.019700
0 0.865200 0.408000 0.016100 0.019800
0 0.609700 0.480200 0.011800 0.022200
0 0.817800 0.447100 0.012800 0.022300
0 0.309700 0.495400 0.014100 0.020200
0 0.945200 0.455800 0.014100 0.020700
0 0.141800 0.158800 0.016400 0.019300
0 0.841200 0.792300 0.019600 0.018400
0 0.529500 0.504700 0.013600 0.017600
0 0.768600 0.084500 0.014400 0.020100
0 0.391600 0.405200 0.015700 0.019200
0 0.403600 0.306900 0.016000 0.017500
0 0.155600 0.659500 0.014400 0.019000
0 0.203800 0.677800 0.014900 0.018000
0 0.165500 0.765700 0.015100 0.020300
0 0.302400 0.644500 0.017800 0.020700
0 0.707000 0.340700 0.014300 0.019800
0 0.659300 0.309600 0.016200 0.017700
0 0.443300 0.806500 0.013900 0.021400
0 0.530500 0.369000 0.015200 0.017500
0 0.885400 0.210300 0.013600 0.018800
0 0.915600 0.727100 0.017300 0.019000
0 0.176500 0.290600 0.016200 0.021000
0 0.552100 0.295900 0.016400 0.018600
0 0.635800 0.794200 0.015600 0.021500
0 0.496100 0.878800 0.013800 0.019100
0 0.945000 0.602600 0.017400 0.020200
0 0.854100 0.373500 0.016800 0.018900
0 0.543200 0.632600 0.012600 0.023100
0 0.892800 0.117000 0.014400 0.021900
0 0.780900 0.139300 0.013700 0.021400
0 0.473300 0.380300 0.014900 0.020400
0 0.656800 0.544200 0.015700 0.021100
0 0.285300 0.753200 0.017300 0.019000
0 0.252200 0.605200 0.015700 0.019900
0 0.758000 0.167900 0.014100 0.022200
0 0.057000 0.845300 0.015100 0.022800
0 0.634400 0.335300 0.015900 0.018700
0 0.878700 0.321600 0.016300 0.018700
0 0.555900 0.752900 0.016600 0.020400
0 0.721500 0.584300 0.017000 0.020000
0 0.778300 0.714800 0.015200 0.019900
0 0.684200 0.810100 0.018500 0.022500
0 0.902700 0.131700 0.016300 0.020200
0 0.669300 0.756900 0.014900 0.027500
0 0.620200 0.169100 0.011800 0.028700
0 0.989500 0.030100 0.010500 0.030400
0 0.669200 0.727100 0.014600 0.026900
0 0.072700 0.454200 0.015000 0.016500
0 0.507200 0.402200 0.016800 0.018900
0 0.904700 0.434900 0.012100 0.021100
0 0.659100 0.821100 0.013900 0.028600
0 0.453000 0.742300 0.016600 0.021200
0 0.172000 0.405800 0.012800 0.020600
0 0.705200 0.906800 0.017700 0.022000
0 0.760600 0.196900 0.015100 0.018200
0 0.759400 0.697100 0.015000 0.021000
0 0.093400 0.802600 0.014000 0.020100
0 0.615600 0.041300 0.013000 0.025400
0 0.276700 0.452900 0.014400 0.021200
0 0.482500 0.083500 0.014000 0.020800
0 0.639100 0.481600 0.011300 0.026300
0 0.793300 0.533700 0.011300 0.024500
0 0.254900 0.927900 0.014600 0.022300
0 0.542300 0.464900 0.012700 0.022800
0 0.686300 0.396900 0.013400 0.021800
0 0.784500 0.810800 0.017800 0.017800
0 0.480100 0.409200 0.013800 0.019500
0 0.126600 0.470400 0.015400 0.016100
0 0.458500 0.178700 0.013100 0.021200
0 0.878500 0.781300 0.018100 0.021200
0 0.307600 0.978200 0.013400 0.024100
0 0.142300 0.672400 0.014800 0.018200
0 0.578300 0.730400 0.014100 0.023500
0 0.244100 0.883900 0.012700 0.028100
0 0.745700 0.178900 0.014000 0.022500
0 0.472900 0.496100 0.013900 0.019000
0 0.153600 0.590000 0.013300 0.019100
0 0.931300 0.509500 0.013600 0.020000
0 0.081900 0.441100 0.012600 0.018900
0 0.667600 0.780900 0.015400 0.027000
0 0.884800 0.053200 0.014400 0.018500
0 0.446700 0.314800 0.014000 0.021300
0 0.398100 0.567100 0.015800 0.020400
0 0.939800 0.855300 0.012300 0.030800
0 0.530600 0.897000 0.012400 0.027200
0 0.672800 0.946500 0.014900 0.022200
0 0.785100 0.509700 0.012900 0.026900
0 0.740500 0.470500 0.010900 0.029400
0 0.514100 0.806300 0.014600 0.022500
0 0.384200 0.572700 0.014800 0.021700
0 0.433300 0.860400 0.012400 0.020600
0 0.407900 0.335600 0.014000 0.019800
0 0.510700 0.678100 0.015200 0.020800
0 0.351600 0.192500 0.011200 0.025700
0 0.881800 0.273200 0.014300 0.020200
0 0.568600 0.542000 0.012100 0.025100
0 0.915700 0.639400 0.015100 0.018300
0 0.646000 0.444500 0.014900 0.019200
0 0.870800 0.440000 0.013800 0.019700
0 0.454900 0.078500 0.013300 0.026000
0 0.893300 0.896000 0.017000 0.022700
0 0.393000 0.289400 0.015300 0.019200
0 0.266700 0.503700 0.013700 0.024700
0 0.696100 0.039200 0.016000 0.019100
0 0.926400 0.967800 0.014000 0.020200
0 0.208600 0.243700 0.011800 0.029100
0 0.251200 0.181500 0.014000 0.023500
0 0.970500 0.542000 0.012000 0.029500
0 0.978200 0.293700 0.013500 0.018800
0 0.627400 0.238900 0.013800 0.019900
0 0.141100 0.593600 0.014500 0.019500
0 0.180100 0.740100 0.014200 0.020400
0 0.108700 0.067300 0.012200 0.024800
0 0.188900 0.180700 0.015500 0.017900
0 0.236400 0.742300 0.013600 0.025000
0 0.929800 0.914400 0.015400 0.021400
0 0.401800 0.543500 0.016700 0.020400
0 0.260300 0.596200 0.012300 0.026500
0 0.859300 0.166400 0.011800 0.030100
0 0.064400 0.865000 0.014800 0.021600
0 0.017900 0.405900 0.014800 0.017400
0 0.873700 0.807800 0.018200 0.019700
0 0.053200 0.033300 0.015600 0.019300
0 0.473400 0.522100 0.014000 0.023500
0 0.441300 0.497100 0.012200 0.024100
0 0.760100 0.732700 0.011100 0.033200
0 0.420500 0.310900 0.015700 0.016800
0 0.022900 0.677700 0.013200 0.024600
0 0.476700 0.477500 0.012500 0.026600
0 0.472300 0.207700 0.011600 0.024400
0 0.196000 0.956100 0.017800 0.020000
0 0.783700 0.744100 0.015600 0.020500
0 0.823400 0.572900 0.015000 0.021200
0 0.121100 0.773700 0.014500 0.018100
0 0.968800 0.315600 0.011800 0.026400
0 0.009600 0.035500 0.014600 0.017600
0 0.289600 0.978000 0.011900 0.025300
0 0.135300 0.947400 0.016100 0.019600
0 0.810600 0.516200 0.010400 0.032100
0 0.102800 0.086000 0.014300 0.020900
0 0.161400 0.335100 0.016400 0.019600
0 0.236000 0.340000 0.011700 0.028800
0 0.884400 0.333600 0.016700 0.019200
0 0.868700 0.984300 0.014100 0.024300
0 0.447100 0.476500 0.014700 0.020600
0 0.857800 0.835600 0.017300 0.020900
0 0.715800 0.981200 0.013000 0.026500
0 0.163400 0.490700 0.014000 0.020600
0 0.554700 0.665800 0.011800 0.026400
0 0.082600 0.385600 0.013600 0.018900
0 0.433100 0.189000 0.012100 0.022700
0 0.132200 0.826700 0.013400 0.022800
0 0.566800 0.635700 0.012100 0.027200
0 0.135400 0.064900 0.011300 0.028300
0 0.143500 0.689800 0.014100 0.022600
0 0.005600 0.947100 0.013400 0.020600
0 0.861400 0.190600 0.014800 0.022800
0 0.378800 0.265600 0.012700 0.021700
0 0.197800 0.157800 0.017700 0.016700
0 0.014800 0.416000 0.016400 0.017500
0 0.672400 0.020100 0.015200 0.025700
0 0.076800 0.468600 0.014700 0.018000
0 0.171600 0.610900 0.013200 0.020800
0 0.036200 0.018800 0.013600 0.023400
0 0.115300 0.735700 0.014300 0.020400
0 0.567000 0.446400 0.013100 0.021200
0 0.453700 0.523600 0.014100 0.021600
0 0.710900 0.064000 0.014400 0.019400
0 0.061200 0.892100 0.012400 0.023200
0 0.702100 0.297000 0.014900 0.022800
0 0.761100 0.779900 0.017100 0.019800
0 0.901400 0.634000 0.013600 0.019700
0 0.586700 0.365900 0.015100 0.021200
0 0.510800 0.022500 0.017300 0.021200
0 0.349000 0.865100 0.012500 0.028200
0 0.959800 0.617400 0.018300 0.017500
0 0.441700 0.226400 0.012300 0.023700
0 0.251700 0.842600 0.009700 0.055000
0 0.761700 0.653100 0.014000 0.020600
0 0.141200 0.053800 0.012200 0.023500
0 0.478000 0.416500 0.014400 0.018000
0 0.984200 0.622300 0.015800 0.024100
0 0.581100 0.939400 0.016200 0.022300
0 0.125600 0.378400 0.012100 0.021700
0 0.913900 0.432800 0.013700 0.021600
0 0.614100 0.020700 0.013500 0.023000
0 0.089000 0.629000 0.014100 0.018900
0 0.453400 0.147400 0.010900 0.023000
0 0.763500 0.553900 0.014900 0.019800
0 0.338900 0.171100 0.012800 0.023600
0 0.074000 0.593600 0.014300 0.020000
0 0.110800 0.942400 0.015700 0.019800
0 0.897000 0.223600 0.013400 0.020100
0 0.470700 0.861300 0.013800 0.019100
0 0.107100 0.963900 0.015600 0.019900
0 0.586500 0.897800 0.012200 0.026800
0 0.256100 0.016700 0.010300 0.033600
0 0.514900 0.367100 0.014600 0.018300
0 0.298700 0.176400 0.012600 0.021400
0 0.679300 0.436200 0.015400 0.020800
0 0.901500 0.047300 0.011500 0.032100
0 0.291400 0.123400 0.010400 0.030200
0 0.136719 0.984722 0.020312 0.019444
0 0.190625 0.983333 0.015625 0.025000
0 0.091797 0.132639 0.013281 0.023611
0 0.436328 0.645833 0.008594 0.025000
0 0.398047 0.912500 0.011719 0.033333
0 0.501953 0.467361 0.008594 0.029167
0 0.429297 0.374306 0.010156 0.029167
0 0.761328 0.279167 0.010156 0.022222
0 0.825391 0.176389 0.008594 0.025000
0 0.912891 0.977083 0.007031 0.026389
0 0.563281 0.284028 0.010937 0.018056
0 0.260938 0.661806 0.012500 0.015278
0 0.007031 0.017361 0.007813 0.009722
0 0.947266 0.090278 0.010156 0.025000
0 0.773828 0.613194 0.011719 0.023611
0 0.462891 0.720139 0.011719 0.023611
0 0.641016 0.688194 0.010156 0.026389
0 0.589453 0.106250 0.017969 0.023611
0 0.687109 0.122917 0.011719 0.031944
0 0.005469 0.602778 0.010937 0.019444
0 0.110937 0.850000 0.010937 0.030556
0 0.964844 0.644444 0.012500 0.022222
0 0.970703 0.642361 0.013281 0.020833
