0 0.959000 0.385000 0.016000 0.021000
0 0.975000 0.544000 0.016000 0.021000
0 0.931000 0.350000 0.016000 0.021000
0 0.933000 0.306000 0.016000 0.021000
0 0.922000 0.373000 0.016000 0.021000
0 0.919000 0.390000 0.016000 0.021000
0 0.966000 0.252000 0.016000 0.021000
0 0.972000 0.206000 0.016000 0.021000
0 0.964000 0.219000 0.016000 0.021000
0 0.950000 0.194000 0.016000 0.021000
0 0.945000 0.233000 0.016000 0.021000
0 0.950000 0.225000 0.016000 0.021000
0 0.933000 0.244000 0.016000 0.021000
0 0.941000 0.254000 0.016000 0.021000
0 0.889000 0.190000 0.016000 0.021000
0 0.923000 0.154000 0.016000 0.021000
0 0.922000 0.129000 0.016000 0.021000
0 0.952000 0.085000 0.016000 0.021000
0 0.917000 0.094000 0.016000 0.021000
0 0.898000 0.083000 0.016000 0.021000
0 0.834000 0.037000 0.016000 0.021000
0 0.805000 0.077000 0.016000 0.021000
0 0.806000 0.087000 0.016000 0.021000
0 0.820000 0.131000 0.016000 0.021000
0 0.863000 0.169000 0.016000 0.021000
0 0.839000 0.221000 0.016000 0.021000
0 0.869000 0.260000 0.016000 0.021000
0 0.891000 0.265000 0.016000 0.021000
0 0.875000 0.294000 0.016000 0.021000
0 0.867000 0.306000 0.016000 0.021000
0 0.873000 0.350000 0.016000 0.021000
0 0.767000 0.025000 0.016000 0.021000
0 0.761000 0.067000 0.016000 0.021000
0 0.764000 0.085000 0.016000 0.021000
0 0.736000 0.119000 0.016000 0.021000
0 0.730000 0.102000 0.016000 0.021000
0 0.688000 0.060000 0.016000 0.021000
0 0.677000 0.046000 0.016000 0.021000
0 0.656000 0.071000 0.016000 0.021000
0 0.652000 0.108000 0.016000 0.021000
0 0.631000 0.090000 0.016000 0.021000
0 0.620000 0.087000 0.016000 0.021000
0 0.614000 0.115000 0.016000 0.021000
0 0.589000 0.104000 0.016000 0.021000
0 0.542000 0.079000 0.016000 0.021000
0 0.602000 0.148000 0.016000 0.021000
0 0.584000 0.173000 0.016000 0.021000
0 0.572000 0.175000 0.016000 0.021000
0 0.709000 0.154000 0.016000 0.021000
0 0.720000 0.175000 0.016000 0.021000
0 0.489000 0.092000 0.016000 0.021000
0 0.413000 0.075000 0.016000 0.021000
0 0.419000 0.052000 0.016000 0.021000
0 0.441000 0.037000 0.016000 0.021000
0 0.502000 0.192000 0.016000 0.021000
0 0.492000 0.240000 0.016000 0.021000
0 0.600000 0.233000 0.016000 0.021000
0 0.603000 0.256000 0.016000 0.021000
0 0.453000 0.156000 0.016000 0.021000
0 0.444000 0.171000 0.016000 0.021000
0 0.419000 0.175000 0.016000 0.021000
0 0.409000 0.142000 0.016000 0.021000
0 0.373000 0.154000 0.016000 0.021000
0 0.358000 0.171000 0.016000 0.021000
0 0.375000 0.188000 0.016000 0.021000
0 0.322000 0.204000 0.016000 0.021000
0 0.358000 0.110000 0.016000 0.021000
0 0.364000 0.098000 0.016000 0.021000
0 0.316000 0.113000 0.016000 0.021000
0 0.305000 0.108000 0.016000 0.021000
0 0.298000 0.087000 0.016000 0.021000
0 0.300000 0.069000 0.016000 0.021000
0 0.334000 0.054000 0.016000 0.021000
0 0.311000 0.037000 0.016000 0.021000
0 0.278000 0.029000 0.016000 0.021000
0 0.286000 0.060000 0.016000 0.021000
0 0.280000 0.075000 0.016000 0.021000
0 0.236000 0.108000 0.016000 0.021000
0 0.223000 0.108000 0.016000 0.021000
0 0.205000 0.048000 0.016000 0.021000
0 0.209000 0.037000 0.016000 0.021000
0 0.169000 0.090000 0.016000 0.021000
0 0.152000 0.092000 0.016000 0.021000
0 0.114000 0.058000 0.016000 0.021000
0 0.172000 0.050000 0.016000 0.021000
0 0.103000 0.033000 0.016000 0.021000
0 0.083000 0.040000 0.016000 0.021000
0 0.056000 0.090000 0.016000 0.021000
0 0.047000 0.104000 0.016000 0.021000
0 0.059000 0.142000 0.016000 0.021000
0 0.059000 0.156000 0.016000 0.021000
0 0.191000 0.127000 0.016000 0.021000
0 0.202000 0.129000 0.016000 0.021000
0 0.208000 0.142000 0.016000 0.021000
0 0.217000 0.188000 0.016000 0.021000
0 0.209000 0.190000 0.016000 0.021000
0 0.227000 0.225000 0.016000 0.021000
0 0.211000 0.208000 0.016000 0.021000
0 0.184000 0.242000 0.016000 0.021000
0 0.159000 0.212000 0.016000 0.021000
0 0.053000 0.254000 0.016000 0.021000
0 0.028000 0.256000 0.016000 0.021000
0 0.052000 0.277000 0.016000 0.021000
0 0.072000 0.277000 0.016000 0.021000
0 0.048000 0.335000 0.016000 0.021000
0 0.056000 0.369000 0.016000 0.021000
0 0.105000 0.367000 0.016000 0.021000
0 0.102000 0.325000 0.016000 0.021000
0 0.161000 0.344000 0.016000 0.021000
0 0.113000 0.531000 0.016000 0.021000
0 0.113000 0.554000 0.016000 0.021000
0 0.098000 0.569000 0.016000 0.021000
0 0.069000 0.492000 0.016000 0.021000
0 0.036000 0.508000 0.016000 0.021000
0 0.067000 0.740000 0.016000 0.021000
0 0.100000 0.742000 0.016000 0.021000
0 0.119000 0.702000 0.016000 0.021000
0 0.136000 0.750000 0.016000 0.021000
0 0.178000 0.790000 0.016000 0.021000
0 0.127000 0.838000 0.016000 0.021000
0 0.056000 0.852000 0.016000 0.021000
0 0.039000 0.856000 0.016000 0.021000
0 0.088000 0.967000 0.016000 0.021000
0 0.058000 0.950000 0.016000 0.021000
0 0.153000 0.906000 0.016000 0.021000
0 0.222000 0.967000 0.016000 0.021000
0 0.225000 0.921000 0.016000 0.021000
0 0.263000 0.896000 0.016000 0.021000
0 0.356000 0.917000 0.016000 0.021000
0 0.356000 0.938000 0.016000 0.021000
0 0.270000 0.948000 0.016000 0.021000
0 0.413000 0.808000 0.016000 0.021000
0 0.441000 0.862000 0.016000 0.021000
0 0.464000 0.896000 0.016000 0.021000
0 0.459000 0.921000 0.016000 0.021000
0 0.450000 0.954000 0.016000 0.021000
0 0.539000 0.960000 0.016000 0.021000
0 0.531000 0.908000 0.016000 0.021000
0 0.572000 0.869000 0.016000 0.021000
0 0.580000 0.954000 0.016000 0.021000
0 0.589000 0.981000 0.016000 0.021000
0 0.670000 0.958000 0.016000 0.021000
0 0.641000 0.963000 0.016000 0.021000
0 0.606000 0.850000 0.016000 0.021000
0 0.619000 0.835000 0.016000 0.021000
0 0.666000 0.890000 0.016000 0.021000
0 0.694000 0.979000 0.016000 0.021000
0 0.680000 0.933000 0.016000 0.021000
0 0.744000 0.935000 0.016000 0.021000
0 0.769000 0.944000 0.016000 0.021000
0 0.797000 0.910000 0.016000 0.021000
0 0.814000 0.896000 0.016000 0.021000
0 0.805000 0.942000 0.016000 0.021000
0 0.828000 0.948000 0.016000 0.021000
0 0.869000 0.942000 0.016000 0.021000
0 0.867000 0.973000 0.016000 0.021000
0 0.950000 0.963000 0.016000 0.021000
0 0.922000 0.944000 0.016000 0.021000
0 0.914000 0.931000 0.016000 0.021000
0 0.916000 0.912000 0.016000 0.021000
0 0.944000 0.900000 0.016000 0.021000
0 0.963000 0.883000 0.016000 0.021000
0 0.956000 0.862000 0.016000 0.021000
0 0.928000 0.890000 0.016000 0.021000
0 0.914000 0.881000 0.016000 0.021000
0 0.922000 0.858000 0.016000 0.021000
0 0.894000 0.887000 0.016000 0.021000
0 0.891000 0.910000 0.016000 0.021000
0 0.880000 0.871000 0.016000 0.021000
0 0.886000 0.858000 0.016000 0.021000
0 0.906000 0.740000 0.016000 0.021000
0 0.914000 0.679000 0.016000 0.021000
0 0.897000 0.683000 0.016000 0.021000
0 0.922000 0.669000 0.016000 0.021000
0 0.934000 0.571000 0.016000 0.021000
0 0.922000 0.556000 0.016000 0.021000
0 0.881000 0.550000 0.016000 0.021000
0 0.870000 0.533000 0.016000 0.021000
0 0.920000 0.471000 0.016000 0.021000
0 0.852000 0.500000 0.016000 0.021000
0 0.845000 0.519000 0.016000 0.021000
0 0.861000 0.512000 0.016000 0.021000
0 0.836000 0.433000 0.016000 0.021000
0 0.847000 0.367000 0.016000 0.021000
0 0.867000 0.338000 0.016000 0.021000
0 0.886000 0.385000 0.016000 0.021000
0 0.864000 0.817000 0.016000 0.021000
0 0.866000 0.688000 0.016000 0.021000
0 0.784000 0.700000 0.016000 0.021000
0 0.702000 0.804000 0.016000 0.021000
0 0.781000 0.648000 0.016000 0.021000
0 0.781000 0.625000 0.016000 0.021000
0 0.783000 0.590000 0.016000 0.021000
0 0.838000 0.315000 0.016000 0.021000
0 0.808000 0.354000 0.016000 0.021000
0 0.805000 0.340000 0.016000 0.021000
0 0.788000 0.325000 0.016000 0.021000
0 0.780000 0.338000 0.016000 0.021000
0 0.720000 0.271000 0.016000 0.021000
0 0.664000 0.263000 0.016000 0.021000
0 0.669000 0.290000 0.016000 0.021000
0 0.678000 0.290000 0.016000 0.021000
0 0.795000 0.375000 0.016000 0.021000
0 0.725000 0.392000 0.016000 0.021000
0 0.733000 0.456000 0.016000 0.021000
0 0.756000 0.458000 0.016000 0.021000
0 0.731000 0.492000 0.016000 0.021000
0 0.727000 0.550000 0.016000 0.021000
0 0.741000 0.677000 0.016000 0.021000
0 0.678000 0.815000 0.016000 0.021000
0 0.630000 0.812000 0.016000 0.021000
0 0.652000 0.794000 0.016000 0.021000
0 0.642000 0.777000 0.016000 0.021000
0 0.650000 0.762000 0.016000 0.021000
0 0.663000 0.773000 0.016000 0.021000
0 0.653000 0.817000 0.016000 0.021000
0 0.666000 0.806000 0.016000 0.021000
0 0.681000 0.719000 0.016000 0.021000
0 0.669000 0.727000 0.016000 0.021000
0 0.591000 0.775000 0.016000 0.021000
0 0.564000 0.756000 0.016000 0.021000
0 0.556000 0.725000 0.016000 0.021000
0 0.595000 0.746000 0.016000 0.021000
0 0.642000 0.673000 0.016000 0.021000
0 0.698000 0.675000 0.016000 0.021000
0 0.706000 0.648000 0.016000 0.021000
0 0.716000 0.633000 0.016000 0.021000
0 0.691000 0.583000 0.016000 0.021000
0 0.675000 0.594000 0.016000 0.021000
0 0.673000 0.617000 0.016000 0.021000
0 0.438000 0.821000 0.016000 0.021000
0 0.448000 0.810000 0.016000 0.021000
0 0.456000 0.802000 0.016000 0.021000
0 0.480000 0.785000 0.016000 0.021000
0 0.483000 0.769000 0.016000 0.021000
0 0.473000 0.752000 0.016000 0.021000
0 0.256000 0.735000 0.016000 0.021000
0 0.216000 0.733000 0.016000 0.021000
0 0.206000 0.735000 0.016000 0.021000
0 0.180000 0.725000 0.016000 0.021000
0 0.125000 0.648000 0.016000 0.021000
0 0.148000 0.654000 0.016000 0.021000
0 0.167000 0.654000 0.016000 0.021000
0 0.180000 0.642000 0.016000 0.021000
0 0.217000 0.660000 0.016000 0.021000
0 0.203000 0.619000 0.016000 0.021000
0 0.244000 0.527000 0.016000 0.021000
0 0.242000 0.606000 0.016000 0.021000
0 0.300000 0.615000 0.016000 0.021000
0 0.320000 0.610000 0.016000 0.021000
0 0.327000 0.592000 0.016000 0.021000
0 0.373000 0.571000 0.016000 0.021000
0 0.547000 0.688000 0.016000 0.021000
0 0.539000 0.662000 0.016000 0.021000
0 0.548000 0.650000 0.016000 0.021000
0 0.544000 0.633000 0.016000 0.021000
0 0.545000 0.610000 0.016000 0.021000
0 0.480000 0.594000 0.016000 0.021000
0 0.700000 0.438000 0.016000 0.021000
0 0.689000 0.408000 0.016000 0.021000
0 0.663000 0.417000 0.016000 0.021000
0 0.653000 0.460000 0.016000 0.021000
0 0.642000 0.448000 0.016000 0.021000
0 0.556000 0.519000 0.016000 0.021000
0 0.556000 0.487000 0.016000 0.021000
0 0.552000 0.462000 0.016000 0.021000
0 0.514000 0.533000 0.016000 0.021000
0 0.511000 0.519000 0.016000 0.021000
0 0.481000 0.550000 0.016000 0.021000
0 0.473000 0.552000 0.016000 0.021000
0 0.431000 0.523000 0.016000 0.021000
0 0.369000 0.546000 0.016000 0.021000
0 0.356000 0.546000 0.016000 0.021000
0 0.356000 0.519000 0.016000 0.021000
0 0.344000 0.475000 0.016000 0.021000
0 0.255000 0.473000 0.016000 0.021000
0 0.252000 0.456000 0.016000 0.021000
0 0.211000 0.458000 0.016000 0.021000
0 0.233000 0.412000 0.016000 0.021000
0 0.233000 0.323000 0.016000 0.021000
0 0.312000 0.348000 0.016000 0.021000
0 0.320000 0.287000 0.016000 0.021000
0 0.353000 0.317000 0.016000 0.021000
0 0.373000 0.342000 0.016000 0.021000
0 0.347000 0.408000 0.016000 0.021000
0 0.306000 0.435000 0.016000 0.021000
0 0.302000 0.415000 0.016000 0.021000
0 0.375000 0.465000 0.016000 0.021000
0 0.389000 0.458000 0.016000 0.021000
0 0.406000 0.452000 0.016000 0.021000
0 0.425000 0.454000 0.016000 0.021000
0 0.450000 0.448000 0.016000 0.021000
0 0.420000 0.396000 0.016000 0.021000
0 0.444000 0.396000 0.016000 0.021000
0 0.455000 0.400000 0.016000 0.021000
0 0.469000 0.406000 0.016000 0.021000
0 0.477000 0.415000 0.016000 0.021000
0 0.455000 0.371000 0.016000 0.021000
0 0.495000 0.377000 0.016000 0.021000
0 0.486000 0.408000 0.016000 0.021000
0 0.503000 0.419000 0.016000 0.021000
0 0.517000 0.404000 0.016000 0.021000
0 0.514000 0.438000 0.016000 0.021000
0 0.542000 0.433000 0.016000 0.021000
0 0.572000 0.483000 0.016000 0.021000
0 0.573000 0.471000 0.016000 0.021000
0 0.573000 0.319000 0.016000 0.021000
0 0.525000 0.323000 0.016000 0.021000
0 0.470000 0.312000 0.016000 0.021000
0 0.466000 0.302000 0.016000 0.021000
0 0.453000 0.312000 0.016000 0.021000
0 0.456000 0.335000 0.016000 0.021000
0 0.416000 0.273000 0.016000 0.021000
0 0.472000 0.260000 0.016000 0.021000
0 0.625000 0.485000 0.016000 0.021000
0 0.689000 0.233000 0.016000 0.021000
0 0.264000 0.985000 0.016000 0.021000
0 0.283000 0.985000 0.016000 0.021000
0 0.842000 0.975000 0.016000 0.021000
0 0.328000 0.021000 0.016000 0.021000
0 0.611000 0.013000 0.016000 0.021000
0 0.461000 0.015000 0.016000 0.021000
0 0.988000 0.175000 0.016000 0.021000
0 0.989000 0.738000 0.016000 0.021000
0 0.917000 0.981000 0.016000 0.021000
0 0.008203 0.938194 0.016406 0.023611
0 0.004297 0.977083 0.008594 0.023611
0 0.005859 0.656944 0.011719 0.016667
0 0.009375 0.565972 0.009375 0.029167
0 0.004297 0.540278 0.008594 0.027778
0 0.005078 0.219444 0.010156 0.027778
0 0.111719 0.013889 0.010937 0.025000
0 0.097656 0.010417 0.017188 0.018056
0 0.754297 0.011806 0.016406 0.020833
0 0.519141 0.453472 0.013281 0.015278
0 0.981641 0.987500 0.016406 0.019444
0 0.771094 0.261111 0.012500 0.033333
0 0.721484 0.238889 0.011719 0.033333
0 0.717578 0.813889 0.010156 0.027778
0 0.714063 0.772222 0.012500 0.030556
0 0.277734 0.547917 0.011719 0.029167
0 0.625391 0.143056 0.010156 0.025000
0 0.619531 0.156250 0.009375 0.029167
0 0.902344 0.800000 0.012500 0.030556
0 0.792969 0.715278 0.014062 0.019444
0 0.801562 0.734722 0.010937 0.025000
0 0.814453 0.748611 0.010156 0.027778
0 0.807813 0.724306 0.009375 0.020833
0 0.291797 0.925694 0.011719 0.031944
0 0.960547 0.702083 0.013281 0.029167
0 0.934375 0.695833 0.010937 0.033333
0 0.643359 0.238889 0.010156 0.038889
0 0.716797 0.521528 0.011719 0.031944
0 0.694141 0.484028 0.013281 0.034722
0 0.784375 0.404167 0.014062 0.025000
0 0.029687 0.129167 0.014062 0.030556
0 0.132031 0.170833 0.010937 0.027778
0 0.093750 0.139583 0.015625 0.023611
0 0.103516 0.145833 0.013281 0.025000
0 0.100781 0.241667 0.012500 0.030556
0 0.047656 0.222222 0.009375 0.025000
0 0.038672 0.226389 0.010156 0.025000
0 0.061328 0.124306 0.010156 0.031944
0 0.132813 0.063889 0.014062 0.025000
0 0.004297 0.027083 0.008594 0.023611
0 0.015234 0.020139 0.013281 0.023611
0 0.009375 0.047222 0.010937 0.030556
0 0.021875 0.562500 0.009375 0.030556
0 0.020703 0.577778 0.010156 0.027778
0 0.021875 0.614583 0.009375 0.023611
0 0.025000 0.622917 0.014062 0.018056
0 0.025781 0.724306 0.010937 0.031944
0 0.101563 0.678472 0.014062 0.026389
0 0.166016 0.581944 0.014844 0.030556
0 0.183203 0.536111 0.011719 0.030556
0 0.151172 0.509722 0.013281 0.030556
0 0.143359 0.466667 0.014844 0.030556
0 0.150391 0.311111 0.010156 0.027778
0 0.166016 0.318056 0.010156 0.030556
0 0.180859 0.325000 0.013281 0.030556
0 0.176172 0.379861 0.014844 0.029167
0 0.162500 0.377778 0.010937 0.030556
0 0.348828 0.234028 0.010156 0.037500
0 0.351563 0.345139 0.010937 0.029167
0 0.271094 0.393056 0.018750 0.019444
0 0.257813 0.406944 0.017188 0.022222
0 0.250781 0.366667 0.015625 0.019444
0 0.265625 0.372917 0.015625 0.029167
0 0.303516 0.570833 0.011719 0.025000
0 0.248047 0.919444 0.013281 0.030556
0 0.493359 0.694444 0.011719 0.030556
0 0.518359 0.607639 0.011719 0.034722
0 0.515625 0.639583 0.015625 0.023611
0 0.598047 0.721528 0.011719 0.026389
0 0.566797 0.585417 0.013281 0.029167
0 0.590625 0.555556 0.010937 0.022222
0 0.597266 0.541667 0.011719 0.030556
0 0.605078 0.568056 0.008594 0.027778
0 0.609766 0.554861 0.011719 0.020833
0 0.644141 0.556250 0.008594 0.031944
0 0.541016 0.746528 0.010156 0.034722
0 0.616016 0.879861 0.011719 0.031944
0 0.631641 0.861806 0.011719 0.029167
0 0.645312 0.875694 0.012500 0.026389
0 0.636328 0.922917 0.011719 0.029167
0 0.775391 0.745833 0.010156 0.027778
0 0.764844 0.732639 0.014062 0.026389
0 0.755078 0.697917 0.013281 0.031944
0 0.753906 0.600000 0.012500 0.030556
0 0.737500 0.640972 0.014062 0.026389
0 0.831250 0.558333 0.015625 0.025000
0 0.826563 0.538194 0.015625 0.023611
0 0.806641 0.480556 0.010156 0.030556
0 0.800000 0.508333 0.009375 0.027778
0 0.809375 0.547917 0.007813 0.029167
0 0.828906 0.342361 0.010937 0.029167
0 0.821484 0.302083 0.016406 0.026389
0 0.848828 0.258333 0.011719 0.027778
0 0.817187 0.161806 0.012500 0.031944
0 0.789844 0.129167 0.010937 0.033333
0 0.765625 0.141667 0.015625 0.033333
0 0.769141 0.181944 0.014844 0.025000
0 0.752734 0.131944 0.010156 0.027778
0 0.860937 0.084722 0.010937 0.025000
0 0.903516 0.143750 0.013281 0.023611
0 0.935156 0.009722 0.018750 0.016667
0 0.948438 0.027778 0.012500 0.030556
0 0.934766 0.065972 0.017969 0.018056
0 0.933203 0.076389 0.014844 0.025000
0 0.962109 0.112500 0.013281 0.025000
0 0.983594 0.098611 0.010937 0.033333
0 0.958984 0.182639 0.011719 0.026389
0 0.932813 0.480556 0.009375 0.033333
0 0.981250 0.685417 0.007813 0.031944
0 0.967188 0.509028 0.009375 0.034722
0 0.869531 0.458333 0.015625 0.025000
0 0.298438 0.660417 0.010937 0.031944
0 0.377734 0.843056 0.008594 0.030556
0 0.399609 0.720833 0.011719 0.033333
0 0.432031 0.752083 0.012500 0.023611
0 0.420703 0.619444 0.010156 0.036111
0 0.425391 0.657639 0.011719 0.023611
0 0.407813 0.517361 0.009375 0.029167
0 0.392578 0.529167 0.011719 0.025000
0 0.378125 0.530556 0.009375 0.030556
0 0.567969 0.365972 0.015625 0.020833
0 0.585156 0.195833 0.012500 0.025000
0 0.682422 0.015972 0.014844 0.031944
0 0.764844 0.802778 0.009375 0.036111
0 0.875391 0.488889 0.011719 0.027778
0 0.887891 0.500000 0.011719 0.030556
0 0.978906 0.593750 0.014062 0.029167
0 0.928906 0.177083 0.010937 0.026389
0 0.873438 0.051389 0.010937 0.036111
0 0.915625 0.747222 0.010937 0.036111
0 0.871484 0.777083 0.010156 0.029167
0 0.848828 0.765278 0.010156 0.027778
0 0.848437 0.801389 0.010937 0.027778
0 0.841406 0.737500 0.012500 0.025000
0 0.831641 0.713194 0.011719 0.023611
0 0.828125 0.730556 0.012500 0.030556
0 0.626953 0.446528 0.013281 0.026389
0 0.483203 0.500694 0.013281 0.026389
0 0.432031 0.256944 0.010937 0.027778
0 0.429297 0.284028 0.010156 0.026389
0 0.435937 0.109722 0.014062 0.019444
0 0.430469 0.125694 0.010937 0.026389
0 0.216797 0.561111 0.014844 0.027778
0 0.077344 0.418750 0.010937 0.031944
0 0.007031 0.429167 0.014062 0.022222
0 0.033594 0.556250 0.009375 0.031944
0 0.196094 0.920833 0.014062 0.027778
0 0.071094 0.910417 0.012500 0.018056
0 0.076563 0.924306 0.007813 0.020833
0 0.089844 0.916667 0.012500 0.019444
0 0.101172 0.913889 0.011719 0.027778
0 0.124609 0.034722 0.010156 0.033333
0 0.210938 0.404167 0.017188 0.022222
0 0.352734 0.668056 0.008594 0.027778
0 0.365234 0.640972 0.010156 0.026389
0 0.373047 0.642361 0.010156 0.029167
0 0.556250 0.784028 0.017188 0.026389
0 0.615234 0.815278 0.011719 0.025000
0 0.689453 0.844444 0.013281 0.025000
0 0.706641 0.871528 0.017969 0.026389
0 0.710938 0.398611 0.010937 0.030556
0 0.640234 0.428472 0.013281 0.018056
0 0.535156 0.271528 0.012500 0.026389
0 0.537500 0.254861 0.018750 0.018056
0 0.538281 0.215278 0.014062 0.030556
0 0.474609 0.111111 0.013281 0.030556
0 0.291797 0.134722 0.011719 0.030556
0 0.698438 0.043056 0.009375 0.030556
0 0.734766 0.061111 0.014844 0.030556
0 0.498437 0.513194 0.010937 0.031944
0 0.232031 0.179167 0.010937 0.027778
0 0.228125 0.164583 0.014062 0.026389
0 0.218359 0.806944 0.017969 0.019444
0 0.234766 0.860417 0.013281 0.031944
0 0.657422 0.356944 0.017969 0.022222
0 0.637109 0.488889 0.014844 0.019444
0 0.065625 0.970139 0.015625 0.023611
0 0.653516 0.965278 0.014844 0.025000
