0 0.917000 0.106000 0.016000 0.021000
0 0.927000 0.087000 0.016000 0.021000
0 0.866000 0.052000 0.016000 0.021000
0 0.844000 0.075000 0.016000 0.021000
0 0.944000 0.217000 0.016000 0.021000
0 0.933000 0.237000 0.016000 0.021000
0 0.952000 0.237000 0.016000 0.021000
0 0.919000 0.331000 0.016000 0.021000
0 0.886000 0.304000 0.016000 0.021000
0 0.873000 0.277000 0.016000 0.021000
0 0.833000 0.165000 0.016000 0.021000
0 0.820000 0.163000 0.016000 0.021000
0 0.803000 0.140000 0.016000 0.021000
0 0.812000 0.129000 0.016000 0.021000
0 0.820000 0.113000 0.016000 0.021000
0 0.788000 0.133000 0.016000 0.021000
0 0.763000 0.113000 0.016000 0.021000
0 0.778000 0.067000 0.016000 0.021000
0 0.711000 0.079000 0.016000 0.021000
0 0.673000 0.092000 0.016000 0.021000
0 0.663000 0.087000 0.016000 0.021000
0 0.691000 0.087000 0.016000 0.021000
0 0.684000 0.065000 0.016000 0.021000
0 0.706000 0.117000 0.016000 0.021000
0 0.678000 0.121000 0.016000 0.021000
0 0.700000 0.165000 0.016000 0.021000
0 0.673000 0.169000 0.016000 0.021000
0 0.663000 0.160000 0.016000 0.021000
0 0.788000 0.167000 0.016000 0.021000
0 0.630000 0.146000 0.016000 0.021000
0 0.608000 0.129000 0.016000 0.021000
0 0.616000 0.110000 0.016000 0.021000
0 0.575000 0.113000 0.016000 0.021000
0 0.569000 0.154000 0.016000 0.021000
0 0.558000 0.204000 0.016000 0.021000
0 0.553000 0.233000 0.016000 0.021000
0 0.611000 0.231000 0.016000 0.021000
0 0.670000 0.246000 0.016000 0.021000
0 0.695000 0.256000 0.016000 0.021000
0 0.692000 0.283000 0.016000 0.021000
0 0.766000 0.298000 0.016000 0.021000
0 0.775000 0.287000 0.016000 0.021000
0 0.531000 0.090000 0.016000 0.021000
0 0.519000 0.083000 0.016000 0.021000
0 0.461000 0.073000 0.016000 0.021000
0 0.500000 0.110000 0.016000 0.021000
0 0.516000 0.135000 0.016000 0.021000
0 0.530000 0.212000 0.016000 0.021000
0 0.523000 0.227000 0.016000 0.021000
0 0.498000 0.248000 0.016000 0.021000
0 0.498000 0.265000 0.016000 0.021000
0 0.456000 0.177000 0.016000 0.021000
0 0.411000 0.252000 0.016000 0.021000
0 0.438000 0.292000 0.016000 0.021000
0 0.363000 0.275000 0.016000 0.021000
0 0.370000 0.221000 0.016000 0.021000
0 0.372000 0.206000 0.016000 0.021000
0 0.398000 0.175000 0.016000 0.021000
0 0.414000 0.163000 0.016000 0.021000
0 0.431000 0.115000 0.016000 0.021000
0 0.419000 0.094000 0.016000 0.021000
0 0.405000 0.108000 0.016000 0.021000
0 0.405000 0.065000 0.016000 0.021000
0 0.333000 0.048000 0.016000 0.021000
0 0.344000 0.125000 0.016000 0.021000
0 0.344000 0.173000 0.016000 0.021000
0 0.308000 0.123000 0.016000 0.021000
0 0.291000 0.135000 0.016000 0.021000
0 0.273000 0.079000 0.016000 0.021000
0 0.256000 0.131000 0.016000 0.021000
0 0.292000 0.188000 0.016000 0.021000
0 0.305000 0.192000 0.016000 0.021000
0 0.311000 0.183000 0.016000 0.021000
0 0.269000 0.146000 0.016000 0.021000
0 0.278000 0.138000 0.016000 0.021000
0 0.216000 0.185000 0.016000 0.021000
0 0.222000 0.158000 0.016000 0.021000
0 0.247000 0.150000 0.016000 0.021000
0 0.206000 0.131000 0.016000 0.021000
0 0.222000 0.123000 0.016000 0.021000
0 0.225000 0.138000 0.016000 0.021000
0 0.206000 0.104000 0.016000 0.021000
0 0.183000 0.108000 0.016000 0.021000
0 0.178000 0.069000 0.016000 0.021000
0 0.153000 0.123000 0.016000 0.021000
0 0.159000 0.106000 0.016000 0.021000
0 0.131000 0.092000 0.016000 0.021000
0 0.097000 0.077000 0.016000 0.021000
0 0.044000 0.079000 0.016000 0.021000
0 0.030000 0.092000 0.016000 0.021000
0 0.056000 0.131000 0.016000 0.021000
0 0.058000 0.158000 0.016000 0.021000
0 0.064000 0.146000 0.016000 0.021000
0 0.134000 0.163000 0.016000 0.021000
0 0.098000 0.100000 0.016000 0.021000
0 0.150000 0.277000 0.016000 0.021000
0 0.222000 0.315000 0.016000 0.021000
0 0.133000 0.281000 0.016000 0.021000
0 0.108000 0.292000 0.016000 0.021000
0 0.117000 0.304000 0.016000 0.021000
0 0.092000 0.342000 0.016000 0.021000
0 0.073000 0.327000 0.016000 0.021000
0 0.111000 0.335000 0.016000 0.021000
0 0.116000 0.396000 0.016000 0.021000
0 0.136000 0.421000 0.016000 0.021000
0 0.183000 0.444000 0.016000 0.021000
0 0.188000 0.450000 0.016000 0.021000
0 0.198000 0.460000 0.016000 0.021000
0 0.211000 0.454000 0.016000 0.021000
0 0.211000 0.415000 0.016000 0.021000
0 0.244000 0.448000 0.016000 0.021000
0 0.089000 0.454000 0.016000 0.021000
0 0.073000 0.475000 0.016000 0.021000
0 0.064000 0.444000 0.016000 0.021000
0 0.053000 0.427000 0.016000 0.021000
0 0.127000 0.512000 0.016000 0.021000
0 0.122000 0.525000 0.016000 0.021000
0 0.058000 0.542000 0.016000 0.021000
0 0.138000 0.585000 0.016000 0.021000
0 0.175000 0.560000 0.016000 0.021000
0 0.205000 0.565000 0.016000 0.021000
0 0.200000 0.531000 0.016000 0.021000
0 0.211000 0.496000 0.016000 0.021000
0 0.266000 0.506000 0.016000 0.021000
0 0.164000 0.631000 0.016000 0.021000
0 0.105000 0.694000 0.016000 0.021000
0 0.094000 0.679000 0.016000 0.021000
0 0.066000 0.642000 0.016000 0.021000
0 0.044000 0.710000 0.016000 0.021000
0 0.044000 0.762000 0.016000 0.021000
0 0.041000 0.779000 0.016000 0.021000
0 0.092000 0.794000 0.016000 0.021000
0 0.102000 0.783000 0.016000 0.021000
0 0.128000 0.792000 0.016000 0.021000
0 0.161000 0.779000 0.016000 0.021000
0 0.206000 0.698000 0.016000 0.021000
0 0.236000 0.675000 0.016000 0.021000
0 0.255000 0.710000 0.016000 0.021000
0 0.263000 0.694000 0.016000 0.021000
0 0.280000 0.704000 0.016000 0.021000
0 0.181000 0.808000 0.016000 0.021000
0 0.127000 0.827000 0.016000 0.021000
0 0.131000 0.852000 0.016000 0.021000
0 0.089000 0.844000 0.016000 0.021000
0 0.084000 0.827000 0.016000 0.021000
0 0.045000 0.873000 0.016000 0.021000
0 0.097000 0.933000 0.016000 0.021000
0 0.078000 0.944000 0.016000 0.021000
0 0.114000 0.875000 0.016000 0.021000
0 0.183000 0.854000 0.016000 0.021000
0 0.202000 0.956000 0.016000 0.021000
0 0.273000 0.917000 0.016000 0.021000
0 0.317000 0.854000 0.016000 0.021000
0 0.309000 0.767000 0.016000 0.021000
0 0.327000 0.756000 0.016000 0.021000
0 0.306000 0.746000 0.016000 0.021000
0 0.369000 0.804000 0.016000 0.021000
0 0.402000 0.904000 0.016000 0.021000
0 0.420000 0.852000 0.016000 0.021000
0 0.438000 0.904000 0.016000 0.021000
0 0.488000 0.835000 0.016000 0.021000
0 0.517000 0.829000 0.016000 0.021000
0 0.509000 0.798000 0.016000 0.021000
0 0.544000 0.758000 0.016000 0.021000
0 0.561000 0.771000 0.016000 0.021000
0 0.581000 0.796000 0.016000 0.021000
0 0.558000 0.838000 0.016000 0.021000
0 0.567000 0.873000 0.016000 0.021000
0 0.517000 0.906000 0.016000 0.021000
0 0.531000 0.944000 0.016000 0.021000
0 0.584000 0.838000 0.016000 0.021000
0 0.661000 0.944000 0.016000 0.021000
0 0.648000 0.927000 0.016000 0.021000
0 0.652000 0.912000 0.016000 0.021000
0 0.644000 0.887000 0.016000 0.021000
0 0.664000 0.892000 0.016000 0.021000
0 0.669000 0.915000 0.016000 0.021000
0 0.714000 0.808000 0.016000 0.021000
0 0.747000 0.817000 0.016000 0.021000
0 0.758000 0.873000 0.016000 0.021000
0 0.717000 0.906000 0.016000 0.021000
0 0.736000 0.933000 0.016000 0.021000
0 0.750000 0.925000 0.016000 0.021000
0 0.761000 0.890000 0.016000 0.021000
0 0.783000 0.898000 0.016000 0.021000
0 0.786000 0.885000 0.016000 0.021000
0 0.812000 0.875000 0.016000 0.021000
0 0.831000 0.873000 0.016000 0.021000
0 0.838000 0.900000 0.016000 0.021000
0 0.791000 0.927000 0.016000 0.021000
0 0.772000 0.948000 0.016000 0.021000
0 0.794000 0.956000 0.016000 0.021000
0 0.939000 0.869000 0.016000 0.021000
0 0.947000 0.915000 0.016000 0.021000
0 0.883000 0.798000 0.016000 0.021000
0 0.839000 0.794000 0.016000 0.021000
0 0.833000 0.775000 0.016000 0.021000
0 0.878000 0.738000 0.016000 0.021000
0 0.955000 0.610000 0.016000 0.021000
0 0.931000 0.596000 0.016000 0.021000
0 0.919000 0.542000 0.016000 0.021000
0 0.952000 0.500000 0.016000 0.021000
0 0.922000 0.467000 0.016000 0.021000
0 0.922000 0.452000 0.016000 0.021000
0 0.920000 0.438000 0.016000 0.021000
0 0.933000 0.396000 0.016000 0.021000
0 0.952000 0.392000 0.016000 0.021000
0 0.947000 0.348000 0.016000 0.021000
0 0.870000 0.367000 0.016000 0.021000
0 0.864000 0.327000 0.016000 0.021000
0 0.841000 0.321000 0.016000 0.021000
0 0.817000 0.327000 0.016000 0.021000
0 0.797000 0.323000 0.016000 0.021000
0 0.848000 0.371000 0.016000 0.021000
0 0.827000 0.410000 0.016000 0.021000
0 0.859000 0.429000 0.016000 0.021000
0 0.841000 0.452000 0.016000 0.021000
0 0.886000 0.556000 0.016000 0.021000
0 0.863000 0.556000 0.016000 0.021000
0 0.819000 0.562000 0.016000 0.021000
0 0.788000 0.592000 0.016000 0.021000
0 0.792000 0.617000 0.016000 0.021000
0 0.805000 0.617000 0.016000 0.021000
0 0.841000 0.606000 0.016000 0.021000
0 0.858000 0.596000 0.016000 0.021000
0 0.875000 0.588000 0.016000 0.021000
0 0.839000 0.633000 0.016000 0.021000
0 0.823000 0.640000 0.016000 0.021000
0 0.833000 0.665000 0.016000 0.021000
0 0.834000 0.715000 0.016000 0.021000
0 0.800000 0.723000 0.016000 0.021000
0 0.795000 0.673000 0.016000 0.021000
0 0.794000 0.367000 0.016000 0.021000
0 0.773000 0.356000 0.016000 0.021000
0 0.761000 0.358000 0.016000 0.021000
0 0.766000 0.375000 0.016000 0.021000
0 0.755000 0.410000 0.016000 0.021000
0 0.748000 0.425000 0.016000 0.021000
0 0.772000 0.431000 0.016000 0.021000
0 0.783000 0.483000 0.016000 0.021000
0 0.759000 0.483000 0.016000 0.021000
0 0.725000 0.510000 0.016000 0.021000
0 0.739000 0.525000 0.016000 0.021000
0 0.728000 0.527000 0.016000 0.021000
0 0.734000 0.542000 0.016000 0.021000
0 0.736000 0.621000 0.016000 0.021000
0 0.739000 0.652000 0.016000 0.021000
0 0.761000 0.675000 0.016000 0.021000
0 0.756000 0.696000 0.016000 0.021000
0 0.745000 0.706000 0.016000 0.021000
0 0.767000 0.719000 0.016000 0.021000
0 0.720000 0.748000 0.016000 0.021000
0 0.705000 0.754000 0.016000 0.021000
0 0.722000 0.731000 0.016000 0.021000
0 0.709000 0.400000 0.016000 0.021000
0 0.677000 0.342000 0.016000 0.021000
0 0.636000 0.346000 0.016000 0.021000
0 0.481000 0.302000 0.016000 0.021000
0 0.456000 0.275000 0.016000 0.021000
0 0.269000 0.315000 0.016000 0.021000
0 0.273000 0.327000 0.016000 0.021000
0 0.270000 0.365000 0.016000 0.021000
0 0.256000 0.394000 0.016000 0.021000
0 0.278000 0.406000 0.016000 0.021000
0 0.308000 0.419000 0.016000 0.021000
0 0.339000 0.423000 0.016000 0.021000
0 0.300000 0.475000 0.016000 0.021000
0 0.292000 0.467000 0.016000 0.021000
0 0.322000 0.485000 0.016000 0.021000
0 0.312000 0.508000 0.016000 0.021000
0 0.306000 0.540000 0.016000 0.021000
0 0.369000 0.454000 0.016000 0.021000
0 0.425000 0.340000 0.016000 0.021000
0 0.422000 0.360000 0.016000 0.021000
0 0.409000 0.425000 0.016000 0.021000
0 0.395000 0.456000 0.016000 0.021000
0 0.384000 0.469000 0.016000 0.021000
0 0.656000 0.412000 0.016000 0.021000
0 0.627000 0.398000 0.016000 0.021000
0 0.592000 0.404000 0.016000 0.021000
0 0.570000 0.373000 0.016000 0.021000
0 0.519000 0.396000 0.016000 0.021000
0 0.506000 0.410000 0.016000 0.021000
0 0.522000 0.406000 0.016000 0.021000
0 0.537000 0.433000 0.016000 0.021000
0 0.537000 0.404000 0.016000 0.021000
0 0.464000 0.404000 0.016000 0.021000
0 0.470000 0.383000 0.016000 0.021000
0 0.439000 0.410000 0.016000 0.021000
0 0.442000 0.487000 0.016000 0.021000
0 0.475000 0.477000 0.016000 0.021000
0 0.525000 0.496000 0.016000 0.021000
0 0.531000 0.515000 0.016000 0.021000
0 0.555000 0.496000 0.016000 0.021000
0 0.561000 0.479000 0.016000 0.021000
0 0.597000 0.490000 0.016000 0.021000
0 0.603000 0.458000 0.016000 0.021000
0 0.653000 0.481000 0.016000 0.021000
0 0.661000 0.494000 0.016000 0.021000
0 0.631000 0.512000 0.016000 0.021000
0 0.638000 0.535000 0.016000 0.021000
0 0.677000 0.640000 0.016000 0.021000
0 0.631000 0.604000 0.016000 0.021000
0 0.620000 0.635000 0.016000 0.021000
0 0.606000 0.656000 0.016000 0.021000
0 0.606000 0.646000 0.016000 0.021000
0 0.578000 0.631000 0.016000 0.021000
0 0.641000 0.721000 0.016000 0.021000
0 0.627000 0.760000 0.016000 0.021000
0 0.628000 0.779000 0.016000 0.021000
0 0.677000 0.713000 0.016000 0.021000
0 0.672000 0.688000 0.016000 0.021000
0 0.683000 0.675000 0.016000 0.021000
0 0.694000 0.667000 0.016000 0.021000
0 0.673000 0.660000 0.016000 0.021000
0 0.663000 0.665000 0.016000 0.021000
0 0.491000 0.537000 0.016000 0.021000
0 0.481000 0.523000 0.016000 0.021000
0 0.534000 0.537000 0.016000 0.021000
0 0.550000 0.631000 0.016000 0.021000
0 0.492000 0.704000 0.016000 0.021000
0 0.495000 0.760000 0.016000 0.021000
0 0.484000 0.754000 0.016000 0.021000
0 0.455000 0.556000 0.016000 0.021000
0 0.439000 0.558000 0.016000 0.021000
0 0.380000 0.604000 0.016000 0.021000
0 0.342000 0.662000 0.016000 0.021000
0 0.309000 0.698000 0.016000 0.021000
0 0.364000 0.700000 0.016000 0.021000
0 0.405000 0.615000 0.016000 0.021000
0 0.489000 0.592000 0.016000 0.021000
0 0.486000 0.571000 0.016000 0.021000
0 0.478000 0.637000 0.016000 0.021000
0 0.473000 0.637000 0.016000 0.021000
0 0.459000 0.642000 0.016000 0.021000
0 0.444000 0.633000 0.016000 0.021000
0 0.416000 0.667000 0.016000 0.021000
0 0.398000 0.708000 0.016000 0.021000
0 0.414000 0.733000 0.016000 0.021000
0 0.439000 0.754000 0.016000 0.021000
0 0.480000 0.727000 0.016000 0.021000
0 0.481000 0.708000 0.016000 0.021000
0 0.969000 0.710000 0.016000 0.021000
0 0.955000 0.177000 0.016000 0.021000
0 0.981000 0.173000 0.016000 0.021000
0 0.961000 0.202000 0.016000 0.021000
0 0.966000 0.223000 0.016000 0.021000
0 0.972000 0.265000 0.016000 0.021000
0 0.988000 0.254000 0.016000 0.021000
0 0.834000 0.252000 0.016000 0.021000
0 0.980000 0.067000 0.016000 0.021000
0 0.975000 0.302000 0.016000 0.021000
0 0.981000 0.487000 0.016000 0.021000
0 0.978000 0.381000 0.016000 0.021000
0 0.978000 0.508000 0.016000 0.021000
0 0.978000 0.523000 0.016000 0.021000
0 0.970000 0.573000 0.016000 0.021000
0 0.969000 0.592000 0.016000 0.021000
0 0.970000 0.613000 0.016000 0.021000
0 0.973000 0.752000 0.016000 0.021000
0 0.841000 0.688000 0.016000 0.021000
0 0.952000 0.958000 0.016000 0.021000
0 0.975000 0.969000 0.016000 0.021000
0 0.944000 0.975000 0.016000 0.021000
0 0.873000 0.975000 0.016000 0.021000
0 0.838000 0.558000 0.016000 0.021000
0 0.753000 0.506000 0.016000 0.021000
0 0.769000 0.831000 0.016000 0.021000
0 0.703000 0.869000 0.016000 0.021000
0 0.644000 0.794000 0.016000 0.021000
0 0.733000 0.973000 0.016000 0.021000
0 0.684000 0.977000 0.016000 0.021000
0 0.658000 0.963000 0.016000 0.021000
0 0.628000 0.977000 0.016000 0.021000
0 0.602000 0.977000 0.016000 0.021000
0 0.484000 0.971000 0.016000 0.021000
0 0.344000 0.977000 0.016000 0.021000
0 0.236000 0.975000 0.016000 0.021000
0 0.208000 0.975000 0.016000 0.021000
0 0.070000 0.975000 0.016000 0.021000
0 0.131000 0.685000 0.016000 0.021000
0 0.181000 0.398000 0.016000 0.021000
0 0.320000 0.458000 0.016000 0.021000
0 0.934000 0.517000 0.016000 0.021000
0 0.025000 0.338000 0.016000 0.021000
0 0.013000 0.321000 0.016000 0.021000
0 0.017000 0.225000 0.016000 0.021000
0 0.080000 0.048000 0.016000 0.021000
0 0.181000 0.054000 0.016000 0.021000
0 0.225000 0.094000 0.016000 0.021000
0 0.333000 0.025000 0.016000 0.021000
0 0.409000 0.046000 0.016000 0.021000
0 0.644000 0.029000 0.016000 0.021000
0 0.608000 0.029000 0.016000 0.021000
0 0.667000 0.042000 0.016000 0.021000
0 0.670000 0.031000 0.016000 0.021000
0 0.705000 0.031000 0.016000 0.021000
0 0.831000 0.027000 0.016000 0.021000
0 0.877000 0.054000 0.016000 0.021000
0 0.488000 0.198000 0.016000 0.021000
0 0.086000 0.110000 0.016000 0.021000
0 0.075000 0.106000 0.016000 0.021000
0 0.270000 0.629000 0.016000 0.021000
0 0.966000 0.021000 0.016000 0.021000
0 0.903000 0.312000 0.016000 0.021000
0 0.533000 0.596000 0.016000 0.021000
0 0.225000 0.435000 0.016000 0.021000
0 0.705000 0.890000 0.016000 0.021000
0 0.231000 0.019000 0.016000 0.021000
0 0.514000 0.015000 0.016000 0.021000
0 0.920000 0.983000 0.016000 0.021000
0 0.833203 0.984722 0.013281 0.019444
0 0.761328 0.805556 0.008594 0.030556
0 0.580469 0.710417 0.012500 0.031944
0 0.534766 0.657639 0.011719 0.034722
0 0.563281 0.580556 0.015625 0.036111
0 0.536328 0.550000 0.008594 0.025000
0 0.378906 0.659722 0.012500 0.030556
0 0.023438 0.829861 0.012500 0.029167
0 0.078906 0.887500 0.015625 0.033333
0 0.016797 0.904861 0.011719 0.026389
0 0.571094 0.967361 0.012500 0.034722
0 0.630469 0.951389 0.012500 0.036111
0 0.453516 0.725694 0.011719 0.034722
0 0.682813 0.580556 0.012500 0.038889
0 0.668359 0.462500 0.014844 0.030556
0 0.582422 0.228472 0.014844 0.034722
0 0.440625 0.227083 0.010937 0.031944
0 0.413281 0.279167 0.012500 0.030556
0 0.388281 0.324306 0.010937 0.034722
0 0.378906 0.290972 0.014062 0.031944
0 0.255469 0.204167 0.014062 0.036111
0 0.192188 0.203472 0.012500 0.037500
0 0.740234 0.291667 0.010156 0.038889
0 0.778125 0.240278 0.010937 0.036111
0 0.854297 0.233333 0.014844 0.036111
0 0.903906 0.773611 0.012500 0.038889
0 0.852734 0.892361 0.011719 0.031944
0 0.921484 0.913889 0.011719 0.033333
0 0.143359 0.013889 0.017969 0.019444
0 0.990625 0.554861 0.010937 0.031944
0 0.991406 0.891667 0.012500 0.022222
0 0.968750 0.791667 0.014062 0.030556
0 0.970312 0.820833 0.010937 0.030556
0 0.991016 0.304861 0.011719 0.023611
0 0.850391 0.015972 0.010156 0.029167
0 0.798437 0.013194 0.007813 0.023611
0 0.537500 0.016667 0.012500 0.022222
0 0.386328 0.815278 0.011719 0.033333
0 0.900000 0.671528 0.012500 0.040278
0 0.289453 0.805556 0.013281 0.036111
0 0.803516 0.482639 0.011719 0.037500
0 0.374609 0.918056 0.013281 0.036111
0 0.046875 0.459028 0.015625 0.029167
0 0.345703 0.347917 0.014844 0.029167
0 0.229297 0.271528 0.013281 0.037500
0 0.826953 0.486806 0.013281 0.037500
0 0.228516 0.567361 0.016406 0.034722
0 0.991406 0.607639 0.010937 0.029167
0 0.023047 0.663889 0.014844 0.033333
0 0.515625 0.563889 0.010937 0.038889
0 0.450000 0.132639 0.012500 0.026389
0 0.941016 0.715278 0.017969 0.030556
0 0.762891 0.177083 0.011719 0.034722
0 0.992969 0.161111 0.012500 0.027778
0 0.990234 0.742361 0.008594 0.040278
0 0.814453 0.783333 0.013281 0.025000
0 0.301562 0.245833 0.009375 0.027778
0 0.315625 0.257639 0.012500 0.037500
0 0.532422 0.153472 0.011719 0.031944
0 0.653906 0.211111 0.014062 0.036111
0 0.793359 0.259028 0.013281 0.037500
0 0.823047 0.838889 0.013281 0.038889
0 0.992969 0.630556 0.009375 0.027778
0 0.822656 0.906944 0.012500 0.036111
0 0.450391 0.596528 0.013281 0.037500
0 0.437500 0.393056 0.012500 0.038889
0 0.169531 0.765972 0.010937 0.037500
0 0.402344 0.506944 0.017188 0.025000
0 0.143750 0.451389 0.010937 0.027778
0 0.120703 0.410417 0.010156 0.026389
0 0.057422 0.316667 0.013281 0.030556
0 0.185547 0.226389 0.013281 0.027778
0 0.461719 0.209722 0.010937 0.025000
0 0.385938 0.856250 0.009375 0.026389
0 0.276563 0.879167 0.018750 0.019444
0 0.584375 0.326389 0.010937 0.030556
0 0.577344 0.345139 0.009375 0.026389
0 0.437891 0.084028 0.010156 0.029167
0 0.326562 0.081250 0.012500 0.031944
0 0.707812 0.834722 0.014062 0.022222
0 0.430469 0.015972 0.014062 0.023611
0 0.798828 0.529167 0.011719 0.022222
0 0.727344 0.564583 0.009375 0.029167
0 0.729688 0.665278 0.007813 0.033333
0 0.914844 0.146528 0.012500 0.034722
0 0.902734 0.056944 0.013281 0.027778
0 0.541797 0.366667 0.010156 0.033333
0 0.092188 0.553472 0.015625 0.026389
0 0.081641 0.558333 0.010156 0.033333
0 0.747656 0.546528 0.015625 0.023611
