0 0.542000 0.422200 0.014700 0.018800
0 0.929700 0.881700 0.014800 0.017700
0 0.168900 0.329200 0.015200 0.018000
0 0.180800 0.284600 0.013700 0.019700
0 0.318400 0.421000 0.014800 0.020400
0 0.066500 0.770500 0.015100 0.020800
0 0.066500 0.871400 0.016100 0.018800
0 0.220600 0.147800 0.016500 0.018600
0 0.718700 0.190900 0.014900 0.020000
0 0.445700 0.316100 0.013100 0.020000
0 0.868300 0.832000 0.015500 0.017700
0 0.469800 0.759500 0.013500 0.021100
0 0.220100 0.671200 0.014300 0.018500
0 0.365600 0.308800 0.013200 0.021400
0 0.715700 0.904500 0.016800 0.021000
0 0.017500 0.403800 0.013900 0.019500
0 0.944200 0.603400 0.016400 0.019800
0 0.681700 0.056700 0.014200 0.018100
0 0.854600 0.448200 0.015700 0.018500
0 0.097000 0.578000 0.013700 0.018800
0 0.714500 0.118500 0.013600 0.017600
0 0.496600 0.879900 0.015000 0.018100
0 0.880300 0.808300 0.016200 0.018900
0 0.878600 0.879700 0.018000 0.019800
0 0.647700 0.428700 0.014800 0.018400
0 0.404100 0.307700 0.016700 0.017800
0 0.767700 0.094900 0.014700 0.019400
0 0.670200 0.205400 0.012900 0.020200
0 0.473000 0.491000 0.012400 0.021700
0 0.428100 0.806700 0.015100 0.018100
0 0.530100 0.369900 0.015500 0.016400
0 0.045700 0.466600 0.014300 0.016800
0 0.292000 0.734700 0.014400 0.020400
0 0.510600 0.678700 0.014600 0.020000
0 0.842600 0.609400 0.016700 0.018600
0 0.302900 0.644700 0.016800 0.021300
0 0.669600 0.180600 0.014400 0.020200
0 0.668900 0.757200 0.014500 0.026200
0 0.920100 0.466000 0.014000 0.019700
0 0.341100 0.259700 0.013100 0.021100
0 0.028900 0.895400 0.013800 0.021400
0 0.172900 0.483500 0.014600 0.019000
0 0.570800 0.934600 0.014800 0.020700
0 0.656300 0.445800 0.013600 0.019800
0 0.197700 0.657100 0.013500 0.018000
0 0.878900 0.322400 0.015900 0.018100
0 0.780000 0.943400 0.013900 0.019600
0 0.753100 0.596800 0.015000 0.020100
0 0.284800 0.753600 0.015400 0.019300
0 0.929300 0.722500 0.017600 0.018600
0 0.148400 0.147900 0.014800 0.018100
0 0.689700 0.708800 0.014900 0.020900
0 0.444000 0.406500 0.013000 0.019900
0 0.470200 0.864800 0.013800 0.019300
0 0.759400 0.197300 0.014500 0.016400
0 0.160800 0.572600 0.013500 0.017700
0 0.165000 0.768200 0.014900 0.021700
0 0.479100 0.417400 0.013200 0.022900
0 0.541400 0.909300 0.013000 0.022700
0 0.259400 0.932500 0.013800 0.023600
0 0.610100 0.480400 0.011100 0.021700
0 0.680600 0.782500 0.015700 0.021100
0 0.393500 0.410900 0.014200 0.018000
0 0.542100 0.456000 0.012800 0.022100
0 0.772200 0.558500 0.015500 0.019300
0 0.528000 0.805500 0.014600 0.020900
0 0.476400 0.381800 0.014900 0.020100
0 0.590400 0.382300 0.016600 0.018000
0 0.542500 0.632400 0.010800 0.022000
0 0.070500 0.578000 0.012200 0.021300
0 0.902000 0.129700 0.014000 0.020500
0 0.692100 0.419000 0.014300 0.026400
0 0.809600 0.031900 0.015600 0.020000
0 0.689200 0.808500 0.017000 0.020400
0 0.760700 0.777300 0.016100 0.019300
0 0.434900 0.296300 0.015400 0.020000
0 0.779400 0.829100 0.016300 0.019300
0 0.047400 0.904200 0.014100 0.018300
0 0.164900 0.344600 0.013900 0.017700
0 0.084000 0.808600 0.013700 0.022300
0 0.347100 0.858700 0.016000 0.022300
0 0.177900 0.705400 0.013100 0.021900
0 0.264600 0.165000 0.013500 0.025400
0 0.364000 0.783800 0.014800 0.018400
0 0.310900 0.197100 0.012200 0.028600
0 0.016900 0.369600 0.015100 0.022200
0 0.638900 0.482100 0.010700 0.027000
0 0.958500 0.427900 0.013600 0.020400
0 0.295500 0.490800 0.011300 0.026000
0 0.847000 0.764000 0.015500 0.018900
0 0.559400 0.770400 0.010800 0.027700
0 0.182100 0.961200 0.015900 0.018600
0 0.947500 0.041400 0.009500 0.029400
0 0.797300 0.695200 0.015700 0.019100
0 0.978000 0.294700 0.013500 0.016400
0 0.857800 0.679400 0.014200 0.022900
0 0.885800 0.210500 0.012700 0.018800
0 0.014500 0.594500 0.014700 0.021500
0 0.523500 0.735200 0.012900 0.023500
0 0.016700 0.168100 0.012700 0.024800
0 0.444600 0.514000 0.014900 0.018900
0 0.656100 0.031300 0.013700 0.021500
0 0.794400 0.506200 0.014100 0.025100
0 0.157200 0.517700 0.011600 0.022200
0 0.369800 0.610100 0.012700 0.024800
0 0.970600 0.543000 0.012000 0.028600
0 0.920400 0.169700 0.011200 0.024900
0 0.451500 0.428900 0.014000 0.022300
0 0.821800 0.610700 0.015600 0.020600
0 0.896800 0.226800 0.013000 0.021200
0 0.181400 0.552600 0.012700 0.020100
0 0.568600 0.542500 0.012300 0.025600
0 0.260100 0.595200 0.011500 0.024900
0 0.758400 0.322100 0.011900 0.030300
0 0.093100 0.589700 0.013400 0.019300
0 0.235800 0.340300 0.011900 0.028000
0 0.655900 0.933200 0.011200 0.029600
0 0.467600 0.134000 0.010700 0.029100
0 0.847600 0.798100 0.016800 0.018000
0 0.778500 0.971500 0.013800 0.023800
0 0.208200 0.244500 0.010900 0.030900
0 0.040900 0.018700 0.014300 0.022700
0 0.626500 0.181600 0.011500 0.031100
0 0.429000 0.318300 0.012000 0.019100
0 0.859100 0.166900 0.011000 0.032100
0 0.278800 0.429600 0.011800 0.029200
0 0.677400 0.839400 0.015700 0.021300
0 0.238600 0.045500 0.013200 0.022000
0 0.651600 0.391000 0.015400 0.019800
0 0.582300 0.716400 0.012700 0.026600
0 0.109100 0.457600 0.015200 0.018900
0 0.452600 0.168500 0.012700 0.025500
0 0.913600 0.632000 0.012900 0.026500
0 0.391500 0.681700 0.010300 0.034600
0 0.480500 0.797500 0.012300 0.020700
0 0.705600 0.148300 0.016800 0.018500
0 0.509800 0.470300 0.010600 0.028000
0 0.707000 0.728400 0.009700 0.031800
0 0.851600 0.083400 0.013500 0.022200
0 0.689500 0.158700 0.015600 0.019200
0 0.475900 0.456600 0.013900 0.021400
0 0.765700 0.189900 0.013400 0.017600
0 0.328300 0.522600 0.011800 0.026300
0 0.486200 0.084600 0.013400 0.019600
0 0.188900 0.176000 0.014700 0.018600
0 0.024200 0.684800 0.012400 0.022300
0 0.252900 0.890600 0.014200 0.023600
0 0.884500 0.334500 0.016800 0.018400
0 0.126400 0.441500 0.014100 0.019400
0 0.892800 0.626900 0.013500 0.028500
0 0.514800 0.366000 0.014500 0.018300
0 0.416800 0.036200 0.013800 0.024000
0 0.123400 0.126900 0.015600 0.020000
0 0.604200 0.898100 0.012700 0.025300
0 0.646500 0.444000 0.014500 0.019900
0 0.948700 0.480700 0.016000 0.019600
0 0.033800 0.760800 0.013300 0.018400
0 0.438200 0.379400 0.013200 0.023700
0 0.674200 0.607200 0.014200 0.020700
0 0.334000 0.973400 0.012700 0.024000
0 0.243500 0.976900 0.013700 0.021400
0 0.913200 0.855400 0.012700 0.019300
0 0.739300 0.476500 0.012600 0.024600
0 0.549200 0.294200 0.015800 0.017000
0 0.609100 0.572900 0.012500 0.023800
0 0.861500 0.190600 0.013900 0.024100
0 0.171800 0.611200 0.013500 0.020000
0 0.665700 0.784100 0.014400 0.026600
0 0.082900 0.388900 0.014200 0.019200
0 0.517200 0.398800 0.014300 0.019600
0 0.061800 0.967000 0.012800 0.023100
0 0.142600 0.058900 0.010000 0.033900
0 0.769500 0.728600 0.010100 0.025700
0 0.297300 0.118600 0.010200 0.035100
0 0.870000 0.976700 0.013100 0.024900
0 0.781900 0.151200 0.013100 0.021500
0 0.474100 0.522300 0.012900 0.023300
0 0.946400 0.089000 0.011700 0.021400
0 0.954100 0.478800 0.017500 0.018300
0 0.144600 0.498300 0.011500 0.028000
0 0.513600 0.632600 0.014000 0.019400
0 0.472600 0.252700 0.014000 0.018900
0 0.360700 0.110400 0.013300 0.022100
0 0.627800 0.458000 0.013900 0.021200
0 0.253700 0.834400 0.009700 0.036700
0 0.761800 0.653000 0.014500 0.022700
0 0.026600 0.413500 0.015800 0.018700
0 0.017700 0.036200 0.014400 0.019800
0 0.941900 0.252500 0.011900 0.027000
0 0.713400 0.386000 0.013400 0.023900
0 0.211800 0.595700 0.010200 0.029200
0 0.502800 0.451700 0.011400 0.024100
0 0.110800 0.446400 0.014700 0.020000
0 0.417300 0.326800 0.010900 0.025300
0 0.666000 0.827000 0.015900 0.022800
0 0.895600 0.111500 0.013700 0.021700
0 0.443100 0.643700 0.010700 0.037900
0 0.160938 0.073611 0.012500 0.022222
0 0.148047 0.788194 0.011719 0.031944
0 0.017188 0.800000 0.020312 0.025000
0 0.168750 0.896528 0.017188 0.026389
0 0.269922 0.479167 0.013281 0.025000
0 0.491797 0.943056 0.013281 0.030556
0 0.601172 0.101389 0.016406 0.027778
0 0.566797 0.118056 0.016406 0.022222
0 0.563281 0.286111 0.012500 0.019444
0 0.006641 0.013194 0.013281 0.020833
0 0.092969 0.133333 0.012500 0.033333
0 0.018359 0.284028 0.016406 0.023611
0 0.117578 0.096528 0.016406 0.029167
0 0.630859 0.588194 0.013281 0.023611
0 0.053516 0.765278 0.010156 0.036111
0 0.089844 0.984722 0.017188 0.022222
0 0.237500 0.958333 0.012500 0.027778
0 0.614844 0.824306 0.012500 0.031944
0 0.965234 0.633333 0.013281 0.033333
0 0.973828 0.633333 0.011719 0.022222
0 0.981641 0.621528 0.013281 0.023611
0 0.990234 0.609028 0.008594 0.026389
0 0.973047 0.611806 0.011719 0.020833
0 0.994141 0.206250 0.010156 0.026389
0 0.862891 0.550000 0.016406 0.027778
0 0.829687 0.168056 0.012500 0.033333
0 0.884766 0.054167 0.016406 0.025000
0 0.450000 0.225000 0.014062 0.022222
0 0.446484 0.243750 0.014844 0.023611
0 0.300000 0.977778 0.012500 0.033333
0 0.291016 0.980556 0.013281 0.027778
0 0.261328 0.606944 0.019531 0.016667
0 0.248437 0.883333 0.010937 0.027778
