0 0.823000 0.037000 0.016000 0.021000
0 0.877000 0.058000 0.016000 0.021000
0 0.883000 0.079000 0.016000 0.021000
0 0.928000 0.102000 0.016000 0.021000
0 0.967000 0.154000 0.016000 0.021000
0 0.931000 0.206000 0.016000 0.021000
0 0.923000 0.225000 0.016000 0.021000
0 0.916000 0.246000 0.016000 0.021000
0 0.914000 0.263000 0.016000 0.021000
0 0.927000 0.279000 0.016000 0.021000
0 0.934000 0.298000 0.016000 0.021000
0 0.903000 0.312000 0.016000 0.021000
0 0.884000 0.312000 0.016000 0.021000
0 0.864000 0.188000 0.016000 0.021000
0 0.845000 0.117000 0.016000 0.021000
0 0.808000 0.085000 0.016000 0.021000
0 0.800000 0.090000 0.016000 0.021000
0 0.789000 0.110000 0.016000 0.021000
0 0.777000 0.104000 0.016000 0.021000
0 0.703000 0.127000 0.016000 0.021000
0 0.705000 0.100000 0.016000 0.021000
0 0.677000 0.110000 0.016000 0.021000
0 0.664000 0.100000 0.016000 0.021000
0 0.659000 0.083000 0.016000 0.021000
0 0.675000 0.056000 0.016000 0.021000
0 0.689000 0.058000 0.016000 0.021000
0 0.655000 0.067000 0.016000 0.021000
0 0.658000 0.052000 0.016000 0.021000
0 0.634000 0.119000 0.016000 0.021000
0 0.667000 0.133000 0.016000 0.021000
0 0.627000 0.156000 0.016000 0.021000
0 0.580000 0.140000 0.016000 0.021000
0 0.572000 0.060000 0.016000 0.021000
0 0.536000 0.133000 0.016000 0.021000
0 0.537000 0.167000 0.016000 0.021000
0 0.658000 0.244000 0.016000 0.021000
0 0.642000 0.240000 0.016000 0.021000
0 0.775000 0.192000 0.016000 0.021000
0 0.822000 0.300000 0.016000 0.021000
0 0.816000 0.287000 0.016000 0.021000
0 0.730000 0.304000 0.016000 0.021000
0 0.573000 0.196000 0.016000 0.021000
0 0.052000 0.052000 0.016000 0.021000
0 0.516000 0.296000 0.016000 0.021000
0 0.575000 0.283000 0.016000 0.021000
0 0.758000 0.331000 0.016000 0.021000
0 0.767000 0.327000 0.016000 0.021000
0 0.827000 0.344000 0.016000 0.021000
0 0.905000 0.344000 0.016000 0.021000
0 0.830000 0.377000 0.016000 0.021000
0 0.892000 0.431000 0.016000 0.021000
0 0.872000 0.423000 0.016000 0.021000
0 0.848000 0.452000 0.016000 0.021000
0 0.752000 0.423000 0.016000 0.021000
0 0.731000 0.385000 0.016000 0.021000
0 0.650000 0.352000 0.016000 0.021000
0 0.634000 0.412000 0.016000 0.021000
0 0.581000 0.415000 0.016000 0.021000
0 0.545000 0.342000 0.016000 0.021000
0 0.527000 0.446000 0.016000 0.021000
0 0.516000 0.517000 0.016000 0.021000
0 0.527000 0.527000 0.016000 0.021000
0 0.542000 0.504000 0.016000 0.021000
0 0.542000 0.544000 0.016000 0.021000
0 0.581000 0.485000 0.016000 0.021000
0 0.570000 0.481000 0.016000 0.021000
0 0.588000 0.454000 0.016000 0.021000
0 0.608000 0.438000 0.016000 0.021000
0 0.636000 0.446000 0.016000 0.021000
0 0.683000 0.456000 0.016000 0.021000
0 0.672000 0.483000 0.016000 0.021000
0 0.681000 0.494000 0.016000 0.021000
0 0.684000 0.521000 0.016000 0.021000
0 0.725000 0.502000 0.016000 0.021000
0 0.711000 0.492000 0.016000 0.021000
0 0.783000 0.458000 0.016000 0.021000
0 0.770000 0.523000 0.016000 0.021000
0 0.769000 0.542000 0.016000 0.021000
0 0.892000 0.490000 0.016000 0.021000
0 0.975000 0.494000 0.016000 0.021000
0 0.919000 0.573000 0.016000 0.021000
0 0.873000 0.640000 0.016000 0.021000
0 0.880000 0.577000 0.016000 0.021000
0 0.866000 0.562000 0.016000 0.021000
0 0.866000 0.552000 0.016000 0.021000
0 0.814000 0.623000 0.016000 0.021000
0 0.834000 0.648000 0.016000 0.021000
0 0.792000 0.644000 0.016000 0.021000
0 0.773000 0.635000 0.016000 0.021000
0 0.711000 0.579000 0.016000 0.021000
0 0.672000 0.575000 0.016000 0.021000
0 0.647000 0.537000 0.016000 0.021000
0 0.648000 0.577000 0.016000 0.021000
0 0.648000 0.606000 0.016000 0.021000
0 0.669000 0.613000 0.016000 0.021000
0 0.723000 0.646000 0.016000 0.021000
0 0.747000 0.654000 0.016000 0.021000
0 0.755000 0.685000 0.016000 0.021000
0 0.769000 0.679000 0.016000 0.021000
0 0.833000 0.685000 0.016000 0.021000
0 0.845000 0.679000 0.016000 0.021000
0 0.847000 0.710000 0.016000 0.021000
0 0.863000 0.758000 0.016000 0.021000
0 0.831000 0.794000 0.016000 0.021000
0 0.870000 0.844000 0.016000 0.021000
0 0.942000 0.610000 0.016000 0.021000
0 0.938000 0.640000 0.016000 0.021000
0 0.969000 0.631000 0.016000 0.021000
0 0.963000 0.873000 0.016000 0.021000
0 0.917000 0.948000 0.016000 0.021000
0 0.920000 0.929000 0.016000 0.021000
0 0.858000 0.908000 0.016000 0.021000
0 0.844000 0.904000 0.016000 0.021000
0 0.825000 0.908000 0.016000 0.021000
0 0.812000 0.921000 0.016000 0.021000
0 0.788000 0.792000 0.016000 0.021000
0 0.753000 0.729000 0.016000 0.021000
0 0.745000 0.738000 0.016000 0.021000
0 0.734000 0.752000 0.016000 0.021000
0 0.744000 0.769000 0.016000 0.021000
0 0.730000 0.794000 0.016000 0.021000
0 0.717000 0.738000 0.016000 0.021000
0 0.723000 0.721000 0.016000 0.021000
0 0.717000 0.702000 0.016000 0.021000
0 0.678000 0.744000 0.016000 0.021000
0 0.666000 0.708000 0.016000 0.021000
0 0.655000 0.713000 0.016000 0.021000
0 0.644000 0.677000 0.016000 0.021000
0 0.602000 0.654000 0.016000 0.021000
0 0.586000 0.631000 0.016000 0.021000
0 0.659000 0.581000 0.016000 0.021000
0 0.389000 0.698000 0.016000 0.021000
0 0.420000 0.769000 0.016000 0.021000
0 0.366000 0.790000 0.016000 0.021000
0 0.466000 0.725000 0.016000 0.021000
0 0.502000 0.721000 0.016000 0.021000
0 0.541000 0.744000 0.016000 0.021000
0 0.517000 0.758000 0.016000 0.021000
0 0.534000 0.783000 0.016000 0.021000
0 0.598000 0.777000 0.016000 0.021000
0 0.617000 0.733000 0.016000 0.021000
0 0.656000 0.765000 0.016000 0.021000
0 0.781000 0.810000 0.016000 0.021000
0 0.730000 0.906000 0.016000 0.021000
0 0.730000 0.887000 0.016000 0.021000
0 0.716000 0.908000 0.016000 0.021000
0 0.703000 0.915000 0.016000 0.021000
0 0.617000 0.794000 0.016000 0.021000
0 0.611000 0.896000 0.016000 0.021000
0 0.622000 0.896000 0.016000 0.021000
0 0.623000 0.927000 0.016000 0.021000
0 0.633000 0.923000 0.016000 0.021000
0 0.556000 0.817000 0.016000 0.021000
0 0.536000 0.840000 0.016000 0.021000
0 0.530000 0.856000 0.016000 0.021000
0 0.505000 0.873000 0.016000 0.021000
0 0.491000 0.827000 0.016000 0.021000
0 0.477000 0.800000 0.016000 0.021000
0 0.461000 0.756000 0.016000 0.021000
0 0.403000 0.840000 0.016000 0.021000
0 0.430000 0.906000 0.016000 0.021000
0 0.477000 0.929000 0.016000 0.021000
0 0.498000 0.960000 0.016000 0.021000
0 0.358000 0.956000 0.016000 0.021000
0 0.247000 0.840000 0.016000 0.021000
0 0.288000 0.867000 0.016000 0.021000
0 0.166000 0.952000 0.016000 0.021000
0 0.148000 0.806000 0.016000 0.021000
0 0.131000 0.835000 0.016000 0.021000
0 0.123000 0.844000 0.016000 0.021000
0 0.113000 0.860000 0.016000 0.021000
0 0.080000 0.902000 0.016000 0.021000
0 0.031000 0.927000 0.016000 0.021000
0 0.089000 0.948000 0.016000 0.021000
0 0.097000 0.929000 0.016000 0.021000
0 0.100000 0.938000 0.016000 0.021000
0 0.984000 0.048000 0.016000 0.021000
0 0.980000 0.087000 0.016000 0.021000
0 0.989000 0.113000 0.016000 0.021000
0 0.983000 0.165000 0.016000 0.021000
0 0.986000 0.190000 0.016000 0.021000
0 0.980000 0.219000 0.016000 0.021000
0 0.970000 0.310000 0.016000 0.021000
0 0.977000 0.462000 0.016000 0.021000
0 0.895000 0.477000 0.016000 0.021000
0 0.980000 0.629000 0.016000 0.021000
0 0.972000 0.717000 0.016000 0.021000
0 0.988000 0.540000 0.016000 0.021000
0 0.986000 0.900000 0.016000 0.021000
0 0.939000 0.969000 0.016000 0.021000
0 0.877000 0.929000 0.016000 0.021000
0 0.794000 0.821000 0.016000 0.021000
0 0.797000 0.742000 0.016000 0.021000
0 0.877000 0.785000 0.016000 0.021000
0 0.706000 0.973000 0.016000 0.021000
0 0.605000 0.956000 0.016000 0.021000
0 0.594000 0.969000 0.016000 0.021000
0 0.248000 0.963000 0.016000 0.021000
0 0.244000 0.977000 0.016000 0.021000
0 0.748000 0.069000 0.016000 0.021000
0 0.784000 0.067000 0.016000 0.021000
0 0.830000 0.475000 0.016000 0.021000
0 0.786000 0.490000 0.016000 0.021000
0 0.634000 0.800000 0.016000 0.021000
0 0.625000 0.812000 0.016000 0.021000
0 0.453000 0.773000 0.016000 0.021000
0 0.639000 0.354000 0.016000 0.021000
0 0.798000 0.629000 0.016000 0.021000
0 0.717578 0.013194 0.017969 0.026389
0 0.989062 0.352083 0.017188 0.037500
0 0.006641 0.862500 0.013281 0.027778
0 0.982813 0.986111 0.015625 0.027778
0 0.359375 0.986111 0.015625 0.027778
0 0.779688 0.223611 0.015625 0.030556
0 0.829687 0.180556 0.012500 0.033333
0 0.714453 0.309722 0.011719 0.038889
0 0.894141 0.625694 0.011719 0.029167
0 0.838281 0.057639 0.015625 0.034722
0 0.094922 0.855556 0.011719 0.036111
0 0.401563 0.743056 0.014062 0.033333
0 0.792578 0.350694 0.014844 0.034722
0 0.911328 0.600000 0.011719 0.033333
0 0.717969 0.163889 0.014062 0.027778
0 0.569141 0.807639 0.010156 0.034722
0 0.801953 0.506944 0.011719 0.033333
0 0.816406 0.235417 0.014062 0.040278
0 0.910937 0.397917 0.012500 0.037500
0 0.715625 0.626389 0.010937 0.038889
0 0.990234 0.809722 0.013281 0.041667
0 0.719922 0.046528 0.013281 0.034722
0 0.724609 0.347222 0.011719 0.036111
0 0.893359 0.895139 0.010156 0.037500
0 0.993750 0.936806 0.012500 0.029167
0 0.218359 0.831250 0.013281 0.034722
0 0.275000 0.776389 0.010937 0.033333
0 0.302344 0.833333 0.014062 0.030556
0 0.678906 0.902083 0.009375 0.031944
0 0.775000 0.725694 0.009375 0.031944
0 0.846484 0.757639 0.011719 0.040278
0 0.935156 0.541667 0.017188 0.025000
0 0.855469 0.334722 0.017188 0.022222
0 0.874609 0.371528 0.010156 0.029167
0 0.884375 0.347917 0.014062 0.029167
0 0.839453 0.292361 0.014844 0.037500
0 0.964453 0.203472 0.011719 0.034722
0 0.748438 0.395833 0.009375 0.038889
0 0.748047 0.090278 0.017969 0.016667
0 0.571094 0.120833 0.012500 0.036111
0 0.900000 0.833333 0.014062 0.030556
0 0.957812 0.929861 0.012500 0.031944
0 0.987891 0.667361 0.011719 0.034722
0 0.830078 0.093056 0.014844 0.022222
0 0.469922 0.976389 0.013281 0.036111
0 0.108203 0.895833 0.017969 0.025000
0 0.205859 0.782639 0.016406 0.029167
0 0.178125 0.817361 0.014062 0.031944
0 0.548047 0.304861 0.014844 0.029167
0 0.582812 0.390972 0.015625 0.029167
0 0.650781 0.314583 0.015625 0.029167
0 0.911719 0.086111 0.010937 0.033333
0 0.902734 0.097222 0.010156 0.030556
0 0.947656 0.090972 0.014062 0.026389
0 0.970703 0.047917 0.011719 0.031944
0 0.863672 0.234028 0.013281 0.031944
0 0.011328 0.944444 0.010156 0.033333
0 0.672656 0.221528 0.014062 0.040278
0 0.723437 0.459028 0.010937 0.037500
0 0.728125 0.441667 0.014062 0.027778
0 0.592578 0.509028 0.017969 0.023611
0 0.569531 0.528472 0.014062 0.029167
0 0.566797 0.543056 0.019531 0.025000
0 0.524609 0.199306 0.014844 0.029167
0 0.641406 0.165278 0.010937 0.036111
0 0.653125 0.154167 0.012500 0.030556
0 0.665625 0.652083 0.020312 0.020833
0 0.783203 0.559028 0.011719 0.031944
0 0.784766 0.534722 0.014844 0.022222
0 0.816797 0.547917 0.010156 0.031944
0 0.919531 0.316667 0.010937 0.033333
0 0.397656 0.925694 0.015625 0.029167
0 0.832422 0.827778 0.013281 0.030556
0 0.947266 0.760417 0.016406 0.031944
0 0.951563 0.661111 0.012500 0.027778
0 0.516406 0.698611 0.010937 0.033333
0 0.535156 0.672917 0.010937 0.029167
0 0.549219 0.688889 0.017188 0.027778
0 0.553125 0.671528 0.015625 0.026389
0 0.559766 0.630556 0.014844 0.030556
0 0.841406 0.533333 0.014062 0.030556
0 0.219531 0.945139 0.012500 0.031944
0 0.667578 0.858333 0.013281 0.036111
0 0.626562 0.854167 0.012500 0.033333
0 0.600000 0.830556 0.018750 0.025000
0 0.648438 0.958333 0.014062 0.027778
0 0.689844 0.757639 0.015625 0.029167
0 0.590234 0.306250 0.014844 0.026389
0 0.524609 0.268056 0.014844 0.027778
0 0.942578 0.145139 0.017969 0.020833
0 0.581641 0.935417 0.011719 0.029167
0 0.501172 0.673611 0.014844 0.025000
0 0.499219 0.065278 0.017188 0.025000
0 0.489844 0.043750 0.017188 0.026389
0 0.489844 0.155556 0.015625 0.022222
0 0.510156 0.550694 0.014062 0.029167
0 0.502344 0.526389 0.012500 0.030556
0 0.512500 0.446528 0.009375 0.031944
0 0.508984 0.406944 0.014844 0.025000
0 0.428125 0.032639 0.012500 0.031944
0 0.450781 0.061806 0.015625 0.026389
0 0.455859 0.107639 0.013281 0.026389
0 0.441406 0.112500 0.014062 0.030556
0 0.490625 0.236806 0.015625 0.023611
0 0.485547 0.253472 0.013281 0.023611
0 0.493359 0.350694 0.014844 0.029167
0 0.493359 0.386111 0.019531 0.022222
0 0.487500 0.411806 0.018750 0.026389
0 0.492188 0.430556 0.015625 0.030556
0 0.494922 0.588194 0.013281 0.037500
0 0.332422 0.031944 0.013281 0.027778
0 0.375781 0.041667 0.014062 0.022222
0 0.372266 0.052778 0.016406 0.022222
0 0.388281 0.068750 0.018750 0.023611
0 0.369141 0.078472 0.016406 0.026389
0 0.385547 0.118750 0.019531 0.018056
0 0.407422 0.148611 0.017969 0.019444
0 0.423828 0.187500 0.010156 0.038889
0 0.446094 0.217361 0.015625 0.029167
0 0.431641 0.220139 0.011719 0.045833
0 0.433594 0.256250 0.009375 0.034722
0 0.455469 0.243056 0.014062 0.025000
0 0.438281 0.292361 0.009375 0.037500
0 0.455078 0.351389 0.019531 0.025000
0 0.468359 0.377778 0.017969 0.027778
0 0.416016 0.309028 0.014844 0.029167
0 0.437109 0.343750 0.010156 0.029167
0 0.426562 0.368056 0.010937 0.038889
0 0.437109 0.408333 0.017969 0.022222
0 0.444141 0.526389 0.013281 0.027778
0 0.447656 0.554861 0.018750 0.029167
0 0.458594 0.603472 0.017188 0.023611
0 0.421484 0.665972 0.013281 0.031944
0 0.432031 0.524306 0.015625 0.026389
0 0.431641 0.593750 0.014844 0.031944
0 0.414063 0.595139 0.014062 0.023611
0 0.412500 0.568056 0.010937 0.016667
0 0.402734 0.186111 0.016406 0.022222
0 0.387500 0.182639 0.014062 0.020833
0 0.367188 0.122917 0.014062 0.023611
0 0.342578 0.112500 0.013281 0.027778
0 0.352734 0.102778 0.013281 0.019444
0 0.365625 0.184028 0.020312 0.023611
0 0.400000 0.331250 0.012500 0.029167
0 0.394141 0.454167 0.019531 0.022222
0 0.392969 0.482639 0.018750 0.018056
0 0.396094 0.513889 0.017188 0.025000
0 0.392188 0.624306 0.010937 0.029167
0 0.382813 0.598611 0.010937 0.033333
0 0.377734 0.619444 0.008594 0.027778
0 0.356641 0.659722 0.017969 0.025000
0 0.335938 0.556250 0.014062 0.026389
0 0.344141 0.505556 0.013281 0.030556
0 0.371484 0.386111 0.011719 0.025000
0 0.375391 0.381250 0.013281 0.023611
0 0.356250 0.333333 0.015625 0.022222
0 0.332812 0.155556 0.018750 0.025000
0 0.289844 0.056944 0.014062 0.030556
0 0.294922 0.084722 0.016406 0.030556
0 0.273047 0.026389 0.010156 0.030556
0 0.257813 0.036111 0.012500 0.036111
0 0.319531 0.168056 0.017188 0.030556
0 0.314063 0.182639 0.014062 0.026389
0 0.299219 0.266667 0.012500 0.033333
0 0.285547 0.295139 0.016406 0.023611
0 0.314063 0.353472 0.014062 0.029167
0 0.320703 0.447222 0.017969 0.025000
0 0.300391 0.571528 0.013281 0.023611
0 0.309766 0.645833 0.010156 0.036111
0 0.322266 0.692361 0.016406 0.023611
0 0.305859 0.691667 0.010156 0.030556
0 0.304297 0.709028 0.013281 0.026389
0 0.276563 0.677778 0.014062 0.027778
0 0.244531 0.673611 0.020312 0.025000
0 0.283984 0.645139 0.011719 0.023611
0 0.254687 0.590972 0.015625 0.026389
0 0.273438 0.535417 0.015625 0.023611
0 0.305859 0.423611 0.016406 0.019444
0 0.290625 0.445833 0.017188 0.027778
0 0.282813 0.361111 0.012500 0.030556
0 0.292969 0.363889 0.014062 0.033333
0 0.065625 0.750694 0.020312 0.023611
0 0.080469 0.704167 0.015625 0.022222
0 0.105859 0.723611 0.016406 0.027778
0 0.119141 0.732639 0.019531 0.020833
0 0.016797 0.657639 0.010156 0.034722
0 0.006641 0.684722 0.013281 0.025000
0 0.029687 0.614583 0.015625 0.029167
0 0.054297 0.586111 0.014844 0.030556
0 0.087500 0.596528 0.012500 0.031944
0 0.098828 0.591667 0.010156 0.027778
0 0.162500 0.693750 0.017188 0.026389
0 0.132422 0.631250 0.016406 0.029167
0 0.132031 0.659028 0.017188 0.018056
0 0.128906 0.675694 0.023438 0.018056
0 0.248437 0.498611 0.012500 0.027778
0 0.252344 0.497917 0.015625 0.026389
0 0.262500 0.475694 0.018750 0.020833
0 0.260938 0.424306 0.014062 0.026389
0 0.255078 0.393750 0.014844 0.029167
0 0.254687 0.371528 0.017188 0.026389
0 0.277734 0.163194 0.014844 0.023611
0 0.277734 0.141667 0.016406 0.027778
0 0.272656 0.130556 0.014062 0.027778
0 0.242188 0.083333 0.015625 0.027778
0 0.255078 0.085417 0.016406 0.018056
0 0.255078 0.102083 0.017969 0.018056
0 0.255859 0.118056 0.022656 0.016667
0 0.253906 0.130556 0.018750 0.019444
0 0.222656 0.081250 0.020312 0.020833
0 0.212891 0.118750 0.016406 0.029167
0 0.219531 0.140972 0.014062 0.029167
0 0.251563 0.211111 0.018750 0.025000
0 0.228906 0.268056 0.012500 0.030556
0 0.237891 0.311111 0.013281 0.036111
0 0.233594 0.412500 0.017188 0.027778
0 0.218359 0.386806 0.016406 0.020833
0 0.217578 0.406250 0.014844 0.037500
0 0.210547 0.428472 0.019531 0.023611
0 0.211328 0.445139 0.021094 0.023611
0 0.205469 0.497917 0.015625 0.029167
0 0.208203 0.556944 0.021094 0.019444
0 0.188281 0.556250 0.009375 0.031944
0 0.170312 0.561111 0.017188 0.027778
0 0.155469 0.560417 0.021875 0.018056
0 0.160156 0.582639 0.012500 0.037500
0 0.154687 0.534722 0.009375 0.033333
0 0.172266 0.502083 0.021094 0.023611
0 0.051562 0.499306 0.014062 0.029167
0 0.046484 0.484028 0.008594 0.020833
0 0.039063 0.496528 0.010937 0.031944
0 0.017969 0.445139 0.015625 0.029167
0 0.034766 0.401389 0.017969 0.027778
0 0.030859 0.416667 0.014844 0.027778
0 0.044141 0.443056 0.013281 0.022222
0 0.101563 0.502083 0.015625 0.023611
0 0.085547 0.506944 0.019531 0.025000
0 0.136719 0.506250 0.015625 0.045833
0 0.182031 0.433333 0.014062 0.033333
0 0.183984 0.384028 0.010156 0.040278
0 0.048828 0.369444 0.013281 0.033333
0 0.100781 0.303472 0.010937 0.037500
0 0.084375 0.306250 0.018750 0.031944
0 0.106250 0.353472 0.014062 0.029167
0 0.100000 0.375000 0.018750 0.036111
0 0.119141 0.372917 0.016406 0.026389
0 0.130078 0.368750 0.010156 0.034722
0 0.156250 0.363194 0.015625 0.023611
0 0.154297 0.329861 0.022656 0.034722
0 0.156641 0.382639 0.011719 0.045833
0 0.175781 0.254167 0.015625 0.033333
0 0.182422 0.228472 0.016406 0.029167
0 0.202344 0.177083 0.010937 0.031944
0 0.193750 0.130556 0.017188 0.025000
0 0.196094 0.150694 0.015625 0.015278
0 0.182031 0.166667 0.009375 0.022222
0 0.172266 0.159722 0.008594 0.025000
0 0.182812 0.182639 0.020312 0.026389
0 0.171875 0.035417 0.015625 0.034722
0 0.148438 0.109722 0.018750 0.025000
0 0.149219 0.072917 0.018750 0.026389
0 0.154687 0.039583 0.010937 0.029167
0 0.158594 0.015278 0.010937 0.027778
0 0.143750 0.015278 0.017188 0.019444
0 0.110156 0.033333 0.014062 0.027778
0 0.114063 0.049306 0.009375 0.026389
0 0.116406 0.121528 0.018750 0.031944
0 0.092188 0.104167 0.014062 0.036111
0 0.072656 0.018750 0.020312 0.026389
0 0.014844 0.039583 0.017188 0.029167
0 0.044531 0.081944 0.017188 0.030556
0 0.066406 0.157639 0.020312 0.023611
0 0.051953 0.145139 0.010156 0.034722
0 0.040625 0.145139 0.017188 0.026389
0 0.023828 0.159722 0.019531 0.016667
0 0.023438 0.174306 0.014062 0.020833
0 0.060156 0.902778 0.010937 0.038889
0 0.067188 0.939583 0.010937 0.031944
0 0.030859 0.886806 0.014844 0.031944
0 0.359766 0.411806 0.011719 0.040278
0 0.918750 0.971528 0.012500 0.029167
0 0.831641 0.983333 0.021094 0.027778
0 0.157422 0.850000 0.017969 0.025000
0 0.019141 0.011806 0.017969 0.020833
0 0.768750 0.175694 0.014062 0.023611
0 0.691406 0.540278 0.014062 0.030556
0 0.065234 0.274306 0.013281 0.040278
0 0.847266 0.928472 0.011719 0.031944
0 0.857031 0.938194 0.010937 0.031944
0 0.815234 0.947222 0.011719 0.027778
0 0.485156 0.340278 0.010937 0.025000
0 0.480859 0.321528 0.013281 0.023611
0 0.479688 0.302083 0.012500 0.020833
0 0.823047 0.571528 0.011719 0.020833
0 0.832422 0.571528 0.011719 0.020833
0 0.052734 0.898611 0.010156 0.030556
