0 0.696600 0.704600 0.015900 0.019900
0 0.419400 0.945600 0.017400 0.018900
0 0.883500 0.419500 0.014500 0.020700
0 0.409700 0.866600 0.015100 0.020600
0 0.404200 0.082600 0.013800 0.020700
0 0.217600 0.766500 0.014200 0.021600
0 0.669200 0.756600 0.015500 0.025000
0 0.707100 0.747000 0.014900 0.020500
0 0.760500 0.196400 0.014600 0.020800
0 0.579100 0.755000 0.014700 0.020600
0 0.867900 0.829700 0.016300 0.019100
0 0.318900 0.422400 0.014800 0.020900
0 0.069700 0.721400 0.012500 0.021100
0 0.302700 0.643900 0.016600 0.019800
0 0.510500 0.678800 0.014200 0.020000
0 0.216700 0.677600 0.014600 0.018000
0 0.533900 0.479000 0.013900 0.020200
0 0.160300 0.569300 0.014300 0.018400
0 0.383400 0.405800 0.015200 0.020300
0 0.806200 0.795100 0.015600 0.018800
0 0.166000 0.329500 0.016500 0.020700
0 0.530300 0.369200 0.015600 0.017000
0 0.454900 0.521500 0.015600 0.020300
0 0.497000 0.878900 0.014600 0.018800
0 0.594700 0.270800 0.014400 0.022300
0 0.942900 0.958000 0.017500 0.018600
0 0.403800 0.307300 0.016300 0.018800
0 0.957900 0.806000 0.017000 0.018300
0 0.407300 0.139700 0.012500 0.020300
0 0.384400 0.695400 0.013900 0.020100
0 0.928800 0.722300 0.016200 0.019500
0 0.297100 0.670500 0.014500 0.019200
0 0.146000 0.154100 0.016000 0.017500
0 0.845700 0.797700 0.017500 0.018800
0 0.944800 0.602400 0.016800 0.020400
0 0.197000 0.581300 0.013600 0.018900
0 0.796000 0.243700 0.015500 0.019500
0 0.106600 0.744600 0.011400 0.022900
0 0.905200 0.131000 0.016200 0.019100
0 0.702600 0.130700 0.016800 0.020000
0 0.528000 0.504500 0.014100 0.019300
0 0.031800 0.035200 0.016700 0.018300
0 0.709400 0.906400 0.016000 0.022500
0 0.878600 0.321600 0.016800 0.018400
0 0.453600 0.146600 0.011900 0.019800
0 0.766300 0.089600 0.015100 0.020500
0 0.834100 0.955900 0.017400 0.021100
0 0.082600 0.430400 0.013800 0.017900
0 0.840400 0.609700 0.017300 0.020300
0 0.894300 0.115600 0.015300 0.020800
0 0.507300 0.631400 0.014200 0.021900
0 0.826800 0.267600 0.014600 0.019800
0 0.885600 0.210700 0.013600 0.018900
0 0.346200 0.422100 0.013700 0.022000
0 0.190800 0.784200 0.013200 0.021600
0 0.034000 0.818500 0.012700 0.021300
0 0.152600 0.627700 0.014600 0.017600
0 0.259200 0.930100 0.014500 0.021700
0 0.919300 0.103100 0.015800 0.019100
0 0.522800 0.808300 0.015100 0.020000
0 0.285700 0.753300 0.017100 0.018000
0 0.355800 0.439600 0.013400 0.021500
0 0.545700 0.460300 0.012400 0.024000
0 0.946800 0.085400 0.013600 0.017000
0 0.884200 0.052700 0.015600 0.018700
0 0.254800 0.604100 0.015800 0.021000
0 0.846800 0.527600 0.014800 0.021300
0 0.471200 0.677600 0.013300 0.021500
0 0.017200 0.406100 0.015000 0.019200
0 0.541000 0.790800 0.016800 0.019300
0 0.160900 0.768200 0.014800 0.020300
0 0.668000 0.780700 0.015400 0.026400
0 0.583900 0.717400 0.013500 0.023500
0 0.681400 0.465500 0.014100 0.019400
0 0.504700 0.471300 0.011100 0.027400
0 0.591600 0.146900 0.012400 0.019900
0 0.477000 0.383200 0.015400 0.018600
0 0.166400 0.871700 0.016100 0.020400
0 0.932100 0.452200 0.014100 0.021600
0 0.283000 0.443500 0.015700 0.021400
0 0.522400 0.529900 0.011600 0.024700
0 0.515000 0.402200 0.015400 0.020300
0 0.668300 0.473300 0.015700 0.019000
0 0.251800 0.694400 0.016200 0.018200
0 0.676800 0.348200 0.014900 0.021000
0 0.943500 0.890000 0.018500 0.019100
0 0.616500 0.128200 0.014400 0.019600
0 0.044500 0.228300 0.013700 0.023700
0 0.609900 0.480700 0.011800 0.023300
0 0.944000 0.102000 0.014800 0.018500
0 0.263700 0.167100 0.013600 0.023700
0 0.551600 0.291100 0.015100 0.017700
0 0.170900 0.570300 0.014400 0.018000
0 0.893700 0.631100 0.013900 0.024200
0 0.790800 0.810900 0.017100 0.016300
0 0.083900 0.592700 0.015500 0.018800
0 0.658800 0.820600 0.013400 0.031100
0 0.068700 0.865300 0.013000 0.022800
0 0.248200 0.882500 0.012700 0.027800
0 0.688700 0.433600 0.015700 0.021100
0 0.648600 0.432800 0.016900 0.019300
0 0.785500 0.329900 0.016500 0.021000
0 0.777200 0.308200 0.012400 0.029600
0 0.451100 0.091700 0.013300 0.022600
0 0.024000 0.682600 0.013000 0.020200
0 0.754500 0.885200 0.015200 0.020000
0 0.873200 0.806600 0.019000 0.018900
0 0.568700 0.542000 0.012200 0.024400
0 0.093300 0.447500 0.014600 0.018200
0 0.446900 0.314700 0.014300 0.020600
0 0.857100 0.039800 0.015100 0.021000
0 0.218600 0.148700 0.015500 0.018700
0 0.638900 0.481000 0.012100 0.027400
0 0.676700 0.722100 0.016100 0.021000
0 0.085500 0.740500 0.012300 0.019800
0 0.702400 0.978200 0.016100 0.020900
0 0.291700 0.177400 0.012600 0.020000
0 0.208300 0.244000 0.010700 0.029600
0 0.807600 0.193300 0.011700 0.031700
0 0.498500 0.759800 0.010600 0.028300
0 0.164000 0.545800 0.012300 0.021200
0 0.754600 0.702400 0.012600 0.024000
0 0.179600 0.286400 0.014300 0.019200
0 0.917600 0.378100 0.015700 0.021300
0 0.547800 0.592600 0.011300 0.027100
0 0.071900 0.844000 0.010700 0.030000
0 0.859400 0.166800 0.012200 0.030700
0 0.021200 0.789300 0.014300 0.019600
0 0.970400 0.542600 0.012100 0.030000
0 0.480300 0.414800 0.014400 0.022100
0 0.188500 0.177600 0.015400 0.018200
0 0.172200 0.610800 0.013900 0.018500
0 0.921900 0.644900 0.012700 0.031600
0 0.086100 0.684200 0.013600 0.019200
0 0.542700 0.632600 0.012400 0.021700
0 0.082700 0.385600 0.014100 0.018300
0 0.630600 0.178900 0.012700 0.029700
0 0.469600 0.860900 0.013900 0.020300
0 0.022500 0.414900 0.016500 0.019000
0 0.603400 0.904600 0.014600 0.025000
0 0.168500 0.489000 0.014600 0.019600
0 0.977600 0.293600 0.013700 0.019700
0 0.260100 0.596600 0.012700 0.026400
0 0.109500 0.090700 0.015600 0.021900
0 0.390400 0.409800 0.015000 0.019100
0 0.304200 0.551800 0.011300 0.021700
0 0.236100 0.339800 0.011400 0.029200
0 0.472000 0.485800 0.013600 0.022500
0 0.956600 0.938900 0.017400 0.019500
0 0.760200 0.307300 0.011500 0.031900
0 0.452000 0.166200 0.012600 0.023200
0 0.142400 0.901700 0.017600 0.022000
0 0.889100 0.439400 0.015200 0.021200
0 0.039800 0.204700 0.013600 0.023700
0 0.097900 0.273400 0.013100 0.019300
0 0.490500 0.523300 0.015100 0.019800
0 0.763700 0.730400 0.011400 0.025800
0 0.473200 0.522400 0.015500 0.021300
0 0.896700 0.223500 0.014000 0.020500
0 0.339800 0.293800 0.014500 0.021200
0 0.253900 0.834400 0.010600 0.033300
0 0.347200 0.864200 0.014000 0.024000
0 0.434800 0.372800 0.016400 0.024500
0 0.436200 0.292300 0.014800 0.020900
0 0.048600 0.616400 0.014500 0.018100
0 0.786700 0.794800 0.015400 0.018500
0 0.514900 0.367700 0.015300 0.018700
0 0.426000 0.720200 0.015300 0.019500
0 0.688500 0.809000 0.018300 0.022100
0 0.761600 0.653200 0.014700 0.021700
0 0.940100 0.659700 0.011800 0.024700
0 0.142700 0.058400 0.010800 0.033900
0 0.761300 0.776800 0.016700 0.018400
0 0.067500 0.179200 0.012300 0.022300
0 0.726100 0.753700 0.015200 0.020000
0 0.503600 0.648400 0.014300 0.020100
0 0.472100 0.252800 0.013900 0.021800
0 0.458600 0.947800 0.016100 0.020200
0 0.444500 0.223700 0.013800 0.022700
0 0.692100 0.052200 0.014700 0.021100
0 0.920500 0.561300 0.014700 0.020900
0 0.014700 0.648200 0.015600 0.018800
0 0.861600 0.190200 0.014200 0.024300
0 0.511400 0.897100 0.014300 0.019600
0 0.013900 0.034600 0.016100 0.018500
0 0.884800 0.333900 0.017300 0.018600
0 0.148900 0.548400 0.012700 0.021700
0 0.538500 0.907000 0.014100 0.022500
0 0.113700 0.742200 0.012800 0.019700
0 0.748500 0.902300 0.013600 0.026400
0 0.336800 0.664900 0.013200 0.023300
0 0.442400 0.640400 0.009300 0.038400
0 0.649000 0.021700 0.014400 0.023700
0 0.775800 0.715200 0.014700 0.021800
0 0.448500 0.247900 0.012600 0.022600
0 0.014300 0.626300 0.015600 0.018800
0 0.104400 0.439500 0.013800 0.021900
0 0.269300 0.286600 0.013300 0.019100
0 0.138400 0.486100 0.014000 0.018300
0 0.089453 0.126389 0.013281 0.033333
0 0.827734 0.170139 0.010156 0.037500
0 0.781641 0.148611 0.013281 0.030556
0 0.800391 0.432639 0.013281 0.023611
0 0.677344 0.013194 0.017188 0.012500
0 0.036719 0.022917 0.015625 0.020833
0 0.561328 0.290972 0.021094 0.020833
0 0.097656 0.082639 0.009375 0.020833
0 0.486719 0.081944 0.014062 0.022222
0 0.596484 0.096528 0.017969 0.026389
0 0.095703 0.461806 0.016406 0.023611
0 0.006641 0.013889 0.011719 0.022222
0 0.261719 0.012500 0.014062 0.019444
0 0.296875 0.119444 0.012500 0.030556
0 0.008594 0.864583 0.012500 0.031944
0 0.286719 0.976389 0.014062 0.019444
0 0.290625 0.977083 0.010937 0.026389
0 0.966016 0.643056 0.011719 0.019444
0 0.971875 0.640278 0.009375 0.025000
0 0.968750 0.629167 0.009375 0.025000
0 0.981250 0.625694 0.010937 0.020833
0 0.988672 0.611111 0.013281 0.019444
0 0.906641 0.445833 0.014844 0.027778
0 0.799219 0.464583 0.010937 0.031944
0 0.793359 0.504861 0.013281 0.026389
0 0.763672 0.558333 0.014844 0.025000
