0 0.987891 0.090972 0.011719 0.029167
0 0.964453 0.281250 0.014844 0.023611
0 0.966406 0.331250 0.009375 0.031944
0 0.983984 0.475694 0.010156 0.026389
0 0.986328 0.502083 0.014844 0.029167
0 0.955469 0.425000 0.015625 0.025000
0 0.934375 0.387500 0.009375 0.030556
0 0.935547 0.163889 0.014844 0.022222
0 0.902344 0.038194 0.020312 0.026389
0 0.889063 0.017361 0.017188 0.015278
0 0.893750 0.110417 0.010937 0.034722
0 0.904297 0.365278 0.011719 0.030556
0 0.971484 0.585417 0.010156 0.031944
0 0.976953 0.665972 0.013281 0.023611
0 0.987500 0.860417 0.014062 0.020833
0 0.944141 0.693056 0.011719 0.022222
0 0.933203 0.714583 0.013281 0.020833
0 0.925000 0.724306 0.012500 0.018056
0 0.930078 0.630556 0.010156 0.027778
0 0.924609 0.469444 0.010156 0.030556
0 0.903906 0.552778 0.012500 0.025000
0 0.891016 0.509028 0.013281 0.023611
0 0.891016 0.402778 0.011719 0.025000
0 0.861328 0.094444 0.013281 0.022222
0 0.821875 0.036806 0.010937 0.029167
0 0.833203 0.293056 0.010156 0.025000
0 0.858203 0.347917 0.010156 0.020833
0 0.855859 0.496528 0.014844 0.023611
0 0.893359 0.656250 0.008594 0.029167
0 0.862109 0.598611 0.010156 0.027778
0 0.851563 0.593056 0.010937 0.033333
0 0.864062 0.762500 0.015625 0.030556
0 0.890625 0.906944 0.012500 0.025000
0 0.914844 0.936111 0.009375 0.019444
0 0.843359 0.889583 0.008594 0.023611
0 0.842578 0.857639 0.008594 0.023611
0 0.832422 0.857639 0.007031 0.023611
0 0.866016 0.985417 0.010156 0.018056
0 0.805078 0.702778 0.014844 0.025000
0 0.794531 0.748611 0.012500 0.019444
0 0.767578 0.736806 0.013281 0.020833
0 0.768750 0.771528 0.012500 0.026389
0 0.779688 0.920139 0.012500 0.026389
0 0.791797 0.977778 0.013281 0.013889
0 0.766016 0.946528 0.013281 0.026389
0 0.762500 0.872917 0.014062 0.020833
0 0.732422 0.894444 0.016406 0.019444
0 0.720312 0.959722 0.014062 0.025000
0 0.747266 0.831944 0.010156 0.030556
0 0.800781 0.522222 0.015625 0.025000
0 0.782812 0.463889 0.014062 0.022222
0 0.814062 0.304167 0.010937 0.033333
0 0.797266 0.332639 0.010156 0.029167
0 0.817187 0.277778 0.010937 0.025000
0 0.816016 0.206250 0.011719 0.031944
0 0.728906 0.311806 0.009375 0.029167
0 0.743359 0.439583 0.010156 0.023611
0 0.752344 0.561111 0.012500 0.027778
0 0.722656 0.599306 0.014062 0.020833
0 0.708984 0.428472 0.010156 0.026389
0 0.694141 0.382639 0.011719 0.020833
0 0.700000 0.634722 0.006250 0.025000
0 0.692187 0.623611 0.012500 0.019444
0 0.705859 0.784722 0.011719 0.013889
0 0.707422 0.809722 0.011719 0.025000
0 0.696875 0.845833 0.015625 0.022222
0 0.660547 0.960417 0.010156 0.029167
0 0.645312 0.961111 0.015625 0.030556
0 0.667969 0.725694 0.015625 0.023611
0 0.653516 0.694444 0.014844 0.019444
0 0.724219 0.513889 0.007813 0.025000
0 0.651172 0.827083 0.013281 0.020833
0 0.624609 0.790278 0.014844 0.022222
0 0.606641 0.777778 0.016406 0.022222
0 0.642578 0.602083 0.013281 0.015278
0 0.636328 0.618750 0.011719 0.012500
0 0.612891 0.519444 0.010156 0.030556
0 0.612891 0.465278 0.014844 0.027778
0 0.600391 0.408333 0.016406 0.025000
0 0.631250 0.385417 0.014062 0.029167
0 0.659766 0.390278 0.013281 0.025000
0 0.662109 0.189583 0.016406 0.023611
0 0.703125 0.047917 0.017188 0.020833
0 0.712891 0.020139 0.017969 0.026389
0 0.675781 0.063889 0.015625 0.025000
0 0.652734 0.015972 0.016406 0.018056
0 0.628906 0.068056 0.015625 0.033333
0 0.566016 0.076389 0.014844 0.025000
0 0.568359 0.143056 0.010156 0.033333
0 0.559766 0.114583 0.011719 0.026389
0 0.539063 0.072222 0.012500 0.025000
0 0.532812 0.097917 0.017188 0.018056
0 0.555859 0.208333 0.016406 0.025000
0 0.566797 0.353472 0.011719 0.031944
0 0.555469 0.395139 0.017188 0.029167
0 0.575781 0.491667 0.014062 0.030556
0 0.574219 0.550000 0.010937 0.033333
0 0.563672 0.645139 0.013281 0.026389
0 0.560938 0.690972 0.012500 0.023611
0 0.585547 0.752778 0.010156 0.025000
0 0.557813 0.802083 0.015625 0.023611
0 0.544922 0.737500 0.011719 0.030556
0 0.538281 0.720833 0.014062 0.027778
0 0.533594 0.853472 0.012500 0.026389
0 0.592969 0.962500 0.012500 0.025000
0 0.595703 0.979861 0.014844 0.018056
0 0.512891 0.978472 0.019531 0.026389
0 0.467969 0.898611 0.014062 0.033333
0 0.503516 0.665972 0.014844 0.023611
0 0.492969 0.717361 0.015625 0.018056
0 0.478125 0.733333 0.017188 0.027778
0 0.449219 0.709028 0.010937 0.026389
0 0.453125 0.672917 0.014062 0.029167
0 0.425391 0.766667 0.013281 0.030556
0 0.479297 0.543750 0.010156 0.029167
0 0.478906 0.507639 0.015625 0.026389
0 0.505469 0.464583 0.012500 0.023611
0 0.500000 0.453472 0.010937 0.026389
0 0.510938 0.396528 0.014062 0.026389
0 0.498828 0.364583 0.011719 0.026389
0 0.471875 0.415972 0.010937 0.029167
0 0.452734 0.452083 0.016406 0.026389
0 0.487109 0.275000 0.014844 0.025000
0 0.469141 0.228472 0.014844 0.029167
0 0.539844 0.215278 0.010937 0.025000
0 0.474219 0.123611 0.014062 0.027778
0 0.469141 0.145139 0.013281 0.026389
0 0.507813 0.066667 0.015625 0.027778
0 0.496484 0.029861 0.013281 0.031944
0 0.480078 0.042361 0.014844 0.020833
0 0.449219 0.046528 0.014062 0.023611
0 0.439844 0.041667 0.010937 0.030556
0 0.420703 0.029167 0.011719 0.027778
0 0.401172 0.156944 0.014844 0.036111
0 0.441797 0.239583 0.014844 0.034722
0 0.479297 0.315972 0.013281 0.020833
0 0.424219 0.245833 0.012500 0.025000
0 0.380469 0.185417 0.015625 0.020833
0 0.373828 0.199306 0.010156 0.031944
0 0.383984 0.311111 0.013281 0.027778
0 0.378125 0.270833 0.017188 0.022222
0 0.372656 0.305556 0.014062 0.025000
0 0.328516 0.178472 0.014844 0.020833
0 0.428516 0.356250 0.011719 0.023611
0 0.403906 0.434028 0.014062 0.023611
0 0.364062 0.395139 0.014062 0.020833
0 0.348437 0.377778 0.012500 0.025000
0 0.328516 0.353472 0.014844 0.020833
0 0.309766 0.306250 0.019531 0.026389
0 0.281250 0.360417 0.015625 0.020833
0 0.294922 0.272222 0.016406 0.019444
0 0.279297 0.281250 0.014844 0.026389
0 0.342969 0.475694 0.009375 0.026389
0 0.358203 0.518056 0.013281 0.022222
0 0.424609 0.507639 0.016406 0.015278
0 0.423047 0.551389 0.013281 0.025000
0 0.409375 0.563194 0.012500 0.023611
0 0.383984 0.547917 0.013281 0.029167
0 0.331641 0.623611 0.017969 0.019444
0 0.309766 0.562500 0.013281 0.025000
0 0.299219 0.586806 0.014062 0.020833
0 0.297656 0.428472 0.010937 0.031944
0 0.280859 0.474306 0.011719 0.029167
0 0.263281 0.490972 0.014062 0.023611
0 0.266406 0.534028 0.010937 0.026389
0 0.258984 0.458333 0.013281 0.027778
0 0.253125 0.370833 0.010937 0.025000
0 0.248047 0.344444 0.008594 0.027778
0 0.242969 0.325694 0.009375 0.026389
0 0.235938 0.356250 0.012500 0.026389
0 0.233594 0.256250 0.010937 0.023611
0 0.241016 0.127778 0.011719 0.025000
0 0.242188 0.024306 0.010937 0.020833
0 0.217578 0.136806 0.011719 0.029167
0 0.222266 0.162500 0.011719 0.019444
0 0.206641 0.098611 0.013281 0.027778
0 0.201562 0.263194 0.015625 0.023611
0 0.185937 0.206944 0.014062 0.027778
0 0.188672 0.308333 0.013281 0.027778
0 0.196094 0.373611 0.012500 0.027778
0 0.238281 0.456250 0.014062 0.020833
0 0.217969 0.424306 0.010937 0.029167
0 0.231641 0.493750 0.010156 0.018056
0 0.236328 0.505556 0.008594 0.019444
0 0.238672 0.541667 0.010156 0.025000
0 0.229687 0.525694 0.009375 0.018056
0 0.217969 0.540972 0.014062 0.018056
0 0.219141 0.490972 0.011719 0.031944
0 0.194141 0.513194 0.011719 0.026389
0 0.249219 0.591667 0.010937 0.033333
0 0.215625 0.590972 0.009375 0.026389
0 0.271094 0.690972 0.009375 0.026389
0 0.285547 0.743750 0.013281 0.020833
0 0.324219 0.768750 0.009375 0.031944
0 0.363672 0.833333 0.011719 0.027778
0 0.255859 0.758333 0.011719 0.025000
0 0.205859 0.732639 0.013281 0.015278
0 0.202734 0.688889 0.008594 0.025000
0 0.237891 0.861806 0.011719 0.018056
0 0.247656 0.879861 0.010937 0.020833
0 0.175391 0.115278 0.014844 0.019444
0 0.117578 0.102778 0.011719 0.030556
0 0.159375 0.341667 0.009375 0.022222
0 0.103125 0.247222 0.009375 0.025000
0 0.092969 0.244444 0.009375 0.025000
0 0.103516 0.518056 0.011719 0.022222
0 0.117578 0.422222 0.013281 0.019444
0 0.108984 0.406944 0.010156 0.022222
0 0.147266 0.629861 0.008594 0.029167
0 0.144531 0.688889 0.010937 0.025000
0 0.128906 0.704861 0.014062 0.020833
0 0.160938 0.743056 0.014062 0.022222
0 0.144531 0.757639 0.010937 0.023611
0 0.166797 0.826389 0.010156 0.025000
0 0.180469 0.880556 0.015625 0.033333
0 0.190234 0.933333 0.014844 0.016667
0 0.228906 0.977083 0.012500 0.026389
0 0.082422 0.943056 0.011719 0.027778
0 0.097266 0.729861 0.014844 0.018056
0 0.106641 0.690972 0.013281 0.023611
0 0.114844 0.595139 0.012500 0.023611
0 0.076953 0.651389 0.014844 0.022222
0 0.080469 0.538194 0.018750 0.023611
0 0.071484 0.479861 0.014844 0.020833
0 0.058594 0.744444 0.014062 0.030556
0 0.030078 0.747222 0.013281 0.025000
0 0.044531 0.697917 0.010937 0.029167
0 0.041016 0.479167 0.014844 0.019444
0 0.067578 0.375000 0.016406 0.019444
0 0.027344 0.420833 0.010937 0.013889
0 0.019922 0.351389 0.011719 0.013889
0 0.025000 0.338889 0.010937 0.025000
0 0.053906 0.295139 0.012500 0.015278
0 0.049219 0.240972 0.014062 0.020833
0 0.018359 0.250000 0.011719 0.025000
0 0.006641 0.182639 0.013281 0.020833
0 0.021484 0.095833 0.011719 0.025000
0 0.039453 0.071528 0.011719 0.023611
0 0.042969 0.938889 0.010937 0.022222
0 0.594531 0.443056 0.015625 0.019444
0 0.254687 0.056944 0.015625 0.022222
0 0.044531 0.132639 0.014062 0.020833
