0 0.028000 0.682100 0.012500 0.021600
0 0.781700 0.144400 0.015100 0.019200
0 0.318900 0.421400 0.013500 0.019200
0 0.067000 0.869400 0.015400 0.018100
0 0.668600 0.756200 0.013300 0.027200
0 0.159600 0.506600 0.013500 0.017400
0 0.657000 0.928500 0.014200 0.020600
0 0.408600 0.193000 0.015200 0.019900
0 0.742000 0.131800 0.014100 0.021600
0 0.118300 0.505400 0.013700 0.015800
0 0.496800 0.880200 0.015400 0.018100
0 0.943700 0.603600 0.015400 0.020900
0 0.353300 0.406300 0.013500 0.018500
0 0.867000 0.480400 0.014400 0.020100
0 0.181900 0.285000 0.013900 0.019700
0 0.882000 0.807900 0.016200 0.017400
0 0.767600 0.093200 0.015000 0.019600
0 0.302600 0.644600 0.014700 0.018100
0 0.691700 0.719400 0.013700 0.019300
0 0.872300 0.830600 0.017600 0.017200
0 0.267600 0.068500 0.013700 0.021700
0 0.568400 0.905200 0.014400 0.018100
0 0.606200 0.096100 0.016400 0.017800
0 0.220900 0.667900 0.016100 0.018600
0 0.256100 0.383500 0.013700 0.021800
0 0.318400 0.647000 0.014500 0.016800
0 0.691400 0.806400 0.016500 0.019200
0 0.404100 0.308200 0.017600 0.020000
0 0.446200 0.315300 0.013100 0.020200
0 0.115100 0.559100 0.015100 0.017100
0 0.379400 0.721200 0.013900 0.020200
0 0.114000 0.082400 0.014100 0.020300
0 0.171500 0.769500 0.015500 0.020300
0 0.584700 0.647500 0.015700 0.018600
0 0.456700 0.792600 0.014400 0.018600
0 0.591500 0.067900 0.014200 0.020900
0 0.570800 0.967400 0.015600 0.018300
0 0.894700 0.260100 0.013200 0.019400
0 0.453800 0.228600 0.014800 0.020900
0 0.365100 0.422600 0.014400 0.018500
0 0.770600 0.559200 0.015100 0.019600
0 0.182500 0.570000 0.014100 0.017400
0 0.191200 0.176900 0.015300 0.017200
0 0.448200 0.510100 0.014100 0.019400
0 0.030000 0.469100 0.013700 0.017700
0 0.834800 0.644000 0.013600 0.023600
0 0.285300 0.754000 0.016000 0.019000
0 0.542400 0.632200 0.011700 0.020700
0 0.878800 0.322400 0.014800 0.018100
0 0.529700 0.370000 0.015200 0.016700
0 0.331800 0.102600 0.014100 0.022100
0 0.832100 0.443000 0.015000 0.019400
0 0.903900 0.133200 0.014600 0.020200
0 0.663700 0.467500 0.013300 0.022700
0 0.639200 0.481900 0.012200 0.024700
0 0.848200 0.607900 0.017700 0.018400
0 0.885200 0.394100 0.012900 0.026200
0 0.352000 0.794700 0.015000 0.017500
0 0.554400 0.460200 0.012400 0.020100
0 0.735400 0.640100 0.014700 0.018900
0 0.680700 0.635100 0.015900 0.020000
0 0.146600 0.509700 0.012300 0.017200
0 0.694400 0.922600 0.014500 0.021500
0 0.847300 0.910200 0.015600 0.021800
0 0.717600 0.902500 0.016300 0.022500
0 0.931400 0.723200 0.015600 0.019700
0 0.094600 0.571700 0.015200 0.017400
0 0.176500 0.480600 0.014100 0.019200
0 0.596100 0.755300 0.013900 0.022600
0 0.480000 0.417000 0.013100 0.023900
0 0.933200 0.507700 0.013500 0.021300
0 0.810300 0.553800 0.014500 0.021000
0 0.510800 0.679200 0.013400 0.019800
0 0.528300 0.803900 0.014600 0.021000
0 0.693200 0.417700 0.014400 0.026800
0 0.830400 0.170200 0.013500 0.022600
0 0.631300 0.466300 0.013800 0.022700
0 0.918000 0.676700 0.013700 0.021100
0 0.393700 0.410900 0.014300 0.018700
0 0.148400 0.490200 0.013700 0.017400
0 0.704800 0.610200 0.014200 0.022000
0 0.371000 0.905500 0.011000 0.028000
0 0.036100 0.694700 0.013400 0.018900
0 0.901400 0.328600 0.011800 0.025500
0 0.390400 0.608700 0.012300 0.026900
0 0.383500 0.496700 0.010900 0.027900
0 0.781300 0.828400 0.014500 0.018800
0 0.395500 0.208100 0.012200 0.023600
0 0.469300 0.864000 0.014500 0.019500
0 0.018600 0.033100 0.015100 0.020700
0 0.217400 0.522500 0.013400 0.020500
0 0.848100 0.798300 0.015500 0.017400
0 0.436100 0.379900 0.013200 0.025300
0 0.479800 0.490600 0.012800 0.024800
0 0.761200 0.197400 0.016800 0.017800
0 0.208200 0.244100 0.011400 0.026900
0 0.796000 0.505700 0.013400 0.025500
0 0.884600 0.334500 0.014900 0.017600
0 0.667500 0.781900 0.013900 0.028100
0 0.235900 0.340500 0.011700 0.026200
0 0.568700 0.542700 0.011600 0.025300
0 0.515400 0.366800 0.014100 0.018800
0 0.859500 0.167200 0.011400 0.029100
0 0.182600 0.552200 0.012800 0.018900
0 0.273700 0.672700 0.013900 0.018900
0 0.671900 0.828600 0.013200 0.027400
0 0.165400 0.326400 0.016900 0.018100
0 0.119500 0.458000 0.014800 0.017600
0 0.260800 0.620200 0.013300 0.020600
0 0.060000 0.735400 0.013400 0.021000
0 0.892000 0.478600 0.011800 0.025000
0 0.885600 0.211000 0.013200 0.018800
0 0.106100 0.739500 0.013800 0.020000
0 0.628000 0.914300 0.014600 0.019500
0 0.970500 0.543700 0.011400 0.029900
0 0.142300 0.053100 0.012800 0.026900
0 0.476700 0.344000 0.012700 0.019200
0 0.216400 0.935700 0.014100 0.021600
0 0.658200 0.822100 0.011300 0.031500
0 0.568100 0.826500 0.015100 0.020300
0 0.466500 0.046500 0.012200 0.028100
0 0.813600 0.581500 0.015600 0.021600
0 0.251400 0.182600 0.014800 0.020400
0 0.517900 0.897500 0.015100 0.018200
0 0.508200 0.470800 0.010300 0.030600
0 0.121500 0.303500 0.013800 0.016700
0 0.276300 0.409300 0.014100 0.020400
0 0.709300 0.973100 0.013500 0.020100
0 0.759100 0.334300 0.012400 0.030000
0 0.248400 0.883200 0.012900 0.025200
0 0.452100 0.166400 0.013700 0.021100
0 0.627100 0.181300 0.012400 0.031800
0 0.097500 0.390900 0.012100 0.021900
0 0.546500 0.910900 0.015300 0.018000
0 0.185700 0.835000 0.010100 0.029700
0 0.563800 0.305000 0.012400 0.023800
0 0.901100 0.630200 0.013600 0.024600
0 0.260200 0.595000 0.011900 0.023600
0 0.340600 0.030200 0.013200 0.022100
0 0.748500 0.431100 0.015600 0.018600
0 0.264000 0.604200 0.013800 0.019600
0 0.926000 0.954900 0.013000 0.024300
0 0.439000 0.293400 0.015100 0.019800
0 0.019700 0.402100 0.013700 0.019000
0 0.349000 0.859800 0.013500 0.022000
0 0.895600 0.114000 0.014300 0.022600
0 0.239700 0.871200 0.011700 0.023200
0 0.083600 0.385600 0.013200 0.019600
0 0.123500 0.446400 0.013600 0.018600
0 0.668500 0.678900 0.010800 0.035300
0 0.257100 0.829800 0.009400 0.035000
0 0.288400 0.977300 0.013000 0.023700
0 0.896700 0.226600 0.012600 0.021000
0 0.492200 0.089100 0.015000 0.020000
0 0.171800 0.611000 0.013400 0.020000
0 0.540200 0.460900 0.013500 0.020400
0 0.754200 0.892700 0.011200 0.035100
0 0.344300 0.276700 0.014400 0.019400
0 0.861500 0.190800 0.014500 0.022500
0 0.508500 0.665000 0.012400 0.021400
0 0.266600 0.926700 0.012600 0.023900
0 0.223900 0.147900 0.017100 0.017400
0 0.093200 0.128300 0.011100 0.027100
0 0.553600 0.523600 0.012900 0.020100
0 0.767900 0.727400 0.011100 0.026000
0 0.429000 0.318600 0.012000 0.019900
0 0.180100 0.261000 0.013600 0.020200
0 0.954900 0.761400 0.015000 0.019500
0 0.583300 0.714500 0.013000 0.024600
0 0.026000 0.416800 0.015200 0.017800
0 0.149000 0.146100 0.016400 0.018000
0 0.645500 0.443700 0.014800 0.019400
0 0.013800 0.716600 0.012700 0.020300
0 0.063800 0.698000 0.013400 0.017400
0 0.453500 0.146900 0.013000 0.020400
0 0.472400 0.252600 0.014400 0.019600
0 0.761600 0.653800 0.013800 0.022400
0 0.103500 0.102300 0.011700 0.022300
0 0.017200 0.573000 0.013100 0.022300
0 0.141800 0.646600 0.012800 0.018600
0 0.651000 0.426100 0.015200 0.019900
0 0.356300 0.147600 0.014600 0.022200
0 0.513400 0.395200 0.014800 0.021800
0 0.903200 0.436000 0.010800 0.020200
0 0.042300 0.020100 0.014100 0.027200
0 0.427900 0.335700 0.010500 0.024100
0 0.828900 0.051400 0.012300 0.026300
0 0.609600 0.481500 0.011500 0.021100
0 0.761000 0.776100 0.015200 0.020500
0 0.626900 0.272600 0.012600 0.021600
0 0.549200 0.294200 0.016000 0.017800
0 0.113700 0.913600 0.016300 0.019300
0 0.089900 0.084700 0.015300 0.018000
0 0.139600 0.447300 0.013100 0.018800
0 0.525700 0.545600 0.011800 0.022800
0 0.474300 0.522600 0.013200 0.023200
0 0.488500 0.177500 0.015200 0.018200
0 0.779100 0.726300 0.013500 0.020500
0 0.082000 0.976600 0.014700 0.022300
0 0.702000 0.260200 0.010500 0.035300
0 0.264500 0.161400 0.014700 0.020800
0 0.499000 0.610600 0.013400 0.022300
0 0.679600 0.049000 0.014600 0.020000
0 0.018700 0.461200 0.012600 0.017500
0 0.133203 0.986111 0.017969 0.027778
0 0.307422 0.975694 0.013281 0.031944
0 0.937891 0.824306 0.017969 0.023611
0 0.797656 0.799306 0.010937 0.029167
0 0.562891 0.284722 0.014844 0.022222
0 0.006641 0.012500 0.013281 0.019444
0 0.326953 0.888889 0.013281 0.030556
0 0.446094 0.637500 0.012500 0.030556
0 0.944141 0.906250 0.017969 0.029167
0 0.990234 0.611806 0.011719 0.023611
0 0.982031 0.622917 0.010937 0.026389
0 0.973437 0.634722 0.009375 0.022222
0 0.965234 0.634722 0.011719 0.022222
0 0.967578 0.625694 0.010156 0.026389
0 0.990234 0.375694 0.013281 0.031944
0 0.955859 0.383333 0.011719 0.030556
0 0.976953 0.296528 0.013281 0.029167
0 0.949609 0.346528 0.011719 0.023611
0 0.941406 0.349306 0.014062 0.018056
0 0.885547 0.056250 0.016406 0.026389
0 0.458203 0.438194 0.011719 0.026389
0 0.964063 0.057639 0.014062 0.029167
0 0.299219 0.111111 0.010937 0.033333
0 0.266016 0.037500 0.016406 0.027778
0 0.081250 0.436806 0.015625 0.029167
0 0.675000 0.102778 0.014062 0.025000
0 0.718359 0.549306 0.011719 0.034722
0 0.464844 0.377778 0.012500 0.033333
0 0.475781 0.377778 0.012500 0.022222
0 0.142969 0.085417 0.015625 0.020833
