0 0.958000 0.096000 0.016000 0.021000
0 0.888000 0.060000 0.016000 0.021000
0 0.891000 0.077000 0.016000 0.021000
0 0.952000 0.065000 0.016000 0.021000
0 0.941000 0.073000 0.016000 0.021000
0 0.969000 0.117000 0.016000 0.021000
0 0.919000 0.163000 0.016000 0.021000
0 0.955000 0.198000 0.016000 0.021000
0 0.895000 0.196000 0.016000 0.021000
0 0.967000 0.198000 0.016000 0.021000
0 0.955000 0.212000 0.016000 0.021000
0 0.939000 0.233000 0.016000 0.021000
0 0.939000 0.260000 0.016000 0.021000
0 0.948000 0.275000 0.016000 0.021000
0 0.895000 0.254000 0.016000 0.021000
0 0.908000 0.379000 0.016000 0.021000
0 0.900000 0.402000 0.016000 0.021000
0 0.863000 0.354000 0.016000 0.021000
0 0.814000 0.292000 0.016000 0.021000
0 0.848000 0.319000 0.016000 0.021000
0 0.833000 0.327000 0.016000 0.021000
0 0.842000 0.342000 0.016000 0.021000
0 0.797000 0.348000 0.016000 0.021000
0 0.814000 0.340000 0.016000 0.021000
0 0.788000 0.369000 0.016000 0.021000
0 0.814000 0.154000 0.016000 0.021000
0 0.814000 0.129000 0.016000 0.021000
0 0.817000 0.073000 0.016000 0.021000
0 0.741000 0.113000 0.016000 0.021000
0 0.719000 0.106000 0.016000 0.021000
0 0.722000 0.075000 0.016000 0.021000
0 0.767000 0.096000 0.016000 0.021000
0 0.767000 0.079000 0.016000 0.021000
0 0.695000 0.056000 0.016000 0.021000
0 0.673000 0.056000 0.016000 0.021000
0 0.677000 0.065000 0.016000 0.021000
0 0.661000 0.067000 0.016000 0.021000
0 0.706000 0.142000 0.016000 0.021000
0 0.717000 0.169000 0.016000 0.021000
0 0.669000 0.256000 0.016000 0.021000
0 0.623000 0.117000 0.016000 0.021000
0 0.616000 0.119000 0.016000 0.021000
0 0.763000 0.040000 0.016000 0.021000
0 0.713000 0.402000 0.016000 0.021000
0 0.697000 0.404000 0.016000 0.021000
0 0.713000 0.375000 0.016000 0.021000
0 0.641000 0.354000 0.016000 0.021000
0 0.583000 0.242000 0.016000 0.021000
0 0.555000 0.325000 0.016000 0.021000
0 0.578000 0.365000 0.016000 0.021000
0 0.530000 0.323000 0.016000 0.021000
0 0.544000 0.250000 0.016000 0.021000
0 0.622000 0.087000 0.016000 0.021000
0 0.609000 0.085000 0.016000 0.021000
0 0.486000 0.123000 0.016000 0.021000
0 0.509000 0.185000 0.016000 0.021000
0 0.434000 0.169000 0.016000 0.021000
0 0.411000 0.177000 0.016000 0.021000
0 0.428000 0.148000 0.016000 0.021000
0 0.416000 0.140000 0.016000 0.021000
0 0.423000 0.102000 0.016000 0.021000
0 0.445000 0.100000 0.016000 0.021000
0 0.409000 0.062000 0.016000 0.021000
0 0.402000 0.079000 0.016000 0.021000
0 0.364000 0.177000 0.016000 0.021000
0 0.369000 0.167000 0.016000 0.021000
0 0.372000 0.148000 0.016000 0.021000
0 0.366000 0.110000 0.016000 0.021000
0 0.353000 0.079000 0.016000 0.021000
0 0.923000 0.573000 0.016000 0.021000
0 0.909000 0.554000 0.016000 0.021000
0 0.870000 0.558000 0.016000 0.021000
0 0.878000 0.550000 0.016000 0.021000
0 0.861000 0.537000 0.016000 0.021000
0 0.875000 0.506000 0.016000 0.021000
0 0.864000 0.502000 0.016000 0.021000
0 0.852000 0.510000 0.016000 0.021000
0 0.752000 0.442000 0.016000 0.021000
0 0.719000 0.544000 0.016000 0.021000
0 0.717000 0.460000 0.016000 0.021000
0 0.689000 0.446000 0.016000 0.021000
0 0.666000 0.465000 0.016000 0.021000
0 0.655000 0.454000 0.016000 0.021000
0 0.652000 0.473000 0.016000 0.021000
0 0.630000 0.433000 0.016000 0.021000
0 0.619000 0.438000 0.016000 0.021000
0 0.616000 0.485000 0.016000 0.021000
0 0.605000 0.552000 0.016000 0.021000
0 0.602000 0.567000 0.016000 0.021000
0 0.547000 0.525000 0.016000 0.021000
0 0.555000 0.498000 0.016000 0.021000
0 0.544000 0.471000 0.016000 0.021000
0 0.528000 0.458000 0.016000 0.021000
0 0.550000 0.435000 0.016000 0.021000
0 0.491000 0.412000 0.016000 0.021000
0 0.481000 0.400000 0.016000 0.021000
0 0.467000 0.406000 0.016000 0.021000
0 0.448000 0.402000 0.016000 0.021000
0 0.444000 0.369000 0.016000 0.021000
0 0.511000 0.508000 0.016000 0.021000
0 0.467000 0.544000 0.016000 0.021000
0 0.420000 0.523000 0.016000 0.021000
0 0.411000 0.535000 0.016000 0.021000
0 0.395000 0.540000 0.016000 0.021000
0 0.422000 0.467000 0.016000 0.021000
0 0.433000 0.450000 0.016000 0.021000
0 0.413000 0.442000 0.016000 0.021000
0 0.411000 0.388000 0.016000 0.021000
0 0.434000 0.271000 0.016000 0.021000
0 0.423000 0.285000 0.016000 0.021000
0 0.328000 0.196000 0.016000 0.021000
0 0.344000 0.323000 0.016000 0.021000
0 0.381000 0.331000 0.016000 0.021000
0 0.322000 0.346000 0.016000 0.021000
0 0.381000 0.540000 0.016000 0.021000
0 0.375000 0.550000 0.016000 0.021000
0 0.361000 0.504000 0.016000 0.021000
0 0.364000 0.475000 0.016000 0.021000
0 0.331000 0.465000 0.016000 0.021000
0 0.341000 0.417000 0.016000 0.021000
0 0.320000 0.600000 0.016000 0.021000
0 0.300000 0.444000 0.016000 0.021000
0 0.295000 0.423000 0.016000 0.021000
0 0.261000 0.398000 0.016000 0.021000
0 0.266000 0.412000 0.016000 0.021000
0 0.300000 0.117000 0.016000 0.021000
0 0.316000 0.119000 0.016000 0.021000
0 0.289000 0.071000 0.016000 0.021000
0 0.277000 0.062000 0.016000 0.021000
0 0.316000 0.046000 0.016000 0.021000
0 0.198000 0.042000 0.016000 0.021000
0 0.184000 0.054000 0.016000 0.021000
0 0.203000 0.060000 0.016000 0.021000
0 0.173000 0.100000 0.016000 0.021000
0 0.166000 0.087000 0.016000 0.021000
0 0.227000 0.113000 0.016000 0.021000
0 0.234000 0.115000 0.016000 0.021000
0 0.217000 0.133000 0.016000 0.021000
0 0.209000 0.121000 0.016000 0.021000
0 0.184000 0.121000 0.016000 0.021000
0 0.219000 0.169000 0.016000 0.021000
0 0.216000 0.196000 0.016000 0.021000
0 0.219000 0.223000 0.016000 0.021000
0 0.169000 0.208000 0.016000 0.021000
0 0.119000 0.060000 0.016000 0.021000
0 0.130000 0.054000 0.016000 0.021000
0 0.098000 0.029000 0.016000 0.021000
0 0.070000 0.031000 0.016000 0.021000
0 0.048000 0.102000 0.016000 0.021000
0 0.042000 0.119000 0.016000 0.021000
0 0.069000 0.140000 0.016000 0.021000
0 0.080000 0.140000 0.016000 0.021000
0 0.056000 0.150000 0.016000 0.021000
0 0.072000 0.267000 0.016000 0.021000
0 0.080000 0.308000 0.016000 0.021000
0 0.058000 0.285000 0.016000 0.021000
0 0.064000 0.369000 0.016000 0.021000
0 0.166000 0.371000 0.016000 0.021000
0 0.163000 0.346000 0.016000 0.021000
0 0.156000 0.331000 0.016000 0.021000
0 0.181000 0.344000 0.016000 0.021000
0 0.244000 0.319000 0.016000 0.021000
0 0.241000 0.348000 0.016000 0.021000
0 0.220000 0.408000 0.016000 0.021000
0 0.239000 0.412000 0.016000 0.021000
0 0.242000 0.438000 0.016000 0.021000
0 0.234000 0.460000 0.016000 0.021000
0 0.147000 0.481000 0.016000 0.021000
0 0.077000 0.492000 0.016000 0.021000
0 0.044000 0.508000 0.016000 0.021000
0 0.122000 0.531000 0.016000 0.021000
0 0.119000 0.548000 0.016000 0.021000
0 0.108000 0.560000 0.016000 0.021000
0 0.177000 0.548000 0.016000 0.021000
0 0.170000 0.575000 0.016000 0.021000
0 0.238000 0.535000 0.016000 0.021000
0 0.863000 0.675000 0.016000 0.021000
0 0.775000 0.660000 0.016000 0.021000
0 0.778000 0.619000 0.016000 0.021000
0 0.788000 0.690000 0.016000 0.021000
0 0.748000 0.673000 0.016000 0.021000
0 0.700000 0.644000 0.016000 0.021000
0 0.688000 0.581000 0.016000 0.021000
0 0.680000 0.585000 0.016000 0.021000
0 0.678000 0.706000 0.016000 0.021000
0 0.677000 0.727000 0.016000 0.021000
0 0.636000 0.675000 0.016000 0.021000
0 0.555000 0.621000 0.016000 0.021000
0 0.537000 0.648000 0.016000 0.021000
0 0.522000 0.648000 0.016000 0.021000
0 0.545000 0.681000 0.016000 0.021000
0 0.536000 0.694000 0.016000 0.021000
0 0.530000 0.713000 0.016000 0.021000
0 0.373000 0.656000 0.016000 0.021000
0 0.367000 0.646000 0.016000 0.021000
0 0.361000 0.658000 0.016000 0.021000
0 0.345000 0.650000 0.016000 0.021000
0 0.316000 0.629000 0.016000 0.021000
0 0.305000 0.627000 0.016000 0.021000
0 0.250000 0.608000 0.016000 0.021000
0 0.223000 0.660000 0.016000 0.021000
0 0.189000 0.613000 0.016000 0.021000
0 0.161000 0.658000 0.016000 0.021000
0 0.138000 0.654000 0.016000 0.021000
0 0.117000 0.646000 0.016000 0.021000
0 0.106000 0.658000 0.016000 0.021000
0 0.128000 0.702000 0.016000 0.021000
0 0.091000 0.742000 0.016000 0.021000
0 0.075000 0.735000 0.016000 0.021000
0 0.125000 0.767000 0.016000 0.021000
0 0.261000 0.744000 0.016000 0.021000
0 0.191000 0.790000 0.016000 0.021000
0 0.131000 0.833000 0.016000 0.021000
0 0.062000 0.873000 0.016000 0.021000
0 0.045000 0.867000 0.016000 0.021000
0 0.422000 0.765000 0.016000 0.021000
0 0.463000 0.808000 0.016000 0.021000
0 0.448000 0.794000 0.016000 0.021000
0 0.469000 0.781000 0.016000 0.021000
0 0.492000 0.779000 0.016000 0.021000
0 0.483000 0.754000 0.016000 0.021000
0 0.548000 0.796000 0.016000 0.021000
0 0.561000 0.796000 0.016000 0.021000
0 0.561000 0.756000 0.016000 0.021000
0 0.555000 0.762000 0.016000 0.021000
0 0.584000 0.735000 0.016000 0.021000
0 0.597000 0.769000 0.016000 0.021000
0 0.758000 0.729000 0.016000 0.021000
0 0.758000 0.729000 0.016000 0.021000
0 0.773000 0.735000 0.016000 0.021000
0 0.784000 0.731000 0.016000 0.021000
0 0.800000 0.723000 0.016000 0.021000
0 0.819000 0.713000 0.016000 0.021000
0 0.825000 0.723000 0.016000 0.021000
0 0.831000 0.746000 0.016000 0.021000
0 0.838000 0.758000 0.016000 0.021000
0 0.880000 0.823000 0.016000 0.021000
0 0.897000 0.856000 0.016000 0.021000
0 0.967000 0.869000 0.016000 0.021000
0 0.958000 0.877000 0.016000 0.021000
0 0.952000 0.887000 0.016000 0.021000
0 0.920000 0.881000 0.016000 0.021000
0 0.908000 0.887000 0.016000 0.021000
0 0.917000 0.923000 0.016000 0.021000
0 0.898000 0.925000 0.016000 0.021000
0 0.884000 0.894000 0.016000 0.021000
0 0.884000 0.931000 0.016000 0.021000
0 0.845000 0.960000 0.016000 0.021000
0 0.831000 0.958000 0.016000 0.021000
0 0.812000 0.960000 0.016000 0.021000
0 0.819000 0.892000 0.016000 0.021000
0 0.795000 0.908000 0.016000 0.021000
0 0.758000 0.950000 0.016000 0.021000
0 0.683000 0.821000 0.016000 0.021000
0 0.680000 0.767000 0.016000 0.021000
0 0.670000 0.790000 0.016000 0.021000
0 0.656000 0.767000 0.016000 0.021000
0 0.641000 0.771000 0.016000 0.021000
0 0.652000 0.798000 0.016000 0.021000
0 0.680000 0.892000 0.016000 0.021000
0 0.616000 0.862000 0.016000 0.021000
0 0.584000 0.871000 0.016000 0.021000
0 0.684000 0.927000 0.016000 0.021000
0 0.534000 0.967000 0.016000 0.021000
0 0.456000 0.960000 0.016000 0.021000
0 0.527000 0.908000 0.016000 0.021000
0 0.073000 0.333000 0.016000 0.021000
0 0.272000 0.883000 0.016000 0.021000
0 0.359000 0.931000 0.016000 0.021000
0 0.356000 0.952000 0.016000 0.021000
0 0.228000 0.933000 0.016000 0.021000
0 0.286000 0.935000 0.016000 0.021000
0 0.203000 0.925000 0.016000 0.021000
0 0.017000 0.740000 0.016000 0.021000
0 0.086000 0.956000 0.016000 0.021000
0 0.047000 0.942000 0.016000 0.021000
0 0.167000 0.908000 0.016000 0.021000
0 0.670000 0.969000 0.016000 0.021000
0 0.689000 0.956000 0.016000 0.021000
0 0.338000 0.027000 0.016000 0.021000
0 0.220000 0.979000 0.016000 0.021000
0 0.020000 0.944000 0.016000 0.021000
0 0.020000 0.027000 0.016000 0.021000
0 0.683000 0.027000 0.016000 0.021000
0 0.881000 0.975000 0.016000 0.021000
0 0.917000 0.965000 0.016000 0.021000
0 0.911000 0.940000 0.016000 0.021000
0 0.903000 0.946000 0.016000 0.021000
0 0.941000 0.971000 0.016000 0.021000
0 0.969000 0.979000 0.016000 0.021000
0 0.586000 0.956000 0.016000 0.021000
0 0.461000 0.590000 0.016000 0.021000
0 0.169000 0.652000 0.016000 0.021000
0 0.281000 0.042000 0.016000 0.021000
0 0.342000 0.058000 0.016000 0.021000
0 0.773000 0.033000 0.016000 0.021000
0 0.902000 0.098000 0.016000 0.021000
0 0.983000 0.200000 0.016000 0.021000
0 0.977000 0.231000 0.016000 0.021000
0 0.870000 0.969000 0.016000 0.021000
0 0.236000 0.202000 0.016000 0.021000
0 0.598000 0.862000 0.016000 0.021000
0 0.630000 0.965000 0.016000 0.021000
0 0.273000 0.965000 0.016000 0.021000
0 0.091000 0.985000 0.016000 0.021000
0 0.145000 0.987000 0.016000 0.021000
0 0.497000 0.987000 0.016000 0.021000
0 0.808000 0.729000 0.016000 0.021000
0 0.920000 0.140000 0.016000 0.021000
0 0.060547 0.950694 0.011719 0.023611
0 0.831250 0.981944 0.014062 0.019444
0 0.004688 0.388889 0.009375 0.033333
0 0.004688 0.417361 0.009375 0.023611
0 0.307031 0.011806 0.015625 0.023611
0 0.633594 0.013194 0.014062 0.020833
0 0.692969 0.003472 0.007813 0.006944
0 0.698047 0.014583 0.014844 0.023611
0 0.871484 0.012500 0.016406 0.019444
0 0.519531 0.592361 0.010937 0.034722
0 0.596484 0.528472 0.011719 0.034722
0 0.022656 0.631944 0.010937 0.027778
0 0.019141 0.617361 0.011719 0.020833
0 0.103125 0.137500 0.010937 0.030556
0 0.059766 0.107639 0.010156 0.029167
0 0.036719 0.222222 0.014062 0.030556
0 0.051562 0.234722 0.010937 0.030556
0 0.100781 0.252778 0.012500 0.036111
0 0.051953 0.327778 0.014844 0.019444
0 0.074219 0.409722 0.012500 0.033333
0 0.114844 0.365972 0.015625 0.020833
0 0.148438 0.325000 0.012500 0.025000
0 0.350781 0.224306 0.010937 0.037500
0 0.160547 0.501389 0.013281 0.027778
0 0.261719 0.362500 0.009375 0.030556
0 0.206641 0.186111 0.010156 0.030556
0 0.004688 0.552778 0.009375 0.036111
0 0.010547 0.547222 0.010156 0.025000
0 0.020312 0.565278 0.012500 0.036111
0 0.033984 0.545833 0.010156 0.033333
0 0.177344 0.332639 0.009375 0.026389
0 0.274609 0.534028 0.010156 0.034722
0 0.296094 0.670139 0.009375 0.034722
0 0.306641 0.579861 0.011719 0.029167
0 0.403516 0.713889 0.010156 0.036111
0 0.086328 0.910417 0.010156 0.037500
0 0.102344 0.905556 0.012500 0.030556
0 0.142969 0.911806 0.017188 0.018056
0 0.250781 0.463889 0.010937 0.027778
0 0.213281 0.553472 0.017188 0.023611
0 0.351172 0.358333 0.010156 0.036111
0 0.371484 0.582639 0.011719 0.026389
0 0.421484 0.603472 0.013281 0.031944
0 0.426953 0.646528 0.013281 0.023611
0 0.455078 0.168056 0.008594 0.033333
0 0.443359 0.045833 0.011719 0.027778
0 0.455859 0.321528 0.008594 0.037500
0 0.475391 0.279167 0.011719 0.030556
0 0.462500 0.291667 0.015625 0.027778
0 0.432031 0.247917 0.010937 0.034722
0 0.536328 0.071528 0.017969 0.023611
0 0.645703 0.227083 0.008594 0.037500
0 0.678906 0.279861 0.012500 0.031944
0 0.724219 0.224306 0.009375 0.031944
0 0.513281 0.430556 0.009375 0.030556
0 0.480469 0.495833 0.012500 0.027778
0 0.528516 0.536111 0.017969 0.019444
0 0.595703 0.697917 0.010156 0.031944
0 0.577344 0.571528 0.012500 0.026389
0 0.573047 0.482639 0.014844 0.026389
0 0.646484 0.567361 0.011719 0.029167
0 0.660156 0.432639 0.009375 0.034722
0 0.705469 0.672222 0.010937 0.030556
0 0.755859 0.610417 0.010156 0.037500
0 0.764844 0.585417 0.017188 0.020833
0 0.617578 0.820833 0.010156 0.036111
0 0.627344 0.875000 0.012500 0.030556
0 0.639063 0.887500 0.010937 0.033333
0 0.642578 0.936111 0.011719 0.022222
0 0.911719 0.742361 0.017188 0.018056
0 0.923437 0.741667 0.010937 0.030556
0 0.962500 0.688194 0.010937 0.031944
0 0.980859 0.679861 0.011719 0.034722
0 0.957031 0.366667 0.009375 0.030556
0 0.930078 0.341667 0.010156 0.027778
0 0.960938 0.527083 0.009375 0.029167
0 0.995313 0.483333 0.007813 0.027778
0 0.978125 0.570833 0.014062 0.027778
0 0.985156 0.606250 0.010937 0.029167
0 0.873047 0.450000 0.011719 0.030556
0 0.893359 0.510417 0.013281 0.031944
0 0.827344 0.446528 0.010937 0.026389
0 0.837891 0.431944 0.019531 0.019444
0 0.870703 0.309722 0.019531 0.019444
0 0.870313 0.257639 0.018750 0.023611
0 0.873047 0.279861 0.010156 0.034722
0 0.853516 0.083333 0.011719 0.027778
0 0.867969 0.164583 0.012500 0.026389
0 0.822266 0.183333 0.013281 0.027778
0 0.765625 0.127083 0.010937 0.034722
0 0.765234 0.179167 0.013281 0.022222
0 0.790625 0.140972 0.010937 0.029167
0 0.790234 0.081250 0.017969 0.023611
0 0.842188 0.050000 0.014062 0.025000
0 0.833984 0.246528 0.013281 0.026389
0 0.922656 0.265972 0.012500 0.031944
0 0.805469 0.489583 0.012500 0.034722
0 0.797656 0.522917 0.012500 0.031944
0 0.692187 0.466667 0.012500 0.033333
0 0.716797 0.511806 0.010156 0.029167
0 0.960938 0.167361 0.010937 0.031944
0 0.928125 0.162500 0.010937 0.025000
0 0.717188 0.803472 0.012500 0.031944
0 0.534375 0.740972 0.012500 0.026389
0 0.496484 0.713194 0.011719 0.031944
0 0.711719 0.618750 0.012500 0.020833
0 0.682031 0.615278 0.015625 0.022222
0 0.212500 0.737500 0.010937 0.033333
0 0.733203 0.477083 0.014844 0.026389
0 0.783984 0.396528 0.013281 0.031944
0 0.460547 0.904167 0.016406 0.025000
0 0.462109 0.929861 0.011719 0.029167
0 0.215625 0.852778 0.018750 0.022222
0 0.132813 0.181250 0.012500 0.031944
0 0.979688 0.092361 0.009375 0.029167
0 0.953516 0.041667 0.013281 0.027778
0 0.426953 0.802083 0.010156 0.026389
0 0.444531 0.815972 0.010937 0.026389
0 0.434375 0.863889 0.012500 0.022222
0 0.767969 0.784028 0.012500 0.026389
0 0.852734 0.750000 0.007031 0.025000
0 0.864062 0.759722 0.009375 0.025000
0 0.993750 0.727778 0.012500 0.022222
0 0.735547 0.929861 0.014844 0.020833
0 0.708984 0.880556 0.016406 0.027778
0 0.206641 0.815278 0.017969 0.022222
0 0.580078 0.169444 0.010156 0.025000
0 0.584375 0.179861 0.014062 0.029167
0 0.165625 0.391667 0.012500 0.033333
0 0.910156 0.127083 0.007813 0.023611
0 0.881250 0.682639 0.015625 0.023611
0 0.620703 0.151389 0.008594 0.033333
0 0.626562 0.136111 0.009375 0.027778
0 0.600000 0.156250 0.014062 0.023611
0 0.793750 0.326389 0.015625 0.016667
0 0.785547 0.332639 0.014844 0.020833
0 0.807422 0.155556 0.008594 0.033333
0 0.753125 0.125000 0.009375 0.030556
0 0.743359 0.659722 0.008594 0.030556
0 0.707031 0.763889 0.014062 0.025000
0 0.633594 0.813889 0.014062 0.022222
0 0.893359 0.795833 0.011719 0.027778
0 0.847656 0.795139 0.012500 0.026389
0 0.250391 0.908333 0.013281 0.027778
0 0.017578 0.119444 0.019531 0.025000
0 0.517969 0.400000 0.015625 0.019444
0 0.381250 0.825694 0.014062 0.026389
0 0.874609 0.862500 0.010156 0.030556
0 0.808984 0.532639 0.008594 0.040278
0 0.819531 0.531944 0.014062 0.025000
0 0.821484 0.548611 0.010156 0.016667
0 0.827734 0.554861 0.010156 0.029167
0 0.915234 0.667361 0.008594 0.031944
0 0.912500 0.656944 0.014062 0.019444
0 0.919922 0.385417 0.010156 0.029167
0 0.387500 0.455556 0.012500 0.027778
0 0.109375 0.015278 0.017188 0.019444
0 0.005469 0.023611 0.010937 0.033333
0 0.017188 0.243750 0.014062 0.026389
0 0.539844 0.225694 0.009375 0.034722
0 0.499609 0.235417 0.014844 0.020833
0 0.314063 0.295139 0.012500 0.026389
0 0.933203 0.472917 0.013281 0.020833
0 0.927734 0.470833 0.010156 0.033333
0 0.528516 0.285417 0.008594 0.029167
0 0.691406 0.195139 0.009375 0.029167
0 0.659766 0.102778 0.014844 0.019444
0 0.482422 0.083333 0.014844 0.022222
0 0.665234 0.285417 0.008594 0.034722
0 0.723047 0.279167 0.011719 0.030556
0 0.933984 0.682639 0.010156 0.026389
0 0.298828 0.406944 0.008594 0.027778
0 0.766406 0.274306 0.012500 0.029167
0 0.198828 0.233333 0.014844 0.025000
0 0.168359 0.722917 0.016406 0.020833
0 0.207031 0.752778 0.009375 0.025000
0 0.287891 0.093056 0.014844 0.033333
0 0.854297 0.259722 0.011719 0.030556
0 0.503516 0.525000 0.010156 0.033333
0 0.480469 0.560417 0.010937 0.031944
0 0.492188 0.373611 0.014062 0.030556
0 0.296094 0.140972 0.014062 0.029167
0 0.609375 0.254861 0.015625 0.029167
0 0.918359 0.852778 0.016406 0.022222
0 0.643359 0.960417 0.013281 0.018056
0 0.580469 0.986111 0.015625 0.016667
