0 0.717400 0.904400 0.015300 0.021000
0 0.395900 0.409600 0.014600 0.018200
0 0.318500 0.421800 0.014700 0.020600
0 0.446100 0.315400 0.013500 0.020500
0 0.181400 0.284900 0.012900 0.020000
0 0.707100 0.442500 0.013800 0.019700
0 0.555900 0.634100 0.015100 0.017800
0 0.404400 0.307000 0.015800 0.021700
0 0.066100 0.867000 0.015700 0.017900
0 0.944000 0.603600 0.016600 0.020800
0 0.652100 0.429100 0.013900 0.019600
0 0.147300 0.145600 0.014300 0.019700
0 0.668800 0.756300 0.013600 0.026400
0 0.219200 0.668700 0.016300 0.018100
0 0.882100 0.807700 0.015400 0.017900
0 0.496700 0.880100 0.015000 0.018300
0 0.541500 0.459700 0.013400 0.019600
0 0.767700 0.093600 0.015500 0.019000
0 0.082900 0.515800 0.014000 0.018200
0 0.915300 0.428000 0.013600 0.019400
0 0.517700 0.155800 0.015700 0.018200
0 0.610000 0.846200 0.014600 0.021400
0 0.407400 0.691000 0.013300 0.022500
0 0.169400 0.771200 0.014800 0.020800
0 0.120600 0.446400 0.013500 0.017400
0 0.510200 0.479800 0.013900 0.019600
0 0.221900 0.147900 0.017100 0.018200
0 0.054200 0.103800 0.015400 0.017500
0 0.006500 0.433700 0.012700 0.017700
0 0.510400 0.678800 0.014600 0.020200
0 0.530400 0.369900 0.014600 0.017100
0 0.303200 0.644800 0.015700 0.021400
0 0.617000 0.130800 0.015300 0.019200
0 0.869900 0.658100 0.014900 0.018300
0 0.154400 0.560500 0.015300 0.016900
0 0.493400 0.860500 0.015100 0.018500
0 0.490400 0.395100 0.013600 0.021500
0 0.527700 0.802500 0.014600 0.021600
0 0.133600 0.444100 0.012800 0.018700
0 0.689500 0.133700 0.015000 0.021800
0 0.872800 0.831400 0.017100 0.017800
0 0.690500 0.807000 0.016900 0.020400
0 0.906700 0.504200 0.013600 0.024400
0 0.335500 0.696900 0.012400 0.018300
0 0.844600 0.609200 0.015500 0.019200
0 0.114800 0.083800 0.014800 0.020400
0 0.655000 0.721700 0.013200 0.027000
0 0.760600 0.197200 0.016200 0.018400
0 0.227300 0.371700 0.015800 0.019600
0 0.956500 0.384600 0.018000 0.015800
0 0.516000 0.396700 0.013400 0.021800
0 0.890400 0.708100 0.014800 0.020700
0 0.778500 0.145100 0.015900 0.019400
0 0.284900 0.754000 0.015900 0.019200
0 0.879000 0.322500 0.016500 0.017700
0 0.389500 0.396600 0.014400 0.018800
0 0.847500 0.506500 0.014000 0.020000
0 0.481500 0.416600 0.013600 0.023600
0 0.903600 0.133100 0.014400 0.020100
0 0.165800 0.326900 0.017500 0.018400
0 0.382300 0.265900 0.015400 0.021100
0 0.378700 0.807600 0.015400 0.018900
0 0.370600 0.190900 0.014800 0.021200
0 0.033200 0.734500 0.012900 0.020600
0 0.069900 0.404300 0.012800 0.019000
0 0.092900 0.578600 0.014000 0.020200
0 0.930500 0.723400 0.016600 0.019100
0 0.454300 0.228000 0.014200 0.022200
0 0.678800 0.978000 0.012900 0.022400
0 0.609600 0.480600 0.011800 0.021900
0 0.369000 0.030100 0.013800 0.022300
0 0.258800 0.933000 0.013000 0.023300
0 0.145300 0.504300 0.013200 0.019800
0 0.596100 0.958700 0.015000 0.021000
0 0.672500 0.892700 0.013100 0.024700
0 0.818400 0.918100 0.013900 0.027200
0 0.639200 0.482600 0.011100 0.025700
0 0.884500 0.053600 0.015800 0.019100
0 0.693900 0.416700 0.012900 0.026400
0 0.610800 0.884800 0.011700 0.025400
0 0.897000 0.227200 0.012400 0.021000
0 0.780900 0.827800 0.016100 0.017700
0 0.895800 0.629900 0.012900 0.028200
0 0.541900 0.631600 0.011700 0.020400
0 0.446300 0.511000 0.014700 0.018300
0 0.116300 0.457700 0.014300 0.018200
0 0.582000 0.503100 0.014400 0.017700
0 0.915200 0.841500 0.013800 0.023400
0 0.182000 0.552700 0.012300 0.020500
0 0.091700 0.680100 0.012500 0.018700
0 0.584100 0.715700 0.013100 0.025100
0 0.690000 0.714100 0.015000 0.021800
0 0.752700 0.943700 0.011300 0.029800
0 0.828800 0.170200 0.013000 0.026400
0 0.795800 0.506200 0.013700 0.024000
0 0.658800 0.821600 0.012200 0.030700
0 0.885700 0.210900 0.012900 0.018900
0 0.780700 0.539900 0.013700 0.023200
0 0.346200 0.858600 0.015600 0.021700
0 0.568600 0.542600 0.012300 0.024800
0 0.116800 0.772800 0.015100 0.019600
0 0.485300 0.785400 0.013700 0.022600
0 0.452800 0.167200 0.014200 0.021200
0 0.603200 0.032500 0.013500 0.026000
0 0.160500 0.522000 0.014400 0.019800
0 0.796600 0.854700 0.012800 0.021500
0 0.305600 0.082300 0.013100 0.019000
0 0.903700 0.434900 0.013100 0.019000
0 0.377600 0.539500 0.012700 0.023700
0 0.668000 0.782000 0.014000 0.026900
0 0.251300 0.881300 0.013000 0.025900
0 0.969500 0.418700 0.011600 0.028200
0 0.646600 0.443400 0.013200 0.020300
0 0.895400 0.114500 0.013900 0.021700
0 0.260000 0.594400 0.011700 0.021800
0 0.859300 0.167600 0.011400 0.030800
0 0.770000 0.561000 0.015300 0.020100
0 0.498400 0.707600 0.010200 0.029500
0 0.266300 0.164600 0.013500 0.022900
0 0.673700 0.815600 0.013500 0.024700
0 0.758900 0.330400 0.011800 0.031000
0 0.589000 0.935700 0.013500 0.022800
0 0.970400 0.543400 0.011400 0.030000
0 0.476900 0.377600 0.013900 0.022200
0 0.208100 0.244600 0.010700 0.030100
0 0.439200 0.293300 0.015200 0.019700
0 0.952300 0.478000 0.011400 0.027900
0 0.838700 0.447000 0.014800 0.021400
0 0.190500 0.176100 0.014500 0.017800
0 0.714700 0.584100 0.010300 0.030500
0 0.276700 0.421200 0.015100 0.021100
0 0.143300 0.056400 0.012500 0.026800
0 0.348400 0.458800 0.011300 0.029900
0 0.768300 0.145800 0.015100 0.019100
0 0.707700 0.655600 0.009900 0.030500
0 0.620800 0.435500 0.011700 0.022300
0 0.619400 0.220400 0.014000 0.021300
0 0.709800 0.636000 0.012700 0.020600
0 0.564700 0.340000 0.013500 0.025300
0 0.235900 0.340100 0.012100 0.024600
0 0.257600 0.907400 0.012900 0.024000
0 0.884500 0.334600 0.016500 0.018300
0 0.477200 0.489300 0.013400 0.024400
0 0.672600 0.422500 0.010600 0.028300
0 0.276300 0.166600 0.014600 0.020700
0 0.018200 0.035700 0.015300 0.019000
0 0.627700 0.182500 0.012100 0.032100
0 0.042000 0.020200 0.014300 0.025100
0 0.264300 0.604500 0.013400 0.019200
0 0.470500 0.863600 0.014800 0.020100
0 0.718500 0.028500 0.010900 0.029600
0 0.689300 0.219200 0.015200 0.019800
0 0.155700 0.502800 0.013500 0.019800
0 0.278100 0.941700 0.011100 0.029800
0 0.761300 0.776500 0.016400 0.019600
0 0.643400 0.057800 0.010900 0.032000
0 0.436100 0.378500 0.013200 0.025100
0 0.515200 0.366500 0.013600 0.018600
0 0.768600 0.677600 0.013500 0.021200
0 0.180100 0.791300 0.010900 0.028400
0 0.256900 0.830500 0.009600 0.035100
0 0.214900 0.608700 0.015300 0.016400
0 0.176000 0.482100 0.014200 0.019000
0 0.834100 0.614000 0.014400 0.022800
0 0.931500 0.790200 0.011000 0.029600
0 0.916200 0.365000 0.011700 0.027500
0 0.521100 0.496900 0.015000 0.018500
0 0.551600 0.294000 0.014300 0.017000
0 0.471900 0.253300 0.013800 0.020000
0 0.772100 0.720200 0.013600 0.019900
0 0.299000 0.115800 0.009700 0.033000
0 0.381800 0.639800 0.010500 0.029300
0 0.082800 0.385800 0.013100 0.018900
0 0.926200 0.882000 0.015600 0.020000
0 0.421200 0.239900 0.010900 0.026600
0 0.558500 0.901400 0.013300 0.020800
0 0.861400 0.190800 0.014100 0.023500
0 0.498900 0.597900 0.014500 0.022000
0 0.436300 0.184100 0.014100 0.021300
0 0.151900 0.573000 0.014900 0.016000
0 0.490800 0.088900 0.015100 0.020200
0 0.761700 0.654700 0.013500 0.021100
0 0.910800 0.222600 0.011500 0.023200
0 0.301100 0.428200 0.010200 0.032600
0 0.171800 0.611100 0.013600 0.020900
0 0.510300 0.377000 0.014100 0.017400
0 0.471600 0.207200 0.011400 0.025800
0 0.740300 0.639100 0.011600 0.027300
0 0.626200 0.930400 0.015400 0.021900
0 0.511800 0.465300 0.011800 0.019500
0 0.081500 0.422700 0.013300 0.018700
0 0.251500 0.648300 0.015900 0.018900
0 0.305500 0.980200 0.010700 0.033000
0 0.551200 0.595600 0.013100 0.019000
0 0.123500 0.966900 0.014700 0.017700
0 0.453600 0.146800 0.012600 0.021500
0 0.380600 0.860800 0.015300 0.020800
0 0.606700 0.101200 0.014500 0.021300
0 0.455000 0.426400 0.013300 0.024500
0 0.474200 0.523000 0.013200 0.022400
0 0.768500 0.727600 0.010300 0.026200
0 0.320500 0.923200 0.011000 0.029800
0 0.580800 0.735900 0.013200 0.025200
0 0.563700 0.502800 0.014100 0.017200
0 0.293750 0.079167 0.010937 0.019444
0 0.817969 0.013889 0.012500 0.016667
0 0.835547 0.010417 0.014844 0.018056
0 0.561719 0.288194 0.012500 0.023611
0 0.416016 0.301389 0.014844 0.022222
0 0.093359 0.129167 0.013281 0.036111
0 0.005859 0.013194 0.011719 0.023611
0 0.100781 0.047222 0.015625 0.025000
0 0.146484 0.031944 0.011719 0.027778
0 0.153125 0.216667 0.012500 0.030556
0 0.080469 0.286111 0.018750 0.025000
0 0.018359 0.400694 0.013281 0.026389
0 0.024609 0.417361 0.013281 0.026389
0 0.013281 0.588889 0.014062 0.025000
0 0.026172 0.686806 0.013281 0.029167
0 0.050391 0.700694 0.013281 0.029167
0 0.007031 0.794444 0.010937 0.025000
0 0.004688 0.749306 0.009375 0.020833
0 0.005469 0.827083 0.009375 0.026389
0 0.225781 0.493056 0.015625 0.019444
0 0.139453 0.932639 0.016406 0.023611
0 0.185547 0.968750 0.016406 0.023611
0 0.444531 0.638194 0.010937 0.034722
0 0.848047 0.797917 0.016406 0.020833
0 0.990625 0.610417 0.010937 0.023611
0 0.982422 0.622917 0.010156 0.023611
0 0.974219 0.639583 0.010937 0.026389
0 0.964844 0.634722 0.012500 0.025000
0 0.970703 0.625694 0.010156 0.029167
0 0.978125 0.294444 0.010937 0.025000
0 0.955859 0.297917 0.013281 0.020833
0 0.694922 0.088194 0.016406 0.023611
