0 0.681000 0.481200 0.015400 0.020900
0 0.080800 0.732700 0.014300 0.021100
0 0.404200 0.944900 0.016200 0.019400
0 0.507400 0.520300 0.013900 0.019800
0 0.170000 0.570700 0.014400 0.020000
0 0.646200 0.432000 0.014200 0.020900
0 0.655200 0.471400 0.013800 0.018900
0 0.840900 0.792600 0.018100 0.020300
0 0.506200 0.768500 0.014800 0.018600
0 0.868300 0.829200 0.016300 0.019000
0 0.302700 0.644300 0.016800 0.020700
0 0.446600 0.314800 0.016400 0.020100
0 0.165700 0.330800 0.017200 0.019300
0 0.520400 0.806400 0.014500 0.020600
0 0.878400 0.321500 0.016300 0.017500
0 0.034800 0.780900 0.015100 0.018500
0 0.760500 0.196200 0.015800 0.019500
0 0.145800 0.154600 0.016000 0.018800
0 0.135400 0.483400 0.012700 0.019500
0 0.456600 0.521400 0.015800 0.020800
0 0.496500 0.878700 0.013700 0.019200
0 0.429300 0.081900 0.013000 0.021300
0 0.530500 0.369200 0.015300 0.016900
0 0.742300 0.909200 0.016200 0.020000
0 0.510800 0.678400 0.013900 0.020500
0 0.403700 0.307600 0.016400 0.018800
0 0.714800 0.740400 0.013700 0.019500
0 0.669200 0.756900 0.015300 0.025900
0 0.020400 0.796200 0.017000 0.017700
0 0.904800 0.130700 0.014800 0.019800
0 0.093000 0.446800 0.013200 0.018900
0 0.945900 0.603000 0.017000 0.020900
0 0.815800 0.265800 0.014200 0.020100
0 0.203400 0.790900 0.014800 0.022500
0 0.285100 0.753000 0.017500 0.018400
0 0.158600 0.769900 0.012800 0.021900
0 0.118000 0.254200 0.013300 0.021300
0 0.680600 0.030200 0.013600 0.021000
0 0.515000 0.402300 0.015300 0.019800
0 0.302400 0.692200 0.015200 0.019300
0 0.898000 0.566800 0.015400 0.021000
0 0.058500 0.622400 0.017100 0.018100
0 0.255800 0.283100 0.013900 0.021000
0 0.189000 0.178500 0.016600 0.017500
0 0.439400 0.292500 0.015900 0.020000
0 0.885400 0.210700 0.013300 0.018900
0 0.384200 0.145900 0.012700 0.025700
0 0.839600 0.608600 0.017800 0.019900
0 0.578600 0.273200 0.016200 0.018600
0 0.792800 0.507800 0.013600 0.022800
0 0.659500 0.441100 0.013000 0.020700
0 0.493600 0.606500 0.011600 0.025600
0 0.816900 0.219600 0.011700 0.026000
0 0.259000 0.929800 0.014700 0.022500
0 0.667600 0.781700 0.016000 0.026200
0 0.017300 0.405800 0.014000 0.018400
0 0.080700 0.591400 0.014800 0.020000
0 0.686200 0.328800 0.013900 0.023700
0 0.708200 0.905500 0.017800 0.021000
0 0.893900 0.115100 0.014300 0.021000
0 0.958900 0.116500 0.011800 0.024700
0 0.934500 0.120700 0.015200 0.020900
0 0.776900 0.714800 0.015400 0.019800
0 0.884400 0.052700 0.013800 0.018900
0 0.068900 0.689600 0.015200 0.018100
0 0.054500 0.029500 0.014800 0.020000
0 0.168400 0.489900 0.013700 0.019900
0 0.746700 0.745000 0.014400 0.017700
0 0.479900 0.409700 0.014400 0.021600
0 0.058800 0.144900 0.014000 0.022100
0 0.542700 0.567600 0.011400 0.026800
0 0.505200 0.470400 0.011300 0.026600
0 0.393800 0.665300 0.013900 0.024600
0 0.765800 0.089100 0.014500 0.020100
0 0.077100 0.755500 0.013700 0.020800
0 0.658900 0.820700 0.013100 0.031600
0 0.789500 0.811000 0.017100 0.017100
0 0.570600 0.764200 0.014700 0.019400
0 0.026400 0.679500 0.012600 0.022800
0 0.248000 0.883100 0.012700 0.028900
0 0.178700 0.766300 0.012800 0.025700
0 0.638600 0.481400 0.011600 0.024800
0 0.583600 0.717700 0.014100 0.024000
0 0.609900 0.480200 0.011700 0.023300
0 0.477200 0.381600 0.014800 0.020700
0 0.218800 0.151200 0.016800 0.017800
0 0.110600 0.093000 0.016600 0.019600
0 0.568700 0.541900 0.011500 0.024000
0 0.068300 0.864400 0.016000 0.020100
0 0.030400 0.610300 0.015400 0.018900
0 0.563800 0.284400 0.014400 0.020400
0 0.829600 0.532700 0.013500 0.027400
0 0.548800 0.293900 0.016600 0.017500
0 0.893200 0.631600 0.014800 0.025100
0 0.339900 0.329200 0.011100 0.028200
0 0.773800 0.269400 0.013300 0.023000
0 0.260500 0.595800 0.012500 0.024700
0 0.847800 0.966800 0.017100 0.020600
0 0.292700 0.453200 0.013000 0.024700
0 0.839100 0.031600 0.012800 0.021600
0 0.433300 0.953200 0.016100 0.021000
0 0.252300 0.603600 0.015700 0.018900
0 0.542800 0.632200 0.012500 0.022100
0 0.484900 0.079900 0.012900 0.022300
0 0.873700 0.806100 0.018400 0.018900
0 0.044800 0.231800 0.011000 0.029900
0 0.170100 0.614800 0.014100 0.018800
0 0.208300 0.244200 0.011200 0.029900
0 0.676800 0.722800 0.015100 0.022000
0 0.067400 0.402300 0.012900 0.018800
0 0.214300 0.590400 0.015000 0.020300
0 0.926600 0.723200 0.017800 0.019100
0 0.885900 0.406800 0.011200 0.030200
0 0.543900 0.460900 0.012600 0.023000
0 0.977500 0.293500 0.013600 0.019200
0 0.626700 0.217100 0.014800 0.020900
0 0.020600 0.415300 0.015200 0.018600
0 0.859400 0.166300 0.012000 0.031000
0 0.885000 0.334500 0.017300 0.018000
0 0.453600 0.146200 0.011900 0.023600
0 0.319000 0.423400 0.014300 0.020000
0 0.510600 0.639400 0.012700 0.022800
0 0.686100 0.809200 0.018200 0.022000
0 0.881000 0.457900 0.012000 0.032500
0 0.160800 0.571800 0.014100 0.019800
0 0.946500 0.960700 0.015600 0.021700
0 0.082600 0.385600 0.013100 0.019300
0 0.126500 0.085700 0.015500 0.019400
0 0.236100 0.340000 0.011100 0.029200
0 0.926100 0.445300 0.013800 0.022800
0 0.538400 0.896100 0.012800 0.026400
0 0.079900 0.810600 0.013700 0.022000
0 0.861500 0.190300 0.014000 0.023700
0 0.293200 0.573200 0.013900 0.023000
0 0.448900 0.727300 0.015100 0.020800
0 0.667300 0.035500 0.013100 0.023000
0 0.629900 0.177800 0.012000 0.031000
0 0.473000 0.522500 0.015400 0.023100
0 0.684000 0.430600 0.013300 0.027300
0 0.781700 0.339600 0.012000 0.027900
0 0.970500 0.542500 0.012100 0.030100
0 0.481100 0.660300 0.013200 0.025100
0 0.764000 0.561300 0.016800 0.019900
0 0.140400 0.056900 0.011800 0.030000
0 0.149300 0.529700 0.010300 0.026500
0 0.036200 0.018500 0.013300 0.022800
0 0.263500 0.168300 0.013900 0.024100
0 0.211600 0.679100 0.014400 0.019300
0 0.180100 0.286500 0.013800 0.019400
0 0.921900 0.897400 0.019100 0.023300
0 0.761100 0.776600 0.016200 0.019000
0 0.811000 0.317800 0.014900 0.019600
0 0.533300 0.513900 0.013400 0.020900
0 0.047800 0.744100 0.012700 0.017900
0 0.754600 0.923400 0.014600 0.023200
0 0.093200 0.459500 0.013800 0.017600
0 0.188800 0.892100 0.013700 0.025400
0 0.444200 0.226300 0.013500 0.026500
0 0.305100 0.976400 0.014400 0.021500
0 0.896900 0.226600 0.012700 0.023300
0 0.803800 0.460800 0.011400 0.025700
0 0.470400 0.863700 0.014100 0.020100
0 0.386400 0.868600 0.016200 0.019100
0 0.475700 0.481800 0.013900 0.027400
0 0.514700 0.367700 0.015300 0.018400
0 0.940000 0.801400 0.016900 0.020200
0 0.535600 0.819700 0.014900 0.022500
0 0.601600 0.110300 0.013600 0.023300
0 0.350900 0.866400 0.014200 0.025100
0 0.760800 0.810900 0.016400 0.019900
0 0.295300 0.120100 0.010300 0.036600
0 0.289900 0.980100 0.010900 0.030200
0 0.906700 0.414500 0.010900 0.029900
0 0.402000 0.101800 0.010900 0.029200
0 0.761900 0.731300 0.011100 0.028600
0 0.942900 0.701800 0.015500 0.020800
0 0.456000 0.286000 0.014400 0.022800
0 0.826900 0.785200 0.016000 0.018600
0 0.253900 0.834600 0.010400 0.035000
0 0.947000 0.088800 0.011800 0.023300
0 0.122600 0.927700 0.018500 0.021900
0 0.013400 0.035300 0.014000 0.019400
0 0.018750 0.213194 0.018750 0.023611
0 0.225781 0.704167 0.015625 0.019444
0 0.510156 0.921528 0.017188 0.023611
0 0.440625 0.638889 0.012500 0.027778
0 0.784766 0.151389 0.013281 0.027778
0 0.761719 0.300000 0.009375 0.036111
0 0.796094 0.436806 0.010937 0.020833
0 0.607422 0.875694 0.013281 0.023611
0 0.471875 0.252778 0.012500 0.019444
0 0.904297 0.438194 0.011719 0.023611
0 0.533984 0.066667 0.013281 0.027778
0 0.587500 0.118750 0.010937 0.031944
0 0.595312 0.093750 0.015625 0.026389
0 0.100391 0.435417 0.013281 0.020833
0 0.828906 0.173611 0.012500 0.036111
0 0.091797 0.130556 0.011719 0.030556
0 0.100391 0.767361 0.010156 0.023611
0 0.110547 0.766667 0.013281 0.025000
0 0.006250 0.012500 0.012500 0.019444
0 0.309375 0.150694 0.012500 0.031944
0 0.287891 0.025694 0.011719 0.029167
0 0.260547 0.012500 0.011719 0.022222
0 0.164844 0.557639 0.012500 0.018056
0 0.346875 0.688194 0.014062 0.029167
0 0.987109 0.665278 0.013281 0.027778
0 0.965234 0.644444 0.011719 0.022222
0 0.970312 0.640972 0.010937 0.029167
0 0.982031 0.627778 0.012500 0.022222
0 0.990234 0.611806 0.014844 0.023611
0 0.971094 0.628472 0.014062 0.015278
0 0.691406 0.118750 0.015625 0.026389
0 0.762109 0.654861 0.013281 0.026389
0 0.750391 0.668056 0.011719 0.025000
0 0.715625 0.690278 0.014062 0.027778
0 0.390234 0.409028 0.014844 0.023611
0 0.400000 0.393056 0.017188 0.022222
0 0.426562 0.373611 0.010937 0.027778
0 0.433594 0.372222 0.012500 0.027778
0 0.830859 0.977778 0.019531 0.022222
