0 0.639600 0.430600 0.015200 0.018400
0 0.318500 0.421100 0.015100 0.019800
0 0.417000 0.468400 0.013700 0.019800
0 0.829000 0.607400 0.016400 0.019800
0 0.367700 0.554400 0.015000 0.018700
0 0.872200 0.808800 0.017500 0.019300
0 0.390500 0.404600 0.015300 0.018300
0 0.207300 0.679100 0.014700 0.017500
0 0.946700 0.428400 0.015000 0.019200
0 0.642100 0.193100 0.014500 0.018700
0 0.578700 0.871900 0.015100 0.018400
0 0.294500 0.668400 0.015200 0.018600
0 0.170600 0.197300 0.015200 0.017400
0 0.158100 0.091800 0.013400 0.020800
0 0.840900 0.792300 0.018200 0.019000
0 0.760600 0.196300 0.015000 0.017700
0 0.156600 0.716300 0.014700 0.017600
0 0.852600 0.442700 0.014700 0.017700
0 0.530500 0.369300 0.015000 0.016700
0 0.359500 0.294900 0.014200 0.019100
0 0.069500 0.457200 0.014300 0.017300
0 0.327700 0.178400 0.014900 0.019800
0 0.816900 0.853200 0.016000 0.018900
0 0.453400 0.142100 0.011500 0.025500
0 0.404100 0.307600 0.015300 0.017700
0 0.771000 0.084800 0.015600 0.019500
0 0.543800 0.772200 0.015100 0.020900
0 0.302500 0.644400 0.016800 0.019900
0 0.705000 0.906300 0.016600 0.022100
0 0.496600 0.879200 0.014700 0.017700
0 0.190400 0.182700 0.016400 0.018200
0 0.679200 0.341600 0.016600 0.018500
0 0.857200 0.834300 0.016600 0.019400
0 0.252100 0.606900 0.014700 0.018900
0 0.472900 0.379800 0.014600 0.019400
0 0.496900 0.428300 0.015400 0.018000
0 0.747900 0.608200 0.015200 0.018300
0 0.467500 0.820000 0.015200 0.020000
0 0.402600 0.334100 0.014400 0.020100
0 0.355700 0.589300 0.014700 0.019000
0 0.372200 0.279500 0.013600 0.019100
0 0.078100 0.443600 0.012600 0.019000
0 0.669100 0.756200 0.014900 0.026600
0 0.440200 0.292700 0.014900 0.019500
0 0.285300 0.752900 0.016600 0.019000
0 0.510900 0.678500 0.014400 0.020500
0 0.478700 0.740600 0.014000 0.020300
0 0.064900 0.609700 0.014500 0.020100
0 0.673000 0.435500 0.015300 0.021200
0 0.552100 0.298000 0.014700 0.019100
0 0.446700 0.315100 0.013400 0.019600
0 0.859900 0.317600 0.016000 0.020200
0 0.892600 0.117200 0.014300 0.021800
0 0.421200 0.883500 0.014100 0.023000
0 0.116200 0.919000 0.014700 0.019500
0 0.780800 0.807100 0.016200 0.017600
0 0.940500 0.896400 0.015000 0.023800
0 0.285400 0.528400 0.014200 0.019900
0 0.685300 0.077400 0.014300 0.018800
0 0.610100 0.479800 0.011700 0.022000
0 0.481400 0.080200 0.013000 0.021400
0 0.668600 0.727000 0.014600 0.024700
0 0.667200 0.781500 0.015700 0.025800
0 0.933100 0.659400 0.015500 0.018900
0 0.147300 0.778400 0.012900 0.022300
0 0.768300 0.209400 0.012500 0.021300
0 0.551500 0.606000 0.012600 0.022800
0 0.393100 0.293300 0.013700 0.018500
0 0.604200 0.266700 0.010800 0.025400
0 0.696100 0.589400 0.014200 0.020300
0 0.439000 0.143400 0.013900 0.022200
0 0.902000 0.131800 0.015900 0.020400
0 0.254700 0.929800 0.013400 0.023400
0 0.645800 0.058000 0.011700 0.022600
0 0.160600 0.580800 0.013100 0.022300
0 0.943700 0.602000 0.015800 0.020200
0 0.697500 0.946600 0.013100 0.022400
0 0.604700 0.329700 0.012100 0.023600
0 0.891300 0.634400 0.013600 0.022600
0 0.696500 0.432600 0.014800 0.023400
0 0.130300 0.608900 0.013900 0.018400
0 0.533900 0.030300 0.015300 0.020600
0 0.478100 0.415100 0.014200 0.020600
0 0.659100 0.821000 0.011900 0.031500
0 0.568700 0.541800 0.011800 0.024300
0 0.844300 0.398100 0.014300 0.020100
0 0.017900 0.407500 0.014800 0.017300
0 0.693000 0.032400 0.013700 0.020600
0 0.022200 0.677600 0.013100 0.022800
0 0.639100 0.481800 0.011000 0.026200
0 0.879000 0.414100 0.015400 0.020500
0 0.541400 0.464300 0.012400 0.023900
0 0.761000 0.552900 0.015400 0.018800
0 0.182200 0.598300 0.015100 0.017000
0 0.970500 0.071600 0.014400 0.022700
0 0.773100 0.685600 0.015100 0.019300
0 0.436100 0.052500 0.013600 0.020200
0 0.421500 0.839200 0.014500 0.018500
0 0.332200 0.491000 0.012400 0.022400
0 0.543000 0.506000 0.009700 0.025300
0 0.647000 0.444000 0.014400 0.018800
0 0.347700 0.865900 0.013500 0.026600
0 0.776700 0.715600 0.015900 0.019700
0 0.879300 0.322200 0.016700 0.018100
0 0.529200 0.922300 0.015000 0.019100
0 0.902600 0.467800 0.014300 0.022400
0 0.208300 0.244200 0.011300 0.028700
0 0.161200 0.491000 0.014300 0.019500
0 0.036000 0.019700 0.013800 0.023000
0 0.984700 0.268300 0.013000 0.018800
0 0.143000 0.164000 0.016500 0.019300
0 0.629700 0.296800 0.010500 0.031400
0 0.859200 0.166800 0.011800 0.030100
0 0.626500 0.057900 0.015600 0.019200
0 0.073800 0.595400 0.015000 0.019500
0 0.244100 0.885000 0.011600 0.027400
0 0.951100 0.352500 0.014200 0.020400
0 0.970500 0.542400 0.011700 0.030700
0 0.085900 0.040200 0.013700 0.020000
0 0.104200 0.086300 0.014400 0.019400
0 0.770200 0.132500 0.012300 0.026900
0 0.469000 0.864100 0.014200 0.019800
0 0.889000 0.584600 0.013500 0.026500
0 0.760200 0.732300 0.010800 0.031500
0 0.452300 0.167000 0.013200 0.023700
0 0.260800 0.596000 0.011800 0.027800
0 0.790800 0.567200 0.011900 0.030200
0 0.785400 0.510500 0.013100 0.026100
0 0.719200 0.948200 0.012600 0.022700
0 0.951000 0.916600 0.016100 0.021200
0 0.579200 0.727200 0.014000 0.022500
0 0.236000 0.340100 0.011000 0.028000
0 0.927100 0.915800 0.013400 0.027800
0 0.161100 0.335600 0.014400 0.018900
0 0.084800 0.054600 0.013300 0.018000
0 0.626600 0.169100 0.011600 0.031900
0 0.176100 0.290200 0.015100 0.020300
0 0.598200 0.335000 0.012800 0.019200
0 0.667600 0.290000 0.013400 0.021800
0 0.476000 0.478000 0.011200 0.026800
0 0.214000 0.148800 0.016400 0.018000
0 0.883700 0.332300 0.017000 0.019600
0 0.561200 0.632600 0.014700 0.023800
0 0.029100 0.808000 0.012500 0.029200
0 0.113300 0.343000 0.011000 0.025700
0 0.473800 0.522200 0.013500 0.022900
0 0.170900 0.970500 0.013200 0.020300
0 0.115900 0.613700 0.014800 0.017600
0 0.542600 0.632000 0.011600 0.022600
0 0.020100 0.416700 0.015700 0.017000
0 0.764300 0.780600 0.017700 0.019500
0 0.826000 0.545500 0.014000 0.020900
0 0.503700 0.464200 0.011500 0.025000
0 0.223300 0.972300 0.014700 0.020900
0 0.358800 0.239300 0.012800 0.021900
0 0.824100 0.171300 0.012200 0.030600
0 0.761700 0.653000 0.014200 0.020100
0 0.685000 0.813500 0.017800 0.020700
0 0.513500 0.810100 0.014600 0.022700
0 0.249200 0.182100 0.013400 0.024000
0 0.376400 0.559800 0.015200 0.019700
0 0.627200 0.568400 0.013600 0.022600
0 0.076000 0.955700 0.015700 0.019200
0 0.433700 0.643400 0.010000 0.038000
0 0.431600 0.748500 0.012900 0.021000
0 0.861600 0.190300 0.014300 0.023100
0 0.944600 0.622000 0.013700 0.021200
0 0.908300 0.935200 0.011400 0.031200
0 0.666200 0.048700 0.013400 0.019400
0 0.735000 0.188700 0.016200 0.020300
0 0.453000 0.035200 0.010000 0.035100
0 0.073700 0.471200 0.014100 0.017500
0 0.261500 0.440200 0.015500 0.019300
0 0.899000 0.502600 0.014100 0.019800
0 0.064300 0.861300 0.014400 0.019700
0 0.616800 0.752100 0.011500 0.031100
0 0.076500 0.064400 0.013700 0.020700
0 0.897400 0.822500 0.012000 0.030200
0 0.896900 0.226400 0.012900 0.021900
0 0.985100 0.621600 0.014100 0.025000
0 0.838600 0.380700 0.014200 0.019400
0 0.681500 0.222700 0.013500 0.017600
0 0.869800 0.886300 0.016400 0.019600
0 0.211600 0.764600 0.013900 0.021200
0 0.113800 0.698500 0.011200 0.026500
0 0.440700 0.226400 0.013000 0.025300
0 0.286500 0.979400 0.012200 0.028400
0 0.255500 0.016600 0.010600 0.032900
0 0.656700 0.151300 0.013500 0.022700
0 0.086600 0.614700 0.013000 0.022400
0 0.428906 0.375000 0.012500 0.030556
0 0.136719 0.068056 0.009375 0.033333
0 0.092578 0.128472 0.014844 0.029167
0 0.252734 0.845139 0.010156 0.037500
0 0.125391 0.977778 0.011719 0.027778
0 0.005859 0.013889 0.011719 0.022222
0 0.011719 0.034722 0.015625 0.025000
0 0.289844 0.123611 0.014062 0.033333
0 0.195703 0.571528 0.016406 0.023611
0 0.164453 0.141667 0.013281 0.030556
0 0.050781 0.608333 0.015625 0.019444
0 0.348437 0.220139 0.017188 0.023611
0 0.610156 0.944444 0.012500 0.025000
0 0.166406 0.666667 0.014062 0.019444
0 0.175781 0.656944 0.018750 0.025000
0 0.650000 0.643056 0.009375 0.027778
0 0.590625 0.105556 0.015625 0.025000
0 0.122656 0.466667 0.015625 0.025000
0 0.148047 0.420833 0.013281 0.022222
0 0.140625 0.407639 0.014062 0.026389
0 0.041016 0.827083 0.011719 0.029167
0 0.109375 0.766667 0.015625 0.025000
0 0.108594 0.720139 0.010937 0.026389
0 0.170703 0.611111 0.014844 0.025000
0 0.125781 0.885417 0.015625 0.029167
0 0.084375 0.386806 0.018750 0.023611
0 0.161328 0.772222 0.016406 0.022222
0 0.913281 0.725000 0.015625 0.025000
0 0.956641 0.622917 0.014844 0.026389
0 0.813672 0.611111 0.011719 0.030556
0 0.988672 0.409028 0.011719 0.031944
0 0.977344 0.295833 0.012500 0.025000
0 0.946875 0.087500 0.012500 0.025000
0 0.887109 0.208333 0.011719 0.025000
0 0.885547 0.051389 0.013281 0.027778
0 0.760156 0.276389 0.012500 0.033333
0 0.730859 0.496528 0.014844 0.023611
0 0.696094 0.069444 0.012500 0.025000
0 0.563672 0.283333 0.013281 0.025000
0 0.507422 0.404167 0.016406 0.022222
0 0.469141 0.490972 0.013281 0.031944
0 0.451172 0.525694 0.017969 0.023611
0 0.427734 0.538194 0.014844 0.029167
0 0.496484 0.383333 0.011719 0.030556
0 0.972656 0.642361 0.010937 0.020833
0 0.965625 0.644444 0.012500 0.033333
0 0.471875 0.205556 0.012500 0.030556
0 0.510938 0.542361 0.012500 0.026389
