0 0.517300 0.768900 0.014000 0.020900
0 0.868200 0.829400 0.016700 0.018000
0 0.122500 0.242400 0.013600 0.019000
0 0.495300 0.520000 0.014800 0.019000
0 0.890900 0.569600 0.015000 0.020400
0 0.760300 0.196300 0.014700 0.019800
0 0.377200 0.870200 0.016000 0.019600
0 0.218400 0.151900 0.015900 0.017900
0 0.458800 0.728600 0.015600 0.020700
0 0.756500 0.741300 0.015100 0.017900
0 0.446200 0.315400 0.014900 0.018400
0 0.646800 0.429300 0.014500 0.019600
0 0.708200 0.905000 0.016200 0.019700
0 0.391300 0.408900 0.015800 0.018700
0 0.933400 0.803600 0.017300 0.018600
0 0.146200 0.155000 0.015800 0.017400
0 0.520100 0.804200 0.013300 0.021100
0 0.396600 0.946900 0.015600 0.018800
0 0.919700 0.456800 0.014900 0.021600
0 0.165600 0.331100 0.017000 0.019300
0 0.171200 0.756100 0.013600 0.023000
0 0.405900 0.396000 0.014200 0.021300
0 0.302600 0.644100 0.016700 0.020500
0 0.530500 0.369300 0.015500 0.016900
0 0.496300 0.879000 0.014300 0.018500
0 0.945300 0.717900 0.015700 0.019700
0 0.510900 0.678600 0.014200 0.019600
0 0.669300 0.756700 0.015100 0.025900
0 0.878000 0.321600 0.016500 0.017400
0 0.693600 0.105800 0.012600 0.022400
0 0.420800 0.079800 0.014000 0.019200
0 0.403700 0.307600 0.016600 0.018000
0 0.158200 0.771100 0.013800 0.023100
0 0.439400 0.292300 0.015600 0.019200
0 0.904400 0.130900 0.015400 0.019000
0 0.885400 0.210700 0.013100 0.018700
0 0.135100 0.480400 0.012900 0.019000
0 0.026800 0.679800 0.012200 0.024400
0 0.044800 0.778100 0.013400 0.018800
0 0.455400 0.522500 0.015500 0.020500
0 0.057900 0.131400 0.012100 0.023200
0 0.872800 0.410400 0.013900 0.020500
0 0.609800 0.479600 0.011300 0.023700
0 0.379200 0.152700 0.014200 0.023200
0 0.427800 0.954300 0.017900 0.020700
0 0.211000 0.678600 0.014300 0.019300
0 0.259500 0.929600 0.014300 0.022400
0 0.339900 0.334400 0.016000 0.018700
0 0.884600 0.052700 0.015100 0.018400
0 0.814300 0.280700 0.013700 0.022000
0 0.397100 0.654400 0.014000 0.022800
0 0.169800 0.571800 0.014600 0.019000
0 0.167600 0.490500 0.013800 0.020300
0 0.515000 0.402200 0.015500 0.019500
0 0.727000 0.690300 0.014200 0.021400
0 0.893800 0.115200 0.014400 0.020500
0 0.828100 0.027900 0.015800 0.020800
0 0.110500 0.092700 0.016000 0.019700
0 0.259500 0.596600 0.013100 0.025200
0 0.539500 0.555900 0.013300 0.022900
0 0.791500 0.509500 0.013600 0.024200
0 0.285500 0.752900 0.016000 0.019300
0 0.752700 0.821700 0.014500 0.019100
0 0.639200 0.481200 0.011300 0.026200
0 0.471400 0.481600 0.012900 0.023800
0 0.017900 0.404900 0.013900 0.017600
0 0.479800 0.409900 0.014600 0.021200
0 0.433100 0.372100 0.012500 0.025200
0 0.484300 0.642500 0.011800 0.024900
0 0.077700 0.770700 0.010400 0.024500
0 0.667400 0.781400 0.015800 0.026600
0 0.189000 0.179200 0.016700 0.018000
0 0.568900 0.541600 0.011800 0.024300
0 0.504000 0.470400 0.011100 0.026300
0 0.039800 0.602700 0.015700 0.019300
0 0.542400 0.632100 0.011900 0.021500
0 0.766800 0.279300 0.013000 0.022200
0 0.880000 0.466400 0.013500 0.027500
0 0.821200 0.546000 0.011200 0.027200
0 0.777300 0.714300 0.015000 0.019100
0 0.543600 0.460400 0.012400 0.023000
0 0.248800 0.270300 0.014500 0.019200
0 0.692600 0.476800 0.015800 0.021200
0 0.583700 0.717900 0.014000 0.023200
0 0.148400 0.518600 0.012500 0.021800
0 0.685800 0.809200 0.017700 0.022600
0 0.658900 0.820800 0.012700 0.031500
0 0.247900 0.883300 0.012500 0.028100
0 0.476700 0.381500 0.014600 0.019700
0 0.569800 0.272800 0.016200 0.018000
0 0.822700 0.320800 0.015000 0.021200
0 0.222400 0.597400 0.015200 0.018000
0 0.286100 0.044800 0.013400 0.022700
0 0.471600 0.860800 0.014000 0.020000
0 0.079100 0.591600 0.013900 0.020300
0 0.306400 0.978200 0.014700 0.019700
0 0.040600 0.743400 0.011700 0.022700
0 0.813700 0.231300 0.013900 0.023400
0 0.485000 0.079300 0.012500 0.021800
0 0.513900 0.506600 0.013200 0.019800
0 0.260500 0.172700 0.013800 0.023500
0 0.082500 0.385500 0.013100 0.019100
0 0.289900 0.703200 0.013900 0.019600
0 0.083400 0.797200 0.011800 0.022300
0 0.893500 0.631800 0.014100 0.025000
0 0.910300 0.907800 0.016800 0.019400
0 0.208200 0.244000 0.010800 0.029400
0 0.019700 0.415500 0.015200 0.017700
0 0.634700 0.203000 0.015200 0.021500
0 0.068600 0.864200 0.015700 0.020700
0 0.936100 0.134400 0.015200 0.019200
0 0.786200 0.352800 0.013100 0.024900
0 0.284500 0.447200 0.012600 0.027400
0 0.970400 0.542100 0.012100 0.030200
0 0.007700 0.785400 0.013500 0.019000
0 0.351300 0.865900 0.013800 0.025600
0 0.873700 0.806400 0.019700 0.018400
0 0.859200 0.166400 0.011800 0.030500
0 0.515700 0.934000 0.015200 0.021700
0 0.214000 0.709900 0.014100 0.020900
0 0.646600 0.456500 0.014200 0.019900
0 0.847700 0.970500 0.019300 0.021200
0 0.692200 0.316600 0.010900 0.030700
0 0.789200 0.811300 0.016500 0.017700
0 0.279400 0.572100 0.013300 0.022800
0 0.136400 0.081000 0.014500 0.019300
0 0.665000 0.426900 0.015500 0.019100
0 0.453600 0.146900 0.011700 0.021500
0 0.676400 0.723100 0.015200 0.020700
0 0.505200 0.626700 0.014000 0.022800
0 0.139500 0.056500 0.012100 0.028400
0 0.836200 0.608800 0.018300 0.020100
0 0.294600 0.118100 0.010700 0.032600
0 0.783900 0.152500 0.011800 0.026500
0 0.535800 0.502200 0.011400 0.025700
0 0.521400 0.823200 0.013900 0.019700
0 0.077400 0.728700 0.013200 0.021100
0 0.579000 0.103100 0.014300 0.019600
0 0.484200 0.516500 0.015100 0.019900
0 0.839200 0.789600 0.019200 0.021400
0 0.945100 0.602800 0.016800 0.021400
0 0.765400 0.088700 0.014400 0.017900
0 0.319800 0.423000 0.015100 0.021100
0 0.904100 0.428700 0.010300 0.032800
0 0.473200 0.522000 0.015200 0.022000
0 0.160000 0.572800 0.015300 0.019400
0 0.236100 0.339700 0.011300 0.029000
0 0.036500 0.018500 0.013600 0.021600
0 0.069600 0.734600 0.013600 0.019300
0 0.116400 0.932200 0.012600 0.031200
0 0.549100 0.296500 0.015600 0.018700
0 0.483800 0.597300 0.013900 0.024000
0 0.423100 0.366500 0.013600 0.019400
0 0.792200 0.427500 0.011300 0.029200
0 0.315900 0.152500 0.015400 0.018100
0 0.185400 0.918600 0.014400 0.022600
0 0.885000 0.334200 0.017400 0.017400
0 0.947000 0.086000 0.012300 0.019900
0 0.565100 0.760700 0.012400 0.024800
0 0.964200 0.127700 0.013000 0.025400
0 0.761200 0.776400 0.017700 0.017900
0 0.764000 0.561400 0.016300 0.020000
0 0.515100 0.367200 0.015000 0.018300
0 0.564200 0.283900 0.014600 0.020600
0 0.897100 0.223700 0.013300 0.020200
0 0.167000 0.556700 0.013900 0.019200
0 0.628600 0.177000 0.011800 0.029100
0 0.091000 0.459500 0.013400 0.017600
0 0.113900 0.778900 0.013400 0.024000
0 0.888300 0.403200 0.012100 0.025300
0 0.194300 0.801700 0.013600 0.023000
0 0.174000 0.595800 0.015400 0.016800
0 0.179900 0.286600 0.014100 0.019000
0 0.761700 0.727500 0.012900 0.022100
0 0.099000 0.780500 0.013100 0.024100
0 0.981600 0.678100 0.016500 0.020900
0 0.288700 0.980000 0.012200 0.026900
0 0.452200 0.165600 0.013000 0.024800
0 0.861500 0.190300 0.014300 0.023800
0 0.651700 0.444000 0.015700 0.017800
0 0.736600 0.923000 0.013900 0.023300
0 0.718600 0.738800 0.015200 0.019300
0 0.661100 0.045000 0.011900 0.021500
0 0.254100 0.835000 0.010400 0.033600
0 0.941300 0.596400 0.012200 0.026800
0 0.064300 0.023800 0.016000 0.020700
0 0.104600 0.779200 0.014100 0.023000
0 0.354000 0.698600 0.014200 0.021100
0 0.763100 0.301800 0.010500 0.028700
0 0.667600 0.027400 0.012900 0.022700
0 0.260200 0.015700 0.010100 0.028900
0 0.171400 0.613800 0.014500 0.018100
0 0.444400 0.226200 0.013500 0.025600
0 0.013300 0.035000 0.014400 0.019200
0 0.923700 0.726200 0.018300 0.019600
0 0.688300 0.431800 0.016000 0.022800
0 0.543800 0.886300 0.013600 0.019400
0 0.404100 0.110700 0.014100 0.022600
0 0.804600 0.476200 0.011000 0.028000
0 0.091406 0.125694 0.009375 0.026389
0 0.062109 0.679167 0.011719 0.025000
0 0.065234 0.629167 0.013281 0.030556
0 0.946094 0.970833 0.010937 0.036111
0 0.309766 0.420139 0.011719 0.023611
0 0.841797 0.783333 0.013281 0.022222
0 0.548828 0.071528 0.014844 0.023611
0 0.598437 0.098611 0.010937 0.033333
0 0.594922 0.093750 0.014844 0.026389
0 0.005859 0.014583 0.011719 0.018056
0 0.758984 0.938194 0.013281 0.023611
0 0.441016 0.638889 0.011719 0.033333
0 0.828125 0.174306 0.012500 0.034722
0 0.964844 0.644444 0.012500 0.022222
0 0.973437 0.640278 0.012500 0.022222
0 0.982031 0.627778 0.010937 0.022222
0 0.989062 0.611806 0.015625 0.023611
0 0.966406 0.623611 0.014062 0.025000
0 0.989844 0.930556 0.014062 0.025000
0 0.611328 0.861806 0.011719 0.029167
0 0.763281 0.652083 0.014062 0.031944
0 0.749609 0.652778 0.010156 0.027778
0 0.010156 0.206944 0.015625 0.027778
0 0.044531 0.243056 0.009375 0.025000
0 0.977734 0.293750 0.011719 0.023611
0 0.099219 0.442361 0.010937 0.031944
0 0.087891 0.447917 0.019531 0.020833
0 0.062891 0.385417 0.013281 0.037500
0 0.248437 0.599306 0.015625 0.020833
