0 0.873000 0.115000 0.016000 0.021000
0 0.855000 0.048000 0.016000 0.021000
0 0.895000 0.148000 0.016000 0.021000
0 0.897000 0.171000 0.016000 0.021000
0 0.978000 0.160000 0.016000 0.021000
0 0.944000 0.165000 0.016000 0.021000
0 0.950000 0.146000 0.016000 0.021000
0 0.928000 0.146000 0.016000 0.021000
0 0.919000 0.133000 0.016000 0.021000
0 0.942000 0.263000 0.016000 0.021000
0 0.959000 0.306000 0.016000 0.021000
0 0.941000 0.317000 0.016000 0.021000
0 0.953000 0.346000 0.016000 0.021000
0 0.934000 0.371000 0.016000 0.021000
0 0.859000 0.271000 0.016000 0.021000
0 0.859000 0.198000 0.016000 0.021000
0 0.844000 0.192000 0.016000 0.021000
0 0.839000 0.163000 0.016000 0.021000
0 0.817000 0.138000 0.016000 0.021000
0 0.783000 0.158000 0.016000 0.021000
0 0.769000 0.173000 0.016000 0.021000
0 0.769000 0.123000 0.016000 0.021000
0 0.780000 0.113000 0.016000 0.021000
0 0.731000 0.085000 0.016000 0.021000
0 0.728000 0.121000 0.016000 0.021000
0 0.714000 0.121000 0.016000 0.021000
0 0.723000 0.138000 0.016000 0.021000
0 0.755000 0.133000 0.016000 0.021000
0 0.694000 0.087000 0.016000 0.021000
0 0.686000 0.048000 0.016000 0.021000
0 0.647000 0.046000 0.016000 0.021000
0 0.642000 0.054000 0.016000 0.021000
0 0.597000 0.060000 0.016000 0.021000
0 0.650000 0.102000 0.016000 0.021000
0 0.677000 0.167000 0.016000 0.021000
0 0.695000 0.190000 0.016000 0.021000
0 0.720000 0.210000 0.016000 0.021000
0 0.702000 0.267000 0.016000 0.021000
0 0.672000 0.237000 0.016000 0.021000
0 0.667000 0.208000 0.016000 0.021000
0 0.897000 0.415000 0.016000 0.021000
0 0.883000 0.396000 0.016000 0.021000
0 0.875000 0.398000 0.016000 0.021000
0 0.827000 0.344000 0.016000 0.021000
0 0.848000 0.317000 0.016000 0.021000
0 0.812000 0.287000 0.016000 0.021000
0 0.795000 0.298000 0.016000 0.021000
0 0.770000 0.298000 0.016000 0.021000
0 0.752000 0.290000 0.016000 0.021000
0 0.741000 0.308000 0.016000 0.021000
0 0.761000 0.358000 0.016000 0.021000
0 0.770000 0.356000 0.016000 0.021000
0 0.792000 0.354000 0.016000 0.021000
0 0.938000 0.406000 0.016000 0.021000
0 0.948000 0.412000 0.016000 0.021000
0 0.939000 0.431000 0.016000 0.021000
0 0.927000 0.433000 0.016000 0.021000
0 0.938000 0.477000 0.016000 0.021000
0 0.950000 0.494000 0.016000 0.021000
0 0.955000 0.523000 0.016000 0.021000
0 0.942000 0.525000 0.016000 0.021000
0 0.919000 0.575000 0.016000 0.021000
0 0.947000 0.560000 0.016000 0.021000
0 0.961000 0.569000 0.016000 0.021000
0 0.922000 0.608000 0.016000 0.021000
0 0.934000 0.608000 0.016000 0.021000
0 0.853000 0.523000 0.016000 0.021000
0 0.822000 0.546000 0.016000 0.021000
0 0.819000 0.581000 0.016000 0.021000
0 0.784000 0.583000 0.016000 0.021000
0 0.773000 0.590000 0.016000 0.021000
0 0.789000 0.502000 0.016000 0.021000
0 0.833000 0.490000 0.016000 0.021000
0 0.833000 0.473000 0.016000 0.021000
0 0.831000 0.450000 0.016000 0.021000
0 0.820000 0.450000 0.016000 0.021000
0 0.812000 0.442000 0.016000 0.021000
0 0.761000 0.510000 0.016000 0.021000
0 0.705000 0.425000 0.016000 0.021000
0 0.672000 0.427000 0.016000 0.021000
0 0.680000 0.412000 0.016000 0.021000
0 0.617000 0.140000 0.016000 0.021000
0 0.619000 0.102000 0.016000 0.021000
0 0.606000 0.110000 0.016000 0.021000
0 0.597000 0.131000 0.016000 0.021000
0 0.609000 0.167000 0.016000 0.021000
0 0.591000 0.183000 0.016000 0.021000
0 0.558000 0.146000 0.016000 0.021000
0 0.542000 0.108000 0.016000 0.021000
0 0.583000 0.206000 0.016000 0.021000
0 0.561000 0.198000 0.016000 0.021000
0 0.544000 0.215000 0.016000 0.021000
0 0.573000 0.221000 0.016000 0.021000
0 0.583000 0.254000 0.016000 0.021000
0 0.562000 0.279000 0.016000 0.021000
0 0.508000 0.267000 0.016000 0.021000
0 0.517000 0.190000 0.016000 0.021000
0 0.480000 0.183000 0.016000 0.021000
0 0.497000 0.127000 0.016000 0.021000
0 0.505000 0.117000 0.016000 0.021000
0 0.514000 0.085000 0.016000 0.021000
0 0.467000 0.108000 0.016000 0.021000
0 0.466000 0.075000 0.016000 0.021000
0 0.448000 0.133000 0.016000 0.021000
0 0.442000 0.175000 0.016000 0.021000
0 0.428000 0.227000 0.016000 0.021000
0 0.416000 0.227000 0.016000 0.021000
0 0.406000 0.223000 0.016000 0.021000
0 0.381000 0.165000 0.016000 0.021000
0 0.391000 0.040000 0.016000 0.021000
0 0.439000 0.075000 0.016000 0.021000
0 0.445000 0.044000 0.016000 0.021000
0 0.361000 0.163000 0.016000 0.021000
0 0.333000 0.210000 0.016000 0.021000
0 0.308000 0.192000 0.016000 0.021000
0 0.320000 0.163000 0.016000 0.021000
0 0.334000 0.125000 0.016000 0.021000
0 0.322000 0.123000 0.016000 0.021000
0 0.305000 0.104000 0.016000 0.021000
0 0.263000 0.040000 0.016000 0.021000
0 0.303000 0.167000 0.016000 0.021000
0 0.294000 0.173000 0.016000 0.021000
0 0.281000 0.158000 0.016000 0.021000
0 0.230000 0.133000 0.016000 0.021000
0 0.214000 0.123000 0.016000 0.021000
0 0.178000 0.135000 0.016000 0.021000
0 0.175000 0.115000 0.016000 0.021000
0 0.173000 0.100000 0.016000 0.021000
0 0.155000 0.098000 0.016000 0.021000
0 0.127000 0.060000 0.016000 0.021000
0 0.053000 0.071000 0.016000 0.021000
0 0.073000 0.125000 0.016000 0.021000
0 0.045000 0.160000 0.016000 0.021000
0 0.033000 0.158000 0.016000 0.021000
0 0.077000 0.179000 0.016000 0.021000
0 0.105000 0.125000 0.016000 0.021000
0 0.180000 0.183000 0.016000 0.021000
0 0.233000 0.227000 0.016000 0.021000
0 0.269000 0.194000 0.016000 0.021000
0 0.286000 0.215000 0.016000 0.021000
0 0.322000 0.235000 0.016000 0.021000
0 0.333000 0.237000 0.016000 0.021000
0 0.350000 0.263000 0.016000 0.021000
0 0.342000 0.285000 0.016000 0.021000
0 0.405000 0.283000 0.016000 0.021000
0 0.411000 0.300000 0.016000 0.021000
0 0.425000 0.329000 0.016000 0.021000
0 0.403000 0.340000 0.016000 0.021000
0 0.383000 0.360000 0.016000 0.021000
0 0.397000 0.373000 0.016000 0.021000
0 0.306000 0.319000 0.016000 0.021000
0 0.306000 0.281000 0.016000 0.021000
0 0.294000 0.273000 0.016000 0.021000
0 0.242000 0.294000 0.016000 0.021000
0 0.217000 0.258000 0.016000 0.021000
0 0.220000 0.225000 0.016000 0.021000
0 0.138000 0.267000 0.016000 0.021000
0 0.152000 0.294000 0.016000 0.021000
0 0.052000 0.248000 0.016000 0.021000
0 0.022000 0.221000 0.016000 0.021000
0 0.108000 0.338000 0.016000 0.021000
0 0.084000 0.383000 0.016000 0.021000
0 0.033000 0.356000 0.016000 0.021000
0 0.025000 0.365000 0.016000 0.021000
0 0.120000 0.390000 0.016000 0.021000
0 0.130000 0.371000 0.016000 0.021000
0 0.086000 0.417000 0.016000 0.021000
0 0.086000 0.490000 0.016000 0.021000
0 0.091000 0.508000 0.016000 0.021000
0 0.123000 0.438000 0.016000 0.021000
0 0.108000 0.438000 0.016000 0.021000
0 0.119000 0.419000 0.016000 0.021000
0 0.148000 0.458000 0.016000 0.021000
0 0.159000 0.458000 0.016000 0.021000
0 0.167000 0.512000 0.016000 0.021000
0 0.155000 0.535000 0.016000 0.021000
0 0.145000 0.548000 0.016000 0.021000
0 0.181000 0.423000 0.016000 0.021000
0 0.195000 0.412000 0.016000 0.021000
0 0.219000 0.385000 0.016000 0.021000
0 0.258000 0.358000 0.016000 0.021000
0 0.286000 0.331000 0.016000 0.021000
0 0.286000 0.354000 0.016000 0.021000
0 0.259000 0.562000 0.016000 0.021000
0 0.606000 0.365000 0.016000 0.021000
0 0.589000 0.383000 0.016000 0.021000
0 0.581000 0.400000 0.016000 0.021000
0 0.569000 0.394000 0.016000 0.021000
0 0.597000 0.417000 0.016000 0.021000
0 0.578000 0.446000 0.016000 0.021000
0 0.562000 0.458000 0.016000 0.021000
0 0.522000 0.394000 0.016000 0.021000
0 0.481000 0.410000 0.016000 0.021000
0 0.452000 0.460000 0.016000 0.021000
0 0.430000 0.481000 0.016000 0.021000
0 0.431000 0.427000 0.016000 0.021000
0 0.434000 0.404000 0.016000 0.021000
0 0.442000 0.390000 0.016000 0.021000
0 0.383000 0.438000 0.016000 0.021000
0 0.369000 0.433000 0.016000 0.021000
0 0.380000 0.460000 0.016000 0.021000
0 0.383000 0.471000 0.016000 0.021000
0 0.363000 0.406000 0.016000 0.021000
0 0.334000 0.427000 0.016000 0.021000
0 0.325000 0.419000 0.016000 0.021000
0 0.327000 0.452000 0.016000 0.021000
0 0.300000 0.431000 0.016000 0.021000
0 0.291000 0.423000 0.016000 0.021000
0 0.259000 0.446000 0.016000 0.021000
0 0.267000 0.490000 0.016000 0.021000
0 0.314000 0.492000 0.016000 0.021000
0 0.636000 0.496000 0.016000 0.021000
0 0.572000 0.487000 0.016000 0.021000
0 0.544000 0.510000 0.016000 0.021000
0 0.523000 0.487000 0.016000 0.021000
0 0.509000 0.502000 0.016000 0.021000
0 0.533000 0.502000 0.016000 0.021000
0 0.513000 0.535000 0.016000 0.021000
0 0.477000 0.510000 0.016000 0.021000
0 0.444000 0.535000 0.016000 0.021000
0 0.456000 0.592000 0.016000 0.021000
0 0.477000 0.573000 0.016000 0.021000
0 0.483000 0.606000 0.016000 0.021000
0 0.520000 0.596000 0.016000 0.021000
0 0.514000 0.556000 0.016000 0.021000
0 0.531000 0.606000 0.016000 0.021000
0 0.541000 0.575000 0.016000 0.021000
0 0.559000 0.581000 0.016000 0.021000
0 0.566000 0.592000 0.016000 0.021000
0 0.575000 0.575000 0.016000 0.021000
0 0.584000 0.623000 0.016000 0.021000
0 0.569000 0.652000 0.016000 0.021000
0 0.623000 0.625000 0.016000 0.021000
0 0.631000 0.610000 0.016000 0.021000
0 0.644000 0.615000 0.016000 0.021000
0 0.677000 0.623000 0.016000 0.021000
0 0.953000 0.665000 0.016000 0.021000
0 0.909000 0.702000 0.016000 0.021000
0 0.889000 0.719000 0.016000 0.021000
0 0.872000 0.710000 0.016000 0.021000
0 0.916000 0.679000 0.016000 0.021000
0 0.931000 0.704000 0.016000 0.021000
0 0.925000 0.760000 0.016000 0.021000
0 0.956000 0.742000 0.016000 0.021000
0 0.906000 0.808000 0.016000 0.021000
0 0.892000 0.877000 0.016000 0.021000
0 0.950000 0.881000 0.016000 0.021000
0 0.970000 0.846000 0.016000 0.021000
0 0.845000 0.862000 0.016000 0.021000
0 0.836000 0.840000 0.016000 0.021000
0 0.802000 0.748000 0.016000 0.021000
0 0.777000 0.783000 0.016000 0.021000
0 0.772000 0.821000 0.016000 0.021000
0 0.784000 0.829000 0.016000 0.021000
0 0.795000 0.873000 0.016000 0.021000
0 0.788000 0.877000 0.016000 0.021000
0 0.811000 0.912000 0.016000 0.021000
0 0.817000 0.929000 0.016000 0.021000
0 0.795000 0.906000 0.016000 0.021000
0 0.780000 0.898000 0.016000 0.021000
0 0.775000 0.910000 0.016000 0.021000
0 0.772000 0.927000 0.016000 0.021000
0 0.780000 0.950000 0.016000 0.021000
0 0.730000 0.963000 0.016000 0.021000
0 0.711000 0.969000 0.016000 0.021000
0 0.753000 0.908000 0.016000 0.021000
0 0.758000 0.885000 0.016000 0.021000
0 0.836000 0.708000 0.016000 0.021000
0 0.830000 0.725000 0.016000 0.021000
0 0.819000 0.710000 0.016000 0.021000
0 0.798000 0.702000 0.016000 0.021000
0 0.823000 0.685000 0.016000 0.021000
0 0.819000 0.656000 0.016000 0.021000
0 0.842000 0.640000 0.016000 0.021000
0 0.795000 0.640000 0.016000 0.021000
0 0.783000 0.627000 0.016000 0.021000
0 0.763000 0.642000 0.016000 0.021000
0 0.750000 0.633000 0.016000 0.021000
0 0.734000 0.654000 0.016000 0.021000
0 0.722000 0.650000 0.016000 0.021000
0 0.730000 0.667000 0.016000 0.021000
0 0.730000 0.683000 0.016000 0.021000
0 0.689000 0.658000 0.016000 0.021000
0 0.659000 0.667000 0.016000 0.021000
0 0.638000 0.679000 0.016000 0.021000
0 0.625000 0.677000 0.016000 0.021000
0 0.606000 0.667000 0.016000 0.021000
0 0.589000 0.708000 0.016000 0.021000
0 0.578000 0.706000 0.016000 0.021000
0 0.694000 0.769000 0.016000 0.021000
0 0.706000 0.796000 0.016000 0.021000
0 0.741000 0.838000 0.016000 0.021000
0 0.688000 0.819000 0.016000 0.021000
0 0.675000 0.850000 0.016000 0.021000
0 0.703000 0.892000 0.016000 0.021000
0 0.697000 0.915000 0.016000 0.021000
0 0.706000 0.927000 0.016000 0.021000
0 0.663000 0.898000 0.016000 0.021000
0 0.611000 0.898000 0.016000 0.021000
0 0.600000 0.877000 0.016000 0.021000
0 0.614000 0.790000 0.016000 0.021000
0 0.595000 0.792000 0.016000 0.021000
0 0.552000 0.777000 0.016000 0.021000
0 0.545000 0.821000 0.016000 0.021000
0 0.523000 0.810000 0.016000 0.021000
0 0.550000 0.892000 0.016000 0.021000
0 0.519000 0.933000 0.016000 0.021000
0 0.463000 0.956000 0.016000 0.021000
0 0.464000 0.827000 0.016000 0.021000
0 0.469000 0.806000 0.016000 0.021000
0 0.481000 0.794000 0.016000 0.021000
0 0.494000 0.796000 0.016000 0.021000
0 0.455000 0.756000 0.016000 0.021000
0 0.439000 0.771000 0.016000 0.021000
0 0.491000 0.696000 0.016000 0.021000
0 0.530000 0.669000 0.016000 0.021000
0 0.508000 0.637000 0.016000 0.021000
0 0.444000 0.656000 0.016000 0.021000
0 0.369000 0.590000 0.016000 0.021000
0 0.348000 0.577000 0.016000 0.021000
0 0.317000 0.694000 0.016000 0.021000
0 0.312000 0.738000 0.016000 0.021000
0 0.294000 0.785000 0.016000 0.021000
0 0.309000 0.781000 0.016000 0.021000
0 0.348000 0.777000 0.016000 0.021000
0 0.391000 0.779000 0.016000 0.021000
0 0.402000 0.767000 0.016000 0.021000
0 0.339000 0.858000 0.016000 0.021000
0 0.375000 0.898000 0.016000 0.021000
0 0.356000 0.892000 0.016000 0.021000
0 0.392000 0.919000 0.016000 0.021000
0 0.330000 0.948000 0.016000 0.021000
0 0.280000 0.717000 0.016000 0.021000
0 0.223000 0.810000 0.016000 0.021000
0 0.216000 0.731000 0.016000 0.021000
0 0.244000 0.706000 0.016000 0.021000
0 0.239000 0.669000 0.016000 0.021000
0 0.241000 0.621000 0.016000 0.021000
0 0.200000 0.690000 0.016000 0.021000
0 0.164000 0.717000 0.016000 0.021000
0 0.186000 0.756000 0.016000 0.021000
0 0.139000 0.623000 0.016000 0.021000
0 0.119000 0.627000 0.016000 0.021000
0 0.106000 0.633000 0.016000 0.021000
0 0.114000 0.650000 0.016000 0.021000
0 0.072000 0.677000 0.016000 0.021000
0 0.053000 0.698000 0.016000 0.021000
0 0.025000 0.644000 0.016000 0.021000
0 0.020000 0.777000 0.016000 0.021000
0 0.056000 0.719000 0.016000 0.021000
0 0.070000 0.752000 0.016000 0.021000
0 0.083000 0.738000 0.016000 0.021000
0 0.092000 0.725000 0.016000 0.021000
0 0.111000 0.796000 0.016000 0.021000
0 0.097000 0.787000 0.016000 0.021000
0 0.138000 0.790000 0.016000 0.021000
0 0.059000 0.792000 0.016000 0.021000
0 0.123000 0.827000 0.016000 0.021000
0 0.130000 0.806000 0.016000 0.021000
0 0.156000 0.831000 0.016000 0.021000
0 0.052000 0.933000 0.016000 0.021000
0 0.095000 0.958000 0.016000 0.021000
0 0.123000 0.971000 0.016000 0.021000
0 0.172000 0.956000 0.016000 0.021000
0 0.041000 0.952000 0.016000 0.021000
0 0.981000 0.096000 0.016000 0.021000
0 0.969000 0.194000 0.016000 0.021000
0 0.984000 0.333000 0.016000 0.021000
0 0.961000 0.615000 0.016000 0.021000
0 0.963000 0.656000 0.016000 0.021000
0 0.970000 0.702000 0.016000 0.021000
0 0.763000 0.027000 0.016000 0.021000
0 0.981000 0.835000 0.016000 0.021000
0 0.986000 0.869000 0.016000 0.021000
0 0.936000 0.946000 0.016000 0.021000
0 0.970000 0.940000 0.016000 0.021000
0 0.789000 0.973000 0.016000 0.021000
0 0.633000 0.877000 0.016000 0.021000
0 0.016000 0.883000 0.016000 0.021000
0 0.395000 0.708000 0.016000 0.021000
0 0.016000 0.727000 0.016000 0.021000
0 0.013000 0.406000 0.016000 0.021000
0 0.120000 0.221000 0.016000 0.021000
0 0.025000 0.329000 0.016000 0.021000
0 0.017000 0.263000 0.016000 0.021000
0 0.016000 0.154000 0.016000 0.021000
0 0.097000 0.029000 0.016000 0.021000
0 0.153000 0.027000 0.016000 0.021000
0 0.198000 0.025000 0.016000 0.021000
0 0.225000 0.085000 0.016000 0.021000
0 0.709000 0.029000 0.016000 0.021000
0 0.864000 0.231000 0.016000 0.021000
0 0.477000 0.138000 0.016000 0.021000
0 0.030000 0.400000 0.016000 0.021000
0 0.013000 0.433000 0.016000 0.021000
0 0.852000 0.550000 0.016000 0.021000
0 0.231000 0.981000 0.016000 0.021000
0 0.269000 0.023000 0.016000 0.021000
0 0.691000 0.021000 0.016000 0.021000
0 0.011000 0.613000 0.016000 0.021000
0 0.838000 0.021000 0.016000 0.021000
0 0.319000 0.019000 0.016000 0.021000
0 0.202344 0.984722 0.015625 0.016667
0 0.606641 0.974306 0.017969 0.037500
0 0.651172 0.773611 0.013281 0.038889
0 0.213281 0.502778 0.014062 0.033333
0 0.235547 0.518056 0.013281 0.036111
0 0.118359 0.734722 0.014844 0.036111
0 0.295703 0.070139 0.014844 0.037500
0 0.175391 0.022917 0.011719 0.031944
0 0.426172 0.677778 0.014844 0.036111
0 0.713281 0.520139 0.012500 0.040278
0 0.704687 0.569444 0.018750 0.027778
0 0.455078 0.238194 0.010156 0.029167
0 0.205078 0.308333 0.000781 0.002778
0 0.058594 0.883333 0.012500 0.041667
0 0.987500 0.945139 0.014062 0.023611
0 0.298438 0.724306 0.015625 0.026389
0 0.103516 0.843056 0.017969 0.030556
0 0.082422 0.844444 0.021094 0.025000
0 0.030078 0.659722 0.011719 0.030556
0 0.153125 0.506250 0.012500 0.020833
0 0.004688 0.256944 0.009375 0.019444
0 0.004688 0.356944 0.009375 0.025000
0 0.991016 0.196528 0.013281 0.026389
0 0.989453 0.222917 0.010156 0.018056
0 0.983594 0.241667 0.012500 0.022222
0 0.923437 0.197222 0.010937 0.036111
0 0.692969 0.508333 0.012500 0.022222
0 0.682422 0.508333 0.013281 0.025000
0 0.133203 0.125694 0.011719 0.031944
0 0.054688 0.421528 0.012500 0.031944
0 0.069531 0.489583 0.010937 0.034722
0 0.416797 0.824306 0.013281 0.034722
0 0.698047 0.753472 0.011719 0.029167
0 0.941406 0.769444 0.015625 0.030556
0 0.775391 0.667361 0.013281 0.029167
0 0.663281 0.550000 0.012500 0.033333
0 0.603906 0.481250 0.012500 0.029167
0 0.555078 0.433333 0.013281 0.025000
0 0.531250 0.429861 0.015625 0.037500
0 0.496094 0.451389 0.015625 0.025000
0 0.469141 0.751389 0.013281 0.036111
0 0.368750 0.859722 0.015625 0.030556
0 0.365625 0.941667 0.012500 0.030556
0 0.302344 0.835417 0.015625 0.031944
0 0.172656 0.675000 0.010937 0.033333
0 0.121875 0.777778 0.012500 0.030556
0 0.078906 0.868056 0.012500 0.033333
0 0.045703 0.278472 0.013281 0.031944
0 0.033594 0.134722 0.010937 0.030556
0 0.122266 0.134722 0.013281 0.030556
0 0.135937 0.090278 0.012500 0.027778
0 0.146875 0.329167 0.012500 0.036111
0 0.134375 0.459722 0.012500 0.030556
0 0.140234 0.486111 0.010156 0.030556
0 0.128125 0.510417 0.014062 0.040278
0 0.417969 0.583333 0.012500 0.033333
0 0.319922 0.720139 0.011719 0.026389
0 0.218359 0.400000 0.013281 0.027778
0 0.448438 0.110417 0.012500 0.029167
0 0.740234 0.959722 0.013281 0.033333
0 0.823828 0.890972 0.013281 0.040278
0 0.904297 0.257639 0.014844 0.034722
0 0.828125 0.168056 0.010937 0.030556
0 0.856641 0.018750 0.017969 0.023611
0 0.771875 0.015972 0.014062 0.018056
0 0.680469 0.873611 0.009375 0.030556
0 0.594141 0.757639 0.011719 0.029167
0 0.920703 0.553472 0.016406 0.034722
0 0.783594 0.380556 0.010937 0.025000
0 0.786328 0.426389 0.014844 0.036111
0 0.809766 0.318056 0.011719 0.027778
0 0.763281 0.325000 0.009375 0.030556
0 0.753125 0.243750 0.012500 0.026389
0 0.735937 0.231944 0.010937 0.030556
0 0.665234 0.143750 0.016406 0.023611
0 0.949609 0.459028 0.011719 0.031944
0 0.902344 0.859722 0.010937 0.027778
0 0.667969 0.253472 0.012500 0.031944
0 0.578906 0.277083 0.012500 0.031944
0 0.599609 0.152083 0.010156 0.034722
0 0.325000 0.039583 0.012500 0.026389
0 0.196484 0.037500 0.014844 0.019444
0 0.282422 0.474306 0.011719 0.026389
0 0.214844 0.190278 0.010937 0.033333
0 0.184766 0.296528 0.013281 0.031944
0 0.677344 0.353472 0.012500 0.040278
0 0.534766 0.961111 0.010156 0.033333
0 0.526953 0.975000 0.010156 0.025000
0 0.756250 0.706944 0.010937 0.033333
0 0.587891 0.984722 0.019531 0.019444
0 0.350391 0.856944 0.019531 0.016667
0 0.353516 0.868056 0.008594 0.038889
0 0.957812 0.188194 0.010937 0.034722
0 0.519531 0.673611 0.015625 0.027778
0 0.307813 0.415278 0.015625 0.022222
0 0.503516 0.604861 0.013281 0.029167
