0 0.956000 0.048000 0.016000 0.021000
0 0.980000 0.085000 0.016000 0.021000
0 0.961000 0.096000 0.016000 0.021000
0 0.955000 0.067000 0.016000 0.021000
0 0.938000 0.067000 0.016000 0.021000
0 0.972000 0.119000 0.016000 0.021000
0 0.908000 0.123000 0.016000 0.021000
0 0.959000 0.160000 0.016000 0.021000
0 0.933000 0.135000 0.016000 0.021000
0 0.919000 0.135000 0.016000 0.021000
0 0.927000 0.152000 0.016000 0.021000
0 0.914000 0.165000 0.016000 0.021000
0 0.898000 0.196000 0.016000 0.021000
0 0.939000 0.229000 0.016000 0.021000
0 0.953000 0.215000 0.016000 0.021000
0 0.958000 0.202000 0.016000 0.021000
0 0.969000 0.196000 0.016000 0.021000
0 0.897000 0.250000 0.016000 0.021000
0 0.947000 0.271000 0.016000 0.021000
0 0.938000 0.263000 0.016000 0.021000
0 0.933000 0.273000 0.016000 0.021000
0 0.883000 0.077000 0.016000 0.021000
0 0.888000 0.067000 0.016000 0.021000
0 0.844000 0.056000 0.016000 0.021000
0 0.820000 0.067000 0.016000 0.021000
0 0.783000 0.083000 0.016000 0.021000
0 0.764000 0.037000 0.016000 0.021000
0 0.777000 0.031000 0.016000 0.021000
0 0.770000 0.100000 0.016000 0.021000
0 0.816000 0.125000 0.016000 0.021000
0 0.798000 0.146000 0.016000 0.021000
0 0.788000 0.152000 0.016000 0.021000
0 0.759000 0.108000 0.016000 0.021000
0 0.747000 0.115000 0.016000 0.021000
0 0.705000 0.138000 0.016000 0.021000
0 0.716000 0.106000 0.016000 0.021000
0 0.720000 0.077000 0.016000 0.021000
0 0.725000 0.287000 0.016000 0.021000
0 0.883000 0.267000 0.016000 0.021000
0 0.875000 0.256000 0.016000 0.021000
0 0.872000 0.279000 0.016000 0.021000
0 0.877000 0.306000 0.016000 0.021000
0 0.811000 0.290000 0.016000 0.021000
0 0.789000 0.325000 0.016000 0.021000
0 0.798000 0.327000 0.016000 0.021000
0 0.797000 0.346000 0.016000 0.021000
0 0.784000 0.369000 0.016000 0.021000
0 0.820000 0.342000 0.016000 0.021000
0 0.850000 0.317000 0.016000 0.021000
0 0.842000 0.325000 0.016000 0.021000
0 0.842000 0.340000 0.016000 0.021000
0 0.858000 0.358000 0.016000 0.021000
0 0.906000 0.377000 0.016000 0.021000
0 0.916000 0.390000 0.016000 0.021000
0 0.902000 0.406000 0.016000 0.021000
0 0.875000 0.442000 0.016000 0.021000
0 0.839000 0.440000 0.016000 0.021000
0 0.923000 0.460000 0.016000 0.021000
0 0.900000 0.515000 0.016000 0.021000
0 0.875000 0.504000 0.016000 0.021000
0 0.864000 0.500000 0.016000 0.021000
0 0.852000 0.506000 0.016000 0.021000
0 0.836000 0.510000 0.016000 0.021000
0 0.814000 0.521000 0.016000 0.021000
0 0.817000 0.550000 0.016000 0.021000
0 0.858000 0.540000 0.016000 0.021000
0 0.870000 0.554000 0.016000 0.021000
0 0.905000 0.556000 0.016000 0.021000
0 0.919000 0.569000 0.016000 0.021000
0 0.961000 0.531000 0.016000 0.021000
0 0.911000 0.646000 0.016000 0.021000
0 0.875000 0.681000 0.016000 0.021000
0 0.861000 0.675000 0.016000 0.021000
0 0.881000 0.827000 0.016000 0.021000
0 0.913000 0.848000 0.016000 0.021000
0 0.898000 0.858000 0.016000 0.021000
0 0.881000 0.892000 0.016000 0.021000
0 0.906000 0.892000 0.016000 0.021000
0 0.919000 0.875000 0.016000 0.021000
0 0.958000 0.883000 0.016000 0.021000
0 0.970000 0.865000 0.016000 0.021000
0 0.919000 0.927000 0.016000 0.021000
0 0.919000 0.927000 0.016000 0.021000
0 0.900000 0.925000 0.016000 0.021000
0 0.908000 0.938000 0.016000 0.021000
0 0.895000 0.954000 0.016000 0.021000
0 0.919000 0.960000 0.016000 0.021000
0 0.884000 0.925000 0.016000 0.021000
0 0.864000 0.960000 0.016000 0.021000
0 0.847000 0.956000 0.016000 0.021000
0 0.831000 0.958000 0.016000 0.021000
0 0.816000 0.965000 0.016000 0.021000
0 0.816000 0.881000 0.016000 0.021000
0 0.822000 0.733000 0.016000 0.021000
0 0.817000 0.710000 0.016000 0.021000
0 0.827000 0.752000 0.016000 0.021000
0 0.838000 0.758000 0.016000 0.021000
0 0.755000 0.727000 0.016000 0.021000
0 0.773000 0.733000 0.016000 0.021000
0 0.784000 0.729000 0.016000 0.021000
0 0.795000 0.717000 0.016000 0.021000
0 0.805000 0.721000 0.016000 0.021000
0 0.789000 0.688000 0.016000 0.021000
0 0.773000 0.660000 0.016000 0.021000
0 0.777000 0.610000 0.016000 0.021000
0 0.752000 0.669000 0.016000 0.021000
0 0.708000 0.667000 0.016000 0.021000
0 0.753000 0.952000 0.016000 0.021000
0 0.731000 0.929000 0.016000 0.021000
0 0.711000 0.881000 0.016000 0.021000
0 0.686000 0.923000 0.016000 0.021000
0 0.681000 0.887000 0.016000 0.021000
0 0.681000 0.819000 0.016000 0.021000
0 0.725000 0.806000 0.016000 0.021000
0 0.714000 0.796000 0.016000 0.021000
0 0.706000 0.760000 0.016000 0.021000
0 0.683000 0.756000 0.016000 0.021000
0 0.672000 0.787000 0.016000 0.021000
0 0.681000 0.727000 0.016000 0.021000
0 0.748000 0.442000 0.016000 0.021000
0 0.714000 0.542000 0.016000 0.021000
0 0.709000 0.615000 0.016000 0.021000
0 0.695000 0.640000 0.016000 0.021000
0 0.681000 0.615000 0.016000 0.021000
0 0.675000 0.585000 0.016000 0.021000
0 0.683000 0.581000 0.016000 0.021000
0 0.709000 0.462000 0.016000 0.021000
0 0.689000 0.442000 0.016000 0.021000
0 0.713000 0.398000 0.016000 0.021000
0 0.698000 0.406000 0.016000 0.021000
0 0.713000 0.367000 0.016000 0.021000
0 0.636000 0.356000 0.016000 0.021000
0 0.663000 0.104000 0.016000 0.021000
0 0.666000 0.069000 0.016000 0.021000
0 0.673000 0.056000 0.016000 0.021000
0 0.695000 0.058000 0.016000 0.021000
0 0.625000 0.115000 0.016000 0.021000
0 0.617000 0.090000 0.016000 0.021000
0 0.609000 0.075000 0.016000 0.021000
0 0.580000 0.244000 0.016000 0.021000
0 0.614000 0.250000 0.016000 0.021000
0 0.581000 0.362000 0.016000 0.021000
0 0.555000 0.317000 0.016000 0.021000
0 0.614000 0.440000 0.016000 0.021000
0 0.667000 0.462000 0.016000 0.021000
0 0.613000 0.483000 0.016000 0.021000
0 0.602000 0.550000 0.016000 0.021000
0 0.584000 0.567000 0.016000 0.021000
0 0.609000 0.569000 0.016000 0.021000
0 0.631000 0.679000 0.016000 0.021000
0 0.650000 0.758000 0.016000 0.021000
0 0.641000 0.773000 0.016000 0.021000
0 0.595000 0.742000 0.016000 0.021000
0 0.581000 0.731000 0.016000 0.021000
0 0.648000 0.802000 0.016000 0.021000
0 0.644000 0.812000 0.016000 0.021000
0 0.619000 0.825000 0.016000 0.021000
0 0.613000 0.858000 0.016000 0.021000
0 0.597000 0.852000 0.016000 0.021000
0 0.591000 0.869000 0.016000 0.021000
0 0.636000 0.894000 0.016000 0.021000
0 0.648000 0.938000 0.016000 0.021000
0 0.530000 0.073000 0.016000 0.021000
0 0.491000 0.125000 0.016000 0.021000
0 0.448000 0.090000 0.016000 0.021000
0 0.425000 0.094000 0.016000 0.021000
0 0.423000 0.135000 0.016000 0.021000
0 0.430000 0.144000 0.016000 0.021000
0 0.411000 0.173000 0.016000 0.021000
0 0.436000 0.175000 0.016000 0.021000
0 0.550000 0.258000 0.016000 0.021000
0 0.534000 0.329000 0.016000 0.021000
0 0.478000 0.292000 0.016000 0.021000
0 0.472000 0.283000 0.016000 0.021000
0 0.459000 0.294000 0.016000 0.021000
0 0.425000 0.267000 0.016000 0.021000
0 0.436000 0.271000 0.016000 0.021000
0 0.431000 0.240000 0.016000 0.021000
0 0.348000 0.054000 0.016000 0.021000
0 0.320000 0.048000 0.016000 0.021000
0 0.373000 0.167000 0.016000 0.021000
0 0.364000 0.177000 0.016000 0.021000
0 0.331000 0.198000 0.016000 0.021000
0 0.383000 0.329000 0.016000 0.021000
0 0.339000 0.329000 0.016000 0.021000
0 0.325000 0.350000 0.016000 0.021000
0 0.309000 0.300000 0.016000 0.021000
0 0.486000 0.369000 0.016000 0.021000
0 0.308000 0.117000 0.016000 0.021000
0 0.297000 0.146000 0.016000 0.021000
0 0.297000 0.119000 0.016000 0.021000
0 0.283000 0.094000 0.016000 0.021000
0 0.295000 0.087000 0.016000 0.021000
0 0.286000 0.077000 0.016000 0.021000
0 0.277000 0.065000 0.016000 0.021000
0 0.236000 0.117000 0.016000 0.021000
0 0.219000 0.117000 0.016000 0.021000
0 0.220000 0.133000 0.016000 0.021000
0 0.206000 0.073000 0.016000 0.021000
0 0.198000 0.044000 0.016000 0.021000
0 0.188000 0.052000 0.016000 0.021000
0 0.169000 0.094000 0.016000 0.021000
0 0.181000 0.119000 0.016000 0.021000
0 0.130000 0.056000 0.016000 0.021000
0 0.122000 0.062000 0.016000 0.021000
0 0.069000 0.031000 0.016000 0.021000
0 0.075000 0.138000 0.016000 0.021000
0 0.067000 0.144000 0.016000 0.021000
0 0.172000 0.208000 0.016000 0.021000
0 0.206000 0.181000 0.016000 0.021000
0 0.220000 0.175000 0.016000 0.021000
0 0.216000 0.227000 0.016000 0.021000
0 0.055000 0.150000 0.016000 0.021000
0 0.069000 0.271000 0.016000 0.021000
0 0.059000 0.287000 0.016000 0.021000
0 0.083000 0.310000 0.016000 0.021000
0 0.070000 0.371000 0.016000 0.021000
0 0.248000 0.317000 0.016000 0.021000
0 0.181000 0.340000 0.016000 0.021000
0 0.161000 0.350000 0.016000 0.021000
0 0.119000 0.369000 0.016000 0.021000
0 0.169000 0.369000 0.016000 0.021000
0 0.189000 0.352000 0.016000 0.021000
0 0.238000 0.344000 0.016000 0.021000
0 0.259000 0.398000 0.016000 0.021000
0 0.239000 0.410000 0.016000 0.021000
0 0.269000 0.412000 0.016000 0.021000
0 0.292000 0.425000 0.016000 0.021000
0 0.294000 0.444000 0.016000 0.021000
0 0.336000 0.419000 0.016000 0.021000
0 0.411000 0.442000 0.016000 0.021000
0 0.428000 0.454000 0.016000 0.021000
0 0.423000 0.471000 0.016000 0.021000
0 0.555000 0.435000 0.016000 0.021000
0 0.516000 0.398000 0.016000 0.021000
0 0.577000 0.487000 0.016000 0.021000
0 0.566000 0.481000 0.016000 0.021000
0 0.555000 0.496000 0.016000 0.021000
0 0.544000 0.479000 0.016000 0.021000
0 0.531000 0.456000 0.016000 0.021000
0 0.492000 0.417000 0.016000 0.021000
0 0.464000 0.402000 0.016000 0.021000
0 0.452000 0.404000 0.016000 0.021000
0 0.508000 0.504000 0.016000 0.021000
0 0.544000 0.521000 0.016000 0.021000
0 0.534000 0.535000 0.016000 0.021000
0 0.558000 0.621000 0.016000 0.021000
0 0.536000 0.646000 0.016000 0.021000
0 0.475000 0.560000 0.016000 0.021000
0 0.466000 0.548000 0.016000 0.021000
0 0.420000 0.525000 0.016000 0.021000
0 0.411000 0.542000 0.016000 0.021000
0 0.461000 0.579000 0.016000 0.021000
0 0.395000 0.544000 0.016000 0.021000
0 0.384000 0.550000 0.016000 0.021000
0 0.373000 0.550000 0.016000 0.021000
0 0.366000 0.477000 0.016000 0.021000
0 0.327000 0.465000 0.016000 0.021000
0 0.244000 0.431000 0.016000 0.021000
0 0.241000 0.448000 0.016000 0.021000
0 0.245000 0.460000 0.016000 0.021000
0 0.234000 0.467000 0.016000 0.021000
0 0.533000 0.690000 0.016000 0.021000
0 0.528000 0.704000 0.016000 0.021000
0 0.555000 0.767000 0.016000 0.021000
0 0.548000 0.798000 0.016000 0.021000
0 0.497000 0.781000 0.016000 0.021000
0 0.486000 0.754000 0.016000 0.021000
0 0.497000 0.725000 0.016000 0.021000
0 0.466000 0.781000 0.016000 0.021000
0 0.464000 0.808000 0.016000 0.021000
0 0.453000 0.792000 0.016000 0.021000
0 0.448000 0.812000 0.016000 0.021000
0 0.431000 0.800000 0.016000 0.021000
0 0.373000 0.654000 0.016000 0.021000
0 0.361000 0.660000 0.016000 0.021000
0 0.345000 0.642000 0.016000 0.021000
0 0.430000 0.862000 0.016000 0.021000
0 0.456000 0.902000 0.016000 0.021000
0 0.522000 0.906000 0.016000 0.021000
0 0.464000 0.938000 0.016000 0.021000
0 0.458000 0.960000 0.016000 0.021000
0 0.355000 0.956000 0.016000 0.021000
0 0.359000 0.933000 0.016000 0.021000
0 0.308000 0.588000 0.016000 0.021000
0 0.317000 0.606000 0.016000 0.021000
0 0.312000 0.633000 0.016000 0.021000
0 0.300000 0.635000 0.016000 0.021000
0 0.253000 0.602000 0.016000 0.021000
0 0.234000 0.535000 0.016000 0.021000
0 0.205000 0.558000 0.016000 0.021000
0 0.172000 0.573000 0.016000 0.021000
0 0.167000 0.500000 0.016000 0.021000
0 0.147000 0.485000 0.016000 0.021000
0 0.127000 0.531000 0.016000 0.021000
0 0.119000 0.546000 0.016000 0.021000
0 0.078000 0.494000 0.016000 0.021000
0 0.114000 0.640000 0.016000 0.021000
0 0.116000 0.562000 0.016000 0.021000
0 0.181000 0.613000 0.016000 0.021000
0 0.225000 0.658000 0.016000 0.021000
0 0.156000 0.658000 0.016000 0.021000
0 0.128000 0.658000 0.016000 0.021000
0 0.108000 0.658000 0.016000 0.021000
0 0.133000 0.702000 0.016000 0.021000
0 0.166000 0.723000 0.016000 0.021000
0 0.077000 0.740000 0.016000 0.021000
0 0.092000 0.746000 0.016000 0.021000
0 0.195000 0.790000 0.016000 0.021000
0 0.200000 0.815000 0.016000 0.021000
0 0.209000 0.846000 0.016000 0.021000
0 0.278000 0.877000 0.016000 0.021000
0 0.286000 0.940000 0.016000 0.021000
0 0.233000 0.931000 0.016000 0.021000
0 0.200000 0.923000 0.016000 0.021000
0 0.062000 0.877000 0.016000 0.021000
0 0.048000 0.860000 0.016000 0.021000
0 0.047000 0.938000 0.016000 0.021000
0 0.138000 0.917000 0.016000 0.021000
0 0.670000 0.971000 0.016000 0.021000
0 0.742000 0.665000 0.016000 0.021000
0 0.013000 0.235000 0.016000 0.021000
0 0.019000 0.029000 0.016000 0.021000
0 0.202000 0.231000 0.016000 0.021000
0 0.339000 0.033000 0.016000 0.021000
0 0.633000 0.019000 0.016000 0.021000
0 0.770000 0.185000 0.016000 0.021000
0 0.978000 0.583000 0.016000 0.021000
0 0.983000 0.610000 0.016000 0.021000
0 0.830000 0.981000 0.016000 0.021000
0 0.586000 0.963000 0.016000 0.021000
0 0.536000 0.977000 0.016000 0.021000
0 0.497000 0.981000 0.016000 0.021000
0 0.430000 0.983000 0.016000 0.021000
0 0.273000 0.971000 0.016000 0.021000
0 0.083000 0.956000 0.016000 0.021000
0 0.023000 0.950000 0.016000 0.021000
0 0.011000 0.742000 0.016000 0.021000
0 0.027000 0.619000 0.016000 0.021000
0 0.013000 0.542000 0.016000 0.021000
0 0.041000 0.125000 0.016000 0.021000
0 0.044000 0.104000 0.016000 0.021000
0 0.095000 0.025000 0.016000 0.021000
0 0.683000 0.033000 0.016000 0.021000
0 0.683000 0.952000 0.016000 0.021000
0 0.628000 0.967000 0.016000 0.021000
0 0.641000 0.958000 0.016000 0.021000
0 0.877000 0.985000 0.016000 0.021000
0 0.936000 0.969000 0.016000 0.021000
0 0.370000 0.590000 0.016000 0.021000
0 0.597000 0.769000 0.016000 0.021000
0 0.167000 0.652000 0.016000 0.021000
0 0.158000 0.900000 0.016000 0.021000
0 0.838000 0.254000 0.016000 0.021000
0 0.694000 0.019000 0.016000 0.021000
0 0.984000 0.196000 0.016000 0.021000
0 0.978000 0.227000 0.016000 0.021000
0 0.320000 0.588000 0.016000 0.021000
0 0.850000 0.260000 0.016000 0.021000
0 0.853000 0.252000 0.016000 0.021000
0 0.769000 0.681000 0.016000 0.021000
0 0.655000 0.454000 0.016000 0.021000
0 0.942000 0.440000 0.016000 0.021000
0 0.527000 0.644000 0.016000 0.021000
0 0.936000 0.469000 0.016000 0.021000
0 0.150000 0.985000 0.016000 0.021000
0 0.863000 0.371000 0.016000 0.021000
0 0.058203 0.945833 0.011719 0.022222
0 0.082422 0.981250 0.013281 0.020833
0 0.625000 0.436111 0.014062 0.022222
0 0.871094 0.012500 0.023438 0.025000
0 0.312109 0.013889 0.013281 0.025000
0 0.717188 0.500694 0.012500 0.034722
0 0.769141 0.778472 0.011719 0.034722
0 0.850391 0.793056 0.010156 0.030556
0 0.005469 0.013194 0.010937 0.026389
0 0.625781 0.139583 0.012500 0.026389
0 0.870703 0.864583 0.010156 0.043056
0 0.300000 0.404861 0.012500 0.034722
0 0.855078 0.081250 0.011719 0.034722
0 0.006641 0.563889 0.011719 0.033333
0 0.011719 0.111111 0.012500 0.030556
0 0.106641 0.132639 0.011719 0.026389
0 0.135937 0.192361 0.009375 0.031944
0 0.036719 0.215278 0.012500 0.025000
0 0.050000 0.233333 0.009375 0.027778
0 0.056641 0.324306 0.014844 0.020833
0 0.064844 0.329861 0.012500 0.018056
0 0.072266 0.402778 0.013281 0.025000
0 0.100781 0.256944 0.014062 0.027778
0 0.060156 0.104861 0.009375 0.029167
0 0.237109 0.204861 0.008594 0.029167
0 0.353125 0.365972 0.012500 0.031944
0 0.457812 0.172222 0.010937 0.033333
0 0.541797 0.225694 0.008594 0.037500
0 0.502734 0.233333 0.014844 0.025000
0 0.509766 0.186111 0.016406 0.022222
0 0.522266 0.290972 0.010156 0.031944
0 0.479688 0.493056 0.009375 0.030556
0 0.980859 0.674306 0.010156 0.034722
0 0.964453 0.687500 0.010156 0.033333
0 0.865625 0.756944 0.009375 0.030556
0 0.853516 0.745139 0.010156 0.026389
0 0.798437 0.536806 0.012500 0.029167
0 0.805469 0.494444 0.009375 0.030556
0 0.959375 0.363194 0.010937 0.026389
0 0.994922 0.480556 0.008594 0.030556
0 0.785547 0.390972 0.008594 0.031944
0 0.736328 0.478472 0.010156 0.031944
0 0.689844 0.465278 0.009375 0.036111
0 0.657031 0.429167 0.010937 0.030556
0 0.646094 0.568750 0.009375 0.031944
0 0.593359 0.687500 0.011719 0.030556
0 0.894141 0.790972 0.013281 0.026389
0 0.534375 0.731250 0.014062 0.029167
0 0.551172 0.691667 0.008594 0.033333
0 0.298828 0.672222 0.010156 0.036111
0 0.149609 0.329167 0.011719 0.030556
0 0.163672 0.395833 0.010156 0.027778
0 0.645312 0.217361 0.009375 0.034722
0 0.694531 0.192361 0.010937 0.031944
0 0.719141 0.219444 0.008594 0.036111
0 0.935156 0.336806 0.009375 0.031944
0 0.936719 0.679167 0.009375 0.033333
0 0.796875 0.905556 0.014062 0.027778
0 0.402734 0.709028 0.010156 0.034722
0 0.382422 0.817361 0.011719 0.031944
0 0.419141 0.761806 0.011719 0.029167
0 0.421094 0.597222 0.010937 0.038889
0 0.411328 0.381250 0.013281 0.026389
0 0.444922 0.359722 0.014844 0.025000
0 0.424609 0.290278 0.011719 0.030556
0 0.450000 0.311111 0.010937 0.033333
0 0.478516 0.393750 0.010156 0.026389
0 0.508203 0.425694 0.010156 0.031944
0 0.520703 0.589583 0.011719 0.026389
0 0.503906 0.529167 0.014062 0.030556
0 0.675781 0.275000 0.010937 0.030556
0 0.669531 0.257639 0.014062 0.023611
0 0.664063 0.281944 0.006250 0.027778
0 0.661719 0.298611 0.015625 0.027778
0 0.479688 0.084722 0.015625 0.025000
0 0.354297 0.075694 0.013281 0.034722
0 0.346875 0.215972 0.009375 0.031944
0 0.873438 0.161806 0.014062 0.029167
0 0.598437 0.522222 0.010937 0.030556
0 0.629297 0.879861 0.008594 0.031944
0 0.214844 0.739583 0.009375 0.034722
0 0.204297 0.758333 0.010156 0.033333
0 0.253516 0.904861 0.010156 0.034722
0 0.020703 0.561806 0.010156 0.031944
0 0.030859 0.538889 0.008594 0.027778
0 0.223047 0.410417 0.017969 0.020833
0 0.751172 0.613194 0.010156 0.031944
0 0.762109 0.579861 0.017969 0.020833
0 0.917188 0.664583 0.012500 0.029167
0 0.763672 0.279167 0.010156 0.030556
0 0.824219 0.184028 0.012500 0.031944
0 0.716016 0.164583 0.014844 0.026389
0 0.129297 0.829861 0.014844 0.029167
0 0.123828 0.772222 0.010156 0.030556
0 0.363672 0.504861 0.013281 0.029167
0 0.276563 0.530556 0.012500 0.027778
0 0.259375 0.354861 0.012500 0.031944
0 0.018750 0.635417 0.012500 0.029167
0 0.922266 0.734028 0.010156 0.023611
0 0.179297 0.553472 0.013281 0.031944
0 0.086328 0.909028 0.016406 0.026389
0 0.264062 0.745833 0.012500 0.027778
0 0.045313 0.505556 0.017188 0.019444
0 0.427344 0.646528 0.014062 0.026389
0 0.219141 0.191667 0.010156 0.033333
0 0.105078 0.900694 0.011719 0.031944
0 0.675781 0.706250 0.010937 0.031944
0 0.444531 0.051389 0.012500 0.036111
0 0.412109 0.061806 0.016406 0.020833
0 0.400391 0.084028 0.019531 0.023611
0 0.365234 0.111806 0.019531 0.020833
0 0.276563 0.048611 0.012500 0.022222
0 0.598828 0.153472 0.011719 0.020833
0 0.594141 0.168056 0.011719 0.019444
0 0.583984 0.163889 0.010156 0.027778
0 0.586328 0.181250 0.007031 0.031944
0 0.387891 0.448611 0.013281 0.027778
0 0.821484 0.451389 0.013281 0.025000
0 0.114063 0.011806 0.017188 0.020833
0 0.763281 0.129861 0.009375 0.031944
0 0.007031 0.387500 0.014062 0.016667
0 0.004297 0.402083 0.008594 0.018056
