0 0.318400 0.419600 0.014500 0.020700
0 0.729400 0.379800 0.014900 0.021900
0 0.721200 0.142100 0.017200 0.019600
0 0.180600 0.284800 0.014500 0.018800
0 0.668800 0.757000 0.015400 0.023900
0 0.767700 0.556400 0.015000 0.019200
0 0.868100 0.831800 0.015900 0.018200
0 0.944500 0.603400 0.015400 0.020700
0 0.166800 0.330600 0.016800 0.019100
0 0.880500 0.807700 0.016100 0.019500
0 0.068700 0.869500 0.016000 0.018900
0 0.767500 0.093700 0.014800 0.019000
0 0.447200 0.769100 0.014000 0.022000
0 0.220200 0.148100 0.017400 0.018100
0 0.629200 0.796400 0.014100 0.021800
0 0.172400 0.484100 0.014800 0.018800
0 0.017700 0.404600 0.014900 0.018800
0 0.145000 0.320000 0.015400 0.019000
0 0.029900 0.481800 0.013900 0.019500
0 0.393300 0.417600 0.014700 0.021200
0 0.878400 0.559000 0.015700 0.020600
0 0.829600 0.046500 0.014000 0.023100
0 0.290100 0.479900 0.015800 0.018600
0 0.302400 0.644700 0.017500 0.021200
0 0.496100 0.879100 0.014400 0.018100
0 0.091500 0.590200 0.015800 0.019000
0 0.481400 0.779400 0.015400 0.020000
0 0.510500 0.678800 0.014000 0.019600
0 0.928600 0.722600 0.018500 0.019100
0 0.530400 0.369700 0.015200 0.017300
0 0.860200 0.445000 0.015400 0.020600
0 0.931400 0.234200 0.014300 0.017900
0 0.627600 0.455500 0.014100 0.020700
0 0.885700 0.210400 0.013100 0.019100
0 0.472900 0.491500 0.013000 0.022300
0 0.816700 0.705800 0.019700 0.017600
0 0.145100 0.497100 0.013900 0.019500
0 0.403900 0.307400 0.016700 0.020300
0 0.665200 0.380600 0.014500 0.020900
0 0.901900 0.131400 0.014800 0.020500
0 0.284900 0.753500 0.016500 0.018900
0 0.507500 0.434000 0.014500 0.021100
0 0.878600 0.322100 0.016600 0.018600
0 0.498300 0.567300 0.017400 0.018600
0 0.435000 0.295000 0.015800 0.019500
0 0.779700 0.828400 0.016100 0.018300
0 0.435300 0.043300 0.014500 0.022100
0 0.459500 0.206600 0.015600 0.021100
0 0.689200 0.708200 0.015900 0.021300
0 0.697300 0.168400 0.013000 0.025100
0 0.840300 0.608400 0.017600 0.021100
0 0.759600 0.197800 0.016500 0.019700
0 0.542900 0.631900 0.012500 0.021200
0 0.259900 0.932300 0.013400 0.023600
0 0.610100 0.480200 0.011000 0.022500
0 0.478500 0.416700 0.014000 0.022800
0 0.448300 0.229600 0.015400 0.021900
0 0.443800 0.514300 0.014400 0.019400
0 0.760800 0.778700 0.015800 0.019500
0 0.346800 0.760400 0.017000 0.017100
0 0.116400 0.096700 0.013700 0.019600
0 0.164800 0.542200 0.015500 0.018700
0 0.446000 0.315500 0.014200 0.021300
0 0.638800 0.481900 0.010900 0.026200
0 0.354600 0.317100 0.013000 0.027100
0 0.318000 0.219800 0.013500 0.023600
0 0.544100 0.455900 0.012800 0.023000
0 0.591300 0.877400 0.014800 0.020900
0 0.469300 0.864700 0.013700 0.019700
0 0.692500 0.422300 0.013900 0.023800
0 0.097900 0.608600 0.016100 0.019300
0 0.069300 0.940500 0.013600 0.022100
0 0.033600 0.931600 0.012700 0.021100
0 0.328200 0.272000 0.013700 0.021800
0 0.457300 0.796800 0.014600 0.024600
0 0.646200 0.443800 0.014400 0.019000
0 0.179200 0.659800 0.015000 0.018500
0 0.142800 0.553000 0.014100 0.018300
0 0.526300 0.805900 0.015200 0.020600
0 0.795600 0.506000 0.013500 0.024400
0 0.228700 0.967900 0.012800 0.020300
0 0.684900 0.770700 0.016200 0.019300
0 0.281700 0.428300 0.014900 0.024700
0 0.055700 0.878600 0.013400 0.020300
0 0.581500 0.107700 0.014900 0.020300
0 0.466500 0.108700 0.012500 0.023700
0 0.535500 0.709600 0.013600 0.022600
0 0.148600 0.145300 0.015100 0.019800
0 0.442800 0.402600 0.011600 0.026200
0 0.568400 0.542400 0.012400 0.025000
0 0.376800 0.127800 0.013100 0.024400
0 0.659200 0.821000 0.012800 0.028900
0 0.202000 0.967700 0.015600 0.020200
0 0.020700 0.597500 0.015200 0.021600
0 0.040900 0.018900 0.014200 0.023200
0 0.667700 0.057000 0.016000 0.021400
0 0.970400 0.542600 0.012100 0.028600
0 0.264300 0.164900 0.014000 0.026300
0 0.173000 0.670600 0.013800 0.022100
0 0.826900 0.790700 0.016600 0.020900
0 0.561100 0.789500 0.015600 0.020700
0 0.892700 0.628000 0.013300 0.027200
0 0.454200 0.445200 0.014800 0.019700
0 0.680600 0.230000 0.011400 0.028600
0 0.648700 0.429100 0.015300 0.018200
0 0.473900 0.381900 0.014900 0.021500
0 0.551400 0.903300 0.014000 0.020400
0 0.436400 0.380200 0.013200 0.025800
0 0.248400 0.883100 0.012600 0.026100
0 0.110600 0.804300 0.016600 0.017600
0 0.260200 0.596200 0.012300 0.024900
0 0.208500 0.244100 0.010700 0.031100
0 0.865000 0.702600 0.017200 0.018000
0 0.370000 0.633000 0.010700 0.032900
0 0.859000 0.166800 0.011700 0.031600
0 0.942800 0.885700 0.016200 0.024400
0 0.716200 0.751900 0.014300 0.021500
0 0.221800 0.935200 0.012100 0.023100
0 0.758100 0.318100 0.012100 0.031500
0 0.508800 0.470000 0.010600 0.031000
0 0.459800 0.633800 0.014800 0.022100
0 0.220400 0.673800 0.013800 0.019900
0 0.847000 0.798300 0.018300 0.017800
0 0.398600 0.694800 0.014800 0.021400
0 0.690000 0.141600 0.011400 0.030300
0 0.930200 0.609100 0.014000 0.021400
0 0.348200 0.857500 0.015900 0.024000
0 0.731000 0.213800 0.014700 0.021200
0 0.235800 0.340200 0.011600 0.029100
0 0.918900 0.139500 0.013000 0.024900
0 0.517300 0.401600 0.013800 0.020900
0 0.849000 0.116200 0.010500 0.031900
0 0.561300 0.432000 0.015000 0.018700
0 0.496100 0.651600 0.015000 0.020400
0 0.894500 0.111100 0.013200 0.021400
0 0.070800 0.598200 0.015600 0.018600
0 0.913700 0.477900 0.012400 0.026100
0 0.769900 0.576900 0.014700 0.022500
0 0.626500 0.182400 0.011700 0.033100
0 0.609000 0.615400 0.011300 0.027900
0 0.691600 0.807800 0.015900 0.021200
0 0.171800 0.611000 0.013100 0.019200
0 0.014600 0.197100 0.012800 0.025400
0 0.861500 0.190500 0.014300 0.023300
0 0.260900 0.606500 0.014400 0.021100
0 0.884600 0.333800 0.017700 0.019500
0 0.656400 0.914200 0.016700 0.022900
0 0.549100 0.294000 0.017300 0.017400
0 0.581800 0.714200 0.013700 0.025000
0 0.783100 0.148400 0.012600 0.025700
0 0.156600 0.523000 0.014400 0.019700
0 0.217200 0.028500 0.013900 0.021800
0 0.776800 0.716900 0.015200 0.019700
0 0.473800 0.522400 0.013500 0.023200
0 0.018800 0.038800 0.014400 0.019400
0 0.418400 0.306500 0.016200 0.020500
0 0.268900 0.735800 0.013800 0.023200
0 0.675900 0.194800 0.013000 0.024700
0 0.769500 0.729000 0.010800 0.027200
0 0.448800 0.197800 0.016800 0.020700
0 0.608100 0.386300 0.019300 0.018300
0 0.607700 0.976900 0.016400 0.024600
0 0.076700 0.577100 0.017800 0.019000
0 0.297500 0.119400 0.010000 0.036100
0 0.515000 0.366700 0.014800 0.018100
0 0.896600 0.226300 0.013500 0.020900
0 0.452400 0.167200 0.013400 0.026300
0 0.913900 0.877900 0.014700 0.025200
0 0.936500 0.052500 0.014200 0.018900
0 0.083500 0.385800 0.014700 0.020500
0 0.736500 0.454300 0.010700 0.032900
0 0.244200 0.871300 0.012600 0.023800
0 0.486100 0.927900 0.015500 0.020000
0 0.142900 0.058800 0.010000 0.034300
0 0.326900 0.552400 0.009700 0.035600
0 0.161100 0.771700 0.014500 0.024300
0 0.180400 0.548700 0.014700 0.019300
0 0.311400 0.498600 0.014900 0.020900
0 0.092578 0.127778 0.013281 0.036111
0 0.253125 0.835417 0.009375 0.031944
0 0.298438 0.975694 0.012500 0.037500
0 0.346875 0.988889 0.010937 0.022222
0 0.860547 0.952778 0.013281 0.038889
0 0.764844 0.654167 0.012500 0.030556
0 0.490625 0.088194 0.012500 0.026389
0 0.564062 0.282639 0.010937 0.023611
0 0.862109 0.886111 0.014844 0.022222
0 0.764844 0.975694 0.012500 0.029167
0 0.597656 0.101389 0.017188 0.019444
0 0.026172 0.412500 0.017969 0.025000
0 0.006641 0.013889 0.013281 0.016667
0 0.136328 0.897222 0.014844 0.027778
0 0.830859 0.173611 0.014844 0.036111
0 0.187109 0.175000 0.016406 0.025000
0 0.121094 0.443056 0.014062 0.025000
0 0.107422 0.448611 0.013281 0.022222
0 0.107031 0.462500 0.015625 0.022222
0 0.024219 0.688194 0.014062 0.031944
0 0.055469 0.738889 0.014062 0.033333
0 0.087500 0.772917 0.015625 0.023611
0 0.075391 0.967361 0.010156 0.031944
0 0.003516 0.973611 0.007031 0.030556
0 0.025781 0.812500 0.015625 0.019444
0 0.017188 0.803472 0.012500 0.018056
0 0.547656 0.937500 0.014062 0.016667
0 0.714844 0.900694 0.015625 0.029167
0 0.989844 0.608333 0.012500 0.019444
0 0.981250 0.624306 0.010937 0.023611
0 0.963672 0.636806 0.010156 0.026389
0 0.973047 0.634722 0.010156 0.025000
0 0.967969 0.627083 0.009375 0.029167
0 0.983203 0.486806 0.013281 0.026389
0 0.964063 0.455556 0.014062 0.025000
0 0.950391 0.458333 0.011719 0.030556
0 0.977734 0.295139 0.011719 0.026389
0 0.989062 0.269444 0.010937 0.027778
0 0.989844 0.234028 0.015625 0.020833
0 0.883203 0.054861 0.013281 0.023611
0 0.658984 0.588889 0.011719 0.022222
0 0.651172 0.592361 0.010156 0.029167
0 0.442969 0.639583 0.010937 0.031944
0 0.426562 0.442361 0.010937 0.031944
