0 0.807200 0.117700 0.015400 0.021000
0 0.693000 0.730600 0.014800 0.024400
0 0.118900 0.793500 0.017400 0.021300
0 0.178800 0.568400 0.016100 0.022500
0 0.770500 0.755000 0.015800 0.022300
0 0.679700 0.929600 0.015000 0.022600
0 0.354000 0.167300 0.015600 0.023400
0 0.703900 0.168900 0.014800 0.025000
0 0.142300 0.345600 0.014700 0.026700
0 0.771200 0.082300 0.017400 0.023300
0 0.905600 0.106600 0.015500 0.022100
0 0.315100 0.619600 0.015200 0.025800
0 0.666200 0.817100 0.014900 0.024300
0 0.430300 0.580400 0.014700 0.024200
0 0.755200 0.292700 0.015500 0.022300
0 0.207500 0.091800 0.015200 0.023400
0 0.328200 0.429400 0.016100 0.022100
0 0.806400 0.329900 0.015900 0.022500
0 0.831800 0.342500 0.016200 0.021400
0 0.744100 0.456400 0.015200 0.025700
0 0.878800 0.779100 0.014100 0.022900
0 0.607800 0.870800 0.015000 0.026600
0 0.182600 0.202900 0.014800 0.023100
0 0.059200 0.080700 0.015600 0.021600
0 0.246900 0.134100 0.014500 0.024700
0 0.906400 0.407400 0.015800 0.023200
0 0.580900 0.895500 0.016400 0.024100
0 0.057400 0.505100 0.016300 0.023100
0 0.709800 0.119900 0.015600 0.024100
0 0.695100 0.610600 0.015600 0.021300
0 0.329500 0.333900 0.016100 0.022100
0 0.905700 0.571000 0.016100 0.021400
0 0.082700 0.282500 0.013800 0.026300
0 0.495700 0.757600 0.015700 0.022400
0 0.518200 0.068200 0.016800 0.021100
0 0.346300 0.056200 0.014600 0.023000
0 0.803300 0.695200 0.015800 0.024400
0 0.708200 0.393100 0.015600 0.025600
0 0.120800 0.044000 0.015100 0.025200
0 0.621700 0.244800 0.014800 0.024300
0 0.095000 0.892800 0.016100 0.024000
0 0.078900 0.368600 0.015900 0.024500
0 0.729000 0.304200 0.015300 0.023900
0 0.146500 0.718400 0.015700 0.025700
0 0.695400 0.754800 0.013800 0.025700
0 0.070700 0.290800 0.014700 0.025900
0 0.184100 0.830000 0.014600 0.023600
0 0.894700 0.359100 0.015400 0.021300
0 0.868600 0.378700 0.014400 0.020600
0 0.468800 0.817400 0.015400 0.023800
0 0.693400 0.071400 0.015600 0.025200
0 0.196800 0.371800 0.016700 0.022000
0 0.516000 0.896100 0.018600 0.022600
0 0.229500 0.120000 0.014300 0.026800
0 0.395500 0.070900 0.015900 0.022700
0 0.302800 0.127900 0.015200 0.022500
0 0.422100 0.179000 0.015700 0.022500
0 0.617600 0.956100 0.019400 0.023600
0 0.847100 0.542600 0.014500 0.024300
0 0.030600 0.142100 0.015500 0.023600
0 0.854800 0.721500 0.015600 0.022200
0 0.506700 0.392700 0.015100 0.021300
0 0.228900 0.321300 0.016700 0.023200
0 0.133700 0.368000 0.015800 0.023500
0 0.066500 0.905700 0.016200 0.024400
0 0.554100 0.519900 0.015200 0.023200
0 0.582200 0.658600 0.015200 0.021900
0 0.069500 0.940800 0.015400 0.021000
0 0.308700 0.654500 0.015700 0.027000
0 0.379200 0.434100 0.016200 0.022000
0 0.558400 0.267000 0.016000 0.020900
0 0.308600 0.155000 0.015200 0.023300
0 0.227400 0.542500 0.016800 0.021700
0 0.281800 0.066400 0.014700 0.023200
0 0.270200 0.595200 0.014800 0.021800
0 0.421100 0.855800 0.015500 0.023400
0 0.921500 0.715400 0.015300 0.023400
0 0.957300 0.258100 0.015600 0.022200
0 0.756400 0.117700 0.015800 0.022600
0 0.592600 0.065600 0.015200 0.022300
0 0.890800 0.554800 0.018100 0.020000
0 0.853000 0.371700 0.015600 0.020800
0 0.896500 0.644100 0.015300 0.023400
0 0.430500 0.628700 0.016400 0.022400
0 0.604200 0.556300 0.015800 0.023200
0 0.790500 0.179900 0.014100 0.025500
0 0.180500 0.130100 0.014600 0.023200
0 0.065200 0.317400 0.015700 0.023600
0 0.359600 0.129100 0.014300 0.024000
0 0.646300 0.829900 0.014300 0.024200
0 0.516700 0.409200 0.015100 0.023400
0 0.453600 0.534300 0.014800 0.023500
0 0.145100 0.664800 0.015600 0.021800
0 0.447000 0.905900 0.015600 0.022900
0 0.907700 0.930200 0.014800 0.022600
0 0.694800 0.895000 0.014800 0.024400
0 0.880300 0.495900 0.015000 0.021100
0 0.193400 0.552400 0.015000 0.022700
0 0.396000 0.322000 0.014800 0.024000
0 0.915600 0.446900 0.015600 0.023200
0 0.570300 0.709400 0.015000 0.022400
0 0.906500 0.206300 0.015900 0.022900
0 0.946700 0.217000 0.014900 0.023000
0 0.298300 0.683800 0.016300 0.025700
0 0.894300 0.903600 0.014500 0.023000
0 0.893100 0.153400 0.014900 0.022400
0 0.031300 0.043600 0.015500 0.023100
0 0.558400 0.483400 0.015600 0.023400
0 0.957600 0.890900 0.015500 0.023400
0 0.717900 0.784200 0.015300 0.024700
0 0.520400 0.178300 0.015100 0.024600
0 0.427300 0.305800 0.017200 0.022600
0 0.057600 0.928500 0.015800 0.023500
0 0.205600 0.221500 0.014700 0.022100
0 0.444700 0.072200 0.014800 0.020300
0 0.477200 0.357900 0.014700 0.022300
0 0.089700 0.328300 0.015100 0.022100
0 0.921800 0.128300 0.015300 0.021800
0 0.427600 0.258000 0.016700 0.025200
0 0.898100 0.171800 0.015300 0.024100
0 0.129100 0.534100 0.015700 0.022500
0 0.594400 0.884200 0.015700 0.023200
0 0.757300 0.742800 0.016100 0.022300
0 0.602700 0.428000 0.017700 0.022500
0 0.681800 0.041100 0.015500 0.024600
0 0.595500 0.366000 0.016000 0.021800
0 0.483500 0.371100 0.014400 0.022800
0 0.502100 0.546600 0.015500 0.022700
0 0.671900 0.759800 0.014500 0.024500
0 0.185600 0.041200 0.016000 0.024200
0 0.583900 0.840100 0.015500 0.023900
0 0.659600 0.317400 0.013800 0.026500
0 0.860300 0.681900 0.015100 0.022900
0 0.683300 0.639400 0.014200 0.022500
0 0.569300 0.771300 0.014700 0.023500
0 0.042300 0.968900 0.014000 0.025300
0 0.331700 0.640200 0.014200 0.026400
0 0.266600 0.071500 0.015100 0.022300
0 0.284400 0.421200 0.015700 0.023200
0 0.202100 0.057900 0.016600 0.023400
0 0.539800 0.807600 0.017300 0.024300
0 0.532300 0.658500 0.015200 0.022500
0 0.952100 0.065000 0.016100 0.022600
0 0.567900 0.257900 0.016300 0.021400
0 0.927100 0.282500 0.016600 0.021800
0 0.268400 0.757800 0.015500 0.025700
0 0.315600 0.454000 0.015700 0.023000
0 0.506400 0.422400 0.016000 0.022300
0 0.504000 0.134500 0.015100 0.024300
0 0.979200 0.181300 0.016600 0.024700
0 0.209100 0.791700 0.013900 0.027700
0 0.519100 0.698100 0.013400 0.024400
0 0.409600 0.522300 0.014900 0.023300
0 0.804600 0.272500 0.017000 0.021000
0 0.844100 0.439500 0.015300 0.021600
0 0.884500 0.967800 0.014800 0.021300
0 0.468600 0.077300 0.014800 0.021400
0 0.864300 0.504400 0.015600 0.022500
0 0.404100 0.569300 0.014800 0.025000
0 0.415000 0.453800 0.015100 0.022600
0 0.431400 0.228200 0.015200 0.025600
0 0.792800 0.677400 0.015300 0.024700
0 0.134900 0.894100 0.016200 0.024600
0 0.109800 0.666500 0.016200 0.023500
0 0.953300 0.471700 0.016900 0.023300
0 0.510400 0.484000 0.014900 0.023100
0 0.872400 0.966600 0.014000 0.022100
0 0.798300 0.904200 0.015600 0.023400
0 0.077300 0.968100 0.014500 0.022200
0 0.355400 0.484300 0.016500 0.024300
0 0.927100 0.940700 0.014500 0.021200
0 0.298000 0.314900 0.016900 0.021600
0 0.645700 0.585200 0.015500 0.021700
0 0.178500 0.107900 0.015400 0.023600
0 0.016900 0.396000 0.017100 0.022500
0 0.560600 0.766700 0.013700 0.024700
0 0.682500 0.445700 0.015300 0.024700
0 0.544900 0.466100 0.014700 0.023000
0 0.281600 0.095800 0.014600 0.025400
0 0.131400 0.068900 0.015100 0.023400
0 0.210300 0.119100 0.014600 0.022600
0 0.034600 0.030500 0.016300 0.021900
0 0.856200 0.558000 0.015200 0.025000
0 0.742600 0.684900 0.015100 0.025600
0 0.622700 0.672300 0.014800 0.022900
0 0.667600 0.577700 0.015700 0.023000
0 0.828100 0.272800 0.015000 0.022800
0 0.235000 0.660400 0.017000 0.021000
0 0.504800 0.790200 0.015000 0.025200
0 0.635700 0.916400 0.014900 0.025200
0 0.720800 0.922600 0.015600 0.023700
0 0.895300 0.847300 0.017400 0.023100
0 0.529000 0.527000 0.015300 0.021600
0 0.669600 0.068500 0.015500 0.022000
0 0.618000 0.340000 0.014500 0.021900
0 0.860000 0.955200 0.015500 0.021300
0 0.823000 0.859600 0.016800 0.021500
0 0.596200 0.147300 0.014500 0.025200
0 0.372800 0.490600 0.016900 0.022800
0 0.005100 0.222300 0.010300 0.020200
0 0.784600 0.339500 0.016000 0.023000
0 0.759800 0.655600 0.016400 0.025100
0 0.743100 0.972200 0.014600 0.023200
0 0.222900 0.222000 0.014500 0.022000
0 0.664400 0.955600 0.015500 0.021700
0 0.085700 0.493100 0.016200 0.022300
0 0.452800 0.803100 0.016000 0.023300
0 0.845300 0.317800 0.016700 0.022400
0 0.440200 0.339800 0.014800 0.021400
0 0.126800 0.557900 0.016300 0.024000
0 0.270200 0.515100 0.016400 0.023100
0 0.389700 0.790700 0.015900 0.025900
0 0.302000 0.608000 0.016700 0.021600
0 0.816400 0.508700 0.014300 0.023900
0 0.703500 0.535500 0.013700 0.025000
0 0.394900 0.084000 0.015400 0.021300
0 0.718300 0.889500 0.014800 0.023000
0 0.677100 0.983500 0.013300 0.023200
0 0.744300 0.577000 0.015300 0.023100
0 0.966000 0.665000 0.015500 0.024900
0 0.765000 0.723300 0.016000 0.023900
0 0.527800 0.671400 0.014500 0.025200
0 0.634600 0.784000 0.014100 0.023500
0 0.714300 0.154100 0.015600 0.023300
0 0.008800 0.407500 0.011700 0.021400
0 0.894500 0.293700 0.015700 0.024900
0 0.039700 0.343000 0.016700 0.022300
0 0.619800 0.835300 0.014700 0.026000
0 0.121000 0.070500 0.014400 0.026100
0 0.697200 0.628000 0.014400 0.022400
0 0.553200 0.534000 0.015700 0.022100
0 0.448100 0.152500 0.015500 0.022000
0 0.848200 0.939500 0.015900 0.022300
0 0.533500 0.485500 0.015000 0.022900
0 0.431800 0.489600 0.014000 0.023200
0 0.469100 0.277400 0.016900 0.021900
0 0.853600 0.065400 0.014700 0.019900
0 0.979700 0.657300 0.015800 0.026200
0 0.166600 0.610800 0.016300 0.021400
0 0.492700 0.707800 0.014100 0.024300
0 0.448600 0.408700 0.014400 0.019400
0 0.155900 0.651700 0.015500 0.022000
0 0.260500 0.310000 0.018100 0.021900
0 0.182100 0.498500 0.017600 0.020500
0 0.057500 0.252900 0.015400 0.027300
0 0.010900 0.580400 0.014700 0.028900
0 0.944300 0.981400 0.013800 0.021000
0 0.043600 0.929900 0.016600 0.027200
0 0.898400 0.239900 0.015400 0.023300
0 0.810700 0.460000 0.014500 0.022500
0 0.841800 0.058800 0.015800 0.021200
0 0.385800 0.157900 0.016500 0.022400
0 0.372500 0.114200 0.016400 0.020900
0 0.279100 0.407000 0.016000 0.021800
0 0.911000 0.522100 0.016000 0.020700
0 0.898000 0.944600 0.015600 0.021400
0 0.082700 0.139600 0.015900 0.022000
0 0.235300 0.454300 0.015700 0.025700
0 0.398600 0.172700 0.016200 0.022300
0 0.590900 0.166500 0.014400 0.023900
0 0.977800 0.870600 0.014700 0.027400
0 0.090000 0.022200 0.016900 0.023100
0 0.567400 0.626900 0.016600 0.022700
0 0.696600 0.915000 0.015500 0.024800
0 0.409300 0.773400 0.015900 0.022000
0 0.855300 0.022400 0.016600 0.023600
0 0.608600 0.160300 0.014400 0.024600
0 0.166800 0.410700 0.016800 0.023000
0 0.663800 0.695100 0.015700 0.023400
0 0.115500 0.890500 0.017100 0.023300
0 0.767100 0.103600 0.017200 0.023900
0 0.968500 0.097400 0.014700 0.023400
0 0.853900 0.664800 0.015700 0.021500
0 0.896700 0.982800 0.014300 0.020900
0 0.840000 0.972300 0.015000 0.020100
0 0.979100 0.134900 0.015200 0.023300
0 0.819900 0.742200 0.014400 0.024100
0 0.469400 0.957400 0.016800 0.021200
0 0.622100 0.576700 0.015500 0.022400
0 0.603000 0.977800 0.015900 0.021300
0 0.964700 0.057400 0.017600 0.022000
0 0.978000 0.071700 0.016600 0.025200
0 0.452000 0.777200 0.015100 0.023100
0 0.344800 0.622200 0.015700 0.024700
0 0.942500 0.281200 0.015100 0.022300
0 0.385900 0.097900 0.016000 0.022300
0 0.798400 0.314000 0.015900 0.022800
0 0.776600 0.356800 0.016300 0.025200
0 0.277600 0.948200 0.016200 0.022700
0 0.916500 0.947500 0.015300 0.020400
0 0.695400 0.471600 0.017200 0.023700
0 0.928500 0.965600 0.016300 0.020000
0 0.347800 0.672700 0.016500 0.023000
0 0.229700 0.444600 0.017000 0.024600
0 0.068400 0.152100 0.015700 0.022300
0 0.614300 0.443100 0.017600 0.023200
0 0.714000 0.480400 0.017600 0.023900
0 0.472800 0.405900 0.015100 0.021400
0 0.893600 0.076700 0.015500 0.021100
0 0.204600 0.179600 0.014700 0.020800
0 0.363800 0.954700 0.015100 0.022900
0 0.192500 0.172800 0.014100 0.022100
0 0.869000 0.327100 0.016100 0.022400
0 0.511000 0.220900 0.015100 0.023600
0 0.871500 0.523000 0.015200 0.023100
0 0.941100 0.140300 0.018100 0.020000
0 0.782400 0.372200 0.016100 0.025100
0 0.291600 0.123200 0.014100 0.022600
0 0.285600 0.466100 0.017500 0.020800
0 0.473300 0.373100 0.014300 0.022800
0 0.065900 0.145700 0.015800 0.023700
0 0.273000 0.981800 0.014500 0.022300
0 0.290100 0.864200 0.017100 0.023800
0 0.051900 0.023200 0.016900 0.022900
0 0.592800 0.541300 0.015800 0.025500
0 0.655000 0.114300 0.015400 0.022100
0 0.917800 0.648000 0.014600 0.024500
0 0.660100 0.755600 0.013600 0.024300
0 0.983600 0.845900 0.013500 0.031200
0 0.933300 0.122600 0.015800 0.020300
0 0.867600 0.073600 0.014800 0.020300
0 0.498900 0.966800 0.015300 0.024500
0 0.740500 0.807900 0.016400 0.022100
0 0.338700 0.343400 0.016400 0.021700
0 0.152800 0.501600 0.016600 0.022600
0 0.651600 0.816700 0.014300 0.023800
0 0.876300 0.107300 0.015800 0.023100
0 0.641300 0.109300 0.016000 0.020000
0 0.820000 0.754900 0.015000 0.024300
0 0.013500 0.642400 0.016700 0.025900
0 0.457600 0.061200 0.014800 0.020100
0 0.931000 0.753000 0.014500 0.025500
0 0.294500 0.652100 0.015800 0.025900
0 0.663500 0.292800 0.014700 0.028400
0 0.805200 0.510800 0.013800 0.024500
0 0.152400 0.976800 0.014700 0.022600
0 0.253400 0.231700 0.016900 0.024200
0 0.245200 0.473600 0.015000 0.023600
0 0.868500 0.839100 0.015700 0.021700
0 0.745400 0.423700 0.014400 0.022700
0 0.671600 0.096800 0.015700 0.026200
0 0.775900 0.590600 0.014600 0.024000
0 0.491500 0.410400 0.016000 0.024400
0 0.142700 0.698400 0.017400 0.023300
0 0.638800 0.139900 0.015200 0.019600
0 0.251300 0.403100 0.017200 0.024100
0 0.909400 0.873700 0.016100 0.024500
0 0.360400 0.055800 0.015900 0.022000
0 0.857100 0.732800 0.015100 0.023800
0 0.234800 0.415600 0.016900 0.023000
0 0.210600 0.926500 0.016400 0.020800
0 0.844400 0.073500 0.015600 0.019200
0 0.136000 0.820200 0.015400 0.026200
0 0.885900 0.259600 0.015400 0.024200
0 0.601400 0.109600 0.015500 0.023600
0 0.696200 0.114100 0.014400 0.023800
0 0.143900 0.523900 0.015400 0.021800
0 0.610300 0.747500 0.014000 0.022900
0 0.940400 0.664200 0.015500 0.023800
0 0.969300 0.961100 0.014500 0.018200
0 0.210800 0.758800 0.014700 0.026200
0 0.313900 0.093600 0.015600 0.021900
0 0.440500 0.778500 0.014600 0.024500
0 0.406600 0.689400 0.016400 0.025300
0 0.705100 0.085200 0.015600 0.024600
0 0.584200 0.154600 0.014200 0.024600
0 0.438800 0.130200 0.015900 0.021000
0 0.660500 0.741800 0.013600 0.026400
0 0.772200 0.666400 0.014000 0.026100
0 0.680200 0.476800 0.017200 0.023900
0 0.794700 0.564100 0.015100 0.024900
0 0.393400 0.564700 0.014400 0.023800
0 0.931000 0.860700 0.015100 0.024400
0 0.698500 0.410900 0.016200 0.025200
0 0.172100 0.560600 0.014200 0.021600
0 0.096800 0.964800 0.013700 0.022800
0 0.351300 0.039900 0.016200 0.022100
0 0.875900 0.577800 0.016000 0.022500
0 0.123600 0.926600 0.015600 0.023700
0 0.626100 0.896400 0.015600 0.027000
0 0.063600 0.868100 0.016100 0.024100
0 0.242400 0.948600 0.014600 0.021400
0 0.475391 0.575000 0.014844 0.030556
0 0.219141 0.182639 0.010156 0.034722
0 0.123438 0.017361 0.010937 0.029167
0 0.274609 0.014583 0.016406 0.026389
0 0.312891 0.027778 0.010156 0.030556
0 0.424609 0.011806 0.011719 0.020833
0 0.038281 0.185417 0.012500 0.031944
0 0.033594 0.117361 0.012500 0.018056
0 0.116797 0.121528 0.013281 0.026389
0 0.145313 0.217361 0.012500 0.031944
0 0.103906 0.273611 0.010937 0.030556
0 0.180469 0.354861 0.009375 0.029167
0 0.020312 0.527083 0.009375 0.023611
0 0.024219 0.543750 0.014062 0.031944
0 0.033203 0.525000 0.011719 0.030556
0 0.639063 0.034722 0.014062 0.025000
0 0.720703 0.013889 0.016406 0.027778
0 0.788281 0.038889 0.014062 0.025000
0 0.676562 0.261806 0.012500 0.020833
0 0.672266 0.245833 0.011719 0.027778
0 0.442187 0.281250 0.012500 0.026389
0 0.455859 0.188194 0.011719 0.034722
0 0.157031 0.357639 0.010937 0.026389
0 0.263281 0.887500 0.012500 0.025000
0 0.714844 0.655556 0.012500 0.030556
0 0.603125 0.486806 0.017188 0.020833
0 0.596875 0.502778 0.009375 0.036111
0 0.567578 0.438194 0.016406 0.023611
0 0.541016 0.317361 0.019531 0.020833
0 0.537500 0.331250 0.015625 0.023611
0 0.538281 0.240278 0.009375 0.030556
0 0.955078 0.340278 0.010156 0.038889
0 0.994141 0.240278 0.011719 0.019444
0 0.864453 0.898611 0.013281 0.022222
0 0.746875 0.723611 0.012500 0.027778
0 0.519141 0.570833 0.011719 0.033333
0 0.485547 0.463889 0.013281 0.036111
0 0.646875 0.199306 0.010937 0.031944
0 0.722266 0.200694 0.010156 0.034722
0 0.196875 0.837500 0.015625 0.030556
0 0.355859 0.380556 0.011719 0.030556
0 0.406250 0.372222 0.012500 0.030556
0 0.340625 0.192361 0.010937 0.031944
0 0.250781 0.340278 0.010937 0.030556
0 0.164063 0.356944 0.009375 0.027778
0 0.992188 0.474306 0.010937 0.020833
0 0.989453 0.628472 0.010156 0.031944
0 0.950781 0.138194 0.012500 0.034722
0 0.822266 0.193750 0.010156 0.031944
0 0.794922 0.130556 0.010156 0.033333
0 0.686328 0.568056 0.010156 0.033333
0 0.531250 0.709028 0.009375 0.034722
0 0.519141 0.323611 0.011719 0.030556
0 0.928516 0.310417 0.011719 0.031944
0 0.081641 0.748611 0.014844 0.022222
0 0.088281 0.737500 0.017188 0.019444
0 0.789063 0.702083 0.017188 0.029167
0 0.877734 0.426389 0.013281 0.027778
0 0.869922 0.262500 0.010156 0.030556
0 0.573828 0.501389 0.010156 0.027778
0 0.297656 0.384028 0.012500 0.026389
0 0.846094 0.234028 0.010937 0.031944
0 0.853906 0.777083 0.010937 0.023611
0 0.935547 0.616667 0.011719 0.025000
0 0.953906 0.542361 0.012500 0.029167
0 0.521094 0.650694 0.012500 0.023611
0 0.065625 0.391667 0.012500 0.030556
0 0.716406 0.347917 0.010937 0.031944
0 0.376172 0.667361 0.013281 0.031944
0 0.033203 0.611111 0.013281 0.030556
0 0.746094 0.625694 0.010937 0.031944
0 0.366797 0.601389 0.008594 0.027778
0 0.798437 0.532639 0.014062 0.026389
0 0.481250 0.311111 0.012500 0.030556
0 0.099219 0.629167 0.010937 0.025000
0 0.107031 0.634722 0.010937 0.033333
