0 0.444400 0.317100 0.015500 0.017500
0 0.317200 0.418600 0.016100 0.021600
0 0.881400 0.808300 0.016900 0.018700
0 0.265000 0.606600 0.014300 0.021900
0 0.647500 0.430200 0.017000 0.021300
0 0.691900 0.806500 0.017200 0.020300
0 0.943000 0.603900 0.014800 0.022300
0 0.495400 0.880700 0.015400 0.017400
0 0.429500 0.357500 0.013800 0.017700
0 0.396100 0.395200 0.015800 0.017700
0 0.783600 0.644900 0.015200 0.020200
0 0.872300 0.830800 0.017400 0.018600
0 0.692300 0.715900 0.016100 0.021000
0 0.406000 0.458000 0.015300 0.018300
0 0.220700 0.668700 0.015900 0.018700
0 0.771500 0.718400 0.014100 0.020400
0 0.510400 0.395000 0.015800 0.021400
0 0.668300 0.757500 0.014700 0.027400
0 0.665500 0.471800 0.014700 0.020400
0 0.789500 0.795300 0.013700 0.020300
0 0.721600 0.955900 0.014600 0.018500
0 0.284900 0.755100 0.015800 0.018000
0 0.857000 0.546000 0.016400 0.022800
0 0.510600 0.680600 0.014500 0.020100
0 0.416200 0.789700 0.017100 0.019800
0 0.542500 0.633300 0.013100 0.019500
0 0.544900 0.866400 0.014400 0.021700
0 0.508900 0.468200 0.011000 0.024100
0 0.851700 0.609000 0.017700 0.019900
0 0.903200 0.134200 0.014500 0.021300
0 0.303700 0.760100 0.015700 0.019000
0 0.219100 0.555600 0.013000 0.021300
0 0.065900 0.870300 0.017700 0.019200
0 0.817400 0.594000 0.015800 0.019000
0 0.622700 0.681100 0.013500 0.021700
0 0.640100 0.620700 0.017000 0.022200
0 0.469900 0.372700 0.014300 0.018900
0 0.743900 0.930600 0.014300 0.020200
0 0.782200 0.827900 0.015700 0.018500
0 0.568300 0.542600 0.012500 0.025200
0 0.171100 0.768900 0.017600 0.020500
0 0.257700 0.939300 0.015200 0.017900
0 0.769100 0.094200 0.015600 0.024200
0 0.302400 0.645600 0.016600 0.020300
0 0.439500 0.380800 0.013200 0.019400
0 0.691000 0.502000 0.016700 0.019100
0 0.541900 0.947000 0.015200 0.019900
0 0.903000 0.630500 0.014300 0.024700
0 0.246000 0.983500 0.016000 0.018800
0 0.796700 0.507100 0.014000 0.023000
0 0.859400 0.168400 0.013000 0.026500
0 0.907000 0.480300 0.015000 0.025200
0 0.528800 0.805300 0.015100 0.019500
0 0.932700 0.723200 0.017100 0.019600
0 0.832800 0.109100 0.012200 0.026400
0 0.805400 0.716400 0.013500 0.024800
0 0.317500 0.646200 0.015600 0.020200
0 0.797500 0.430100 0.016400 0.021400
0 0.129500 0.556800 0.015100 0.017300
0 0.118400 0.493300 0.013500 0.021400
0 0.761300 0.654800 0.013900 0.021300
0 0.548300 0.294800 0.017900 0.017200
0 0.455600 0.227600 0.015400 0.021600
0 0.581000 0.709000 0.013300 0.026400
0 0.020900 0.682900 0.014600 0.021300
0 0.120200 0.132500 0.014700 0.022000
0 0.694700 0.422400 0.014700 0.024300
0 0.351300 0.967200 0.014000 0.021000
0 0.757100 0.342000 0.014300 0.025400
0 0.404400 0.310100 0.018200 0.019900
0 0.207000 0.242900 0.013500 0.024900
0 0.735100 0.289800 0.016100 0.020800
0 0.477100 0.490000 0.014800 0.021400
0 0.406100 0.159800 0.013900 0.023000
0 0.439700 0.293500 0.014300 0.019000
0 0.692500 0.634300 0.012800 0.027800
0 0.638900 0.482200 0.013100 0.023600
0 0.069300 0.666200 0.014500 0.018100
0 0.345100 0.847200 0.015300 0.018700
0 0.666800 0.784100 0.015400 0.026900
0 0.896200 0.114400 0.014700 0.021600
0 0.646000 0.058800 0.015800 0.021600
0 0.768500 0.560700 0.015000 0.021400
0 0.884100 0.054900 0.016500 0.020800
0 0.448100 0.510000 0.014500 0.019000
0 0.756500 0.816500 0.011700 0.031400
0 0.460500 0.453900 0.010700 0.023700
0 0.970100 0.544200 0.013200 0.029100
0 0.408700 0.602600 0.014200 0.023100
0 0.176700 0.480800 0.015800 0.019100
0 0.846700 0.356600 0.016400 0.024400
0 0.446300 0.195200 0.016100 0.023700
0 0.121600 0.683500 0.014900 0.022300
0 0.144100 0.516500 0.012800 0.019800
0 0.266400 0.923300 0.013200 0.024200
0 0.079800 0.883200 0.017700 0.019700
0 0.180000 0.547400 0.013100 0.020200
0 0.897100 0.226900 0.013900 0.021400
0 0.348700 0.759200 0.016000 0.021100
0 0.523700 0.469900 0.013200 0.017300
0 0.970500 0.130400 0.013700 0.024500
0 0.658600 0.822500 0.014200 0.028600
0 0.902000 0.444800 0.013500 0.019700
0 0.155700 0.490000 0.014100 0.019100
0 0.166100 0.328900 0.016700 0.020600
0 0.267200 0.435800 0.016300 0.020400
0 0.548900 0.459400 0.014000 0.018800
0 0.596900 0.560700 0.012900 0.023000
0 0.132500 0.722300 0.015300 0.021100
0 0.608800 0.483300 0.013900 0.022700
0 0.966600 0.822400 0.013800 0.025600
0 0.768100 0.535900 0.014500 0.022200
0 0.131700 0.457500 0.013200 0.019800
0 0.526500 0.792000 0.015500 0.019000
0 0.817700 0.432300 0.012800 0.031100
0 0.985400 0.734400 0.016300 0.022400
0 0.876800 0.265800 0.014200 0.022000
0 0.913500 0.907800 0.013100 0.026500
0 0.256300 0.831000 0.010400 0.034500
0 0.529200 0.371400 0.014500 0.018900
0 0.180100 0.284900 0.017700 0.022600
0 0.476000 0.416800 0.013500 0.022000
0 0.626900 0.179700 0.012900 0.032500
0 0.765300 0.727400 0.010900 0.025600
0 0.908100 0.434200 0.013600 0.021200
0 0.215400 0.577500 0.012300 0.017600
0 0.474100 0.523300 0.014600 0.021200
0 0.146100 0.472600 0.014200 0.019800
0 0.642400 0.022800 0.016200 0.023900
0 0.780100 0.138800 0.014900 0.020000
0 0.379000 0.152500 0.014900 0.026100
0 0.645200 0.445400 0.016600 0.022500
0 0.877100 0.298200 0.014900 0.021700
0 0.148400 0.145400 0.017300 0.019100
0 0.665800 0.848000 0.012900 0.030400
0 0.640100 0.594400 0.013800 0.021000
0 0.861600 0.191300 0.014400 0.023900
0 0.392500 0.411100 0.016700 0.017400
0 0.716200 0.160400 0.016600 0.021900
0 0.310900 0.390200 0.015600 0.021700
0 0.885000 0.211200 0.014200 0.019400
0 0.876700 0.901100 0.016600 0.018300
0 0.170000 0.139600 0.017000 0.018300
0 0.430500 0.318800 0.012700 0.019000
0 0.023300 0.417600 0.015700 0.021200
0 0.576000 0.778400 0.014300 0.024300
0 0.220700 0.223300 0.014100 0.023300
0 0.170900 0.611100 0.014800 0.018900
0 0.623100 0.020200 0.012700 0.027800
0 0.069900 0.555800 0.017700 0.024900
0 0.302400 0.980500 0.011300 0.029900
0 0.015800 0.405000 0.013200 0.021300
0 0.365900 0.141000 0.013900 0.028300
0 0.762891 0.775000 0.013281 0.019444
0 0.250781 0.878472 0.015625 0.031944
0 0.013672 0.561806 0.013281 0.031944
0 0.213672 0.320139 0.016406 0.029167
0 0.319531 0.336806 0.012500 0.037500
0 0.350000 0.436806 0.020312 0.029167
0 0.561719 0.285417 0.014062 0.026389
0 0.586328 0.275694 0.017969 0.023611
0 0.004688 0.015278 0.009375 0.027778
0 0.017969 0.040972 0.014062 0.023611
0 0.087891 0.391667 0.017969 0.025000
0 0.123438 0.352083 0.012500 0.031944
0 0.235547 0.340972 0.010156 0.034722
0 0.140234 0.052778 0.011719 0.033333
0 0.312109 0.228472 0.016406 0.026389
0 0.226172 0.149306 0.017969 0.023611
0 0.305078 0.027083 0.014844 0.026389
0 0.671875 0.509722 0.014062 0.025000
0 0.919531 0.390972 0.017188 0.023611
0 0.967969 0.336111 0.012500 0.022222
0 0.961328 0.348611 0.013281 0.027778
0 0.938672 0.300694 0.011719 0.026389
0 0.349219 0.863889 0.015625 0.022222
0 0.194922 0.877083 0.013281 0.018056
0 0.191016 0.876389 0.013281 0.025000
0 0.082031 0.777778 0.017188 0.030556
0 0.094531 0.570833 0.015625 0.030556
0 0.091406 0.121528 0.012500 0.034722
0 0.109766 0.090278 0.014844 0.030556
0 0.042188 0.018750 0.014062 0.023611
0 0.136328 0.172222 0.016406 0.027778
0 0.425391 0.068056 0.014844 0.027778
0 0.668359 0.291667 0.017969 0.025000
0 0.988672 0.611111 0.011719 0.030556
0 0.981641 0.631944 0.011719 0.027778
0 0.973047 0.631944 0.011719 0.019444
0 0.967969 0.641667 0.012500 0.019444
0 0.954297 0.643056 0.014844 0.019444
0 0.847656 0.799306 0.015625 0.023611
0 0.763281 0.197917 0.020312 0.020833
0 0.824219 0.182639 0.014062 0.031944
0 0.226562 0.086806 0.017188 0.023611
0 0.264453 0.022222 0.011719 0.027778
0 0.298828 0.118750 0.013281 0.037500
0 0.322266 0.127083 0.016406 0.023611
0 0.312891 0.145833 0.013281 0.022222
0 0.264062 0.163194 0.015625 0.023611
0 0.191797 0.179861 0.016406 0.023611
0 0.057422 0.527083 0.013281 0.029167
0 0.448438 0.644444 0.014062 0.036111
0 0.500391 0.629861 0.019531 0.029167
0 0.471094 0.863889 0.018750 0.022222
0 0.535156 0.888194 0.017188 0.029167
0 0.208984 0.625694 0.014844 0.026389
0 0.302344 0.720139 0.017188 0.026389
0 0.717188 0.904167 0.015625 0.022222
0 0.701172 0.941667 0.016406 0.025000
0 0.657422 0.944444 0.014844 0.025000
0 0.948438 0.945139 0.015625 0.026389
0 0.878906 0.322917 0.014062 0.023611
0 0.885938 0.336111 0.014062 0.025000
0 0.978125 0.298611 0.012500 0.027778
0 0.566797 0.052778 0.016406 0.022222
0 0.605859 0.112500 0.011719 0.027778
0 0.611328 0.104861 0.014844 0.020833
0 0.453125 0.304861 0.012500 0.023611
0 0.526563 0.913194 0.015625 0.020833
0 0.510938 0.372222 0.012500 0.033333
0 0.259375 0.596528 0.010937 0.037500
