0 0.944000 0.127000 0.016000 0.021000
0 0.938000 0.138000 0.016000 0.021000
0 0.925000 0.165000 0.016000 0.021000
0 0.936000 0.154000 0.016000 0.021000
0 0.922000 0.110000 0.016000 0.021000
0 0.919000 0.185000 0.016000 0.021000
0 0.956000 0.198000 0.016000 0.021000
0 0.967000 0.179000 0.016000 0.021000
0 0.880000 0.190000 0.016000 0.021000
0 0.861000 0.098000 0.016000 0.021000
0 0.834000 0.169000 0.016000 0.021000
0 0.850000 0.208000 0.016000 0.021000
0 0.823000 0.175000 0.016000 0.021000
0 0.825000 0.142000 0.016000 0.021000
0 0.795000 0.142000 0.016000 0.021000
0 0.789000 0.119000 0.016000 0.021000
0 0.744000 0.100000 0.016000 0.021000
0 0.753000 0.127000 0.016000 0.021000
0 0.767000 0.142000 0.016000 0.021000
0 0.788000 0.169000 0.016000 0.021000
0 0.900000 0.283000 0.016000 0.021000
0 0.953000 0.312000 0.016000 0.021000
0 0.955000 0.263000 0.016000 0.021000
0 0.944000 0.350000 0.016000 0.021000
0 0.930000 0.354000 0.016000 0.021000
0 0.958000 0.402000 0.016000 0.021000
0 0.945000 0.440000 0.016000 0.021000
0 0.922000 0.440000 0.016000 0.021000
0 0.881000 0.415000 0.016000 0.021000
0 0.869000 0.381000 0.016000 0.021000
0 0.850000 0.344000 0.016000 0.021000
0 0.855000 0.298000 0.016000 0.021000
0 0.836000 0.279000 0.016000 0.021000
0 0.797000 0.287000 0.016000 0.021000
0 0.792000 0.308000 0.016000 0.021000
0 0.830000 0.317000 0.016000 0.021000
0 0.794000 0.335000 0.016000 0.021000
0 0.784000 0.329000 0.016000 0.021000
0 0.775000 0.346000 0.016000 0.021000
0 0.767000 0.340000 0.016000 0.021000
0 0.763000 0.277000 0.016000 0.021000
0 0.752000 0.263000 0.016000 0.021000
0 0.748000 0.304000 0.016000 0.021000
0 0.755000 0.377000 0.016000 0.021000
0 0.767000 0.400000 0.016000 0.021000
0 0.777000 0.400000 0.016000 0.021000
0 0.798000 0.383000 0.016000 0.021000
0 0.831000 0.440000 0.016000 0.021000
0 0.833000 0.456000 0.016000 0.021000
0 0.808000 0.452000 0.016000 0.021000
0 0.781000 0.446000 0.016000 0.021000
0 0.770000 0.504000 0.016000 0.021000
0 0.763000 0.521000 0.016000 0.021000
0 0.744000 0.504000 0.016000 0.021000
0 0.819000 0.508000 0.016000 0.021000
0 0.812000 0.481000 0.016000 0.021000
0 0.838000 0.508000 0.016000 0.021000
0 0.942000 0.475000 0.016000 0.021000
0 0.955000 0.565000 0.016000 0.021000
0 0.958000 0.544000 0.016000 0.021000
0 0.923000 0.565000 0.016000 0.021000
0 0.931000 0.558000 0.016000 0.021000
0 0.872000 0.537000 0.016000 0.021000
0 0.855000 0.537000 0.016000 0.021000
0 0.842000 0.556000 0.016000 0.021000
0 0.800000 0.562000 0.016000 0.021000
0 0.809000 0.583000 0.016000 0.021000
0 0.853000 0.621000 0.016000 0.021000
0 0.913000 0.602000 0.016000 0.021000
0 0.944000 0.604000 0.016000 0.021000
0 0.950000 0.625000 0.016000 0.021000
0 0.961000 0.610000 0.016000 0.021000
0 0.923000 0.696000 0.016000 0.021000
0 0.891000 0.710000 0.016000 0.021000
0 0.881000 0.704000 0.016000 0.021000
0 0.883000 0.692000 0.016000 0.021000
0 0.820000 0.637000 0.016000 0.021000
0 0.805000 0.646000 0.016000 0.021000
0 0.808000 0.627000 0.016000 0.021000
0 0.792000 0.640000 0.016000 0.021000
0 0.767000 0.623000 0.016000 0.021000
0 0.775000 0.606000 0.016000 0.021000
0 0.833000 0.688000 0.016000 0.021000
0 0.919000 0.725000 0.016000 0.021000
0 0.944000 0.785000 0.016000 0.021000
0 0.931000 0.794000 0.016000 0.021000
0 0.897000 0.840000 0.016000 0.021000
0 0.833000 0.756000 0.016000 0.021000
0 0.803000 0.708000 0.016000 0.021000
0 0.788000 0.690000 0.016000 0.021000
0 0.769000 0.683000 0.016000 0.021000
0 0.738000 0.677000 0.016000 0.021000
0 0.792000 0.727000 0.016000 0.021000
0 0.784000 0.762000 0.016000 0.021000
0 0.842000 0.873000 0.016000 0.021000
0 0.831000 0.860000 0.016000 0.021000
0 0.819000 0.873000 0.016000 0.021000
0 0.788000 0.844000 0.016000 0.021000
0 0.783000 0.850000 0.016000 0.021000
0 0.769000 0.850000 0.016000 0.021000
0 0.769000 0.887000 0.016000 0.021000
0 0.780000 0.885000 0.016000 0.021000
0 0.783000 0.904000 0.016000 0.021000
0 0.791000 0.919000 0.016000 0.021000
0 0.798000 0.935000 0.016000 0.021000
0 0.750000 0.923000 0.016000 0.021000
0 0.766000 0.921000 0.016000 0.021000
0 0.706000 0.940000 0.016000 0.021000
0 0.678000 0.917000 0.016000 0.021000
0 0.678000 0.890000 0.016000 0.021000
0 0.691000 0.890000 0.016000 0.021000
0 0.697000 0.871000 0.016000 0.021000
0 0.705000 0.840000 0.016000 0.021000
0 0.723000 0.842000 0.016000 0.021000
0 0.723000 0.887000 0.016000 0.021000
0 0.711000 0.821000 0.016000 0.021000
0 0.691000 0.798000 0.016000 0.021000
0 0.703000 0.760000 0.016000 0.021000
0 0.723000 0.717000 0.016000 0.021000
0 0.708000 0.692000 0.016000 0.021000
0 0.681000 0.717000 0.016000 0.021000
0 0.619000 0.669000 0.016000 0.021000
0 0.580000 0.727000 0.016000 0.021000
0 0.591000 0.744000 0.016000 0.021000
0 0.606000 0.779000 0.016000 0.021000
0 0.628000 0.777000 0.016000 0.021000
0 0.562000 0.790000 0.016000 0.021000
0 0.533000 0.827000 0.016000 0.021000
0 0.592000 0.862000 0.016000 0.021000
0 0.594000 0.877000 0.016000 0.021000
0 0.594000 0.915000 0.016000 0.021000
0 0.548000 0.917000 0.016000 0.021000
0 0.481000 0.815000 0.016000 0.021000
0 0.495000 0.781000 0.016000 0.021000
0 0.472000 0.790000 0.016000 0.021000
0 0.470000 0.729000 0.016000 0.021000
0 0.484000 0.715000 0.016000 0.021000
0 0.472000 0.702000 0.016000 0.021000
0 0.441000 0.750000 0.016000 0.021000
0 0.431000 0.746000 0.016000 0.021000
0 0.420000 0.796000 0.016000 0.021000
0 0.388000 0.783000 0.016000 0.021000
0 0.389000 0.810000 0.016000 0.021000
0 0.355000 0.848000 0.016000 0.021000
0 0.381000 0.867000 0.016000 0.021000
0 0.372000 0.877000 0.016000 0.021000
0 0.386000 0.900000 0.016000 0.021000
0 0.408000 0.906000 0.016000 0.021000
0 0.339000 0.852000 0.016000 0.021000
0 0.316000 0.869000 0.016000 0.021000
0 0.300000 0.829000 0.016000 0.021000
0 0.336000 0.769000 0.016000 0.021000
0 0.334000 0.744000 0.016000 0.021000
0 0.316000 0.746000 0.016000 0.021000
0 0.316000 0.723000 0.016000 0.021000
0 0.275000 0.708000 0.016000 0.021000
0 0.283000 0.696000 0.016000 0.021000
0 0.253000 0.681000 0.016000 0.021000
0 0.228000 0.710000 0.016000 0.021000
0 0.216000 0.694000 0.016000 0.021000
0 0.231000 0.727000 0.016000 0.021000
0 0.214000 0.833000 0.016000 0.021000
0 0.163000 0.825000 0.016000 0.021000
0 0.113000 0.821000 0.016000 0.021000
0 0.100000 0.808000 0.016000 0.021000
0 0.106000 0.842000 0.016000 0.021000
0 0.095000 0.856000 0.016000 0.021000
0 0.080000 0.842000 0.016000 0.021000
0 0.073000 0.856000 0.016000 0.021000
0 0.048000 0.862000 0.016000 0.021000
0 0.069000 0.910000 0.016000 0.021000
0 0.044000 0.798000 0.016000 0.021000
0 0.025000 0.767000 0.016000 0.021000
0 0.030000 0.746000 0.016000 0.021000
0 0.078000 0.779000 0.016000 0.021000
0 0.102000 0.750000 0.016000 0.021000
0 0.173000 0.765000 0.016000 0.021000
0 0.097000 0.719000 0.016000 0.021000
0 0.062000 0.733000 0.016000 0.021000
0 0.069000 0.692000 0.016000 0.021000
0 0.025000 0.656000 0.016000 0.021000
0 0.088000 0.683000 0.016000 0.021000
0 0.097000 0.646000 0.016000 0.021000
0 0.227000 0.588000 0.016000 0.021000
0 0.273000 0.565000 0.016000 0.021000
0 0.188000 0.504000 0.016000 0.021000
0 0.170000 0.517000 0.016000 0.021000
0 0.153000 0.552000 0.016000 0.021000
0 0.141000 0.535000 0.016000 0.021000
0 0.142000 0.521000 0.016000 0.021000
0 0.123000 0.535000 0.016000 0.021000
0 0.083000 0.529000 0.016000 0.021000
0 0.072000 0.425000 0.016000 0.021000
0 0.083000 0.475000 0.016000 0.021000
0 0.098000 0.452000 0.016000 0.021000
0 0.106000 0.429000 0.016000 0.021000
0 0.128000 0.444000 0.016000 0.021000
0 0.120000 0.425000 0.016000 0.021000
0 0.142000 0.460000 0.016000 0.021000
0 0.141000 0.483000 0.016000 0.021000
0 0.156000 0.450000 0.016000 0.021000
0 0.138000 0.408000 0.016000 0.021000
0 0.192000 0.419000 0.016000 0.021000
0 0.203000 0.400000 0.016000 0.021000
0 0.203000 0.433000 0.016000 0.021000
0 0.247000 0.452000 0.016000 0.021000
0 0.272000 0.431000 0.016000 0.021000
0 0.281000 0.490000 0.016000 0.021000
0 0.302000 0.500000 0.016000 0.021000
0 0.283000 0.373000 0.016000 0.021000
0 0.283000 0.344000 0.016000 0.021000
0 0.247000 0.344000 0.016000 0.021000
0 0.248000 0.306000 0.016000 0.021000
0 0.227000 0.244000 0.016000 0.021000
0 0.211000 0.242000 0.016000 0.021000
0 0.139000 0.308000 0.016000 0.021000
0 0.123000 0.354000 0.016000 0.021000
0 0.139000 0.290000 0.016000 0.021000
0 0.125000 0.275000 0.016000 0.021000
0 0.120000 0.254000 0.016000 0.021000
0 0.083000 0.367000 0.016000 0.021000
0 0.044000 0.335000 0.016000 0.021000
0 0.050000 0.294000 0.016000 0.021000
0 0.055000 0.140000 0.016000 0.021000
0 0.072000 0.158000 0.016000 0.021000
0 0.061000 0.117000 0.016000 0.021000
0 0.061000 0.060000 0.016000 0.021000
0 0.091000 0.056000 0.016000 0.021000
0 0.114000 0.119000 0.016000 0.021000
0 0.114000 0.140000 0.016000 0.021000
0 0.136000 0.115000 0.016000 0.021000
0 0.152000 0.094000 0.016000 0.021000
0 0.147000 0.046000 0.016000 0.021000
0 0.180000 0.108000 0.016000 0.021000
0 0.194000 0.142000 0.016000 0.021000
0 0.189000 0.123000 0.016000 0.021000
0 0.203000 0.119000 0.016000 0.021000
0 0.195000 0.100000 0.016000 0.021000
0 0.208000 0.071000 0.016000 0.021000
0 0.208000 0.048000 0.016000 0.021000
0 0.192000 0.048000 0.016000 0.021000
0 0.245000 0.140000 0.016000 0.021000
0 0.219000 0.167000 0.016000 0.021000
0 0.228000 0.210000 0.016000 0.021000
0 0.280000 0.171000 0.016000 0.021000
0 0.303000 0.173000 0.016000 0.021000
0 0.303000 0.206000 0.016000 0.021000
0 0.325000 0.190000 0.016000 0.021000
0 0.328000 0.223000 0.016000 0.021000
0 0.345000 0.225000 0.016000 0.021000
0 0.347000 0.215000 0.016000 0.021000
0 0.342000 0.150000 0.016000 0.021000
0 0.306000 0.113000 0.016000 0.021000
0 0.298000 0.087000 0.016000 0.021000
0 0.323000 0.056000 0.016000 0.021000
0 0.369000 0.150000 0.016000 0.021000
0 0.375000 0.167000 0.016000 0.021000
0 0.366000 0.271000 0.016000 0.021000
0 0.342000 0.306000 0.016000 0.021000
0 0.284000 0.294000 0.016000 0.021000
0 0.422000 0.175000 0.016000 0.021000
0 0.441000 0.117000 0.016000 0.021000
0 0.456000 0.092000 0.016000 0.021000
0 0.448000 0.075000 0.016000 0.021000
0 0.433000 0.075000 0.016000 0.021000
0 0.422000 0.069000 0.016000 0.021000
0 0.373000 0.040000 0.016000 0.021000
0 0.484000 0.100000 0.016000 0.021000
0 0.513000 0.058000 0.016000 0.021000
0 0.514000 0.123000 0.016000 0.021000
0 0.527000 0.104000 0.016000 0.021000
0 0.466000 0.152000 0.016000 0.021000
0 0.541000 0.142000 0.016000 0.021000
0 0.497000 0.160000 0.016000 0.021000
0 0.558000 0.115000 0.016000 0.021000
0 0.591000 0.081000 0.016000 0.021000
0 0.613000 0.079000 0.016000 0.021000
0 0.641000 0.042000 0.016000 0.021000
0 0.664000 0.054000 0.016000 0.021000
0 0.681000 0.081000 0.016000 0.021000
0 0.698000 0.079000 0.016000 0.021000
0 0.698000 0.046000 0.016000 0.021000
0 0.775000 0.042000 0.016000 0.021000
0 0.720000 0.104000 0.016000 0.021000
0 0.733000 0.110000 0.016000 0.021000
0 0.705000 0.119000 0.016000 0.021000
0 0.659000 0.102000 0.016000 0.021000
0 0.627000 0.100000 0.016000 0.021000
0 0.670000 0.158000 0.016000 0.021000
0 0.695000 0.150000 0.016000 0.021000
0 0.688000 0.185000 0.016000 0.021000
0 0.634000 0.167000 0.016000 0.021000
0 0.606000 0.140000 0.016000 0.021000
0 0.581000 0.142000 0.016000 0.021000
0 0.600000 0.165000 0.016000 0.021000
0 0.675000 0.231000 0.016000 0.021000
0 0.666000 0.242000 0.016000 0.021000
0 0.678000 0.256000 0.016000 0.021000
0 0.691000 0.260000 0.016000 0.021000
0 0.589000 0.235000 0.016000 0.021000
0 0.552000 0.219000 0.016000 0.021000
0 0.553000 0.202000 0.016000 0.021000
0 0.528000 0.221000 0.016000 0.021000
0 0.495000 0.194000 0.016000 0.021000
0 0.466000 0.196000 0.016000 0.021000
0 0.527000 0.258000 0.016000 0.021000
0 0.558000 0.254000 0.016000 0.021000
0 0.444000 0.256000 0.016000 0.021000
0 0.422000 0.237000 0.016000 0.021000
0 0.402000 0.250000 0.016000 0.021000
0 0.398000 0.292000 0.016000 0.021000
0 0.428000 0.287000 0.016000 0.021000
0 0.439000 0.323000 0.016000 0.021000
0 0.411000 0.338000 0.016000 0.021000
0 0.394000 0.362000 0.016000 0.021000
0 0.619000 0.362000 0.016000 0.021000
0 0.672000 0.379000 0.016000 0.021000
0 0.717000 0.308000 0.016000 0.021000
0 0.686000 0.423000 0.016000 0.021000
0 0.673000 0.427000 0.016000 0.021000
0 0.681000 0.450000 0.016000 0.021000
0 0.702000 0.521000 0.016000 0.021000
0 0.714000 0.521000 0.016000 0.021000
0 0.731000 0.533000 0.016000 0.021000
0 0.725000 0.554000 0.016000 0.021000
0 0.706000 0.629000 0.016000 0.021000
0 0.708000 0.654000 0.016000 0.021000
0 0.694000 0.642000 0.016000 0.021000
0 0.670000 0.665000 0.016000 0.021000
0 0.655000 0.677000 0.016000 0.021000
0 0.659000 0.635000 0.016000 0.021000
0 0.627000 0.581000 0.016000 0.021000
0 0.591000 0.588000 0.016000 0.021000
0 0.595000 0.633000 0.016000 0.021000
0 0.581000 0.654000 0.016000 0.021000
0 0.567000 0.608000 0.016000 0.021000
0 0.555000 0.594000 0.016000 0.021000
0 0.541000 0.606000 0.016000 0.021000
0 0.533000 0.594000 0.016000 0.021000
0 0.511000 0.679000 0.016000 0.021000
0 0.489000 0.646000 0.016000 0.021000
0 0.467000 0.631000 0.016000 0.021000
0 0.452000 0.637000 0.016000 0.021000
0 0.447000 0.671000 0.016000 0.021000
0 0.330000 0.692000 0.016000 0.021000
0 0.380000 0.604000 0.016000 0.021000
0 0.363000 0.581000 0.016000 0.021000
0 0.466000 0.583000 0.016000 0.021000
0 0.495000 0.588000 0.016000 0.021000
0 0.511000 0.592000 0.016000 0.021000
0 0.505000 0.569000 0.016000 0.021000
0 0.520000 0.550000 0.016000 0.021000
0 0.470000 0.535000 0.016000 0.021000
0 0.447000 0.542000 0.016000 0.021000
0 0.455000 0.531000 0.016000 0.021000
0 0.658000 0.525000 0.016000 0.021000
0 0.620000 0.496000 0.016000 0.021000
0 0.608000 0.500000 0.016000 0.021000
0 0.609000 0.415000 0.016000 0.021000
0 0.589000 0.377000 0.016000 0.021000
0 0.577000 0.394000 0.016000 0.021000
0 0.550000 0.394000 0.016000 0.021000
0 0.544000 0.412000 0.016000 0.021000
0 0.564000 0.429000 0.016000 0.021000
0 0.570000 0.435000 0.016000 0.021000
0 0.453000 0.388000 0.016000 0.021000
0 0.413000 0.375000 0.016000 0.021000
0 0.355000 0.415000 0.016000 0.021000
0 0.317000 0.442000 0.016000 0.021000
0 0.350000 0.442000 0.016000 0.021000
0 0.369000 0.450000 0.016000 0.021000
0 0.392000 0.454000 0.016000 0.021000
0 0.428000 0.467000 0.016000 0.021000
0 0.442000 0.423000 0.016000 0.021000
0 0.431000 0.410000 0.016000 0.021000
0 0.503000 0.404000 0.016000 0.021000
0 0.523000 0.421000 0.016000 0.021000
0 0.506000 0.440000 0.016000 0.021000
0 0.447000 0.479000 0.016000 0.021000
0 0.467000 0.500000 0.016000 0.021000
0 0.520000 0.517000 0.016000 0.021000
0 0.533000 0.512000 0.016000 0.021000
0 0.539000 0.498000 0.016000 0.021000
0 0.913000 0.898000 0.016000 0.021000
0 0.938000 0.887000 0.016000 0.021000
0 0.956000 0.856000 0.016000 0.021000
0 0.503000 0.950000 0.016000 0.021000
0 0.978000 0.819000 0.016000 0.021000
0 0.955000 0.790000 0.016000 0.021000
0 0.963000 0.729000 0.016000 0.021000
0 0.973000 0.954000 0.016000 0.021000
0 0.953000 0.960000 0.016000 0.021000
0 0.942000 0.952000 0.016000 0.021000
0 0.806000 0.973000 0.016000 0.021000
0 0.763000 0.960000 0.016000 0.021000
0 0.738000 0.952000 0.016000 0.021000
0 0.694000 0.954000 0.016000 0.021000
0 0.691000 0.973000 0.016000 0.021000
0 0.652000 0.896000 0.016000 0.021000
0 0.614000 0.971000 0.016000 0.021000
0 0.527000 0.950000 0.016000 0.021000
0 0.452000 0.977000 0.016000 0.021000
0 0.359000 0.956000 0.016000 0.021000
0 0.334000 0.969000 0.016000 0.021000
0 0.222000 0.967000 0.016000 0.021000
0 0.183000 0.971000 0.016000 0.021000
0 0.105000 0.952000 0.016000 0.021000
0 0.078000 0.973000 0.016000 0.021000
0 0.025000 0.969000 0.016000 0.021000
0 0.019000 0.542000 0.016000 0.021000
0 0.020000 0.350000 0.016000 0.021000
0 0.009000 0.352000 0.016000 0.021000
0 0.248000 0.035000 0.016000 0.021000
0 0.325000 0.033000 0.016000 0.021000
0 0.431000 0.025000 0.016000 0.021000
0 0.856000 0.037000 0.016000 0.021000
0 0.872000 0.025000 0.016000 0.021000
0 0.845000 0.031000 0.016000 0.021000
0 0.717000 0.192000 0.016000 0.021000
0 0.983000 0.225000 0.016000 0.021000
0 0.980000 0.208000 0.016000 0.021000
0 0.988000 0.127000 0.016000 0.021000
0 0.941000 0.202000 0.016000 0.021000
0 0.975000 0.312000 0.016000 0.021000
0 0.973000 0.342000 0.016000 0.021000
0 0.961000 0.504000 0.016000 0.021000
0 0.980000 0.583000 0.016000 0.021000
0 0.966000 0.685000 0.016000 0.021000
0 0.980000 0.688000 0.016000 0.021000
0 0.986000 0.723000 0.016000 0.021000
0 0.812000 0.885000 0.016000 0.021000
0 0.534000 0.396000 0.016000 0.021000
0 0.286000 0.250000 0.016000 0.021000
0 0.216000 0.425000 0.016000 0.021000
0 0.873000 0.752000 0.016000 0.021000
0 0.242000 0.017000 0.016000 0.021000
0 0.005078 0.239583 0.010156 0.026389
0 0.007031 0.263194 0.014062 0.026389
0 0.006250 0.719444 0.012500 0.030556
0 0.006641 0.654167 0.013281 0.025000
0 0.004688 0.951389 0.009375 0.033333
0 0.036719 0.238889 0.020312 0.022222
0 0.130469 0.761111 0.012500 0.033333
0 0.137500 0.806944 0.014062 0.036111
0 0.297656 0.765972 0.014062 0.034722
0 0.230469 0.541667 0.010937 0.041667
0 0.206250 0.517361 0.009375 0.034722
0 0.190234 0.268056 0.011719 0.036111
0 0.172266 0.163889 0.011719 0.033333
0 0.751562 0.013194 0.018750 0.023611
0 0.685938 0.009722 0.017188 0.019444
0 0.701953 0.011806 0.008594 0.023611
0 0.586328 0.475000 0.019531 0.022222
0 0.174219 0.665278 0.014062 0.030556
0 0.992969 0.073611 0.012500 0.027778
0 0.993750 0.490278 0.010937 0.033333
0 0.588281 0.988194 0.021875 0.023611
0 0.628125 0.988194 0.018750 0.023611
0 0.268359 0.963889 0.011719 0.036111
0 0.382422 0.685417 0.011719 0.026389
0 0.789844 0.597222 0.009375 0.033333
0 0.571875 0.294444 0.010937 0.030556
0 0.391016 0.485417 0.011719 0.031944
0 0.136719 0.645833 0.012500 0.033333
0 0.530469 0.646528 0.012500 0.034722
0 0.025781 0.429861 0.010937 0.029167
0 0.306641 0.299306 0.013281 0.037500
0 0.735156 0.246528 0.012500 0.031944
0 0.950391 0.983333 0.013281 0.025000
0 0.829297 0.018056 0.010156 0.036111
0 0.039453 0.156944 0.016406 0.022222
0 0.028125 0.148611 0.018750 0.022222
0 0.171484 0.705556 0.016406 0.025000
0 0.052344 0.441667 0.014062 0.036111
0 0.069141 0.477778 0.011719 0.030556
0 0.031250 0.122222 0.014062 0.036111
0 0.142578 0.099306 0.011719 0.023611
0 0.136328 0.071528 0.011719 0.023611
0 0.265625 0.171528 0.009375 0.037500
0 0.285156 0.188889 0.012500 0.033333
0 0.281250 0.452778 0.012500 0.033333
0 0.164844 0.737500 0.014062 0.033333
0 0.538672 0.226389 0.013281 0.022222
0 0.723437 0.915972 0.014062 0.029167
0 0.417578 0.607639 0.013281 0.034722
0 0.835156 0.735417 0.012500 0.031944
0 0.560547 0.737500 0.013281 0.025000
0 0.121094 0.617361 0.010937 0.029167
0 0.721094 0.697222 0.012500 0.036111
0 0.752344 0.674306 0.012500 0.029167
0 0.644922 0.753472 0.013281 0.031944
0 0.599219 0.685417 0.012500 0.031944
0 0.469531 0.753472 0.018750 0.026389
0 0.311719 0.465278 0.010937 0.030556
