0 0.171700 0.570300 0.014900 0.019400
0 0.318700 0.421300 0.013900 0.021800
0 0.704400 0.696400 0.013700 0.020700
0 0.868400 0.829500 0.016300 0.019000
0 0.647800 0.432300 0.016500 0.019600
0 0.760500 0.196200 0.015100 0.020000
0 0.302900 0.644100 0.016800 0.021700
0 0.403700 0.307600 0.015800 0.018100
0 0.505900 0.645800 0.014300 0.021000
0 0.058100 0.729800 0.014100 0.019400
0 0.496100 0.878800 0.013900 0.018300
0 0.841100 0.793000 0.019300 0.020000
0 0.165700 0.330300 0.017400 0.020200
0 0.885500 0.210200 0.013100 0.019600
0 0.878300 0.321800 0.016400 0.018400
0 0.928100 0.722400 0.016800 0.020600
0 0.944000 0.602400 0.016600 0.021500
0 0.609900 0.480600 0.011900 0.021300
0 0.146200 0.154400 0.015600 0.019800
0 0.457400 0.521900 0.016100 0.020700
0 0.530300 0.369300 0.015300 0.017100
0 0.669200 0.756400 0.015200 0.025600
0 0.934700 0.439900 0.014700 0.021700
0 0.618300 0.231500 0.015700 0.021100
0 0.905100 0.130600 0.015300 0.019200
0 0.527600 0.519500 0.012900 0.019200
0 0.510800 0.678300 0.013900 0.020600
0 0.290800 0.557600 0.012800 0.024500
0 0.658900 0.464400 0.014900 0.019300
0 0.954200 0.107800 0.013500 0.020600
0 0.839900 0.609400 0.017700 0.019700
0 0.159700 0.769100 0.014400 0.021700
0 0.766000 0.089200 0.014700 0.019900
0 0.032800 0.222400 0.016000 0.021300
0 0.160300 0.570300 0.015000 0.019300
0 0.516700 0.514800 0.013600 0.018600
0 0.583600 0.717600 0.014000 0.024200
0 0.910000 0.564700 0.016200 0.020700
0 0.446500 0.315000 0.013700 0.020100
0 0.910700 0.394900 0.013800 0.021800
0 0.022400 0.620400 0.013800 0.016500
0 0.259100 0.929700 0.014800 0.023200
0 0.894000 0.115000 0.014500 0.021500
0 0.708400 0.905800 0.017300 0.021700
0 0.027900 0.807100 0.014100 0.020700
0 0.514900 0.402200 0.015500 0.020200
0 0.746500 0.896700 0.016300 0.021200
0 0.068300 0.865000 0.014900 0.020300
0 0.710900 0.742700 0.015200 0.019300
0 0.551900 0.292500 0.015400 0.018100
0 0.029600 0.783500 0.013900 0.020800
0 0.441500 0.084500 0.012800 0.023800
0 0.793800 0.505800 0.014300 0.022600
0 0.667700 0.781100 0.015600 0.026400
0 0.285400 0.753000 0.018000 0.018700
0 0.472200 0.483800 0.013900 0.024500
0 0.213900 0.678600 0.015500 0.018400
0 0.072500 0.830600 0.012900 0.022400
0 0.816600 0.790700 0.019100 0.019700
0 0.398500 0.868500 0.013800 0.019900
0 0.306600 0.672400 0.014300 0.021700
0 0.159500 0.622400 0.014500 0.018200
0 0.680500 0.042300 0.011700 0.026500
0 0.504600 0.470800 0.011600 0.026600
0 0.043700 0.034500 0.015000 0.019700
0 0.682000 0.339700 0.015000 0.021000
0 0.247900 0.882500 0.012700 0.029700
0 0.476800 0.382600 0.015500 0.020000
0 0.673100 0.472600 0.016600 0.018100
0 0.168500 0.489500 0.013700 0.020900
0 0.873600 0.806100 0.019100 0.019300
0 0.940000 0.680700 0.014600 0.024300
0 0.658900 0.820900 0.013200 0.031500
0 0.545500 0.910100 0.013200 0.023200
0 0.260100 0.596400 0.012400 0.025900
0 0.343400 0.677600 0.014100 0.024200
0 0.006200 0.853300 0.012500 0.024400
0 0.677000 0.722800 0.014900 0.021200
0 0.638800 0.481900 0.012200 0.024800
0 0.630500 0.178600 0.012300 0.030200
0 0.205900 0.585900 0.014500 0.019000
0 0.568700 0.542000 0.011800 0.024700
0 0.021600 0.415400 0.015600 0.017700
0 0.439100 0.291900 0.014600 0.019400
0 0.789700 0.810100 0.019100 0.017300
0 0.017900 0.405200 0.014000 0.017500
0 0.071400 0.420300 0.012800 0.020100
0 0.489100 0.521100 0.014900 0.019500
0 0.059200 0.158400 0.013400 0.021800
0 0.076700 0.685800 0.013800 0.019200
0 0.885600 0.414600 0.013500 0.022900
0 0.688700 0.432100 0.016900 0.022300
0 0.544600 0.581200 0.011900 0.029700
0 0.151100 0.540800 0.011600 0.024600
0 0.208400 0.244500 0.010800 0.030600
0 0.573600 0.746100 0.014100 0.021500
0 0.296100 0.164200 0.013400 0.023200
0 0.179500 0.286400 0.014500 0.019400
0 0.859200 0.166500 0.012100 0.030500
0 0.348000 0.866300 0.014000 0.026900
0 0.542400 0.632300 0.012800 0.022200
0 0.605200 0.890700 0.014200 0.025300
0 0.136300 0.483800 0.013100 0.020400
0 0.454800 0.272200 0.013400 0.022800
0 0.453400 0.332600 0.013100 0.020600
0 0.931600 0.897100 0.018200 0.020500
0 0.082700 0.385600 0.013300 0.020000
0 0.498600 0.617800 0.012700 0.023200
0 0.931000 0.633500 0.013800 0.024900
0 0.240500 0.697500 0.017000 0.019800
0 0.588900 0.271200 0.017000 0.018700
0 0.504100 0.760900 0.016100 0.018800
0 0.793700 0.323600 0.013800 0.022000
0 0.815300 0.202700 0.013200 0.025500
0 0.485300 0.079400 0.012600 0.020200
0 0.469800 0.861100 0.014200 0.020000
0 0.171800 0.610800 0.014100 0.018300
0 0.544300 0.460900 0.013000 0.022000
0 0.735500 0.752300 0.015700 0.020500
0 0.103100 0.440100 0.013500 0.022300
0 0.435000 0.371900 0.016500 0.023800
0 0.970200 0.542200 0.012400 0.029400
0 0.132400 0.909600 0.018200 0.022200
0 0.296500 0.119200 0.010500 0.032900
0 0.453500 0.146300 0.012000 0.022800
0 0.093100 0.458700 0.014900 0.019100
0 0.044200 0.214500 0.013700 0.023200
0 0.754200 0.685000 0.013300 0.025700
0 0.236100 0.340000 0.011600 0.029400
0 0.263400 0.167400 0.014100 0.024400
0 0.411200 0.946000 0.016400 0.019500
0 0.440500 0.723300 0.014300 0.020700
0 0.081600 0.732200 0.013700 0.021500
0 0.389100 0.408900 0.016500 0.018600
0 0.480200 0.414300 0.013800 0.022400
0 0.444100 0.226400 0.013400 0.025800
0 0.252600 0.602500 0.015000 0.020300
0 0.603900 0.133300 0.011900 0.023400
0 0.928400 0.116300 0.010700 0.031500
0 0.673800 0.022800 0.013600 0.023600
0 0.884700 0.334100 0.016900 0.019100
0 0.093200 0.447600 0.013800 0.021100
0 0.388800 0.397600 0.015900 0.018200
0 0.686200 0.808900 0.017600 0.023200
0 0.388600 0.681300 0.012700 0.026400
0 0.473100 0.522600 0.015600 0.021800
0 0.094100 0.736100 0.014700 0.020700
0 0.515100 0.367000 0.015100 0.018000
0 0.861500 0.190300 0.013900 0.024100
0 0.468900 0.014800 0.015700 0.021900
0 0.098900 0.755500 0.012400 0.023100
0 0.761200 0.776700 0.017400 0.018500
0 0.763300 0.730900 0.011300 0.028000
0 0.763800 0.561400 0.017000 0.019500
0 0.885000 0.451500 0.013200 0.022000
0 0.261600 0.285600 0.016200 0.018000
0 0.165900 0.552200 0.013600 0.021800
0 0.776000 0.714600 0.015500 0.021600
0 0.024300 0.681200 0.012200 0.021200
0 0.471800 0.252800 0.014200 0.020200
0 0.896900 0.223700 0.013500 0.020300
0 0.013500 0.035100 0.014000 0.018900
0 0.217900 0.150900 0.014800 0.019500
0 0.036400 0.018300 0.013700 0.022700
0 0.288700 0.451500 0.012900 0.024500
0 0.336500 0.308900 0.012400 0.025700
0 0.761000 0.303600 0.010700 0.034700
0 0.947200 0.086100 0.012000 0.021100
0 0.141400 0.056800 0.010800 0.034200
0 0.254000 0.834700 0.010400 0.034400
0 0.839063 0.533333 0.014062 0.025000
0 0.764453 0.651389 0.014844 0.025000
0 0.441797 0.636111 0.011719 0.027778
0 0.443359 0.952083 0.014844 0.020833
0 0.111328 0.752778 0.010156 0.025000
0 0.431250 0.367361 0.010937 0.020833
0 0.563281 0.284722 0.017188 0.025000
0 0.475391 0.662500 0.013281 0.025000
0 0.774219 0.805556 0.015625 0.025000
0 0.526953 0.065278 0.014844 0.025000
0 0.591406 0.126389 0.017188 0.027778
0 0.596875 0.095139 0.017188 0.023611
0 0.109375 0.264583 0.015625 0.023611
0 0.005859 0.013194 0.011719 0.026389
0 0.948828 0.948611 0.013281 0.027778
0 0.838281 0.961111 0.015625 0.022222
0 0.827344 0.175000 0.010937 0.033333
0 0.823828 0.260417 0.013281 0.031944
0 0.783594 0.151389 0.012500 0.033333
0 0.658203 0.011806 0.013281 0.020833
0 0.261719 0.011806 0.014062 0.023611
0 0.298828 0.973611 0.013281 0.022222
0 0.291797 0.982639 0.011719 0.026389
0 0.751562 0.911806 0.015625 0.023611
0 0.993359 0.649306 0.010156 0.029167
0 0.989062 0.611111 0.010937 0.022222
0 0.982422 0.627083 0.013281 0.023611
0 0.966016 0.645139 0.011719 0.020833
0 0.971094 0.640278 0.012500 0.025000
0 0.971484 0.631250 0.011719 0.020833
0 0.885938 0.052778 0.015625 0.025000
0 0.846484 0.037500 0.016406 0.027778
0 0.781250 0.326389 0.010937 0.030556
0 0.785156 0.259028 0.014062 0.023611
0 0.396094 0.146528 0.015625 0.023611
0 0.401172 0.089583 0.011719 0.026389
0 0.286719 0.013194 0.014062 0.020833
0 0.110547 0.093056 0.016406 0.022222
0 0.091016 0.128472 0.010156 0.034722
0 0.006250 0.644444 0.012500 0.025000
0 0.072266 0.575000 0.000781 0.005556
0 0.082031 0.593056 0.014062 0.033333
0 0.055859 0.620139 0.016406 0.026389
0 0.175391 0.872917 0.011719 0.026389
0 0.208984 0.781250 0.014844 0.029167
0 0.185937 0.777778 0.014062 0.030556
0 0.512109 0.912500 0.013281 0.030556
0 0.519141 0.807639 0.014844 0.023611
0 0.533594 0.805556 0.015625 0.025000
0 0.948438 0.798611 0.014062 0.027778
0 0.893359 0.631250 0.014844 0.026389
0 0.976172 0.295139 0.013281 0.023611
0 0.899609 0.435417 0.016406 0.026389
0 0.700781 0.125000 0.012500 0.030556
0 0.186719 0.177083 0.017188 0.020833
0 0.796875 0.450694 0.009375 0.026389
0 0.803906 0.447917 0.009375 0.031944
0 0.340625 0.442361 0.010937 0.020833
0 0.333984 0.423611 0.014844 0.027778
