0 0.745500 0.207200 0.015500 0.018900
0 0.318000 0.417100 0.014000 0.020400
0 0.144800 0.144900 0.012900 0.020000
0 0.880700 0.807200 0.015900 0.020000
0 0.667000 0.155200 0.015700 0.017300
0 0.867000 0.830900 0.015200 0.019100
0 0.181100 0.285000 0.013900 0.019600
0 0.179300 0.554400 0.013600 0.019100
0 0.167200 0.329000 0.015600 0.020400
0 0.807400 0.807400 0.018000 0.017900
0 0.256700 0.696500 0.014900 0.019500
0 0.767000 0.092500 0.013900 0.020700
0 0.070300 0.868000 0.015700 0.020300
0 0.885400 0.210400 0.014300 0.019700
0 0.117700 0.441400 0.014400 0.019100
0 0.760200 0.196100 0.014400 0.019500
0 0.115600 0.095500 0.013900 0.021000
0 0.679200 0.906200 0.015500 0.019200
0 0.302700 0.644400 0.017100 0.021600
0 0.868500 0.442600 0.016200 0.021700
0 0.434500 0.295500 0.016400 0.020300
0 0.530200 0.369400 0.015400 0.017200
0 0.745100 0.132900 0.013200 0.020100
0 0.495700 0.878800 0.014000 0.018700
0 0.055300 0.582600 0.016200 0.019400
0 0.157300 0.530000 0.012800 0.020700
0 0.944300 0.602700 0.016900 0.020600
0 0.017600 0.404700 0.014500 0.018300
0 0.609600 0.480300 0.012700 0.021900
0 0.731600 0.768900 0.015800 0.019700
0 0.172300 0.484300 0.015000 0.018700
0 0.841500 0.609400 0.017800 0.019700
0 0.469100 0.908700 0.015100 0.021800
0 0.764600 0.558100 0.017100 0.019000
0 0.782000 0.553400 0.016000 0.020500
0 0.928400 0.722000 0.018600 0.019500
0 0.544400 0.681900 0.013600 0.021800
0 0.083700 0.620500 0.012800 0.020400
0 0.690500 0.807000 0.017200 0.022000
0 0.510700 0.678300 0.014300 0.019900
0 0.145400 0.494100 0.013500 0.019200
0 0.166100 0.643000 0.014200 0.020400
0 0.452200 0.058300 0.014700 0.023000
0 0.443700 0.514900 0.014300 0.019700
0 0.586000 0.795700 0.015400 0.022000
0 0.847600 0.894700 0.015100 0.022700
0 0.542000 0.458600 0.013100 0.022600
0 0.692900 0.827400 0.015400 0.021600
0 0.232600 0.854800 0.014900 0.021700
0 0.452300 0.080900 0.014700 0.024200
0 0.895700 0.629600 0.014900 0.024600
0 0.164500 0.768700 0.015400 0.021700
0 0.264300 0.165700 0.014200 0.025000
0 0.969700 0.294600 0.015200 0.021500
0 0.403800 0.307300 0.016600 0.019900
0 0.554800 0.877600 0.016600 0.019100
0 0.479400 0.416500 0.013900 0.022900
0 0.260200 0.931600 0.014300 0.021900
0 0.122400 0.517800 0.012200 0.023800
0 0.496100 0.565200 0.014200 0.021500
0 0.023200 0.684400 0.013200 0.021400
0 0.123000 0.309500 0.015100 0.017400
0 0.570000 0.860500 0.015100 0.019300
0 0.970600 0.541900 0.012700 0.026400
0 0.919500 0.498400 0.013800 0.020400
0 0.089200 0.591700 0.015600 0.019400
0 0.658600 0.820500 0.013900 0.028900
0 0.448800 0.230300 0.015400 0.022900
0 0.285400 0.753300 0.017400 0.018800
0 0.070900 0.941100 0.013800 0.018900
0 0.714500 0.797300 0.015200 0.019400
0 0.669300 0.757800 0.015000 0.025800
0 0.691000 0.764800 0.015200 0.020200
0 0.397400 0.417000 0.016600 0.018400
0 0.040300 0.019600 0.013700 0.022300
0 0.639000 0.481400 0.011500 0.026900
0 0.734100 0.418800 0.012000 0.027700
0 0.921300 0.577000 0.015000 0.020400
0 0.496500 0.760600 0.015100 0.020300
0 0.009500 0.959400 0.013900 0.020000
0 0.118200 0.597700 0.014600 0.019600
0 0.781700 0.822900 0.016100 0.018400
0 0.904200 0.132200 0.016000 0.018800
0 0.010700 0.492500 0.014000 0.019400
0 0.516800 0.401900 0.014700 0.020500
0 0.879200 0.322100 0.018100 0.019200
0 0.219300 0.673000 0.015700 0.018100
0 0.319700 0.245100 0.012300 0.029900
0 0.068200 0.908100 0.014100 0.023000
0 0.794500 0.502600 0.013700 0.023800
0 0.347300 0.347000 0.013500 0.021700
0 0.398200 0.144000 0.014400 0.025500
0 0.107500 0.752300 0.014900 0.021600
0 0.407700 0.418000 0.017100 0.019900
0 0.027300 0.603400 0.016400 0.019200
0 0.782000 0.147300 0.012200 0.028200
0 0.664100 0.217700 0.012000 0.025400
0 0.020800 0.621700 0.015000 0.017900
0 0.568700 0.542300 0.012200 0.024900
0 0.282600 0.431400 0.011800 0.030100
0 0.895200 0.558600 0.012100 0.026300
0 0.848100 0.733300 0.013200 0.026200
0 0.218400 0.972700 0.013900 0.022200
0 0.946500 0.435600 0.013800 0.021900
0 0.760700 0.778200 0.016000 0.018400
0 0.489000 0.080500 0.014400 0.019300
0 0.171600 0.610600 0.014100 0.018600
0 0.859500 0.166100 0.013500 0.027900
0 0.676900 0.265200 0.013300 0.024600
0 0.894200 0.110700 0.014200 0.020000
0 0.623100 0.391700 0.016900 0.019600
0 0.645400 0.443800 0.015700 0.020100
0 0.860000 0.597600 0.016800 0.019800
0 0.472400 0.606600 0.016200 0.022800
0 0.208400 0.243500 0.010800 0.029100
0 0.248800 0.882600 0.013600 0.025300
0 0.260100 0.604900 0.014200 0.023500
0 0.429800 0.440000 0.015300 0.021000
0 0.468600 0.861000 0.014000 0.019800
0 0.160700 0.659700 0.014000 0.020600
0 0.586000 0.435200 0.015600 0.019300
0 0.651000 0.430300 0.015200 0.019000
0 0.192300 0.020400 0.014600 0.025700
0 0.627000 0.181600 0.012200 0.031800
0 0.689500 0.426900 0.014500 0.022900
0 0.581100 0.629300 0.012000 0.025100
0 0.508700 0.470900 0.010500 0.030600
0 0.715700 0.146900 0.015500 0.018900
0 0.909400 0.116300 0.012800 0.023100
0 0.746700 0.232700 0.010800 0.031200
0 0.847500 0.797800 0.018100 0.018700
0 0.422800 0.697500 0.014000 0.025500
0 0.057100 0.716200 0.012100 0.029800
0 0.423200 0.764500 0.015200 0.020900
0 0.323600 0.505500 0.014200 0.021300
0 0.347800 0.857100 0.016300 0.024000
0 0.542800 0.631300 0.012500 0.023500
0 0.748300 0.381900 0.014700 0.023400
0 0.928600 0.016300 0.014300 0.026200
0 0.447000 0.314500 0.015300 0.022400
0 0.325900 0.578200 0.011500 0.031300
0 0.330700 0.734900 0.017000 0.021400
0 0.580800 0.714500 0.013700 0.025300
0 0.306100 0.491000 0.011200 0.029800
0 0.864300 0.928100 0.018100 0.020100
0 0.667000 0.779000 0.013100 0.028200
0 0.165100 0.547600 0.014300 0.018600
0 0.829900 0.168600 0.010600 0.034500
0 0.254200 0.833800 0.010900 0.034100
0 0.478100 0.764800 0.014200 0.024200
0 0.683600 0.710900 0.016700 0.023000
0 0.769000 0.728400 0.011800 0.025900
0 0.031500 0.968500 0.013600 0.020400
0 0.844700 0.710300 0.018900 0.020100
0 0.514500 0.368500 0.015400 0.019600
0 0.231400 0.664900 0.013800 0.019500
0 0.776800 0.716700 0.014700 0.022000
0 0.982200 0.265900 0.013900 0.024700
0 0.522700 0.439800 0.014600 0.019800
0 0.476000 0.381400 0.015500 0.021700
0 0.236000 0.339900 0.011000 0.032000
0 0.473600 0.522800 0.013200 0.022700
0 0.470500 0.195800 0.012700 0.026200
0 0.640500 0.568900 0.017700 0.023400
0 0.884300 0.332300 0.018500 0.021000
0 0.026200 0.413500 0.015900 0.018600
0 0.529300 0.939400 0.018000 0.020100
0 0.861500 0.190400 0.014400 0.024200
0 0.442800 0.642200 0.010100 0.037500
0 0.719300 0.028200 0.010700 0.030700
0 0.161100 0.741100 0.013900 0.022200
0 0.083000 0.385900 0.013900 0.019900
0 0.683000 0.390200 0.011800 0.030300
0 0.215200 0.946900 0.014400 0.023400
0 0.760900 0.314700 0.010900 0.034000
0 0.918500 0.902200 0.012600 0.031200
0 0.549100 0.293900 0.017300 0.017100
0 0.605800 0.448900 0.014500 0.019500
0 0.297600 0.119100 0.010100 0.036600
0 0.142700 0.059000 0.009900 0.034500
0 0.216100 0.910100 0.013600 0.023500
0 0.092578 0.127083 0.010156 0.037500
0 0.764453 0.649306 0.014844 0.029167
0 0.713281 0.900694 0.014062 0.026389
0 0.639063 0.965972 0.014062 0.026389
0 0.107031 0.911111 0.014062 0.019444
0 0.046484 0.815972 0.017969 0.023611
0 0.379297 0.670833 0.011719 0.027778
0 0.958203 0.876389 0.011719 0.025000
0 0.842188 0.154167 0.010937 0.030556
0 0.597266 0.101389 0.014844 0.019444
0 0.594141 0.090972 0.014844 0.018056
0 0.562500 0.288194 0.012500 0.023611
0 0.017969 0.072222 0.015625 0.019444
0 0.104297 0.449306 0.017969 0.020833
0 0.103516 0.460417 0.016406 0.020833
0 0.131641 0.793056 0.014844 0.030556
0 0.006250 0.012500 0.012500 0.025000
0 0.014453 0.038889 0.014844 0.025000
0 0.116406 0.056250 0.012500 0.026389
0 0.310937 0.271528 0.012500 0.031944
0 0.526563 0.806944 0.012500 0.022222
0 0.485938 0.668750 0.014062 0.023611
0 0.991406 0.605556 0.010937 0.025000
0 0.982422 0.620833 0.010156 0.022222
0 0.971875 0.634722 0.010937 0.022222
0 0.963281 0.638194 0.010937 0.023611
0 0.970703 0.622917 0.010156 0.031944
0 0.985547 0.476389 0.014844 0.027778
0 0.987109 0.541667 0.016406 0.025000
0 0.884766 0.053472 0.016406 0.026389
0 0.907031 0.054167 0.015625 0.022222
0 0.860156 0.052778 0.014062 0.025000
0 0.456250 0.175000 0.014062 0.022222
0 0.473047 0.493750 0.013281 0.029167
0 0.221484 0.147917 0.019531 0.020833
0 0.187500 0.175694 0.017188 0.023611
0 0.674609 0.563889 0.017969 0.025000
0 0.646094 0.775694 0.014062 0.029167
0 0.296875 0.980556 0.010937 0.027778
0 0.435156 0.375000 0.010937 0.027778
0 0.439844 0.390972 0.010937 0.026389
0 0.258203 0.612500 0.022656 0.027778
