0 0.318000 0.416600 0.014700 0.023000
0 0.144000 0.718100 0.015600 0.022600
0 0.905100 0.129500 0.015600 0.020100
0 0.219600 0.148000 0.017000 0.018700
0 0.044600 0.681800 0.014500 0.022200
0 0.760400 0.195800 0.017600 0.018700
0 0.945100 0.481900 0.015300 0.020500
0 0.167100 0.328800 0.016200 0.021100
0 0.434400 0.296000 0.015400 0.022100
0 0.467000 0.141100 0.014900 0.020100
0 0.303100 0.643600 0.016400 0.023000
0 0.928400 0.720600 0.018600 0.019700
0 0.443300 0.515800 0.014800 0.019600
0 0.435400 0.379000 0.015800 0.020000
0 0.055000 0.081100 0.016000 0.020300
0 0.885100 0.080200 0.012900 0.020900
0 0.404300 0.307000 0.017000 0.019400
0 0.472300 0.491600 0.013300 0.021200
0 0.390500 0.428900 0.017600 0.018800
0 0.479500 0.416500 0.014400 0.022300
0 0.264300 0.166500 0.013700 0.023400
0 0.919000 0.417400 0.017200 0.023300
0 0.529500 0.368700 0.015800 0.017500
0 0.944900 0.602800 0.018300 0.021400
0 0.515800 0.402400 0.016300 0.020700
0 0.883500 0.053100 0.014000 0.020800
0 0.639000 0.480800 0.014000 0.023100
0 0.147200 0.153300 0.016200 0.020300
0 0.293500 0.716100 0.015800 0.020700
0 0.069000 0.868400 0.016000 0.024800
0 0.281200 0.435000 0.016400 0.021800
0 0.970400 0.541900 0.017000 0.023300
0 0.764600 0.557500 0.017200 0.021500
0 0.542400 0.459900 0.012800 0.019900
0 0.939100 0.329400 0.014100 0.024100
0 0.140600 0.491100 0.014200 0.020400
0 0.477000 0.381500 0.015800 0.020600
0 0.110700 0.092400 0.015900 0.020600
0 0.692800 0.759000 0.016400 0.024700
0 0.189300 0.176800 0.016400 0.018400
0 0.669200 0.756800 0.017500 0.030000
0 0.496600 0.878400 0.013900 0.021700
0 0.583300 0.716000 0.013800 0.023900
0 0.444000 0.703400 0.015000 0.023400
0 0.392800 0.743700 0.015200 0.023600
0 0.008100 0.032200 0.013800 0.020200
0 0.618500 0.064800 0.015800 0.021000
0 0.689600 0.807500 0.018900 0.023200
0 0.885100 0.210100 0.014800 0.020600
0 0.304200 0.279500 0.013700 0.026800
0 0.259400 0.931700 0.014800 0.023100
0 0.609600 0.480700 0.013900 0.022600
0 0.171700 0.485200 0.016000 0.020500
0 0.859500 0.167800 0.014100 0.026700
0 0.508500 0.472000 0.011400 0.025100
0 0.091200 0.279400 0.015300 0.022000
0 0.180400 0.285700 0.014800 0.021300
0 0.292300 0.228100 0.012700 0.024600
0 0.018200 0.408900 0.015800 0.023000
0 0.651700 0.379100 0.016000 0.022000
0 0.883100 0.029900 0.013000 0.024100
0 0.767400 0.090400 0.014500 0.023400
0 0.248400 0.882200 0.013000 0.026600
0 0.219700 0.672100 0.015400 0.022200
0 0.540100 0.440200 0.012900 0.019500
0 0.752400 0.369500 0.016600 0.023400
0 0.922500 0.045700 0.015600 0.020800
0 0.208500 0.242500 0.010900 0.029200
0 0.526500 0.809000 0.015000 0.020300
0 0.109900 0.443000 0.012200 0.024100
0 0.878600 0.808000 0.018000 0.022400
0 0.645200 0.444500 0.016400 0.019900
0 0.666700 0.782700 0.017700 0.028200
0 0.651300 0.429800 0.015800 0.019300
0 0.329200 0.617000 0.013400 0.026800
0 0.896500 0.628000 0.015400 0.025400
0 0.760300 0.309400 0.011800 0.031400
0 0.881400 0.702800 0.017100 0.019000
0 0.433900 0.064100 0.015800 0.021100
0 0.191700 0.966700 0.015500 0.022700
0 0.723600 0.183500 0.017600 0.021500
0 0.373300 0.272300 0.016800 0.021100
0 0.040400 0.020500 0.014600 0.024200
0 0.904400 0.516100 0.016800 0.023500
0 0.390300 0.693700 0.013400 0.026000
0 0.694500 0.521500 0.019000 0.024600
0 0.260600 0.659500 0.013000 0.024100
0 0.401200 0.414900 0.015600 0.020000
0 0.839900 0.609000 0.018200 0.023500
0 0.164600 0.766300 0.016000 0.023100
0 0.468800 0.860100 0.017400 0.022700
0 0.156200 0.602900 0.013000 0.022100
0 0.492500 0.720300 0.013700 0.021200
0 0.481400 0.710400 0.014000 0.021100
0 0.876600 0.427200 0.017400 0.020900
0 0.089400 0.592000 0.016500 0.020200
0 0.415400 0.395500 0.014200 0.020100
0 0.184300 0.891000 0.018600 0.022200
0 0.927700 0.056100 0.013600 0.020700
0 0.020700 0.582900 0.015700 0.021700
0 0.347400 0.857800 0.015900 0.024800
0 0.657100 0.818800 0.015800 0.029800
0 0.260200 0.602300 0.013300 0.027700
0 0.510600 0.678200 0.015700 0.021600
0 0.735800 0.753000 0.017800 0.017300
0 0.446400 0.881200 0.017700 0.023800
0 0.253900 0.833400 0.011800 0.032800
0 0.285800 0.753300 0.017700 0.018700
0 0.234700 0.709800 0.013700 0.023800
0 0.685700 0.428400 0.015200 0.021100
0 0.867700 0.829700 0.016300 0.023100
0 0.598100 0.778200 0.015900 0.021700
0 0.977700 0.321000 0.016100 0.021200
0 0.895900 0.222800 0.016400 0.020600
0 0.317100 0.526900 0.016000 0.022300
0 0.172200 0.610600 0.015400 0.019200
0 0.793600 0.508100 0.013500 0.030600
0 0.481500 0.064500 0.017300 0.019900
0 0.781000 0.827100 0.013000 0.026100
0 0.883300 0.330100 0.017400 0.024100
0 0.142200 0.057600 0.011400 0.032500
0 0.847700 0.796900 0.021400 0.021400
0 0.083600 0.385500 0.013800 0.022100
0 0.568500 0.541300 0.012400 0.025600
0 0.166100 0.557500 0.016400 0.020900
0 0.134200 0.690600 0.013300 0.024400
0 0.154100 0.593700 0.013400 0.023100
0 0.296600 0.119300 0.010200 0.036400
0 0.672000 0.141200 0.017600 0.020900
0 0.511600 0.371400 0.016800 0.019700
0 0.056100 0.265500 0.015000 0.024400
0 0.176900 0.560000 0.015800 0.021200
0 0.573600 0.460800 0.014100 0.019600
0 0.978100 0.292700 0.015400 0.022000
0 0.526400 0.882900 0.012300 0.026800
0 0.022600 0.685400 0.014000 0.023200
0 0.879500 0.322600 0.017200 0.022000
0 0.776100 0.395500 0.015400 0.024200
0 0.447100 0.314500 0.015400 0.021600
0 0.488600 0.080600 0.014900 0.017800
0 0.679800 0.720600 0.017500 0.027400
0 0.717200 0.096500 0.012400 0.022900
0 0.764400 0.778100 0.018000 0.019900
0 0.113800 0.642400 0.014900 0.019600
0 0.343800 0.485400 0.013300 0.024000
0 0.451200 0.153900 0.013900 0.023600
0 0.895000 0.113900 0.014200 0.022600
0 0.051600 0.653400 0.016400 0.020100
0 0.492000 0.573100 0.016200 0.024000
0 0.621200 0.447900 0.015800 0.021600
0 0.861800 0.191000 0.014700 0.021700
0 0.093359 0.127083 0.011719 0.037500
0 0.016406 0.151389 0.014062 0.033333
0 0.011328 0.107639 0.013281 0.026389
0 0.039063 0.611806 0.018750 0.029167
0 0.016016 0.922222 0.011719 0.030556
0 0.115234 0.836806 0.013281 0.034722
0 0.110156 0.708333 0.009375 0.025000
0 0.216406 0.821528 0.007813 0.037500
0 0.294531 0.983333 0.012500 0.033333
0 0.451172 0.961806 0.013281 0.031944
0 0.525781 0.750694 0.012500 0.031944
0 0.114844 0.015972 0.009375 0.018056
0 0.426172 0.182639 0.017969 0.026389
0 0.932813 0.943750 0.014062 0.029167
0 0.826563 0.756250 0.014062 0.020833
0 0.898047 0.539583 0.019531 0.015278
0 0.864453 0.236111 0.017969 0.030556
0 0.760156 0.261111 0.017188 0.022222
0 0.649609 0.301389 0.013281 0.038889
0 0.637109 0.249306 0.013281 0.029167
0 0.623438 0.527778 0.015625 0.025000
0 0.472656 0.527083 0.009375 0.026389
0 0.442578 0.633333 0.011719 0.036111
0 0.762500 0.654167 0.010937 0.025000
0 0.768359 0.724306 0.010156 0.029167
0 0.774609 0.713889 0.019531 0.025000
0 0.760547 0.792361 0.016406 0.026389
0 0.776172 0.817361 0.013281 0.023611
0 0.989062 0.894444 0.015625 0.027778
0 0.969922 0.845833 0.011719 0.033333
0 0.596094 0.099306 0.017188 0.023611
0 0.550781 0.293750 0.014062 0.023611
0 0.562500 0.288194 0.014062 0.023611
0 0.235547 0.339583 0.011719 0.034722
0 0.099219 0.448611 0.012500 0.027778
0 0.102344 0.461806 0.017188 0.023611
0 0.096094 0.475000 0.010937 0.027778
0 0.064844 0.896528 0.010937 0.026389
0 0.065625 0.920833 0.009375 0.033333
0 0.830078 0.913194 0.013281 0.031944
0 0.898828 0.916667 0.019531 0.025000
0 0.350000 0.388194 0.015625 0.023611
0 0.006641 0.009722 0.013281 0.019444
0 0.114844 0.731944 0.014062 0.025000
0 0.076953 0.790278 0.013281 0.025000
0 0.246875 0.976389 0.014062 0.019444
0 0.594141 0.964583 0.014844 0.018056
0 0.502344 0.946528 0.017188 0.023611
0 0.536719 0.862500 0.015625 0.022222
0 0.717969 0.857639 0.012500 0.023611
0 0.710156 0.904861 0.014062 0.023611
0 0.698828 0.914583 0.013281 0.023611
0 0.674609 0.979861 0.014844 0.031944
0 0.990234 0.612500 0.013281 0.027778
0 0.981641 0.627778 0.011719 0.025000
0 0.965625 0.641667 0.012500 0.019444
0 0.973047 0.636806 0.011719 0.029167
0 0.969141 0.626389 0.013281 0.016667
0 0.947266 0.088889 0.011719 0.022222
0 0.824219 0.196528 0.014062 0.020833
0 0.825000 0.177083 0.010937 0.026389
0 0.777344 0.154861 0.014062 0.023611
0 0.782031 0.146528 0.010937 0.029167
0 0.633984 0.165278 0.013281 0.019444
0 0.629687 0.186111 0.012500 0.025000
0 0.444922 0.227778 0.011719 0.027778
0 0.957031 0.549306 0.014062 0.023611
0 0.023047 0.415278 0.017969 0.022222
0 0.553906 0.636806 0.010937 0.031944
0 0.544141 0.629167 0.013281 0.027778
