0 0.706500 0.165600 0.015100 0.018500
0 0.167800 0.330700 0.016500 0.017200
0 0.445600 0.315900 0.013300 0.019000
0 0.669100 0.756300 0.014300 0.023400
0 0.180800 0.284800 0.014000 0.019000
0 0.318600 0.421400 0.015000 0.019900
0 0.403800 0.809200 0.015400 0.019900
0 0.869400 0.831900 0.015500 0.018400
0 0.059500 0.868400 0.014900 0.017300
0 0.459000 0.157900 0.012300 0.023500
0 0.221000 0.147400 0.017000 0.018300
0 0.146700 0.145700 0.014400 0.020300
0 0.943600 0.603200 0.015600 0.021500
0 0.768200 0.679700 0.015900 0.018100
0 0.767800 0.094500 0.014600 0.018500
0 0.116800 0.571600 0.014800 0.018300
0 0.609700 0.479900 0.011700 0.020900
0 0.382600 0.295600 0.014300 0.019400
0 0.192900 0.942900 0.016300 0.019100
0 0.760400 0.197000 0.015100 0.018300
0 0.496500 0.879400 0.015700 0.018400
0 0.129800 0.441500 0.012800 0.019900
0 0.919000 0.879500 0.014400 0.026300
0 0.680700 0.442900 0.014600 0.019200
0 0.607300 0.530400 0.011900 0.023400
0 0.880500 0.808500 0.016400 0.018300
0 0.181400 0.594500 0.014100 0.018700
0 0.217600 0.671300 0.014900 0.019200
0 0.691000 0.809300 0.016500 0.020300
0 0.016700 0.403400 0.014100 0.018200
0 0.542100 0.455900 0.014100 0.019400
0 0.566900 0.746400 0.012700 0.022100
0 0.696200 0.608700 0.016200 0.019700
0 0.403800 0.308000 0.016300 0.018100
0 0.533300 0.894100 0.016000 0.019800
0 0.929900 0.722600 0.017600 0.018400
0 0.394400 0.410300 0.014500 0.018200
0 0.530100 0.370000 0.015000 0.016700
0 0.284700 0.753800 0.016000 0.020400
0 0.027600 0.394400 0.014100 0.017100
0 0.528400 0.804600 0.014300 0.020500
0 0.878800 0.322400 0.016600 0.017900
0 0.510500 0.678900 0.014300 0.019900
0 0.179000 0.744700 0.013600 0.024300
0 0.897200 0.658200 0.015200 0.021500
0 0.780300 0.147100 0.013700 0.019500
0 0.067000 0.544700 0.014200 0.019000
0 0.303100 0.644800 0.016100 0.021700
0 0.715300 0.091200 0.013300 0.018500
0 0.578700 0.368800 0.014900 0.018400
0 0.418000 0.356100 0.013900 0.020800
0 0.472500 0.742500 0.012200 0.021600
0 0.164800 0.952600 0.015100 0.019700
0 0.168200 0.772000 0.014900 0.021000
0 0.516300 0.398100 0.015000 0.019300
0 0.690300 0.710100 0.015000 0.022100
0 0.884600 0.053400 0.014500 0.018000
0 0.498000 0.970900 0.014000 0.022100
0 0.866000 0.741400 0.014900 0.023300
0 0.602100 0.979200 0.015300 0.024400
0 0.510700 0.758700 0.013200 0.022600
0 0.692100 0.417700 0.014000 0.023600
0 0.334800 0.095200 0.014100 0.024300
0 0.594700 0.934400 0.015200 0.021100
0 0.842400 0.610900 0.016800 0.018600
0 0.902300 0.131200 0.015000 0.020100
0 0.347200 0.858900 0.016000 0.022000
0 0.898000 0.880700 0.014200 0.023800
0 0.115600 0.446300 0.013700 0.017000
0 0.477300 0.830400 0.014600 0.019400
0 0.641900 0.165500 0.015300 0.018000
0 0.396300 0.032300 0.012500 0.020700
0 0.258300 0.934900 0.013200 0.022900
0 0.780300 0.828300 0.016000 0.019000
0 0.478700 0.418600 0.013100 0.023100
0 0.093600 0.584600 0.014500 0.020800
0 0.651900 0.843200 0.013500 0.024000
0 0.476300 0.382800 0.014400 0.018700
0 0.181200 0.553100 0.012200 0.020400
0 0.173600 0.482700 0.013900 0.018400
0 0.795700 0.506200 0.013400 0.024700
0 0.295500 0.472100 0.012500 0.020500
0 0.510100 0.468400 0.011600 0.025900
0 0.639100 0.482500 0.010700 0.027200
0 0.473900 0.489800 0.012900 0.022800
0 0.435700 0.255000 0.015300 0.018600
0 0.638700 0.405500 0.012600 0.021100
0 0.918500 0.194000 0.010700 0.029100
0 0.264600 0.164700 0.014100 0.024400
0 0.128700 0.170800 0.012500 0.022200
0 0.384300 0.666500 0.011300 0.027700
0 0.667700 0.782900 0.014300 0.023000
0 0.370800 0.583200 0.010900 0.028700
0 0.773000 0.560600 0.015100 0.020300
0 0.522800 0.415200 0.015900 0.018900
0 0.568300 0.542500 0.012100 0.025800
0 0.542300 0.631700 0.010800 0.022200
0 0.060800 0.659200 0.013900 0.021100
0 0.895100 0.114500 0.014000 0.021300
0 0.651200 0.431400 0.014100 0.018300
0 0.208100 0.244700 0.010900 0.029700
0 0.894500 0.627200 0.014200 0.024800
0 0.659200 0.821800 0.012000 0.030900
0 0.261100 0.060300 0.012900 0.019900
0 0.931900 0.507100 0.012500 0.025000
0 0.435600 0.293600 0.015400 0.019500
0 0.970700 0.542800 0.011700 0.030400
0 0.194100 0.572600 0.012900 0.021300
0 0.260000 0.595000 0.011700 0.022900
0 0.753400 0.505600 0.011800 0.028200
0 0.282300 0.414300 0.015600 0.021200
0 0.847900 0.798300 0.016800 0.017300
0 0.626600 0.180900 0.011600 0.029900
0 0.470400 0.863900 0.014300 0.019900
0 0.936000 0.441000 0.014700 0.017500
0 0.604600 0.101500 0.015600 0.020900
0 0.760700 0.776700 0.016300 0.019600
0 0.694000 0.167300 0.014300 0.017200
0 0.695500 0.695700 0.014200 0.023900
0 0.045500 0.760800 0.015500 0.017000
0 0.420800 0.257100 0.012900 0.018800
0 0.427600 0.664400 0.013800 0.022400
0 0.042400 0.020800 0.014400 0.025500
0 0.172300 0.610700 0.014100 0.019300
0 0.365200 0.239400 0.012500 0.020900
0 0.609200 0.846100 0.010600 0.032000
0 0.582400 0.716100 0.012200 0.028100
0 0.499100 0.581400 0.014900 0.020500
0 0.448200 0.410500 0.014000 0.021500
0 0.919300 0.827700 0.015400 0.024500
0 0.961000 0.016300 0.012800 0.025600
0 0.859100 0.167200 0.011100 0.031500
0 0.843100 0.539600 0.011000 0.025900
0 0.736200 0.616000 0.014900 0.017900
0 0.528600 0.623900 0.015500 0.018900
0 0.235900 0.340100 0.012000 0.026900
0 0.851100 0.647800 0.014600 0.022500
0 0.264200 0.910300 0.012900 0.025000
0 0.780500 0.165000 0.013600 0.020900
0 0.884100 0.334200 0.016600 0.018900
0 0.218800 0.651500 0.013900 0.020600
0 0.646300 0.443500 0.014700 0.019100
0 0.368900 0.815000 0.016700 0.021200
0 0.147700 0.501800 0.012900 0.019700
0 0.189300 0.175900 0.014500 0.018000
0 0.935500 0.402400 0.014800 0.018800
0 0.861400 0.190700 0.013800 0.023800
0 0.667500 0.852400 0.013200 0.026900
0 0.324100 0.956500 0.012500 0.025700
0 0.941800 0.464900 0.014000 0.020000
0 0.297600 0.116900 0.010200 0.033100
0 0.133400 0.785600 0.015300 0.022500
0 0.782500 0.904400 0.011600 0.032000
0 0.655300 0.773200 0.014700 0.022000
0 0.551400 0.294000 0.014600 0.017200
0 0.160500 0.981500 0.013100 0.019800
0 0.514700 0.366400 0.014100 0.018300
0 0.013600 0.592200 0.016000 0.021300
0 0.848800 0.052200 0.011200 0.027400
0 0.040900 0.279400 0.016800 0.020500
0 0.792200 0.627300 0.011700 0.026200
0 0.471600 0.253400 0.013900 0.019900
0 0.281200 0.954100 0.011300 0.032300
0 0.254200 0.833600 0.009700 0.036900
0 0.429600 0.317800 0.012300 0.018200
0 0.694500 0.399100 0.014400 0.018400
0 0.028000 0.145100 0.013700 0.018400
0 0.083000 0.389000 0.013900 0.018600
0 0.471900 0.207200 0.011100 0.026000
0 0.336800 0.495900 0.012800 0.024000
0 0.026700 0.413600 0.016800 0.016400
0 0.154600 0.515100 0.013400 0.019100
0 0.750800 0.983600 0.012900 0.023800
0 0.761600 0.653500 0.013700 0.021300
0 0.801400 0.015600 0.010700 0.031400
0 0.698800 0.123500 0.015200 0.018300
0 0.185400 0.354200 0.016900 0.018500
0 0.773100 0.719500 0.013800 0.020400
0 0.769400 0.728700 0.009600 0.024200
0 0.295900 0.174000 0.014000 0.021100
0 0.791700 0.953000 0.010500 0.034500
0 0.759100 0.323100 0.011400 0.031700
0 0.263600 0.605600 0.014100 0.019600
0 0.660800 0.065800 0.015000 0.018200
0 0.451300 0.223600 0.013600 0.022400
0 0.040600 0.785400 0.018100 0.017600
0 0.246800 0.476100 0.015900 0.019100
0 0.036000 0.380100 0.015900 0.015700
0 0.161300 0.533700 0.013300 0.021000
0 0.063200 0.452200 0.012800 0.018200
0 0.850800 0.447900 0.015700 0.018900
0 0.445400 0.511600 0.014600 0.018700
0 0.064000 0.731300 0.013700 0.019000
0 0.298800 0.980400 0.011900 0.029500
0 0.474300 0.522700 0.013100 0.023400
0 0.115600 0.458000 0.014600 0.017400
0 0.531600 0.015500 0.012900 0.027200
0 0.684000 0.282300 0.015100 0.019600
0 0.829297 0.170139 0.013281 0.034722
0 0.488281 0.090972 0.014062 0.037500
0 0.652344 0.196528 0.015625 0.023611
0 0.631250 0.012500 0.015625 0.025000
0 0.564453 0.285417 0.013281 0.026389
0 0.018750 0.039583 0.015625 0.026389
0 0.005469 0.013889 0.010937 0.022222
0 0.139062 0.062500 0.010937 0.027778
0 0.145313 0.061806 0.014062 0.031944
0 0.092578 0.129167 0.011719 0.033333
0 0.113672 0.089583 0.017969 0.029167
0 0.443750 0.640278 0.012500 0.036111
0 0.042969 0.945139 0.015625 0.031944
0 0.242188 0.985417 0.015625 0.020833
0 0.477734 0.987500 0.014844 0.019444
0 0.602344 0.593056 0.017188 0.022222
0 0.546875 0.137500 0.010937 0.019444
0 0.063672 0.788194 0.014844 0.029167
0 0.025781 0.688194 0.015625 0.031944
0 0.250781 0.886806 0.012500 0.034722
0 0.305859 0.742361 0.019531 0.020833
0 0.716016 0.907639 0.016406 0.029167
0 0.990234 0.611111 0.011719 0.025000
0 0.980469 0.622917 0.012500 0.020833
0 0.971875 0.632639 0.009375 0.023611
0 0.968359 0.624306 0.011719 0.018056
0 0.963281 0.636806 0.012500 0.020833
0 0.984766 0.442361 0.014844 0.029167
0 0.983984 0.407639 0.017969 0.026389
0 0.977734 0.294444 0.014844 0.025000
0 0.958203 0.271528 0.011719 0.034722
0 0.897266 0.228472 0.011719 0.029167
0 0.884375 0.211111 0.014062 0.027778
0 0.675000 0.793750 0.012500 0.029167
0 0.663281 0.947222 0.012500 0.030556
0 0.497656 0.461111 0.010937 0.019444
0 0.497656 0.475000 0.010937 0.019444
0 0.021875 0.859028 0.010937 0.031944
0 0.437500 0.377778 0.010937 0.033333
0 0.463672 0.409722 0.014844 0.022222
