0 0.644500 0.429600 0.014800 0.018200
0 0.318800 0.422700 0.014800 0.019800
0 0.634100 0.417100 0.013300 0.020300
0 0.456100 0.528500 0.014800 0.020500
0 0.728900 0.472400 0.015200 0.019400
0 0.804900 0.743100 0.015200 0.018700
0 0.867600 0.831500 0.016200 0.018400
0 0.208900 0.681000 0.013700 0.018600
0 0.134500 0.803000 0.015900 0.017300
0 0.621700 0.419700 0.014600 0.018600
0 0.841300 0.792700 0.019100 0.017700
0 0.068800 0.867500 0.014800 0.019400
0 0.190200 0.178300 0.016400 0.017300
0 0.706000 0.843000 0.016000 0.018500
0 0.941100 0.781800 0.014100 0.022900
0 0.872200 0.931600 0.016600 0.020400
0 0.879000 0.321500 0.015800 0.018300
0 0.779200 0.710300 0.016000 0.018100
0 0.216800 0.154600 0.015300 0.017400
0 0.731900 0.318300 0.015200 0.021300
0 0.496300 0.734300 0.015100 0.021100
0 0.143400 0.720400 0.015300 0.019800
0 0.760600 0.196400 0.015500 0.019100
0 0.729100 0.093300 0.015000 0.021000
0 0.391800 0.405600 0.016300 0.018400
0 0.440100 0.292100 0.015700 0.018800
0 0.256900 0.557100 0.013100 0.020800
0 0.581100 0.804100 0.014600 0.020300
0 0.178600 0.289100 0.015100 0.019700
0 0.496500 0.879200 0.014100 0.019400
0 0.167600 0.767300 0.015300 0.017900
0 0.942800 0.946300 0.017600 0.019100
0 0.382700 0.091600 0.013300 0.022900
0 0.164500 0.492400 0.013900 0.020900
0 0.765400 0.556300 0.015500 0.019500
0 0.302900 0.644400 0.016300 0.021500
0 0.420700 0.353500 0.014500 0.018700
0 0.530400 0.369200 0.014900 0.017800
0 0.510900 0.678600 0.014300 0.020600
0 0.284800 0.103400 0.016100 0.019900
0 0.429600 0.619500 0.015800 0.024100
0 0.609900 0.480300 0.011700 0.021800
0 0.510800 0.520300 0.013600 0.022300
0 0.944400 0.602600 0.017400 0.020600
0 0.881000 0.477900 0.014700 0.021800
0 0.403800 0.307800 0.016900 0.018200
0 0.669300 0.756300 0.015400 0.025800
0 0.520100 0.281700 0.014900 0.019000
0 0.051800 0.734000 0.014200 0.020700
0 0.480200 0.409500 0.014400 0.020900
0 0.870900 0.743400 0.014800 0.021200
0 0.081900 0.758400 0.014900 0.021100
0 0.584300 0.055500 0.015200 0.018900
0 0.904300 0.131100 0.015600 0.019500
0 0.518500 0.806000 0.013900 0.021300
0 0.618000 0.806100 0.014200 0.021400
0 0.269100 0.406300 0.015200 0.021000
0 0.452800 0.953000 0.014800 0.020500
0 0.155000 0.834100 0.014800 0.020700
0 0.894000 0.502800 0.017000 0.019600
0 0.090300 0.640900 0.014000 0.018100
0 0.885500 0.210500 0.013500 0.019100
0 0.140600 0.160300 0.016700 0.019100
0 0.430300 0.140000 0.015400 0.021600
0 0.764200 0.082200 0.015600 0.019900
0 0.255600 0.178900 0.013000 0.023700
0 0.459300 0.542100 0.015100 0.020500
0 0.258200 0.928000 0.014400 0.021200
0 0.667700 0.781500 0.015400 0.026700
0 0.165100 0.332900 0.016300 0.018900
0 0.977700 0.294000 0.012800 0.018100
0 0.472000 0.595900 0.014300 0.023700
0 0.189000 0.054200 0.014600 0.020000
0 0.685700 0.808600 0.017100 0.021800
0 0.552600 0.458100 0.012600 0.022100
0 0.893500 0.115300 0.014100 0.020900
0 0.684500 0.432200 0.015400 0.023700
0 0.707500 0.905100 0.018100 0.020300
0 0.429100 0.345300 0.014600 0.018500
0 0.733400 0.726800 0.015600 0.021100
0 0.330200 0.056600 0.014100 0.028000
0 0.503300 0.968200 0.014900 0.018500
0 0.381200 0.741400 0.015000 0.021400
0 0.068200 0.068900 0.014400 0.020000
0 0.132800 0.476900 0.014900 0.018800
0 0.551600 0.297500 0.015000 0.018400
0 0.272900 0.433000 0.015900 0.022200
0 0.260500 0.596100 0.012700 0.025400
0 0.017200 0.406300 0.014400 0.017200
0 0.251900 0.603800 0.014700 0.019500
0 0.501200 0.469800 0.011600 0.025100
0 0.445800 0.315400 0.014200 0.019100
0 0.783500 0.157100 0.013400 0.023800
0 0.688900 0.266000 0.014700 0.020600
0 0.157900 0.570900 0.012700 0.019000
0 0.873500 0.805000 0.017300 0.018300
0 0.470700 0.864400 0.014100 0.019600
0 0.790700 0.509200 0.013800 0.020900
0 0.285600 0.753000 0.016600 0.018300
0 0.246900 0.884300 0.012100 0.027700
0 0.884300 0.052500 0.014800 0.019600
0 0.659000 0.820700 0.012900 0.030600
0 0.829100 0.609800 0.012900 0.024700
0 0.467500 0.477000 0.013000 0.024900
0 0.111000 0.093900 0.015800 0.020000
0 0.514600 0.402100 0.015500 0.019700
0 0.289900 0.432400 0.012500 0.025400
0 0.714300 0.979500 0.016000 0.020900
0 0.568600 0.542200 0.012100 0.025200
0 0.172000 0.610500 0.013000 0.020600
0 0.736100 0.592600 0.012500 0.026100
0 0.092300 0.841200 0.013300 0.024100
0 0.646600 0.444500 0.014400 0.018600
0 0.638900 0.481500 0.010800 0.027500
0 0.703300 0.067700 0.013500 0.022900
0 0.906300 0.827300 0.014400 0.026300
0 0.541100 0.460200 0.011900 0.023700
0 0.859400 0.166800 0.012000 0.029300
0 0.894800 0.633200 0.014800 0.025300
0 0.083000 0.385400 0.013700 0.019000
0 0.970100 0.621600 0.013300 0.023200
0 0.082700 0.448200 0.013800 0.017200
0 0.971100 0.248400 0.015400 0.019000
0 0.208100 0.244200 0.011200 0.029700
0 0.978900 0.155300 0.017200 0.020200
0 0.241500 0.228700 0.011500 0.029800
0 0.665100 0.089700 0.011200 0.026500
0 0.039300 0.017700 0.013500 0.022200
0 0.885200 0.970700 0.014100 0.022600
0 0.880300 0.385300 0.014400 0.023000
0 0.785600 0.273300 0.013500 0.021800
0 0.336200 0.965600 0.015000 0.019900
0 0.970400 0.542700 0.012100 0.029800
0 0.052400 0.841200 0.011700 0.028400
0 0.761000 0.776900 0.017100 0.019000
0 0.249000 0.644200 0.014800 0.020900
0 0.236100 0.339900 0.011200 0.028200
0 0.953900 0.730000 0.010800 0.032600
0 0.959000 0.020500 0.015900 0.023600
0 0.444200 0.226600 0.014000 0.024800
0 0.248300 0.976700 0.012600 0.021800
0 0.481300 0.485400 0.011600 0.023700
0 0.145200 0.469000 0.012000 0.021700
0 0.628500 0.179000 0.012500 0.030800
0 0.778400 0.385700 0.013300 0.020600
0 0.740900 0.016100 0.011600 0.027700
0 0.588900 0.080600 0.014000 0.019800
0 0.168300 0.573000 0.012900 0.020400
0 0.820000 0.405100 0.012200 0.031200
0 0.458500 0.372800 0.013200 0.024300
0 0.294700 0.119700 0.010500 0.031900
0 0.017400 0.415900 0.015400 0.017700
0 0.476400 0.379800 0.014700 0.019900
0 0.851000 0.576800 0.014100 0.022000
0 0.153600 0.585800 0.013700 0.019500
0 0.173900 0.535000 0.013000 0.017800
0 0.680500 0.221900 0.012200 0.032300
0 0.919100 0.726000 0.015400 0.020600
0 0.073700 0.592200 0.014500 0.023300
0 0.344100 0.886100 0.014000 0.021500
0 0.538600 0.966600 0.015500 0.019200
0 0.064200 0.306200 0.013200 0.022200
0 0.761200 0.653700 0.015300 0.023300
0 0.861500 0.190300 0.014500 0.023600
0 0.488300 0.529400 0.012400 0.026700
0 0.094000 0.440200 0.012400 0.020000
0 0.145900 0.189700 0.011600 0.023200
0 0.174000 0.744900 0.015300 0.020000
0 0.794400 0.526700 0.014700 0.019700
0 0.440600 0.641500 0.010700 0.036600
0 0.451900 0.165600 0.013200 0.023400
0 0.373600 0.378100 0.014400 0.017100
0 0.839400 0.611100 0.016100 0.020100
0 0.354000 0.864700 0.014000 0.025100
0 0.272500 0.739300 0.014900 0.019400
0 0.531800 0.914200 0.012200 0.027100
0 0.133000 0.970000 0.016400 0.019600
0 0.563500 0.284900 0.012700 0.020800
0 0.897000 0.223700 0.013400 0.020400
0 0.786500 0.402600 0.012200 0.026800
0 0.024200 0.677500 0.012400 0.024300
0 0.514800 0.368000 0.014600 0.019500
0 0.628300 0.458200 0.014100 0.022000
0 0.688900 0.415900 0.015800 0.021700
0 0.376900 0.195600 0.015100 0.023600
0 0.985600 0.167400 0.018200 0.018100
0 0.039600 0.795000 0.014400 0.022800
0 0.924300 0.492500 0.012400 0.026900
0 0.983000 0.622700 0.014600 0.020400
0 0.289500 0.979400 0.011100 0.029900
0 0.092500 0.753400 0.015100 0.020700
0 0.011200 0.033800 0.014900 0.017700
0 0.048500 0.755300 0.013900 0.021800
0 0.430800 0.373200 0.012600 0.025900
0 0.373400 0.976600 0.013600 0.021500
0 0.023100 0.298500 0.012000 0.020800
0 0.257500 0.015600 0.010100 0.030000
0 0.575900 0.723500 0.013100 0.023900
0 0.762000 0.730300 0.011100 0.029700
0 0.673400 0.723800 0.015100 0.023800
0 0.946600 0.088800 0.011700 0.022200
0 0.092188 0.129167 0.012500 0.030556
0 0.141016 0.052778 0.013281 0.030556
0 0.483594 0.840278 0.014062 0.022222
0 0.812500 0.337500 0.010937 0.030556
0 0.873047 0.334722 0.011719 0.025000
0 0.930078 0.525694 0.010156 0.026389
0 0.559375 0.734028 0.017188 0.026389
0 0.452734 0.147917 0.010156 0.018056
0 0.778125 0.988194 0.012500 0.023611
0 0.477344 0.577083 0.015625 0.023611
0 0.084375 0.582639 0.014062 0.015278
0 0.525000 0.330556 0.010937 0.019444
0 0.594141 0.102083 0.017969 0.029167
0 0.087109 0.465972 0.016406 0.018056
0 0.101172 0.936806 0.014844 0.026389
0 0.387109 0.968056 0.016406 0.022222
0 0.827344 0.177778 0.014062 0.030556
0 0.782422 0.012500 0.021094 0.022222
0 0.356641 0.159028 0.016406 0.026389
0 0.485156 0.081944 0.014062 0.030556
0 0.005859 0.013889 0.011719 0.022222
0 0.789062 0.813194 0.017188 0.023611
0 0.253125 0.836111 0.010937 0.036111
0 0.502734 0.984028 0.014844 0.020833
0 0.963672 0.645833 0.013281 0.022222
0 0.972656 0.639583 0.010937 0.023611
0 0.765625 0.294444 0.010937 0.033333
0 0.630078 0.061111 0.010156 0.030556
0 0.609375 0.043056 0.010937 0.027778
0 0.889063 0.961111 0.017188 0.022222
0 0.757031 0.669444 0.017188 0.022222
0 0.473437 0.524306 0.014062 0.031944
