0 0.958000 0.048000 0.016000 0.021000
0 0.978000 0.085000 0.016000 0.021000
0 0.961000 0.094000 0.016000 0.021000
0 0.953000 0.065000 0.016000 0.021000
0 0.941000 0.069000 0.016000 0.021000
0 0.972000 0.119000 0.016000 0.021000
0 0.969000 0.196000 0.016000 0.021000
0 0.981000 0.198000 0.016000 0.021000
0 0.958000 0.198000 0.016000 0.021000
0 0.956000 0.212000 0.016000 0.021000
0 0.939000 0.229000 0.016000 0.021000
0 0.934000 0.263000 0.016000 0.021000
0 0.900000 0.250000 0.016000 0.021000
0 0.914000 0.167000 0.016000 0.021000
0 0.928000 0.135000 0.016000 0.021000
0 0.883000 0.079000 0.016000 0.021000
0 0.889000 0.067000 0.016000 0.021000
0 0.844000 0.056000 0.016000 0.021000
0 0.873000 0.277000 0.016000 0.021000
0 0.878000 0.306000 0.016000 0.021000
0 0.816000 0.123000 0.016000 0.021000
0 0.883000 0.267000 0.016000 0.021000
0 0.877000 0.256000 0.016000 0.021000
0 0.838000 0.256000 0.016000 0.021000
0 0.798000 0.150000 0.016000 0.021000
0 0.788000 0.152000 0.016000 0.021000
0 0.781000 0.087000 0.016000 0.021000
0 0.770000 0.102000 0.016000 0.021000
0 0.917000 0.394000 0.016000 0.021000
0 0.903000 0.402000 0.016000 0.021000
0 0.856000 0.358000 0.016000 0.021000
0 0.844000 0.344000 0.016000 0.021000
0 0.841000 0.329000 0.016000 0.021000
0 0.850000 0.315000 0.016000 0.021000
0 0.811000 0.292000 0.016000 0.021000
0 0.819000 0.342000 0.016000 0.021000
0 0.794000 0.346000 0.016000 0.021000
0 0.800000 0.329000 0.016000 0.021000
0 0.791000 0.327000 0.016000 0.021000
0 0.784000 0.369000 0.016000 0.021000
0 0.786000 0.388000 0.016000 0.021000
0 0.844000 0.440000 0.016000 0.021000
0 0.822000 0.450000 0.016000 0.021000
0 0.875000 0.442000 0.016000 0.021000
0 0.936000 0.471000 0.016000 0.021000
0 0.925000 0.462000 0.016000 0.021000
0 0.723000 0.287000 0.016000 0.021000
0 0.714000 0.163000 0.016000 0.021000
0 0.706000 0.138000 0.016000 0.021000
0 0.716000 0.106000 0.016000 0.021000
0 0.673000 0.058000 0.016000 0.021000
0 0.669000 0.069000 0.016000 0.021000
0 0.666000 0.102000 0.016000 0.021000
0 0.669000 0.256000 0.016000 0.021000
0 0.664000 0.281000 0.016000 0.021000
0 0.661000 0.300000 0.016000 0.021000
0 0.713000 0.367000 0.016000 0.021000
0 0.713000 0.398000 0.016000 0.021000
0 0.698000 0.406000 0.016000 0.021000
0 0.636000 0.356000 0.016000 0.021000
0 0.616000 0.440000 0.016000 0.021000
0 0.688000 0.448000 0.016000 0.021000
0 0.670000 0.462000 0.016000 0.021000
0 0.656000 0.456000 0.016000 0.021000
0 0.708000 0.462000 0.016000 0.021000
0 0.864000 0.502000 0.016000 0.021000
0 0.852000 0.508000 0.016000 0.021000
0 0.836000 0.510000 0.016000 0.021000
0 0.902000 0.517000 0.016000 0.021000
0 0.875000 0.510000 0.016000 0.021000
0 0.858000 0.542000 0.016000 0.021000
0 0.870000 0.556000 0.016000 0.021000
0 0.906000 0.556000 0.016000 0.021000
0 0.920000 0.569000 0.016000 0.021000
0 0.961000 0.535000 0.016000 0.021000
0 0.745000 0.117000 0.016000 0.021000
0 0.714000 0.542000 0.016000 0.021000
0 0.608000 0.077000 0.016000 0.021000
0 0.616000 0.090000 0.016000 0.021000
0 0.597000 0.154000 0.016000 0.021000
0 0.583000 0.167000 0.016000 0.021000
0 0.592000 0.173000 0.016000 0.021000
0 0.580000 0.244000 0.016000 0.021000
0 0.613000 0.252000 0.016000 0.021000
0 0.552000 0.317000 0.016000 0.021000
0 0.533000 0.329000 0.016000 0.021000
0 0.550000 0.258000 0.016000 0.021000
0 0.531000 0.458000 0.016000 0.021000
0 0.544000 0.477000 0.016000 0.021000
0 0.555000 0.506000 0.016000 0.021000
0 0.567000 0.477000 0.016000 0.021000
0 0.577000 0.490000 0.016000 0.021000
0 0.614000 0.483000 0.016000 0.021000
0 0.542000 0.523000 0.016000 0.021000
0 0.534000 0.537000 0.016000 0.021000
0 0.505000 0.531000 0.016000 0.021000
0 0.508000 0.504000 0.016000 0.021000
0 0.584000 0.360000 0.016000 0.021000
0 0.514000 0.398000 0.016000 0.021000
0 0.513000 0.406000 0.016000 0.021000
0 0.492000 0.415000 0.016000 0.021000
0 0.480000 0.394000 0.016000 0.021000
0 0.486000 0.367000 0.016000 0.021000
0 0.464000 0.404000 0.016000 0.021000
0 0.450000 0.404000 0.016000 0.021000
0 0.450000 0.310000 0.016000 0.021000
0 0.459000 0.304000 0.016000 0.021000
0 0.464000 0.285000 0.016000 0.021000
0 0.530000 0.075000 0.016000 0.021000
0 0.445000 0.052000 0.016000 0.021000
0 0.448000 0.090000 0.016000 0.021000
0 0.409000 0.065000 0.016000 0.021000
0 0.398000 0.085000 0.016000 0.021000
0 0.425000 0.092000 0.016000 0.021000
0 0.423000 0.135000 0.016000 0.021000
0 0.427000 0.146000 0.016000 0.021000
0 0.434000 0.175000 0.016000 0.021000
0 0.408000 0.175000 0.016000 0.021000
0 0.433000 0.237000 0.016000 0.021000
0 0.438000 0.273000 0.016000 0.021000
0 0.425000 0.290000 0.016000 0.021000
0 0.331000 0.198000 0.016000 0.021000
0 0.363000 0.175000 0.016000 0.021000
0 0.375000 0.165000 0.016000 0.021000
0 0.369000 0.146000 0.016000 0.021000
0 0.366000 0.113000 0.016000 0.021000
0 0.353000 0.073000 0.016000 0.021000
0 0.347000 0.052000 0.016000 0.021000
0 0.339000 0.035000 0.016000 0.021000
0 0.319000 0.046000 0.016000 0.021000
0 0.275000 0.067000 0.016000 0.021000
0 0.286000 0.073000 0.016000 0.021000
0 0.294000 0.090000 0.016000 0.021000
0 0.283000 0.098000 0.016000 0.021000
0 0.297000 0.119000 0.016000 0.021000
0 0.308000 0.119000 0.016000 0.021000
0 0.300000 0.146000 0.016000 0.021000
0 0.464000 0.544000 0.016000 0.021000
0 0.458000 0.579000 0.016000 0.021000
0 0.409000 0.540000 0.016000 0.021000
0 0.419000 0.529000 0.016000 0.021000
0 0.422000 0.469000 0.016000 0.021000
0 0.430000 0.452000 0.016000 0.021000
0 0.409000 0.440000 0.016000 0.021000
0 0.411000 0.381000 0.016000 0.021000
0 0.386000 0.331000 0.016000 0.021000
0 0.309000 0.302000 0.016000 0.021000
0 0.325000 0.352000 0.016000 0.021000
0 0.389000 0.446000 0.016000 0.021000
0 0.367000 0.479000 0.016000 0.021000
0 0.394000 0.542000 0.016000 0.021000
0 0.381000 0.548000 0.016000 0.021000
0 0.372000 0.552000 0.016000 0.021000
0 0.370000 0.585000 0.016000 0.021000
0 0.327000 0.465000 0.016000 0.021000
0 0.294000 0.444000 0.016000 0.021000
0 0.292000 0.425000 0.016000 0.021000
0 0.197000 0.044000 0.016000 0.021000
0 0.186000 0.054000 0.016000 0.021000
0 0.130000 0.054000 0.016000 0.021000
0 0.097000 0.027000 0.016000 0.021000
0 0.069000 0.033000 0.016000 0.021000
0 0.122000 0.062000 0.016000 0.021000
0 0.056000 0.150000 0.016000 0.021000
0 0.064000 0.146000 0.016000 0.021000
0 0.075000 0.135000 0.016000 0.021000
0 0.106000 0.131000 0.016000 0.021000
0 0.166000 0.092000 0.016000 0.021000
0 0.178000 0.110000 0.016000 0.021000
0 0.219000 0.117000 0.016000 0.021000
0 0.239000 0.119000 0.016000 0.021000
0 0.220000 0.135000 0.016000 0.021000
0 0.206000 0.179000 0.016000 0.021000
0 0.220000 0.175000 0.016000 0.021000
0 0.219000 0.194000 0.016000 0.021000
0 0.217000 0.225000 0.016000 0.021000
0 0.205000 0.233000 0.016000 0.021000
0 0.061000 0.285000 0.016000 0.021000
0 0.070000 0.269000 0.016000 0.021000
0 0.069000 0.371000 0.016000 0.021000
0 0.120000 0.369000 0.016000 0.021000
0 0.161000 0.348000 0.016000 0.021000
0 0.170000 0.369000 0.016000 0.021000
0 0.180000 0.340000 0.016000 0.021000
0 0.188000 0.352000 0.016000 0.021000
0 0.248000 0.315000 0.016000 0.021000
0 0.239000 0.342000 0.016000 0.021000
0 0.223000 0.410000 0.016000 0.021000
0 0.242000 0.410000 0.016000 0.021000
0 0.259000 0.398000 0.016000 0.021000
0 0.267000 0.410000 0.016000 0.021000
0 0.244000 0.429000 0.016000 0.021000
0 0.239000 0.448000 0.016000 0.021000
0 0.234000 0.467000 0.016000 0.021000
0 0.245000 0.460000 0.016000 0.021000
0 0.231000 0.537000 0.016000 0.021000
0 0.205000 0.556000 0.016000 0.021000
0 0.172000 0.573000 0.016000 0.021000
0 0.178000 0.550000 0.016000 0.021000
0 0.078000 0.494000 0.016000 0.021000
0 0.045000 0.506000 0.016000 0.021000
0 0.127000 0.531000 0.016000 0.021000
0 0.122000 0.546000 0.016000 0.021000
0 0.114000 0.562000 0.016000 0.021000
0 0.127000 0.656000 0.016000 0.021000
0 0.155000 0.656000 0.016000 0.021000
0 0.170000 0.650000 0.016000 0.021000
0 0.180000 0.613000 0.016000 0.021000
0 0.225000 0.660000 0.016000 0.021000
0 0.253000 0.600000 0.016000 0.021000
0 0.308000 0.585000 0.016000 0.021000
0 0.322000 0.588000 0.016000 0.021000
0 0.317000 0.606000 0.016000 0.021000
0 0.312000 0.631000 0.016000 0.021000
0 0.300000 0.635000 0.016000 0.021000
0 0.347000 0.644000 0.016000 0.021000
0 0.427000 0.648000 0.016000 0.021000
0 0.600000 0.550000 0.016000 0.021000
0 0.584000 0.562000 0.016000 0.021000
0 0.608000 0.569000 0.016000 0.021000
0 0.678000 0.585000 0.016000 0.021000
0 0.761000 0.581000 0.016000 0.021000
0 0.913000 0.650000 0.016000 0.021000
0 0.917000 0.662000 0.016000 0.021000
0 0.878000 0.681000 0.016000 0.021000
0 0.863000 0.677000 0.016000 0.021000
0 0.711000 0.615000 0.016000 0.021000
0 0.681000 0.617000 0.016000 0.021000
0 0.741000 0.662000 0.016000 0.021000
0 0.747000 0.669000 0.016000 0.021000
0 0.773000 0.662000 0.016000 0.021000
0 0.788000 0.685000 0.016000 0.021000
0 0.853000 0.744000 0.016000 0.021000
0 0.819000 0.710000 0.016000 0.021000
0 0.822000 0.731000 0.016000 0.021000
0 0.831000 0.756000 0.016000 0.021000
0 0.795000 0.715000 0.016000 0.021000
0 0.784000 0.731000 0.016000 0.021000
0 0.755000 0.729000 0.016000 0.021000
0 0.881000 0.827000 0.016000 0.021000
0 0.898000 0.858000 0.016000 0.021000
0 0.914000 0.848000 0.016000 0.021000
0 0.972000 0.862000 0.016000 0.021000
0 0.958000 0.883000 0.016000 0.021000
0 0.920000 0.877000 0.016000 0.021000
0 0.906000 0.892000 0.016000 0.021000
0 0.880000 0.892000 0.016000 0.021000
0 0.797000 0.904000 0.016000 0.021000
0 0.881000 0.925000 0.016000 0.021000
0 0.902000 0.927000 0.016000 0.021000
0 0.917000 0.929000 0.016000 0.021000
0 0.908000 0.940000 0.016000 0.021000
0 0.895000 0.954000 0.016000 0.021000
0 0.866000 0.958000 0.016000 0.021000
0 0.847000 0.958000 0.016000 0.021000
0 0.830000 0.958000 0.016000 0.021000
0 0.816000 0.965000 0.016000 0.021000
0 0.755000 0.954000 0.016000 0.021000
0 0.730000 0.929000 0.016000 0.021000
0 0.713000 0.883000 0.016000 0.021000
0 0.723000 0.806000 0.016000 0.021000
0 0.708000 0.762000 0.016000 0.021000
0 0.683000 0.727000 0.016000 0.021000
0 0.686000 0.756000 0.016000 0.021000
0 0.680000 0.819000 0.016000 0.021000
0 0.673000 0.783000 0.016000 0.021000
0 0.644000 0.810000 0.016000 0.021000
0 0.588000 0.869000 0.016000 0.021000
0 0.597000 0.858000 0.016000 0.021000
0 0.614000 0.860000 0.016000 0.021000
0 0.638000 0.898000 0.016000 0.021000
0 0.683000 0.890000 0.016000 0.021000
0 0.686000 0.923000 0.016000 0.021000
0 0.648000 0.940000 0.016000 0.021000
0 0.684000 0.954000 0.016000 0.021000
0 0.670000 0.973000 0.016000 0.021000
0 0.642000 0.958000 0.016000 0.021000
0 0.628000 0.965000 0.016000 0.021000
0 0.592000 0.963000 0.016000 0.021000
0 0.523000 0.906000 0.016000 0.021000
0 0.638000 0.775000 0.016000 0.021000
0 0.650000 0.796000 0.016000 0.021000
0 0.647000 0.760000 0.016000 0.021000
0 0.631000 0.679000 0.016000 0.021000
0 0.558000 0.621000 0.016000 0.021000
0 0.536000 0.648000 0.016000 0.021000
0 0.580000 0.731000 0.016000 0.021000
0 0.592000 0.744000 0.016000 0.021000
0 0.558000 0.769000 0.016000 0.021000
0 0.548000 0.798000 0.016000 0.021000
0 0.533000 0.729000 0.016000 0.021000
0 0.528000 0.702000 0.016000 0.021000
0 0.536000 0.690000 0.016000 0.021000
0 0.486000 0.756000 0.016000 0.021000
0 0.420000 0.762000 0.016000 0.021000
0 0.466000 0.785000 0.016000 0.021000
0 0.467000 0.808000 0.016000 0.021000
0 0.448000 0.815000 0.016000 0.021000
0 0.430000 0.862000 0.016000 0.021000
0 0.456000 0.902000 0.016000 0.021000
0 0.464000 0.933000 0.016000 0.021000
0 0.458000 0.960000 0.016000 0.021000
0 0.356000 0.956000 0.016000 0.021000
0 0.361000 0.938000 0.016000 0.021000
0 0.286000 0.942000 0.016000 0.021000
0 0.234000 0.933000 0.016000 0.021000
0 0.203000 0.925000 0.016000 0.021000
0 0.209000 0.846000 0.016000 0.021000
0 0.203000 0.812000 0.016000 0.021000
0 0.263000 0.744000 0.016000 0.021000
0 0.164000 0.721000 0.016000 0.021000
0 0.133000 0.702000 0.016000 0.021000
0 0.094000 0.744000 0.016000 0.021000
0 0.075000 0.738000 0.016000 0.021000
0 0.011000 0.742000 0.016000 0.021000
0 0.019000 0.544000 0.016000 0.021000
0 0.089000 0.908000 0.016000 0.021000
0 0.430000 0.981000 0.016000 0.021000
0 0.497000 0.981000 0.016000 0.021000
0 0.536000 0.979000 0.016000 0.021000
0 0.830000 0.979000 0.016000 0.021000
0 0.919000 0.960000 0.016000 0.021000
0 0.938000 0.971000 0.016000 0.021000
0 0.967000 0.979000 0.016000 0.021000
0 0.873000 0.983000 0.016000 0.021000
0 0.273000 0.965000 0.016000 0.021000
0 0.081000 0.954000 0.016000 0.021000
0 0.047000 0.938000 0.016000 0.021000
0 0.025000 0.952000 0.016000 0.021000
0 0.634000 0.019000 0.016000 0.021000
0 0.683000 0.029000 0.016000 0.021000
0 0.695000 0.019000 0.016000 0.021000
0 0.770000 0.185000 0.016000 0.021000
0 0.978000 0.583000 0.016000 0.021000
0 0.986000 0.613000 0.016000 0.021000
0 0.980000 0.669000 0.016000 0.021000
0 0.906000 0.375000 0.016000 0.021000
0 0.853000 0.258000 0.016000 0.021000
0 0.597000 0.771000 0.016000 0.021000
0 0.427000 0.269000 0.016000 0.021000
0 0.147000 0.987000 0.016000 0.021000
0 0.817000 0.881000 0.016000 0.021000
0 0.717000 0.796000 0.016000 0.021000
0 0.184000 0.121000 0.016000 0.021000
0 0.558000 0.492000 0.016000 0.021000
0 0.580000 0.985000 0.016000 0.021000
0 0.058594 0.946528 0.010937 0.026389
0 0.007031 0.388194 0.014062 0.018056
0 0.005859 0.404167 0.010156 0.016667
0 0.008203 0.561806 0.008594 0.029167
0 0.006250 0.015972 0.009375 0.026389
0 0.214844 0.740278 0.010937 0.030556
0 0.204297 0.756944 0.010156 0.027778
0 0.082813 0.982639 0.012500 0.023611
0 0.626953 0.434028 0.013281 0.020833
0 0.457422 0.172917 0.013281 0.034722
0 0.236328 0.209028 0.011719 0.031944
0 0.933594 0.337500 0.012500 0.038889
0 0.937891 0.682639 0.011719 0.037500
0 0.964063 0.683333 0.012500 0.030556
0 0.980078 0.227778 0.014844 0.030556
0 0.865234 0.756944 0.013281 0.030556
0 0.719531 0.221528 0.010937 0.040278
0 0.011328 0.234722 0.014844 0.025000
0 0.061328 0.103472 0.011719 0.031944
0 0.041016 0.124306 0.010156 0.029167
0 0.046094 0.100000 0.010937 0.025000
0 0.010547 0.109028 0.011719 0.031944
0 0.017188 0.026389 0.014062 0.027778
0 0.055469 0.326389 0.015625 0.025000
0 0.037109 0.213889 0.011719 0.033333
0 0.050000 0.232639 0.010937 0.034722
0 0.081641 0.311806 0.014844 0.029167
0 0.101172 0.258333 0.013281 0.027778
0 0.171094 0.207639 0.017188 0.023611
0 0.204688 0.070833 0.012500 0.036111
0 0.149609 0.331250 0.010156 0.031944
0 0.258984 0.354167 0.011719 0.030556
0 0.341797 0.330556 0.016406 0.025000
0 0.347266 0.217361 0.010156 0.034722
0 0.479688 0.086111 0.014062 0.022222
0 0.135937 0.193056 0.010937 0.033333
0 0.163672 0.399306 0.011719 0.029167
0 0.105469 0.902083 0.012500 0.034722
0 0.372656 0.652778 0.012500 0.027778
0 0.360547 0.659722 0.010156 0.030556
0 0.421875 0.595139 0.012500 0.034722
0 0.480469 0.494444 0.010937 0.036111
0 0.137109 0.920833 0.016406 0.025000
0 0.276172 0.530556 0.013281 0.030556
0 0.525391 0.643750 0.013281 0.029167
0 0.519922 0.590278 0.013281 0.036111
0 0.477734 0.558333 0.014844 0.027778
0 0.694141 0.192361 0.013281 0.031944
0 0.646094 0.218056 0.010937 0.030556
0 0.622266 0.113194 0.013281 0.023611
0 0.721484 0.075694 0.013281 0.026389
0 0.693359 0.057639 0.013281 0.026389
0 0.764063 0.039583 0.012500 0.026389
0 0.778125 0.031944 0.012500 0.025000
0 0.676172 0.272917 0.011719 0.034722
0 0.820703 0.066667 0.013281 0.027778
0 0.855469 0.079861 0.014062 0.029167
0 0.824609 0.184028 0.011719 0.031944
0 0.798828 0.538889 0.011719 0.027778
0 0.717188 0.500000 0.010937 0.030556
0 0.736328 0.474306 0.010156 0.029167
0 0.690234 0.464583 0.008594 0.026389
0 0.657812 0.436806 0.009375 0.029167
0 0.751172 0.614583 0.008594 0.029167
0 0.778906 0.611111 0.012500 0.027778
0 0.696875 0.640278 0.014062 0.022222
0 0.706641 0.669444 0.013281 0.025000
0 0.768359 0.777083 0.011719 0.037500
0 0.772656 0.735417 0.009375 0.029167
0 0.921094 0.737500 0.014062 0.033333
0 0.805078 0.495139 0.011719 0.037500
0 0.819141 0.551389 0.014844 0.025000
0 0.958594 0.361806 0.012500 0.031944
0 0.994141 0.481944 0.008594 0.038889
0 0.959766 0.162500 0.011719 0.036111
0 0.925000 0.152778 0.010937 0.030556
0 0.593359 0.690972 0.011719 0.031944
0 0.551172 0.689583 0.010156 0.034722
0 0.451953 0.797222 0.013281 0.030556
0 0.851172 0.795139 0.010156 0.034722
0 0.628906 0.880556 0.010937 0.033333
0 0.148047 0.486806 0.013281 0.029167
0 0.166406 0.502083 0.014062 0.023611
0 0.124219 0.769444 0.010937 0.036111
0 0.194141 0.790278 0.016406 0.022222
0 0.251953 0.905556 0.011719 0.033333
0 0.276563 0.877083 0.015625 0.023611
0 0.129688 0.828472 0.015625 0.026389
0 0.617578 0.824306 0.013281 0.029167
0 0.749609 0.440972 0.011719 0.026389
0 0.488672 0.125694 0.016406 0.026389
0 0.508984 0.184722 0.017969 0.025000
0 0.336328 0.416667 0.016406 0.030556
0 0.363672 0.504167 0.011719 0.025000
0 0.675781 0.710417 0.012500 0.031944
0 0.647266 0.568750 0.010156 0.031944
0 0.598828 0.523611 0.010156 0.033333
0 0.552734 0.433333 0.016406 0.025000
0 0.507813 0.422222 0.010937 0.033333
0 0.947656 0.273611 0.010937 0.027778
0 0.897656 0.196528 0.015625 0.026389
0 0.805469 0.725000 0.009375 0.033333
0 0.871094 0.861806 0.010937 0.029167
0 0.497266 0.723611 0.010156 0.030556
0 0.162500 0.897917 0.015625 0.020833
0 0.873047 0.165278 0.014844 0.030556
0 0.908594 0.125000 0.012500 0.025000
0 0.869531 0.009722 0.018750 0.016667
0 0.071484 0.402778 0.013281 0.025000
0 0.025781 0.614583 0.014062 0.023611
0 0.017969 0.631944 0.014062 0.030556
0 0.114453 0.641667 0.014844 0.025000
0 0.108203 0.659722 0.011719 0.025000
0 0.298438 0.670139 0.010937 0.034722
0 0.300000 0.402778 0.009375 0.030556
0 0.382422 0.816667 0.011719 0.033333
0 0.476172 0.286111 0.013281 0.033333
0 0.402344 0.707639 0.012500 0.034722
0 0.432422 0.800694 0.011719 0.026389
0 0.494922 0.780556 0.013281 0.027778
0 0.893750 0.790972 0.014062 0.026389
0 0.520703 0.290278 0.011719 0.030556
0 0.501953 0.234722 0.016406 0.030556
0 0.444141 0.357639 0.013281 0.026389
0 0.763281 0.278472 0.010937 0.031944
0 0.352734 0.365278 0.011719 0.030556
0 0.541406 0.225694 0.009375 0.034722
0 0.031250 0.537500 0.009375 0.030556
0 0.048828 0.860417 0.017969 0.020833
0 0.062500 0.879167 0.010937 0.030556
0 0.632422 0.130556 0.008594 0.025000
0 0.626172 0.142361 0.008594 0.034722
0 0.276563 0.045139 0.015625 0.023611
0 0.758594 0.108333 0.012500 0.019444
0 0.763281 0.130556 0.009375 0.033333
