0 0.317500 0.416800 0.015600 0.021900
0 0.681900 0.119200 0.015800 0.018000
0 0.434400 0.295600 0.014600 0.021800
0 0.760300 0.196200 0.015700 0.018700
0 0.302800 0.644400 0.018000 0.021000
0 0.442900 0.515300 0.014200 0.018500
0 0.732400 0.193800 0.016000 0.020000
0 0.784000 0.819700 0.014600 0.020700
0 0.167300 0.329000 0.016100 0.021000
0 0.608300 0.441300 0.016600 0.019500
0 0.434500 0.071400 0.015100 0.020800
0 0.667300 0.294800 0.015000 0.020800
0 0.219600 0.148100 0.016700 0.018300
0 0.415800 0.169900 0.015900 0.019400
0 0.709200 0.844700 0.016500 0.019300
0 0.767000 0.091300 0.013900 0.020900
0 0.404000 0.307000 0.016400 0.019100
0 0.766100 0.146800 0.016600 0.018300
0 0.143200 0.491900 0.013900 0.019900
0 0.928700 0.721400 0.017800 0.020200
0 0.157500 0.720000 0.014700 0.020700
0 0.472400 0.491500 0.013200 0.020900
0 0.645500 0.242500 0.016300 0.022800
0 0.530100 0.369000 0.015400 0.017500
0 0.970200 0.542900 0.016500 0.020200
0 0.905700 0.129000 0.014700 0.021200
0 0.469300 0.064700 0.016300 0.020500
0 0.897000 0.630200 0.014500 0.022400
0 0.834600 0.743600 0.014900 0.019800
0 0.879400 0.807700 0.016500 0.021100
0 0.946700 0.319200 0.014500 0.022200
0 0.147300 0.153100 0.015500 0.018700
0 0.543500 0.458900 0.013600 0.021800
0 0.927400 0.421000 0.015200 0.021200
0 0.944600 0.602600 0.018600 0.020600
0 0.731800 0.771800 0.014000 0.021900
0 0.031500 0.581600 0.017400 0.020600
0 0.893400 0.093200 0.013600 0.021300
0 0.479500 0.416600 0.014200 0.022300
0 0.494800 0.557500 0.015700 0.022200
0 0.264400 0.166600 0.013800 0.023600
0 0.645000 0.381500 0.014600 0.023500
0 0.448300 0.229900 0.015700 0.020000
0 0.530700 0.442600 0.013400 0.020400
0 0.434200 0.705400 0.015100 0.023400
0 0.385300 0.270000 0.014300 0.021600
0 0.114200 0.095100 0.015100 0.020900
0 0.310000 0.267700 0.013000 0.025200
0 0.782500 0.145700 0.013400 0.024700
0 0.764500 0.557800 0.015600 0.020700
0 0.610200 0.073300 0.015700 0.018000
0 0.584700 0.453200 0.015000 0.018500
0 0.526900 0.808400 0.015000 0.018700
0 0.220400 0.834000 0.013400 0.024100
0 0.766800 0.390700 0.016800 0.022700
0 0.638900 0.481600 0.013900 0.022300
0 0.219800 0.672400 0.015400 0.020300
0 0.943100 0.490300 0.016900 0.021400
0 0.910800 0.035200 0.015000 0.019500
0 0.885400 0.210300 0.015200 0.019700
0 0.689700 0.807400 0.019100 0.021600
0 0.305400 0.720900 0.015500 0.023000
0 0.172100 0.485100 0.015800 0.019100
0 0.033200 0.608700 0.018300 0.019200
0 0.180100 0.285600 0.014200 0.020500
0 0.771700 0.719500 0.016100 0.024500
0 0.516600 0.402100 0.015400 0.021600
0 0.404000 0.431200 0.016200 0.018600
0 0.318600 0.507100 0.015800 0.024900
0 0.496300 0.877900 0.014200 0.020200
0 0.790600 0.530400 0.014000 0.022600
0 0.609800 0.481400 0.014000 0.021200
0 0.678900 0.720100 0.015900 0.025800
0 0.744400 0.390500 0.016900 0.021700
0 0.402000 0.414900 0.016100 0.019300
0 0.884900 0.610200 0.016800 0.020100
0 0.436000 0.380200 0.014800 0.019500
0 0.009600 0.033000 0.015200 0.018900
0 0.476700 0.381900 0.015200 0.020500
0 0.508700 0.471500 0.011500 0.026600
0 0.927400 0.041400 0.015000 0.021900
0 0.669100 0.758400 0.017400 0.025400
0 0.159800 0.534000 0.013600 0.020300
0 0.248500 0.882500 0.013200 0.025500
0 0.189100 0.176700 0.016200 0.017700
0 0.793400 0.503200 0.014300 0.023500
0 0.568600 0.541500 0.012100 0.024600
0 0.489800 0.743200 0.013600 0.027400
0 0.859500 0.167300 0.014100 0.028400
0 0.596900 0.797000 0.013800 0.022900
0 0.871300 0.434900 0.017300 0.020600
0 0.259800 0.931700 0.014600 0.021400
0 0.042500 0.255900 0.013900 0.027500
0 0.645200 0.444300 0.016800 0.020300
0 0.164600 0.767600 0.015500 0.022100
0 0.208400 0.243000 0.010700 0.028500
0 0.756700 0.252900 0.012000 0.026100
0 0.581400 0.715200 0.014100 0.024700
0 0.510700 0.678400 0.014600 0.021400
0 0.840200 0.609200 0.017000 0.021900
0 0.142200 0.589900 0.014600 0.020100
0 0.651400 0.430300 0.017000 0.019700
0 0.285600 0.753200 0.017000 0.018800
0 0.195800 0.892500 0.017800 0.022000
0 0.126600 0.741800 0.015400 0.021200
0 0.177800 0.559100 0.016000 0.018800
0 0.551500 0.856100 0.016100 0.021300
0 0.040100 0.020600 0.014800 0.023700
0 0.657700 0.820000 0.014800 0.029000
0 0.295500 0.239400 0.014200 0.022600
0 0.089200 0.592300 0.016300 0.018800
0 0.340300 0.494400 0.015600 0.026800
0 0.234700 0.697100 0.013600 0.023600
0 0.385000 0.683400 0.014200 0.027200
0 0.847300 0.797000 0.020800 0.019100
0 0.692600 0.760400 0.016300 0.023100
0 0.483800 0.697600 0.016000 0.019500
0 0.514900 0.943800 0.015200 0.023400
0 0.631100 0.539700 0.014900 0.021500
0 0.458600 0.970900 0.016000 0.022000
0 0.108600 0.722700 0.011700 0.025100
0 0.628900 0.178900 0.013100 0.029400
0 0.927800 0.929100 0.018300 0.021500
0 0.046400 0.691400 0.010600 0.027200
0 0.022600 0.685300 0.012700 0.022900
0 0.894100 0.040100 0.013500 0.022700
0 0.867100 0.829600 0.015300 0.021800
0 0.172400 0.610500 0.014200 0.019600
0 0.761000 0.310300 0.012200 0.030900
0 0.069500 0.871300 0.015700 0.026900
0 0.469600 0.860400 0.016200 0.022500
0 0.348100 0.372500 0.015000 0.021300
0 0.709600 0.905700 0.014700 0.023400
0 0.348300 0.857000 0.015100 0.024700
0 0.253900 0.833300 0.011300 0.033100
0 0.642200 0.173100 0.014500 0.022000
0 0.879200 0.322100 0.016900 0.021500
0 0.696000 0.903900 0.014000 0.025100
0 0.083500 0.385600 0.013500 0.021200
0 0.551500 0.654200 0.014800 0.022900
0 0.453200 0.891800 0.015400 0.023300
0 0.871500 0.697400 0.016700 0.021000
0 0.560800 0.633800 0.016000 0.022800
0 0.095500 0.843600 0.016500 0.021500
0 0.260200 0.602300 0.013300 0.027800
0 0.896100 0.222900 0.016100 0.020100
0 0.157400 0.609900 0.013400 0.021700
0 0.143300 0.677500 0.014000 0.021300
0 0.141800 0.058600 0.011500 0.032000
0 0.111300 0.441200 0.012900 0.021200
0 0.447200 0.314400 0.015600 0.021900
0 0.473400 0.527000 0.013900 0.021600
0 0.883600 0.331000 0.017600 0.023300
0 0.488600 0.078600 0.014100 0.019500
0 0.039800 0.073200 0.013800 0.019200
0 0.326100 0.602700 0.013300 0.024500
0 0.543500 0.632000 0.014100 0.021800
0 0.247000 0.670400 0.013700 0.021800
0 0.297000 0.118700 0.010400 0.035500
0 0.102400 0.289600 0.014200 0.022600
0 0.165900 0.555800 0.016600 0.018600
0 0.895600 0.114000 0.013800 0.023100
0 0.104100 0.492500 0.012000 0.023100
0 0.066200 0.915700 0.014400 0.025000
0 0.976700 0.296900 0.015400 0.024400
0 0.042900 0.639700 0.015900 0.021900
0 0.516800 0.755600 0.016600 0.020400
0 0.720700 0.107200 0.011100 0.018600
0 0.880800 0.051500 0.016500 0.021700
0 0.666200 0.783700 0.018200 0.023900
0 0.442200 0.640100 0.012700 0.030700
0 0.514000 0.371100 0.017000 0.019500
0 0.486400 0.584700 0.014700 0.027200
0 0.716200 0.016000 0.011300 0.029700
0 0.863200 0.191000 0.014600 0.023200
0 0.398000 0.752400 0.017300 0.022000
0 0.969300 0.859800 0.016800 0.022800
0 0.295000 0.979100 0.014400 0.023600
0 0.006250 0.150694 0.009375 0.023611
0 0.091016 0.121528 0.011719 0.043056
0 0.014062 0.925694 0.010937 0.031944
0 0.197656 0.961806 0.015625 0.031944
0 0.238281 0.977083 0.010937 0.023611
0 0.103125 0.645139 0.010937 0.034722
0 0.594922 0.971528 0.013281 0.026389
0 0.894922 0.913194 0.013281 0.031944
0 0.905078 0.554861 0.013281 0.018056
0 0.905078 0.531944 0.016406 0.019444
0 0.692578 0.537500 0.011719 0.027778
0 0.762891 0.649306 0.013281 0.029167
0 0.788672 0.814583 0.014844 0.018056
0 0.837891 0.910417 0.011719 0.031944
0 0.825391 0.170833 0.011719 0.027778
0 0.830859 0.177778 0.013281 0.027778
0 0.595703 0.099306 0.016406 0.026389
0 0.549609 0.295139 0.014844 0.023611
0 0.561719 0.284028 0.012500 0.020833
0 0.236328 0.339583 0.011719 0.034722
0 0.100391 0.448611 0.013281 0.022222
0 0.098828 0.461806 0.013281 0.023611
0 0.079687 0.900694 0.010937 0.029167
0 0.007031 0.009722 0.012500 0.019444
0 0.113281 0.018750 0.014062 0.023611
0 0.008594 0.111806 0.015625 0.023611
0 0.287891 0.434722 0.011719 0.030556
0 0.075781 0.796528 0.018750 0.023611
0 0.026172 0.415278 0.016406 0.022222
0 0.016406 0.405556 0.014062 0.022222
0 0.748438 0.786111 0.014062 0.019444
0 0.763672 0.778472 0.013281 0.023611
0 0.988672 0.610417 0.011719 0.020833
0 0.980859 0.625694 0.011719 0.018056
0 0.966406 0.637500 0.012500 0.019444
0 0.970703 0.625694 0.011719 0.020833
0 0.975000 0.636111 0.010937 0.019444
0 0.875391 0.240278 0.016406 0.027778
0 0.689453 0.420139 0.013281 0.023611
0 0.685547 0.426389 0.013281 0.022222
0 0.458203 0.160417 0.011719 0.026389
0 0.461328 0.150694 0.010156 0.034722
0 0.965234 0.546528 0.013281 0.023611
0 0.663672 0.975000 0.019531 0.027778
0 0.534375 0.875000 0.010937 0.033333
