0 0.964000 0.058000 0.016000 0.021000
0 0.947000 0.060000 0.016000 0.021000
0 0.964000 0.096000 0.016000 0.021000
0 0.975000 0.123000 0.016000 0.021000
0 0.908000 0.115000 0.016000 0.021000
0 0.884000 0.102000 0.016000 0.021000
0 0.875000 0.073000 0.016000 0.021000
0 0.889000 0.071000 0.016000 0.021000
0 0.847000 0.058000 0.016000 0.021000
0 0.777000 0.081000 0.016000 0.021000
0 0.811000 0.121000 0.016000 0.021000
0 0.906000 0.169000 0.016000 0.021000
0 0.902000 0.204000 0.016000 0.021000
0 0.941000 0.221000 0.016000 0.021000
0 0.900000 0.246000 0.016000 0.021000
0 0.888000 0.300000 0.016000 0.021000
0 0.831000 0.267000 0.016000 0.021000
0 0.777000 0.115000 0.016000 0.021000
0 0.706000 0.108000 0.016000 0.021000
0 0.667000 0.065000 0.016000 0.021000
0 0.708000 0.129000 0.016000 0.021000
0 0.713000 0.160000 0.016000 0.021000
0 0.672000 0.250000 0.016000 0.021000
0 0.730000 0.296000 0.016000 0.021000
0 0.805000 0.281000 0.016000 0.021000
0 0.795000 0.321000 0.016000 0.021000
0 0.803000 0.329000 0.016000 0.021000
0 0.789000 0.344000 0.016000 0.021000
0 0.778000 0.360000 0.016000 0.021000
0 0.825000 0.340000 0.016000 0.021000
0 0.856000 0.365000 0.016000 0.021000
0 0.900000 0.365000 0.016000 0.021000
0 0.878000 0.438000 0.016000 0.021000
0 0.923000 0.458000 0.016000 0.021000
0 0.945000 0.469000 0.016000 0.021000
0 0.875000 0.375000 0.016000 0.021000
0 0.608000 0.098000 0.016000 0.021000
0 0.598000 0.067000 0.016000 0.021000
0 0.497000 0.131000 0.016000 0.021000
0 0.870000 0.498000 0.016000 0.021000
0 0.873000 0.515000 0.016000 0.021000
0 0.859000 0.508000 0.016000 0.021000
0 0.805000 0.504000 0.016000 0.021000
0 0.808000 0.527000 0.016000 0.021000
0 0.853000 0.542000 0.016000 0.021000
0 0.863000 0.560000 0.016000 0.021000
0 0.895000 0.560000 0.016000 0.021000
0 0.911000 0.571000 0.016000 0.021000
0 0.905000 0.644000 0.016000 0.021000
0 0.923000 0.723000 0.016000 0.021000
0 0.883000 0.783000 0.016000 0.021000
0 0.905000 0.852000 0.016000 0.021000
0 0.889000 0.835000 0.016000 0.021000
0 0.867000 0.846000 0.016000 0.021000
0 0.914000 0.877000 0.016000 0.021000
0 0.900000 0.896000 0.016000 0.021000
0 0.870000 0.898000 0.016000 0.021000
0 0.903000 0.925000 0.016000 0.021000
0 0.891000 0.927000 0.016000 0.021000
0 0.922000 0.935000 0.016000 0.021000
0 0.848000 0.946000 0.016000 0.021000
0 0.797000 0.904000 0.016000 0.021000
0 0.820000 0.871000 0.016000 0.021000
0 0.820000 0.758000 0.016000 0.021000
0 0.792000 0.706000 0.016000 0.021000
0 0.769000 0.671000 0.016000 0.021000
0 0.711000 0.537000 0.016000 0.021000
0 0.742000 0.675000 0.016000 0.021000
0 0.758000 0.658000 0.016000 0.021000
0 0.748000 0.725000 0.016000 0.021000
0 0.770000 0.725000 0.016000 0.021000
0 0.692000 0.640000 0.016000 0.021000
0 0.688000 0.621000 0.016000 0.021000
0 0.702000 0.615000 0.016000 0.021000
0 0.683000 0.571000 0.016000 0.021000
0 0.706000 0.408000 0.016000 0.021000
0 0.706000 0.408000 0.016000 0.021000
0 0.702000 0.394000 0.016000 0.021000
0 0.747000 0.960000 0.016000 0.021000
0 0.725000 0.925000 0.016000 0.021000
0 0.691000 0.917000 0.016000 0.021000
0 0.678000 0.944000 0.016000 0.021000
0 0.655000 0.946000 0.016000 0.021000
0 0.622000 0.958000 0.016000 0.021000
0 0.689000 0.890000 0.016000 0.021000
0 0.714000 0.885000 0.016000 0.021000
0 0.731000 0.806000 0.016000 0.021000
0 0.703000 0.756000 0.016000 0.021000
0 0.670000 0.819000 0.016000 0.021000
0 0.591000 0.877000 0.016000 0.021000
0 0.592000 0.848000 0.016000 0.021000
0 0.609000 0.862000 0.016000 0.021000
0 0.644000 0.825000 0.016000 0.021000
0 0.647000 0.806000 0.016000 0.021000
0 0.641000 0.773000 0.016000 0.021000
0 0.656000 0.744000 0.016000 0.021000
0 0.666000 0.765000 0.016000 0.021000
0 0.686000 0.746000 0.016000 0.021000
0 0.688000 0.727000 0.016000 0.021000
0 0.670000 0.706000 0.016000 0.021000
0 0.700000 0.469000 0.016000 0.021000
0 0.673000 0.467000 0.016000 0.021000
0 0.428000 0.179000 0.016000 0.021000
0 0.439000 0.152000 0.016000 0.021000
0 0.433000 0.133000 0.016000 0.021000
0 0.392000 0.092000 0.016000 0.021000
0 0.400000 0.067000 0.016000 0.021000
0 0.369000 0.113000 0.016000 0.021000
0 0.378000 0.163000 0.016000 0.021000
0 0.356000 0.173000 0.016000 0.021000
0 0.334000 0.194000 0.016000 0.021000
0 0.403000 0.171000 0.016000 0.021000
0 0.591000 0.362000 0.016000 0.021000
0 0.545000 0.321000 0.016000 0.021000
0 0.536000 0.331000 0.016000 0.021000
0 0.467000 0.279000 0.016000 0.021000
0 0.431000 0.231000 0.016000 0.021000
0 0.391000 0.327000 0.016000 0.021000
0 0.334000 0.331000 0.016000 0.021000
0 0.331000 0.348000 0.016000 0.021000
0 0.303000 0.306000 0.016000 0.021000
0 0.255000 0.315000 0.016000 0.021000
0 0.300000 0.148000 0.016000 0.021000
0 0.305000 0.121000 0.016000 0.021000
0 0.292000 0.125000 0.016000 0.021000
0 0.302000 0.092000 0.016000 0.021000
0 0.284000 0.094000 0.016000 0.021000
0 0.286000 0.071000 0.016000 0.021000
0 0.272000 0.065000 0.016000 0.021000
0 0.348000 0.065000 0.016000 0.021000
0 0.356000 0.054000 0.016000 0.021000
0 0.347000 0.040000 0.016000 0.021000
0 0.325000 0.050000 0.016000 0.021000
0 0.244000 0.125000 0.016000 0.021000
0 0.227000 0.129000 0.016000 0.021000
0 0.220000 0.117000 0.016000 0.021000
0 0.172000 0.098000 0.016000 0.021000
0 0.178000 0.115000 0.016000 0.021000
0 0.214000 0.223000 0.016000 0.021000
0 0.180000 0.206000 0.016000 0.021000
0 0.111000 0.127000 0.016000 0.021000
0 0.125000 0.067000 0.016000 0.021000
0 0.073000 0.144000 0.016000 0.021000
0 0.050000 0.242000 0.016000 0.021000
0 0.075000 0.275000 0.016000 0.021000
0 0.066000 0.287000 0.016000 0.021000
0 0.061000 0.323000 0.016000 0.021000
0 0.084000 0.319000 0.016000 0.021000
0 0.050000 0.344000 0.016000 0.021000
0 0.075000 0.369000 0.016000 0.021000
0 0.127000 0.367000 0.016000 0.021000
0 0.147000 0.340000 0.016000 0.021000
0 0.156000 0.352000 0.016000 0.021000
0 0.167000 0.365000 0.016000 0.021000
0 0.192000 0.367000 0.016000 0.021000
0 0.164000 0.406000 0.016000 0.021000
0 0.233000 0.408000 0.016000 0.021000
0 0.256000 0.404000 0.016000 0.021000
0 0.277000 0.415000 0.016000 0.021000
0 0.444000 0.350000 0.016000 0.021000
0 0.481000 0.360000 0.016000 0.021000
0 0.561000 0.435000 0.016000 0.021000
0 0.606000 0.485000 0.016000 0.021000
0 0.598000 0.512000 0.016000 0.021000
0 0.562000 0.623000 0.016000 0.021000
0 0.577000 0.721000 0.016000 0.021000
0 0.559000 0.704000 0.016000 0.021000
0 0.606000 0.756000 0.016000 0.021000
0 0.567000 0.773000 0.016000 0.021000
0 0.545000 0.804000 0.016000 0.021000
0 0.559000 0.765000 0.016000 0.021000
0 0.503000 0.713000 0.016000 0.021000
0 0.497000 0.742000 0.016000 0.021000
0 0.491000 0.758000 0.016000 0.021000
0 0.502000 0.790000 0.016000 0.021000
0 0.467000 0.812000 0.016000 0.021000
0 0.459000 0.779000 0.016000 0.021000
0 0.452000 0.806000 0.016000 0.021000
0 0.434000 0.794000 0.016000 0.021000
0 0.427000 0.856000 0.016000 0.021000
0 0.456000 0.904000 0.016000 0.021000
0 0.519000 0.900000 0.016000 0.021000
0 0.464000 0.940000 0.016000 0.021000
0 0.467000 0.960000 0.016000 0.021000
0 0.544000 0.535000 0.016000 0.021000
0 0.537000 0.525000 0.016000 0.021000
0 0.556000 0.515000 0.016000 0.021000
0 0.575000 0.498000 0.016000 0.021000
0 0.562000 0.483000 0.016000 0.021000
0 0.548000 0.496000 0.016000 0.021000
0 0.539000 0.481000 0.016000 0.021000
0 0.537000 0.458000 0.016000 0.021000
0 0.481000 0.412000 0.016000 0.021000
0 0.481000 0.390000 0.016000 0.021000
0 0.467000 0.400000 0.016000 0.021000
0 0.475000 0.565000 0.016000 0.021000
0 0.416000 0.523000 0.016000 0.021000
0 0.425000 0.479000 0.016000 0.021000
0 0.419000 0.452000 0.016000 0.021000
0 0.317000 0.456000 0.016000 0.021000
0 0.347000 0.631000 0.016000 0.021000
0 0.323000 0.631000 0.016000 0.021000
0 0.314000 0.610000 0.016000 0.021000
0 0.241000 0.473000 0.016000 0.021000
0 0.233000 0.444000 0.016000 0.021000
0 0.238000 0.425000 0.016000 0.021000
0 0.175000 0.498000 0.016000 0.021000
0 0.083000 0.494000 0.016000 0.021000
0 0.134000 0.527000 0.016000 0.021000
0 0.125000 0.537000 0.016000 0.021000
0 0.175000 0.554000 0.016000 0.021000
0 0.175000 0.571000 0.016000 0.021000
0 0.263000 0.596000 0.016000 0.021000
0 0.298000 0.644000 0.016000 0.021000
0 0.309000 0.646000 0.016000 0.021000
0 0.230000 0.660000 0.016000 0.021000
0 0.172000 0.610000 0.016000 0.021000
0 0.169000 0.650000 0.016000 0.021000
0 0.150000 0.662000 0.016000 0.021000
0 0.116000 0.660000 0.016000 0.021000
0 0.136000 0.704000 0.016000 0.021000
0 0.153000 0.719000 0.016000 0.021000
0 0.194000 0.823000 0.016000 0.021000
0 0.202000 0.842000 0.016000 0.021000
0 0.134000 0.823000 0.016000 0.021000
0 0.283000 0.871000 0.016000 0.021000
0 0.256000 0.892000 0.016000 0.021000
0 0.109000 0.896000 0.016000 0.021000
0 0.092000 0.900000 0.016000 0.021000
0 0.067000 0.894000 0.016000 0.021000
0 0.058000 0.867000 0.016000 0.021000
0 0.134000 0.925000 0.016000 0.021000
0 0.206000 0.925000 0.016000 0.021000
0 0.284000 0.942000 0.016000 0.021000
0 0.361000 0.944000 0.016000 0.021000
0 0.928000 0.750000 0.016000 0.021000
0 0.019000 0.542000 0.016000 0.021000
0 0.020000 0.558000 0.016000 0.021000
0 0.095000 0.025000 0.016000 0.021000
0 0.636000 0.027000 0.016000 0.021000
0 0.783000 0.031000 0.016000 0.021000
0 0.766000 0.027000 0.016000 0.021000
0 0.861000 0.017000 0.016000 0.021000
0 0.980000 0.665000 0.016000 0.021000
0 0.956000 0.977000 0.016000 0.021000
0 0.816000 0.973000 0.016000 0.021000
0 0.827000 0.975000 0.016000 0.021000
0 0.838000 0.965000 0.016000 0.021000
0 0.863000 0.958000 0.016000 0.021000
0 0.894000 0.960000 0.016000 0.021000
0 0.931000 0.971000 0.016000 0.021000
0 0.919000 0.952000 0.016000 0.021000
0 0.906000 0.944000 0.016000 0.021000
0 0.891000 0.983000 0.016000 0.021000
0 0.967000 0.973000 0.016000 0.021000
0 0.673000 0.979000 0.016000 0.021000
0 0.595000 0.969000 0.016000 0.021000
0 0.534000 0.983000 0.016000 0.021000
0 0.500000 0.977000 0.016000 0.021000
0 0.425000 0.973000 0.016000 0.021000
0 0.352000 0.971000 0.016000 0.021000
0 0.272000 0.979000 0.016000 0.021000
0 0.147000 0.981000 0.016000 0.021000
0 0.080000 0.979000 0.016000 0.021000
0 0.094000 0.971000 0.016000 0.021000
0 0.033000 0.956000 0.016000 0.021000
0 0.061000 0.940000 0.016000 0.021000
0 0.711000 0.025000 0.016000 0.021000
0 0.127000 0.048000 0.016000 0.021000
0 0.984000 0.221000 0.016000 0.021000
0 0.281000 0.058000 0.016000 0.021000
0 0.305000 0.594000 0.016000 0.021000
0 0.816000 0.510000 0.016000 0.021000
0 0.271484 0.011806 0.016406 0.023611
0 0.120703 0.013194 0.017969 0.026389
0 0.993359 0.478472 0.011719 0.037500
0 0.954297 0.156250 0.010156 0.037500
0 0.783984 0.377083 0.011719 0.034722
0 0.700000 0.182639 0.012500 0.037500
0 0.354297 0.375000 0.013281 0.033333
0 0.680859 0.036111 0.011719 0.036111
0 0.694531 0.061111 0.014062 0.038889
0 0.980078 0.084028 0.011719 0.037500
0 0.530859 0.720833 0.011719 0.033333
0 0.344922 0.204861 0.013281 0.029167
0 0.311719 0.015278 0.017188 0.030556
0 0.674609 0.271528 0.014844 0.031944
0 0.519922 0.577778 0.013281 0.033333
0 0.845703 0.245833 0.010156 0.038889
0 0.660547 0.307639 0.014844 0.023611
0 0.664844 0.284722 0.010937 0.033333
0 0.669922 0.104167 0.021094 0.025000
0 0.481250 0.483333 0.012500 0.036111
0 0.028906 0.531944 0.010937 0.038889
0 0.985156 0.620833 0.012500 0.027778
0 0.980469 0.600694 0.017188 0.026389
0 0.958984 0.204167 0.011719 0.022222
0 0.974219 0.188194 0.012500 0.026389
0 0.027344 0.026389 0.012500 0.025000
0 0.027734 0.041667 0.011719 0.027778
0 0.059375 0.027778 0.014062 0.025000
0 0.060156 0.091667 0.012500 0.033333
0 0.032812 0.134028 0.012500 0.031944
0 0.042578 0.110417 0.011719 0.029167
0 0.206250 0.082639 0.012500 0.029167
0 0.195313 0.057639 0.014062 0.023611
0 0.194141 0.043056 0.014844 0.025000
0 0.103516 0.267361 0.013281 0.034722
0 0.141406 0.205556 0.010937 0.033333
0 0.068359 0.397917 0.011719 0.031944
0 0.233984 0.334028 0.014844 0.026389
0 0.244141 0.221528 0.011719 0.031944
0 0.051172 0.504861 0.016406 0.020833
0 0.081641 0.736806 0.016406 0.020833
0 0.085547 0.745833 0.019531 0.016667
0 0.123828 0.781250 0.011719 0.029167
0 0.215625 0.748611 0.012500 0.033333
0 0.299219 0.679167 0.012500 0.033333
0 0.255469 0.347222 0.010937 0.033333
0 0.300781 0.397222 0.012500 0.033333
0 0.456641 0.183333 0.011719 0.036111
0 0.541016 0.231250 0.010156 0.031944
0 0.645703 0.208333 0.010156 0.036111
0 0.423828 0.591667 0.013281 0.030556
0 0.446094 0.580556 0.015625 0.022222
0 0.356250 0.664583 0.012500 0.026389
0 0.374219 0.658333 0.010937 0.033333
0 0.385156 0.805556 0.012500 0.033333
0 0.646875 0.579861 0.010937 0.029167
0 0.597656 0.543056 0.012500 0.027778
0 0.594141 0.563194 0.016406 0.023611
0 0.616016 0.571528 0.019531 0.023611
0 0.715625 0.493056 0.010937 0.033333
0 0.755469 0.580556 0.018750 0.022222
0 0.797266 0.548611 0.014844 0.030556
0 0.714844 0.357639 0.012500 0.034722
0 0.810938 0.705556 0.012500 0.033333
0 0.853125 0.786806 0.010937 0.031944
0 0.769141 0.767361 0.010156 0.031944
0 0.717578 0.795833 0.010156 0.036111
0 0.623438 0.438889 0.012500 0.025000
0 0.609375 0.433333 0.015625 0.025000
0 0.521875 0.308333 0.010937 0.038889
0 0.478516 0.296528 0.013281 0.037500
0 0.506250 0.227778 0.015625 0.030556
0 0.762891 0.105556 0.011719 0.025000
0 0.828906 0.061111 0.017188 0.022222
0 0.716406 0.078472 0.017188 0.020833
0 0.445703 0.063194 0.011719 0.034722
0 0.368359 0.593056 0.011719 0.030556
0 0.202344 0.553472 0.018750 0.023611
0 0.619531 0.830556 0.012500 0.033333
0 0.710156 0.661806 0.012500 0.029167
0 0.790234 0.686111 0.013281 0.030556
0 0.957812 0.351389 0.012500 0.036111
0 0.992578 0.197222 0.011719 0.030556
0 0.857813 0.668056 0.012500 0.022222
0 0.869141 0.684028 0.016406 0.026389
0 0.919531 0.661111 0.010937 0.033333
0 0.939844 0.674306 0.010937 0.034722
0 0.965234 0.675694 0.010156 0.031944
0 0.587891 0.672917 0.013281 0.031944
0 0.147266 0.897222 0.017969 0.025000
0 0.237500 0.938194 0.014062 0.023611
0 0.414844 0.768056 0.014062 0.030556
0 0.427734 0.640278 0.013281 0.027778
0 0.406250 0.698611 0.012500 0.030556
0 0.294141 0.451389 0.014844 0.022222
0 0.292188 0.435417 0.010937 0.020833
0 0.332812 0.422222 0.015625 0.030556
0 0.150391 0.493750 0.011719 0.029167
0 0.118750 0.563889 0.017188 0.025000
0 0.220703 0.188194 0.010156 0.026389
0 0.209375 0.175694 0.010937 0.026389
0 0.198437 0.179167 0.012500 0.027778
0 0.426172 0.263889 0.011719 0.033333
0 0.852344 0.078472 0.010937 0.031944
0 0.880078 0.158333 0.014844 0.027778
0 0.630078 0.132639 0.010156 0.034722
0 0.640625 0.129167 0.009375 0.030556
0 0.585156 0.165972 0.009375 0.037500
0 0.603125 0.164583 0.012500 0.023611
0 0.594531 0.161806 0.009375 0.031944
0 0.516016 0.181250 0.014844 0.023611
0 0.424609 0.295139 0.011719 0.034722
0 0.843359 0.332639 0.008594 0.034722
0 0.857031 0.318750 0.017188 0.026389
0 0.870703 0.268056 0.013281 0.030556
0 0.883984 0.266667 0.011719 0.033333
0 0.796875 0.138194 0.010937 0.026389
0 0.788672 0.165278 0.010156 0.030556
0 0.777344 0.604167 0.012500 0.030556
0 0.958984 0.534028 0.011719 0.040278
0 0.748047 0.436111 0.011719 0.036111
0 0.741797 0.468056 0.011719 0.030556
0 0.818359 0.454167 0.014844 0.019444
0 0.841406 0.439583 0.020312 0.023611
0 0.760547 0.288889 0.011719 0.027778
0 0.616797 0.249306 0.017969 0.018056
0 0.525391 0.697222 0.014844 0.019444
0 0.007422 0.741667 0.014844 0.025000
0 0.009766 0.567361 0.008594 0.034722
0 0.007422 0.404167 0.014844 0.022222
0 0.010937 0.390972 0.017188 0.020833
0 0.007813 0.227083 0.015625 0.026389
0 0.040234 0.197222 0.016406 0.041667
0 0.444922 0.297222 0.008594 0.033333
0 0.510156 0.393056 0.015625 0.019444
0 0.516406 0.410417 0.015625 0.020833
0 0.503125 0.419444 0.014062 0.027778
0 0.915625 0.395833 0.009375 0.027778
0 0.906250 0.406944 0.015625 0.025000
0 0.929688 0.273611 0.010937 0.033333
0 0.952344 0.263889 0.014062 0.025000
0 0.658594 0.440278 0.012500 0.036111
0 0.555078 0.263889 0.017969 0.025000
0 0.573828 0.250694 0.017969 0.023611
0 0.684375 0.450694 0.010937 0.026389
0 0.509375 0.495139 0.009375 0.034722
0 0.503906 0.535417 0.009375 0.037500
0 0.824219 0.189583 0.009375 0.034722
0 0.934375 0.333333 0.012500 0.038889
0 0.273438 0.522917 0.014062 0.029167
0 0.532422 0.647917 0.019531 0.018056
0 0.530469 0.663889 0.014062 0.025000
0 0.476172 0.083333 0.017969 0.027778
0 0.525781 0.070833 0.017188 0.022222
0 0.230078 0.538889 0.013281 0.025000
0 0.410156 0.554861 0.009375 0.029167
0 0.397266 0.553472 0.010156 0.031944
0 0.028906 0.613889 0.010937 0.027778
0 0.016406 0.642361 0.012500 0.029167
0 0.204688 0.770833 0.010937 0.033333
0 0.206250 0.789583 0.015625 0.023611
0 0.630469 0.677778 0.020312 0.025000
0 0.669922 0.583333 0.014844 0.025000
0 0.978516 0.859028 0.013281 0.026389
0 0.969531 0.878472 0.015625 0.026389
0 0.957031 0.879861 0.012500 0.034722
0 0.626562 0.887500 0.009375 0.033333
0 0.636328 0.904861 0.011719 0.034722
0 0.266406 0.750694 0.015625 0.031944
0 0.181641 0.350694 0.011719 0.034722
0 0.383984 0.438889 0.016406 0.027778
0 0.401172 0.439583 0.016406 0.023611
0 0.407813 0.375694 0.012500 0.026389
0 0.450781 0.406250 0.014062 0.026389
0 0.748438 0.619444 0.010937 0.030556
0 0.903906 0.518750 0.014062 0.029167
0 0.923047 0.140278 0.008594 0.030556
0 0.936719 0.138889 0.012500 0.025000
0 0.751562 0.120833 0.014062 0.025000
0 0.366016 0.139583 0.013281 0.034722
0 0.460156 0.539583 0.014062 0.029167
0 0.814453 0.734722 0.019531 0.019444
0 0.863281 0.747917 0.009375 0.029167
0 0.855469 0.736111 0.010937 0.030556
0 0.364453 0.477083 0.013281 0.023611
0 0.367578 0.498611 0.016406 0.033333
0 0.386719 0.558333 0.012500 0.036111
0 0.628906 0.348611 0.018750 0.027778
0 0.721484 0.207639 0.011719 0.037500
0 0.041016 0.930556 0.013281 0.027778
0 0.634375 0.956250 0.017188 0.023611
0 0.107031 0.636111 0.017188 0.019444
0 0.107813 0.646528 0.007813 0.034722
