0 0.652300 0.430500 0.014000 0.019100
0 0.393300 0.808400 0.014100 0.021200
0 0.318600 0.421400 0.014900 0.020000
0 0.870600 0.831800 0.015600 0.019100
0 0.669200 0.756500 0.013500 0.024400
0 0.494200 0.594900 0.015300 0.021300
0 0.217500 0.670200 0.015600 0.017700
0 0.541800 0.455900 0.013900 0.019200
0 0.532100 0.628500 0.015600 0.017700
0 0.445800 0.315500 0.013700 0.020500
0 0.767900 0.094100 0.014600 0.019400
0 0.691200 0.442000 0.015000 0.019700
0 0.147200 0.144900 0.015000 0.019600
0 0.703700 0.603900 0.017600 0.018900
0 0.203700 0.357100 0.016300 0.019500
0 0.944000 0.603500 0.016300 0.021000
0 0.696300 0.106100 0.012400 0.020300
0 0.684800 0.407300 0.014800 0.020600
0 0.727800 0.620500 0.014600 0.018400
0 0.482100 0.846500 0.012900 0.021000
0 0.690700 0.807800 0.017700 0.020700
0 0.881000 0.808700 0.015900 0.018800
0 0.760700 0.197000 0.015300 0.018900
0 0.930100 0.722700 0.016500 0.018800
0 0.496900 0.879900 0.015200 0.019300
0 0.530300 0.370200 0.015100 0.017300
0 0.131200 0.441100 0.013100 0.019700
0 0.528100 0.804300 0.014200 0.021400
0 0.069500 0.445300 0.014800 0.015700
0 0.017400 0.852600 0.015600 0.019100
0 0.303100 0.645000 0.016400 0.021600
0 0.117200 0.446000 0.014000 0.017500
0 0.510400 0.678900 0.014400 0.020800
0 0.379300 0.655500 0.013100 0.021900
0 0.572500 0.359700 0.015300 0.018900
0 0.779200 0.156900 0.015600 0.018200
0 0.693900 0.417800 0.013200 0.022400
0 0.064500 0.867900 0.016100 0.017900
0 0.453000 0.227600 0.015200 0.022400
0 0.415500 0.366800 0.012600 0.023400
0 0.178000 0.566900 0.015000 0.018300
0 0.285000 0.754200 0.015900 0.020000
0 0.156700 0.945400 0.017500 0.019400
0 0.477000 0.381900 0.014900 0.019400
0 0.193900 0.603700 0.013800 0.017800
0 0.403500 0.307900 0.016000 0.019300
0 0.630500 0.155500 0.013200 0.020100
0 0.665500 0.954400 0.015500 0.020200
0 0.690100 0.709900 0.015100 0.021900
0 0.516500 0.397500 0.014900 0.019900
0 0.884700 0.053800 0.014200 0.017900
0 0.760500 0.655800 0.014900 0.021200
0 0.639200 0.481600 0.010600 0.026600
0 0.093400 0.583000 0.013500 0.024100
0 0.885800 0.668500 0.015200 0.019000
0 0.903400 0.132800 0.014300 0.020200
0 0.926600 0.502400 0.014700 0.020300
0 0.604500 0.933300 0.015100 0.022900
0 0.542900 0.877900 0.013600 0.023600
0 0.342600 0.482600 0.013100 0.022700
0 0.602600 0.508300 0.010300 0.023000
0 0.843800 0.448100 0.015900 0.021200
0 0.258500 0.934500 0.013300 0.022900
0 0.182200 0.552200 0.013800 0.019600
0 0.504200 0.769500 0.012800 0.027500
0 0.779500 0.145500 0.015300 0.019000
0 0.782300 0.640300 0.013300 0.023100
0 0.780500 0.828200 0.016400 0.018300
0 0.895200 0.628200 0.014900 0.024600
0 0.453100 0.168700 0.013600 0.021700
0 0.609500 0.479800 0.011600 0.022100
0 0.480900 0.417200 0.013000 0.022300
0 0.721200 0.070600 0.013400 0.020000
0 0.972500 0.402600 0.017400 0.018400
0 0.668000 0.781500 0.013800 0.024900
0 0.347000 0.858800 0.015400 0.022300
0 0.842200 0.611100 0.018100 0.017400
0 0.314400 0.731300 0.013300 0.024800
0 0.795800 0.506300 0.013200 0.023700
0 0.885400 0.210600 0.013000 0.020200
0 0.759300 0.518000 0.013200 0.021500
0 0.169400 0.773200 0.013400 0.022400
0 0.659000 0.821700 0.012700 0.029300
0 0.408700 0.269500 0.013200 0.019900
0 0.646500 0.443600 0.013900 0.019900
0 0.568600 0.542400 0.011800 0.026000
0 0.260300 0.594700 0.011600 0.023000
0 0.908000 0.877800 0.016500 0.020900
0 0.269300 0.919800 0.011600 0.027000
0 0.510100 0.410200 0.015100 0.017600
0 0.627300 0.180900 0.011300 0.031600
0 0.173600 0.481900 0.014100 0.019100
0 0.919500 0.207700 0.011200 0.029400
0 0.752500 0.971900 0.012300 0.025400
0 0.323200 0.946300 0.011000 0.033300
0 0.281500 0.413900 0.014900 0.021200
0 0.895500 0.114300 0.013700 0.022000
0 0.576300 0.733200 0.013900 0.022400
0 0.703000 0.690800 0.012200 0.027400
0 0.514900 0.366100 0.014900 0.019100
0 0.582800 0.716300 0.012800 0.026100
0 0.582100 0.592800 0.012600 0.022200
0 0.235900 0.340400 0.011800 0.026100
0 0.542500 0.633200 0.012700 0.018300
0 0.189200 0.176200 0.015300 0.018100
0 0.448800 0.415900 0.014200 0.022200
0 0.632900 0.409100 0.011800 0.028400
0 0.970600 0.543500 0.011700 0.030100
0 0.122600 0.789200 0.015700 0.020800
0 0.059900 0.670900 0.010900 0.028300
0 0.848000 0.798200 0.017100 0.017700
0 0.673900 0.804700 0.014500 0.023300
0 0.066800 0.527400 0.012400 0.025200
0 0.115100 0.458000 0.015200 0.017900
0 0.141600 0.056700 0.012200 0.027000
0 0.032600 0.791000 0.016900 0.018700
0 0.113700 0.084400 0.014800 0.020800
0 0.874100 0.727000 0.015900 0.020200
0 0.435200 0.241600 0.014600 0.019300
0 0.164400 0.528600 0.013800 0.019000
0 0.859000 0.167200 0.011300 0.033000
0 0.373100 0.218400 0.016500 0.018400
0 0.042200 0.020300 0.014100 0.027100
0 0.147200 0.976900 0.014700 0.018700
0 0.503200 0.982400 0.012700 0.027400
0 0.297400 0.459600 0.012500 0.018900
0 0.761000 0.776600 0.017100 0.019000
0 0.766700 0.667900 0.014900 0.019400
0 0.896900 0.226800 0.012700 0.022600
0 0.772700 0.719200 0.013700 0.020300
0 0.445300 0.511300 0.015000 0.018200
0 0.481800 0.734600 0.009300 0.036200
0 0.470900 0.863700 0.014300 0.020100
0 0.138900 0.178800 0.016300 0.020200
0 0.758800 0.327100 0.011400 0.030800
0 0.372200 0.827400 0.015900 0.020600
0 0.182200 0.759900 0.010000 0.031700
0 0.229400 0.651100 0.014700 0.018400
0 0.861500 0.190700 0.013900 0.025100
0 0.605600 0.101400 0.015300 0.020900
0 0.033400 0.752600 0.014400 0.019000
0 0.301900 0.982000 0.011300 0.030000
0 0.549200 0.294400 0.016200 0.016900
0 0.439000 0.293000 0.015000 0.020000
0 0.172000 0.611100 0.013100 0.020800
0 0.471700 0.254000 0.013700 0.020600
0 0.659800 0.772200 0.013700 0.023100
0 0.170900 0.985600 0.013200 0.021800
0 0.768600 0.729000 0.009800 0.026400
0 0.131800 0.054500 0.015000 0.019800
0 0.474300 0.489400 0.012900 0.023100
0 0.260300 0.605200 0.014600 0.019100
0 0.035500 0.127300 0.013000 0.020100
0 0.474200 0.522800 0.013400 0.023700
0 0.255300 0.833700 0.009700 0.037800
0 0.127100 0.573400 0.014400 0.017400
0 0.438100 0.378100 0.011800 0.025600
0 0.250800 0.884600 0.013000 0.029700
0 0.421800 0.676300 0.013700 0.019900
0 0.014500 0.590500 0.017400 0.022400
0 0.598200 0.956900 0.012600 0.025100
0 0.371400 0.568800 0.010500 0.037500
0 0.651500 0.068200 0.013700 0.019700
0 0.647700 0.757100 0.013300 0.024000
0 0.838900 0.526100 0.012600 0.023400
0 0.668100 0.864100 0.014800 0.023500
0 0.017800 0.036000 0.014700 0.020600
0 0.271700 0.945100 0.012500 0.022700
0 0.453500 0.146700 0.011900 0.022300
0 0.147900 0.503400 0.012500 0.019900
0 0.701953 0.156944 0.014844 0.027778
0 0.641797 0.197917 0.011719 0.020833
0 0.563281 0.287500 0.012500 0.022222
0 0.392969 0.304167 0.015625 0.030556
0 0.151562 0.018750 0.018750 0.023611
0 0.005859 0.011806 0.011719 0.020833
0 0.442969 0.640278 0.014062 0.033333
0 0.608203 0.856944 0.013281 0.027778
0 0.537109 0.145833 0.013281 0.022222
0 0.055859 0.277083 0.014844 0.020833
0 0.093750 0.128472 0.010937 0.034722
0 0.166797 0.329861 0.017969 0.023611
0 0.181250 0.284722 0.017188 0.022222
0 0.207422 0.243750 0.013281 0.031944
0 0.025781 0.414583 0.015625 0.023611
0 0.017188 0.402778 0.014062 0.033333
0 0.024609 0.685417 0.014844 0.026389
0 0.072266 0.724306 0.014844 0.023611
0 0.059375 0.773611 0.012500 0.027778
0 0.050000 0.970833 0.012500 0.030556
0 0.463281 0.986111 0.012500 0.027778
0 0.716016 0.904167 0.016406 0.025000
0 0.785547 0.886111 0.011719 0.025000
0 0.800000 0.939583 0.012500 0.034722
0 0.920313 0.814583 0.015625 0.037500
0 0.846094 0.636806 0.015625 0.020833
0 0.989844 0.613889 0.010937 0.025000
0 0.983984 0.622917 0.013281 0.023611
0 0.975391 0.634722 0.011719 0.025000
0 0.964844 0.636806 0.012500 0.020833
0 0.970703 0.627778 0.010156 0.025000
0 0.977344 0.434028 0.012500 0.029167
0 0.930469 0.391667 0.014062 0.025000
0 0.933203 0.451389 0.014844 0.022222
0 0.976953 0.295833 0.011719 0.025000
0 0.963672 0.286806 0.010156 0.029167
0 0.954297 0.012500 0.011719 0.022222
0 0.886328 0.335417 0.014844 0.023611
0 0.878516 0.323611 0.014844 0.025000
0 0.828906 0.170139 0.010937 0.034722
0 0.844922 0.039583 0.013281 0.029167
0 0.771484 0.563889 0.016406 0.022222
0 0.692187 0.188889 0.012500 0.030556
0 0.628125 0.022222 0.014062 0.019444
0 0.489062 0.089583 0.014062 0.026389
0 0.392188 0.035417 0.015625 0.020833
0 0.297266 0.116667 0.013281 0.036111
0 0.325781 0.093056 0.015625 0.025000
0 0.290234 0.166667 0.016406 0.027778
0 0.264062 0.165972 0.015625 0.029167
0 0.221875 0.147917 0.020312 0.020833
0 0.083594 0.390278 0.014062 0.027778
0 0.394922 0.409722 0.014844 0.025000
0 0.244922 0.490278 0.016406 0.022222
0 0.274219 0.065972 0.015625 0.023611
0 0.511719 0.464583 0.010937 0.029167
0 0.503516 0.471528 0.013281 0.023611
0 0.494922 0.477083 0.011719 0.023611
0 0.915234 0.863889 0.017969 0.022222
0 0.467969 0.402083 0.015625 0.026389
0 0.052734 0.385417 0.014844 0.026389
0 0.030859 0.404861 0.014844 0.031944
