0 0.931000 0.100000 0.016000 0.021000
0 0.922000 0.117000 0.016000 0.021000
0 0.919000 0.338000 0.016000 0.021000
0 0.869000 0.371000 0.016000 0.021000
0 0.853000 0.373000 0.016000 0.021000
0 0.928000 0.535000 0.016000 0.021000
0 0.927000 0.588000 0.016000 0.021000
0 0.881000 0.546000 0.016000 0.021000
0 0.894000 0.531000 0.016000 0.021000
0 0.894000 0.685000 0.016000 0.021000
0 0.933000 0.708000 0.016000 0.021000
0 0.928000 0.456000 0.016000 0.021000
0 0.922000 0.440000 0.016000 0.021000
0 0.889000 0.817000 0.016000 0.021000
0 0.927000 0.900000 0.016000 0.021000
0 0.819000 0.852000 0.016000 0.021000
0 0.830000 0.894000 0.016000 0.021000
0 0.802000 0.869000 0.016000 0.021000
0 0.783000 0.900000 0.016000 0.021000
0 0.767000 0.917000 0.016000 0.021000
0 0.767000 0.877000 0.016000 0.021000
0 0.781000 0.877000 0.016000 0.021000
0 0.770000 0.862000 0.016000 0.021000
0 0.783000 0.921000 0.016000 0.021000
0 0.783000 0.942000 0.016000 0.021000
0 0.731000 0.912000 0.016000 0.021000
0 0.713000 0.908000 0.016000 0.021000
0 0.659000 0.910000 0.016000 0.021000
0 0.673000 0.890000 0.016000 0.021000
0 0.648000 0.892000 0.016000 0.021000
0 0.950000 0.494000 0.016000 0.021000
0 0.934000 0.410000 0.016000 0.021000
0 0.944000 0.410000 0.016000 0.021000
0 0.931000 0.338000 0.016000 0.021000
0 0.947000 0.079000 0.016000 0.021000
0 0.956000 0.590000 0.016000 0.021000
0 0.575000 0.875000 0.016000 0.021000
0 0.733000 0.825000 0.016000 0.021000
0 0.714000 0.842000 0.016000 0.021000
0 0.705000 0.823000 0.016000 0.021000
0 0.541000 0.933000 0.016000 0.021000
0 0.430000 0.900000 0.016000 0.021000
0 0.550000 0.831000 0.016000 0.021000
0 0.575000 0.794000 0.016000 0.021000
0 0.622000 0.767000 0.016000 0.021000
0 0.631000 0.779000 0.016000 0.021000
0 0.663000 0.792000 0.016000 0.021000
0 0.522000 0.829000 0.016000 0.021000
0 0.497000 0.810000 0.016000 0.021000
0 0.406000 0.860000 0.016000 0.021000
0 0.397000 0.906000 0.016000 0.021000
0 0.358000 0.819000 0.016000 0.021000
0 0.291000 0.879000 0.016000 0.021000
0 0.103000 0.892000 0.016000 0.021000
0 0.088000 0.867000 0.016000 0.021000
0 0.061000 0.865000 0.016000 0.021000
0 0.033000 0.767000 0.016000 0.021000
0 0.055000 0.717000 0.016000 0.021000
0 0.083000 0.685000 0.016000 0.021000
0 0.100000 0.688000 0.016000 0.021000
0 0.102000 0.698000 0.016000 0.021000
0 0.134000 0.665000 0.016000 0.021000
0 0.078000 0.644000 0.016000 0.021000
0 0.103000 0.777000 0.016000 0.021000
0 0.053000 0.777000 0.016000 0.021000
0 0.045000 0.815000 0.016000 0.021000
0 0.086000 0.817000 0.016000 0.021000
0 0.098000 0.833000 0.016000 0.021000
0 0.130000 0.817000 0.016000 0.021000
0 0.197000 0.844000 0.016000 0.021000
0 0.167000 0.775000 0.016000 0.021000
0 0.131000 0.602000 0.016000 0.021000
0 0.170000 0.558000 0.016000 0.021000
0 0.102000 0.544000 0.016000 0.021000
0 0.044000 0.537000 0.016000 0.021000
0 0.131000 0.525000 0.016000 0.021000
0 0.133000 0.512000 0.016000 0.021000
0 0.094000 0.446000 0.016000 0.021000
0 0.084000 0.467000 0.016000 0.021000
0 0.070000 0.456000 0.016000 0.021000
0 0.061000 0.431000 0.016000 0.021000
0 0.045000 0.448000 0.016000 0.021000
0 0.084000 0.352000 0.016000 0.021000
0 0.122000 0.427000 0.016000 0.021000
0 0.116000 0.406000 0.016000 0.021000
0 0.111000 0.340000 0.016000 0.021000
0 0.053000 0.323000 0.016000 0.021000
0 0.064000 0.317000 0.016000 0.021000
0 0.114000 0.285000 0.016000 0.021000
0 0.127000 0.296000 0.016000 0.021000
0 0.142000 0.290000 0.016000 0.021000
0 0.128000 0.271000 0.016000 0.021000
0 0.048000 0.150000 0.016000 0.021000
0 0.105000 0.090000 0.016000 0.021000
0 0.080000 0.092000 0.016000 0.021000
0 0.067000 0.123000 0.016000 0.021000
0 0.061000 0.142000 0.016000 0.021000
0 0.130000 0.156000 0.016000 0.021000
0 0.148000 0.123000 0.016000 0.021000
0 0.194000 0.115000 0.016000 0.021000
0 0.152000 0.096000 0.016000 0.021000
0 0.211000 0.148000 0.016000 0.021000
0 0.258000 0.140000 0.016000 0.021000
0 0.219000 0.094000 0.016000 0.021000
0 0.291000 0.127000 0.016000 0.021000
0 0.292000 0.152000 0.016000 0.021000
0 0.303000 0.115000 0.016000 0.021000
0 0.322000 0.133000 0.016000 0.021000
0 0.300000 0.181000 0.016000 0.021000
0 0.217000 0.200000 0.016000 0.021000
0 0.198000 0.225000 0.016000 0.021000
0 0.228000 0.258000 0.016000 0.021000
0 0.294000 0.208000 0.016000 0.021000
0 0.317000 0.190000 0.016000 0.021000
0 0.344000 0.179000 0.016000 0.021000
0 0.355000 0.135000 0.016000 0.021000
0 0.403000 0.165000 0.016000 0.021000
0 0.403000 0.177000 0.016000 0.021000
0 0.364000 0.206000 0.016000 0.021000
0 0.411000 0.108000 0.016000 0.021000
0 0.414000 0.067000 0.016000 0.021000
0 0.430000 0.098000 0.016000 0.021000
0 0.441000 0.106000 0.016000 0.021000
0 0.455000 0.079000 0.016000 0.021000
0 0.506000 0.108000 0.016000 0.021000
0 0.503000 0.090000 0.016000 0.021000
0 0.466000 0.127000 0.016000 0.021000
0 0.458000 0.169000 0.016000 0.021000
0 0.470000 0.204000 0.016000 0.021000
0 0.492000 0.181000 0.016000 0.021000
0 0.530000 0.140000 0.016000 0.021000
0 0.527000 0.102000 0.016000 0.021000
0 0.581000 0.100000 0.016000 0.021000
0 0.588000 0.123000 0.016000 0.021000
0 0.573000 0.146000 0.016000 0.021000
0 0.536000 0.210000 0.016000 0.021000
0 0.530000 0.229000 0.016000 0.021000
0 0.508000 0.235000 0.016000 0.021000
0 0.544000 0.242000 0.016000 0.021000
0 0.555000 0.225000 0.016000 0.021000
0 0.605000 0.229000 0.016000 0.021000
0 0.658000 0.167000 0.016000 0.021000
0 0.678000 0.171000 0.016000 0.021000
0 0.667000 0.227000 0.016000 0.021000
0 0.675000 0.260000 0.016000 0.021000
0 0.705000 0.171000 0.016000 0.021000
0 0.611000 0.129000 0.016000 0.021000
0 0.652000 0.090000 0.016000 0.021000
0 0.677000 0.098000 0.016000 0.021000
0 0.684000 0.117000 0.016000 0.021000
0 0.700000 0.129000 0.016000 0.021000
0 0.772000 0.133000 0.016000 0.021000
0 0.763000 0.163000 0.016000 0.021000
0 0.808000 0.127000 0.016000 0.021000
0 0.783000 0.171000 0.016000 0.021000
0 0.820000 0.158000 0.016000 0.021000
0 0.833000 0.156000 0.016000 0.021000
0 0.961000 0.231000 0.016000 0.021000
0 0.967000 0.265000 0.016000 0.021000
0 0.866000 0.212000 0.016000 0.021000
0 0.847000 0.233000 0.016000 0.021000
0 0.853000 0.273000 0.016000 0.021000
0 0.858000 0.312000 0.016000 0.021000
0 0.820000 0.323000 0.016000 0.021000
0 0.798000 0.271000 0.016000 0.021000
0 0.761000 0.294000 0.016000 0.021000
0 0.684000 0.279000 0.016000 0.021000
0 0.791000 0.329000 0.016000 0.021000
0 0.764000 0.348000 0.016000 0.021000
0 0.772000 0.365000 0.016000 0.021000
0 0.791000 0.365000 0.016000 0.021000
0 0.814000 0.404000 0.016000 0.021000
0 0.861000 0.419000 0.016000 0.021000
0 0.848000 0.435000 0.016000 0.021000
0 0.839000 0.450000 0.016000 0.021000
0 0.778000 0.419000 0.016000 0.021000
0 0.758000 0.415000 0.016000 0.021000
0 0.750000 0.396000 0.016000 0.021000
0 0.769000 0.467000 0.016000 0.021000
0 0.791000 0.483000 0.016000 0.021000
0 0.756000 0.502000 0.016000 0.021000
0 0.733000 0.548000 0.016000 0.021000
0 0.823000 0.554000 0.016000 0.021000
0 0.853000 0.542000 0.016000 0.021000
0 0.831000 0.610000 0.016000 0.021000
0 0.831000 0.635000 0.016000 0.021000
0 0.806000 0.648000 0.016000 0.021000
0 0.767000 0.675000 0.016000 0.021000
0 0.753000 0.690000 0.016000 0.021000
0 0.723000 0.723000 0.016000 0.021000
0 0.778000 0.717000 0.016000 0.021000
0 0.795000 0.738000 0.016000 0.021000
0 0.850000 0.777000 0.016000 0.021000
0 0.819000 0.773000 0.016000 0.021000
0 0.836000 0.706000 0.016000 0.021000
0 0.806000 0.658000 0.016000 0.021000
0 0.778000 0.600000 0.016000 0.021000
0 0.723000 0.650000 0.016000 0.021000
0 0.688000 0.698000 0.016000 0.021000
0 0.645000 0.733000 0.016000 0.021000
0 0.670000 0.650000 0.016000 0.021000
0 0.681000 0.662000 0.016000 0.021000
0 0.583000 0.719000 0.016000 0.021000
0 0.592000 0.715000 0.016000 0.021000
0 0.614000 0.658000 0.016000 0.021000
0 0.613000 0.633000 0.016000 0.021000
0 0.575000 0.627000 0.016000 0.021000
0 0.572000 0.752000 0.016000 0.021000
0 0.555000 0.758000 0.016000 0.021000
0 0.497000 0.765000 0.016000 0.021000
0 0.481000 0.756000 0.016000 0.021000
0 0.477000 0.775000 0.016000 0.021000
0 0.477000 0.725000 0.016000 0.021000
0 0.502000 0.694000 0.016000 0.021000
0 0.431000 0.771000 0.016000 0.021000
0 0.417000 0.740000 0.016000 0.021000
0 0.403000 0.721000 0.016000 0.021000
0 0.358000 0.713000 0.016000 0.021000
0 0.317000 0.742000 0.016000 0.021000
0 0.316000 0.760000 0.016000 0.021000
0 0.302000 0.762000 0.016000 0.021000
0 0.312000 0.708000 0.016000 0.021000
0 0.269000 0.700000 0.016000 0.021000
0 0.250000 0.715000 0.016000 0.021000
0 0.216000 0.708000 0.016000 0.021000
0 0.230000 0.685000 0.016000 0.021000
0 0.273000 0.658000 0.016000 0.021000
0 0.209000 0.573000 0.016000 0.021000
0 0.298000 0.546000 0.016000 0.021000
0 0.281000 0.502000 0.016000 0.021000
0 0.292000 0.481000 0.016000 0.021000
0 0.203000 0.496000 0.016000 0.021000
0 0.206000 0.444000 0.016000 0.021000
0 0.225000 0.446000 0.016000 0.021000
0 0.202000 0.415000 0.016000 0.021000
0 0.264000 0.385000 0.016000 0.021000
0 0.277000 0.358000 0.016000 0.021000
0 0.272000 0.306000 0.016000 0.021000
0 0.236000 0.321000 0.016000 0.021000
0 0.311000 0.273000 0.016000 0.021000
0 0.386000 0.281000 0.016000 0.021000
0 0.378000 0.269000 0.016000 0.021000
0 0.398000 0.265000 0.016000 0.021000
0 0.417000 0.362000 0.016000 0.021000
0 0.423000 0.338000 0.016000 0.021000
0 0.430000 0.379000 0.016000 0.021000
0 0.436000 0.402000 0.016000 0.021000
0 0.466000 0.383000 0.016000 0.021000
0 0.458000 0.412000 0.016000 0.021000
0 0.514000 0.412000 0.016000 0.021000
0 0.527000 0.433000 0.016000 0.021000
0 0.573000 0.379000 0.016000 0.021000
0 0.588000 0.338000 0.016000 0.021000
0 0.541000 0.381000 0.016000 0.021000
0 0.548000 0.419000 0.016000 0.021000
0 0.583000 0.415000 0.016000 0.021000
0 0.623000 0.408000 0.016000 0.021000
0 0.661000 0.400000 0.016000 0.021000
0 0.631000 0.350000 0.016000 0.021000
0 0.691000 0.335000 0.016000 0.021000
0 0.703000 0.412000 0.016000 0.021000
0 0.672000 0.450000 0.016000 0.021000
0 0.666000 0.473000 0.016000 0.021000
0 0.656000 0.502000 0.016000 0.021000
0 0.631000 0.550000 0.016000 0.021000
0 0.620000 0.510000 0.016000 0.021000
0 0.605000 0.483000 0.016000 0.021000
0 0.600000 0.473000 0.016000 0.021000
0 0.550000 0.494000 0.016000 0.021000
0 0.523000 0.502000 0.016000 0.021000
0 0.531000 0.517000 0.016000 0.021000
0 0.542000 0.565000 0.016000 0.021000
0 0.528000 0.542000 0.016000 0.021000
0 0.548000 0.594000 0.016000 0.021000
0 0.550000 0.621000 0.016000 0.021000
0 0.617000 0.596000 0.016000 0.021000
0 0.534000 0.648000 0.016000 0.021000
0 0.516000 0.577000 0.016000 0.021000
0 0.498000 0.581000 0.016000 0.021000
0 0.475000 0.571000 0.016000 0.021000
0 0.503000 0.521000 0.016000 0.021000
0 0.478000 0.529000 0.016000 0.021000
0 0.461000 0.654000 0.016000 0.021000
0 0.469000 0.642000 0.016000 0.021000
0 0.455000 0.631000 0.016000 0.021000
0 0.448000 0.617000 0.016000 0.021000
0 0.338000 0.673000 0.016000 0.021000
0 0.370000 0.600000 0.016000 0.021000
0 0.394000 0.608000 0.016000 0.021000
0 0.447000 0.550000 0.016000 0.021000
0 0.452000 0.494000 0.016000 0.021000
0 0.466000 0.475000 0.016000 0.021000
0 0.377000 0.458000 0.016000 0.021000
0 0.408000 0.462000 0.016000 0.021000
0 0.403000 0.435000 0.016000 0.021000
0 0.361000 0.450000 0.016000 0.021000
0 0.345000 0.421000 0.016000 0.021000
0 0.331000 0.456000 0.016000 0.021000
0 0.314000 0.467000 0.016000 0.021000
0 0.303000 0.458000 0.016000 0.021000
0 0.309000 0.427000 0.016000 0.021000
0 0.277000 0.423000 0.016000 0.021000
0 0.181000 0.448000 0.016000 0.021000
0 0.173000 0.438000 0.016000 0.021000
0 0.141000 0.433000 0.016000 0.021000
0 0.812000 0.637000 0.016000 0.021000
0 0.986000 0.158000 0.016000 0.021000
0 0.953000 0.173000 0.016000 0.021000
0 0.945000 0.175000 0.016000 0.021000
0 0.966000 0.194000 0.016000 0.021000
0 0.945000 0.206000 0.016000 0.021000
0 0.939000 0.229000 0.016000 0.021000
0 0.969000 0.219000 0.016000 0.021000
0 0.891000 0.298000 0.016000 0.021000
0 0.883000 0.325000 0.016000 0.021000
0 0.955000 0.352000 0.016000 0.021000
0 0.967000 0.304000 0.016000 0.021000
0 0.969000 0.385000 0.016000 0.021000
0 0.969000 0.490000 0.016000 0.021000
0 0.970000 0.506000 0.016000 0.021000
0 0.969000 0.573000 0.016000 0.021000
0 0.889000 0.588000 0.016000 0.021000
0 0.809000 0.523000 0.016000 0.021000
0 0.856000 0.694000 0.016000 0.021000
0 0.828000 0.656000 0.016000 0.021000
0 0.795000 0.617000 0.016000 0.021000
0 0.802000 0.590000 0.016000 0.021000
0 0.967000 0.715000 0.016000 0.021000
0 0.964000 0.765000 0.016000 0.021000
0 0.973000 0.802000 0.016000 0.021000
0 0.948000 0.865000 0.016000 0.021000
0 0.936000 0.912000 0.016000 0.021000
0 0.964000 0.958000 0.016000 0.021000
0 0.956000 0.977000 0.016000 0.021000
0 0.931000 0.971000 0.016000 0.021000
0 0.764000 0.825000 0.016000 0.021000
0 0.750000 0.885000 0.016000 0.021000
0 0.738000 0.938000 0.016000 0.021000
0 0.794000 0.973000 0.016000 0.021000
0 0.747000 0.971000 0.016000 0.021000
0 0.666000 0.967000 0.016000 0.021000
0 0.677000 0.931000 0.016000 0.021000
0 0.667000 0.929000 0.016000 0.021000
0 0.623000 0.958000 0.016000 0.021000
0 0.628000 0.977000 0.016000 0.021000
0 0.614000 0.977000 0.016000 0.021000
0 0.530000 0.925000 0.016000 0.021000
0 0.459000 0.715000 0.016000 0.021000
0 0.353000 0.971000 0.016000 0.021000
0 0.239000 0.977000 0.016000 0.021000
0 0.208000 0.958000 0.016000 0.021000
0 0.197000 0.971000 0.016000 0.021000
0 0.092000 0.946000 0.016000 0.021000
0 0.067000 0.973000 0.016000 0.021000
0 0.183000 0.406000 0.016000 0.021000
0 0.156000 0.396000 0.016000 0.021000
0 0.250000 0.440000 0.016000 0.021000
0 0.014000 0.331000 0.016000 0.021000
0 0.023000 0.227000 0.016000 0.021000
0 0.028000 0.104000 0.016000 0.021000
0 0.050000 0.094000 0.016000 0.021000
0 0.073000 0.050000 0.016000 0.021000
0 0.142000 0.069000 0.016000 0.021000
0 0.183000 0.067000 0.016000 0.021000
0 0.197000 0.060000 0.016000 0.021000
0 0.280000 0.081000 0.016000 0.021000
0 0.295000 0.092000 0.016000 0.021000
0 0.328000 0.050000 0.016000 0.021000
0 0.345000 0.029000 0.016000 0.021000
0 0.420000 0.042000 0.016000 0.021000
0 0.266000 0.323000 0.016000 0.021000
0 0.533000 0.033000 0.016000 0.021000
0 0.619000 0.037000 0.016000 0.021000
0 0.631000 0.046000 0.016000 0.021000
0 0.677000 0.027000 0.016000 0.021000
0 0.675000 0.058000 0.016000 0.021000
0 0.850000 0.081000 0.016000 0.021000
0 0.756000 0.104000 0.016000 0.021000
0 0.823000 0.129000 0.016000 0.021000
0 0.869000 0.048000 0.016000 0.021000
0 0.894000 0.042000 0.016000 0.021000
0 0.717000 0.752000 0.016000 0.021000
0 0.684000 0.602000 0.016000 0.021000
0 0.517000 0.594000 0.016000 0.021000
0 0.361000 0.223000 0.016000 0.021000
0 0.508000 0.256000 0.016000 0.021000
0 0.750000 0.642000 0.016000 0.021000
0 0.242000 0.021000 0.016000 0.021000
0 0.820000 0.979000 0.016000 0.021000
0 0.530000 0.625000 0.016000 0.021000
0 0.010156 0.983333 0.020312 0.025000
0 0.342969 0.332639 0.014062 0.026389
0 0.275000 0.932639 0.012500 0.037500
0 0.292578 0.816667 0.014844 0.033333
0 0.377344 0.665972 0.010937 0.031944
0 0.483594 0.830556 0.010937 0.036111
0 0.853516 0.020833 0.010156 0.038889
0 0.173828 0.643750 0.013281 0.034722
0 0.908594 0.759722 0.012500 0.038889
0 0.578516 0.951389 0.013281 0.036111
0 0.494531 0.960417 0.014062 0.029167
0 0.388281 0.801389 0.014062 0.030556
0 0.988672 0.309028 0.016406 0.026389
0 0.989844 0.070139 0.012500 0.034722
0 0.830078 0.022917 0.013281 0.037500
0 0.779297 0.061111 0.013281 0.036111
0 0.571484 0.322222 0.011719 0.033333
0 0.390625 0.316667 0.012500 0.036111
0 0.227734 0.558333 0.014844 0.030556
0 0.323438 0.852083 0.018750 0.029167
0 0.591016 0.845139 0.013281 0.034722
0 0.849609 0.889583 0.013281 0.040278
0 0.882813 0.731944 0.014062 0.027778
0 0.857422 0.604167 0.011719 0.030556
0 0.768750 0.252083 0.014062 0.037500
0 0.396484 0.495139 0.014844 0.026389
0 0.746094 0.534028 0.017188 0.026389
0 0.736328 0.515972 0.016406 0.023611
0 0.726953 0.508333 0.014844 0.016667
0 0.719922 0.525694 0.017969 0.026389
0 0.986328 0.510417 0.016406 0.029167
0 0.989062 0.595833 0.009375 0.036111
0 0.005469 0.371528 0.010937 0.026389
0 0.993750 0.555556 0.009375 0.027778
0 0.963281 0.620139 0.012500 0.026389
0 0.955469 0.614583 0.014062 0.026389
0 0.657812 0.652083 0.010937 0.026389
0 0.597266 0.653472 0.014844 0.026389
0 0.974609 0.711111 0.013281 0.030556
0 0.173828 0.810417 0.017969 0.020833
0 0.419531 0.647917 0.010937 0.031944
0 0.184375 0.243750 0.012500 0.034722
0 0.326562 0.072917 0.012500 0.029167
0 0.935547 0.827083 0.013281 0.029167
0 0.739062 0.272222 0.014062 0.038889
0 0.589063 0.204167 0.014062 0.036111
0 0.028125 0.818750 0.012500 0.034722
0 0.006641 0.774306 0.013281 0.029167
0 0.016406 0.913194 0.014062 0.037500
0 0.374219 0.901389 0.014062 0.041667
0 0.389062 0.840972 0.009375 0.031944
0 0.167578 0.755556 0.013281 0.038889
0 0.126563 0.777778 0.012500 0.033333
0 0.081641 0.549306 0.010156 0.043056
0 0.467969 0.309028 0.017188 0.023611
0 0.443750 0.281250 0.018750 0.023611
0 0.798047 0.154861 0.010156 0.034722
0 0.836719 0.759722 0.012500 0.036111
0 0.201562 0.527083 0.010937 0.031944
0 0.690234 0.966667 0.011719 0.027778
0 0.771875 0.319444 0.012500 0.036111
0 0.418750 0.263889 0.012500 0.027778
0 0.305078 0.233333 0.011719 0.027778
0 0.263281 0.195833 0.014062 0.036111
0 0.127734 0.095139 0.011719 0.026389
0 0.022656 0.661111 0.014062 0.030556
0 0.805469 0.473611 0.009375 0.036111
0 0.828516 0.472222 0.011719 0.036111
0 0.990234 0.262500 0.010156 0.036111
0 0.448438 0.214583 0.012500 0.029167
0 0.912891 0.159722 0.013281 0.036111
0 0.714453 0.084028 0.010156 0.031944
0 0.721875 0.084722 0.007813 0.030556
0 0.126953 0.834028 0.011719 0.034722
0 0.702344 0.853472 0.012500 0.023611
0 0.313672 0.493056 0.008594 0.027778
