0 0.507200 0.679100 0.012800 0.022600
0 0.581000 0.833200 0.016000 0.019600
0 0.781700 0.144200 0.015000 0.019000
0 0.881800 0.807500 0.015700 0.017400
0 0.066900 0.868600 0.016100 0.019000
0 0.358700 0.432500 0.013800 0.022400
0 0.220000 0.668000 0.016400 0.018500
0 0.318900 0.094100 0.013700 0.020200
0 0.394400 0.408200 0.014200 0.019600
0 0.445900 0.315500 0.013600 0.019800
0 0.669000 0.756700 0.013700 0.026400
0 0.104400 0.503800 0.012900 0.018400
0 0.694200 0.719700 0.014200 0.018700
0 0.028700 0.682800 0.013100 0.020600
0 0.418600 0.192000 0.012700 0.025100
0 0.872000 0.830700 0.017200 0.017600
0 0.121400 0.917400 0.017700 0.020200
0 0.181200 0.284900 0.013900 0.019200
0 0.716500 0.619600 0.014900 0.017900
0 0.303300 0.644700 0.017000 0.019400
0 0.943600 0.603500 0.015800 0.021300
0 0.767300 0.093800 0.015300 0.019700
0 0.941200 0.493400 0.015200 0.018500
0 0.890400 0.406800 0.014800 0.017700
0 0.691400 0.806700 0.016800 0.019600
0 0.692900 0.635500 0.015200 0.019300
0 0.246900 0.619300 0.015700 0.020500
0 0.245900 0.380300 0.015300 0.019600
0 0.846000 0.606200 0.016200 0.019500
0 0.447900 0.510400 0.014400 0.019200
0 0.770100 0.560200 0.014400 0.019400
0 0.172000 0.570100 0.014700 0.017900
0 0.507800 0.881700 0.014900 0.018900
0 0.571300 0.643400 0.014600 0.018200
0 0.560600 0.471600 0.012000 0.023200
0 0.208300 0.946800 0.016500 0.018600
0 0.368200 0.408900 0.014400 0.021700
0 0.404300 0.307200 0.017300 0.019100
0 0.056400 0.721100 0.012600 0.024700
0 0.553800 0.916200 0.016300 0.021200
0 0.467800 0.791300 0.014600 0.019700
0 0.285200 0.754300 0.015200 0.019700
0 0.606500 0.097800 0.014500 0.019200
0 0.879000 0.322400 0.016100 0.018800
0 0.453500 0.228600 0.014800 0.021400
0 0.717200 0.903100 0.015000 0.023300
0 0.648100 0.928400 0.016600 0.019200
0 0.665400 0.453400 0.012000 0.023400
0 0.528200 0.803300 0.014400 0.022000
0 0.481000 0.418000 0.013200 0.023200
0 0.131200 0.560400 0.013600 0.016900
0 0.264100 0.929500 0.013200 0.025000
0 0.170500 0.770400 0.015200 0.021900
0 0.628800 0.453200 0.014100 0.022700
0 0.181600 0.553000 0.012200 0.020700
0 0.530200 0.370300 0.014700 0.017800
0 0.639500 0.482100 0.012300 0.025400
0 0.122300 0.446000 0.014100 0.018300
0 0.115500 0.084300 0.013500 0.021400
0 0.319200 0.422500 0.012800 0.023400
0 0.929800 0.828800 0.015700 0.021900
0 0.903800 0.133200 0.015000 0.019700
0 0.146000 0.508200 0.011400 0.019400
0 0.495200 0.879500 0.013900 0.018000
0 0.152300 0.494700 0.012700 0.018000
0 0.109600 0.755500 0.012600 0.021000
0 0.323300 0.665800 0.015400 0.018500
0 0.479400 0.491000 0.013000 0.025100
0 0.285800 0.966400 0.011500 0.024600
0 0.760900 0.197200 0.016500 0.017900
0 0.148400 0.146100 0.015300 0.020100
0 0.931100 0.723300 0.016600 0.019000
0 0.383700 0.615800 0.013400 0.020800
0 0.952600 0.333100 0.012200 0.022900
0 0.223400 0.147700 0.016800 0.018000
0 0.568800 0.542000 0.011400 0.024600
0 0.796000 0.506100 0.013100 0.024800
0 0.645700 0.444400 0.013400 0.020800
0 0.907200 0.685000 0.014900 0.021000
0 0.183500 0.817600 0.013100 0.025200
0 0.498800 0.607500 0.015100 0.022200
0 0.542300 0.515600 0.013200 0.018700
0 0.477200 0.380100 0.011400 0.023100
0 0.093900 0.572600 0.014800 0.018300
0 0.777100 0.708600 0.015200 0.021200
0 0.176400 0.480700 0.014000 0.019200
0 0.033800 0.702600 0.012400 0.021300
0 0.916100 0.968700 0.014600 0.022600
0 0.580600 0.966500 0.015500 0.019500
0 0.906400 0.342300 0.011600 0.026900
0 0.694500 0.417500 0.014200 0.027400
0 0.847900 0.797900 0.016300 0.017600
0 0.457800 0.433500 0.012500 0.026600
0 0.093900 0.403100 0.013300 0.020400
0 0.836100 0.917600 0.015700 0.020800
0 0.514200 0.394500 0.015300 0.022400
0 0.576400 0.910100 0.013800 0.021400
0 0.109700 0.293900 0.016200 0.017300
0 0.658800 0.822000 0.011800 0.030300
0 0.601600 0.755700 0.014700 0.022200
0 0.208500 0.243800 0.011600 0.026100
0 0.542500 0.631800 0.010700 0.022900
0 0.515100 0.367300 0.014400 0.020100
0 0.190100 0.176200 0.015100 0.018000
0 0.498600 0.172200 0.014000 0.018200
0 0.009400 0.727300 0.014200 0.019800
0 0.701900 0.977700 0.015600 0.021600
0 0.492100 0.089800 0.015800 0.020500
0 0.895800 0.630200 0.013100 0.030400
0 0.235800 0.340700 0.011800 0.026200
0 0.019100 0.034600 0.015700 0.020900
0 0.348500 0.858900 0.014200 0.022200
0 0.271100 0.427200 0.013200 0.023000
0 0.780200 0.828600 0.014600 0.019500
0 0.172500 0.247600 0.014200 0.020300
0 0.360200 0.801500 0.015900 0.019400
0 0.529900 0.485000 0.013100 0.020100
0 0.859300 0.167400 0.011700 0.031000
0 0.452500 0.167300 0.012900 0.022800
0 0.753300 0.908300 0.011900 0.031200
0 0.895600 0.114300 0.014800 0.021600
0 0.686000 0.061100 0.014700 0.019800
0 0.118900 0.457100 0.014500 0.017300
0 0.165300 0.326300 0.017600 0.017700
0 0.761400 0.654100 0.013000 0.022400
0 0.095500 0.973100 0.016200 0.020200
0 0.563800 0.318600 0.010900 0.028300
0 0.667200 0.782100 0.014100 0.026800
0 0.970500 0.543800 0.011700 0.030500
0 0.422600 0.318100 0.014000 0.020100
0 0.535700 0.559100 0.014700 0.017900
0 0.885600 0.210800 0.013900 0.019100
0 0.759000 0.332900 0.012300 0.030900
0 0.901900 0.247700 0.012800 0.022000
0 0.373500 0.889900 0.011900 0.027400
0 0.551400 0.293900 0.014300 0.017300
0 0.473800 0.030600 0.013800 0.025500
0 0.957500 0.397900 0.013700 0.025500
0 0.260000 0.596000 0.012600 0.022700
0 0.438900 0.293300 0.015400 0.020400
0 0.541300 0.463700 0.013600 0.020700
0 0.628600 0.184000 0.012100 0.031800
0 0.220600 0.514100 0.013700 0.018900
0 0.849100 0.652200 0.013100 0.025700
0 0.282200 0.076500 0.015200 0.021200
0 0.945400 0.361000 0.015100 0.018200
0 0.823200 0.590500 0.013400 0.025000
0 0.264000 0.604200 0.015300 0.019000
0 0.723300 0.638800 0.014500 0.019300
0 0.890200 0.484900 0.013700 0.020400
0 0.023900 0.417200 0.014800 0.017200
0 0.471800 0.253500 0.013900 0.019600
0 0.651700 0.426000 0.015600 0.020200
0 0.884500 0.334800 0.016800 0.018100
0 0.251300 0.880400 0.012400 0.022500
0 0.949100 0.771400 0.014400 0.021000
0 0.436700 0.378900 0.013400 0.025300
0 0.861500 0.190800 0.014300 0.024800
0 0.938400 0.895300 0.017500 0.020100
0 0.020100 0.401800 0.013400 0.018300
0 0.453400 0.146600 0.012800 0.022700
0 0.257000 0.830000 0.009400 0.036800
0 0.609300 0.479700 0.010600 0.024700
0 0.657900 0.690300 0.013800 0.024700
0 0.348100 0.029600 0.016900 0.021400
0 0.172000 0.611200 0.013600 0.019900
0 0.073700 0.091800 0.013100 0.018300
0 0.897300 0.226500 0.014000 0.020200
0 0.584500 0.714300 0.013200 0.024400
0 0.761200 0.776300 0.016100 0.020100
0 0.795000 0.814200 0.010900 0.027200
0 0.768300 0.727700 0.010500 0.025200
0 0.725700 0.553200 0.011200 0.026600
0 0.042300 0.020500 0.014800 0.026900
0 0.267800 0.664100 0.013600 0.019400
0 0.748400 0.129200 0.015200 0.021800
0 0.469800 0.863500 0.015200 0.019400
0 0.629800 0.023300 0.013200 0.027100
0 0.079900 0.423400 0.013800 0.018400
0 0.158600 0.514100 0.012600 0.019300
0 0.733300 0.438800 0.015300 0.020400
0 0.083300 0.386000 0.013600 0.019900
0 0.357400 0.272600 0.016000 0.021100
0 0.246600 0.889400 0.013400 0.021100
0 0.474300 0.522900 0.013800 0.023300
0 0.321800 0.898600 0.011200 0.027100
0 0.680100 0.111200 0.013300 0.022200
0 0.673100 0.826500 0.014200 0.024900
0 0.017400 0.578300 0.013500 0.022100
0 0.802200 0.551100 0.015000 0.019300
0 0.512109 0.462500 0.010156 0.033333
0 0.689062 0.911806 0.014062 0.029167
0 0.623047 0.258333 0.010156 0.030556
0 0.562109 0.287500 0.011719 0.022222
0 0.006641 0.014583 0.013281 0.015278
0 0.380078 0.518750 0.011719 0.037500
0 0.446875 0.639583 0.014062 0.037500
0 0.696875 0.249306 0.010937 0.043056
0 0.964453 0.039583 0.014844 0.029167
0 0.366797 0.159028 0.011719 0.040278
0 0.401172 0.225694 0.013281 0.031944
0 0.093359 0.131944 0.010156 0.030556
0 0.097656 0.095139 0.012500 0.018056
0 0.024609 0.453472 0.013281 0.026389
0 0.146094 0.067361 0.012500 0.026389
0 0.141016 0.052778 0.011719 0.025000
0 0.299219 0.115972 0.012500 0.034722
0 0.264453 0.163889 0.013281 0.022222
0 0.255469 0.177083 0.014062 0.026389
0 0.255859 0.025694 0.017969 0.023611
0 0.125391 0.663889 0.016406 0.025000
0 0.306641 0.980556 0.011719 0.027778
0 0.389453 0.711806 0.014844 0.020833
0 0.990625 0.611111 0.009375 0.030556
0 0.981250 0.624306 0.010937 0.023611
0 0.974219 0.638194 0.010937 0.023611
0 0.965234 0.634722 0.010156 0.033333
0 0.969922 0.625000 0.011719 0.027778
0 0.992969 0.380556 0.010937 0.025000
0 0.978516 0.292361 0.011719 0.029167
0 0.884375 0.053472 0.014062 0.023611
0 0.824219 0.039583 0.014062 0.034722
0 0.830859 0.174306 0.011719 0.034722
0 0.902734 0.438194 0.011719 0.023611
0 0.855469 0.479167 0.014062 0.033333
0 0.831250 0.447222 0.015625 0.027778
0 0.589844 0.061806 0.017188 0.029167
0 0.596484 0.111806 0.016406 0.023611
0 0.617578 0.914583 0.011719 0.023611
0 0.487891 0.339583 0.011719 0.031944
