0 0.758000 0.196800 0.015600 0.019600
0 0.453600 0.729500 0.015200 0.023000
0 0.318600 0.421500 0.014900 0.020500
0 0.406400 0.306700 0.016500 0.019100
0 0.640900 0.429600 0.015400 0.018600
0 0.865600 0.419100 0.015300 0.019200
0 0.829000 0.607000 0.016700 0.020300
0 0.372100 0.580100 0.013600 0.019600
0 0.884500 0.795300 0.017700 0.019400
0 0.391200 0.404900 0.015700 0.018800
0 0.203900 0.677200 0.014300 0.018000
0 0.440400 0.292800 0.014500 0.020600
0 0.496600 0.878800 0.014800 0.017700
0 0.646500 0.306200 0.016000 0.018300
0 0.872600 0.809000 0.018900 0.019300
0 0.691700 0.417000 0.014400 0.023000
0 0.472500 0.379600 0.014400 0.019900
0 0.769600 0.084500 0.015500 0.019600
0 0.958300 0.617200 0.015500 0.020900
0 0.431800 0.856800 0.014800 0.018300
0 0.732800 0.479300 0.013700 0.022300
0 0.214700 0.147700 0.015600 0.019400
0 0.820000 0.584200 0.013300 0.023700
0 0.165000 0.766800 0.015100 0.019000
0 0.768300 0.615700 0.014200 0.020000
0 0.071300 0.456200 0.014100 0.016900
0 0.142800 0.157500 0.014400 0.017900
0 0.841100 0.792400 0.017900 0.018400
0 0.944800 0.602300 0.016100 0.020700
0 0.552200 0.295700 0.015500 0.018500
0 0.530600 0.369300 0.014400 0.017300
0 0.621300 0.169200 0.010600 0.026000
0 0.609800 0.479900 0.011800 0.023200
0 0.621300 0.033700 0.012600 0.020200
0 0.302900 0.644300 0.017100 0.019400
0 0.592200 0.352400 0.014700 0.020900
0 0.705300 0.906200 0.016400 0.022500
0 0.669100 0.081000 0.015300 0.018300
0 0.083700 0.617400 0.014500 0.018400
0 0.553600 0.742100 0.013700 0.020800
0 0.541600 0.465500 0.013000 0.023600
0 0.842400 0.845000 0.014900 0.020400
0 0.857600 0.834200 0.017300 0.018400
0 0.510800 0.678500 0.014200 0.020900
0 0.115700 0.956500 0.014600 0.020600
0 0.909200 0.445700 0.010300 0.024200
0 0.120100 0.755700 0.012800 0.020100
0 0.793000 0.545400 0.011800 0.025600
0 0.764100 0.695800 0.015100 0.018800
0 0.781100 0.807000 0.016000 0.016500
0 0.689900 0.291500 0.016600 0.020900
0 0.159400 0.581900 0.015100 0.020300
0 0.316500 0.489600 0.014000 0.021200
0 0.254000 0.929300 0.013500 0.021900
0 0.285300 0.753000 0.016700 0.018500
0 0.892600 0.116900 0.014600 0.021300
0 0.920100 0.506300 0.015200 0.020100
0 0.095000 0.955300 0.015000 0.019200
0 0.697600 0.339800 0.015700 0.019200
0 0.382900 0.272300 0.013400 0.019400
0 0.669200 0.756600 0.015100 0.026800
0 0.507400 0.403200 0.014800 0.019300
0 0.252100 0.605100 0.015400 0.019600
0 0.620400 0.246900 0.013700 0.022100
0 0.406800 0.902100 0.014600 0.019700
0 0.669100 0.727000 0.014800 0.025300
0 0.915300 0.726800 0.016900 0.018900
0 0.902300 0.131400 0.016300 0.020100
0 0.685400 0.945800 0.015100 0.020400
0 0.593900 0.941400 0.017200 0.022100
0 0.885500 0.210500 0.013200 0.018300
0 0.680800 0.028800 0.014500 0.019900
0 0.879200 0.321500 0.015000 0.019900
0 0.667500 0.781300 0.015500 0.026800
0 0.629100 0.779700 0.014200 0.023600
0 0.454000 0.167300 0.013600 0.020500
0 0.977600 0.293600 0.013100 0.017700
0 0.079800 0.442300 0.013100 0.017900
0 0.777600 0.715000 0.015500 0.020100
0 0.578600 0.728900 0.013900 0.022800
0 0.447800 0.067800 0.013200 0.025000
0 0.147700 0.667900 0.016000 0.017700
0 0.884900 0.052700 0.015100 0.019100
0 0.206200 0.956200 0.016100 0.019800
0 0.353000 0.203800 0.012600 0.025800
0 0.189300 0.181700 0.015400 0.019100
0 0.871600 0.410300 0.015100 0.018300
0 0.481300 0.083300 0.013900 0.022200
0 0.638900 0.481600 0.011200 0.026200
0 0.406100 0.335700 0.014100 0.019300
0 0.659000 0.820400 0.012700 0.030800
0 0.336500 0.183600 0.010200 0.030900
0 0.542900 0.632300 0.012700 0.022400
0 0.481700 0.398000 0.013200 0.018900
0 0.478700 0.415600 0.013600 0.021000
0 0.072800 0.594300 0.015700 0.018200
0 0.518800 0.027000 0.016300 0.018900
0 0.935100 0.921900 0.016000 0.020100
0 0.893200 0.040200 0.013600 0.022500
0 0.384700 0.290400 0.015100 0.018000
0 0.785200 0.510000 0.012300 0.027200
0 0.568800 0.541700 0.012400 0.024800
0 0.646300 0.552800 0.014500 0.022300
0 0.017800 0.407400 0.014500 0.017800
0 0.896500 0.619100 0.013200 0.022000
0 0.273400 0.503200 0.012700 0.022600
0 0.768900 0.132700 0.011900 0.029500
0 0.179200 0.726900 0.013100 0.019300
0 0.010200 0.035300 0.014600 0.017600
0 0.244200 0.884600 0.011600 0.027000
0 0.446700 0.314900 0.013300 0.020500
0 0.231100 0.752100 0.014000 0.023400
0 0.176100 0.289900 0.015500 0.020100
0 0.820000 0.529700 0.011000 0.029700
0 0.684300 0.810900 0.017800 0.021600
0 0.135800 0.596500 0.015200 0.017600
0 0.310600 0.177000 0.013500 0.020600
0 0.923800 0.632400 0.013900 0.026200
0 0.715600 0.972100 0.012500 0.024400
0 0.260600 0.596000 0.012300 0.026000
0 0.956000 0.445000 0.012700 0.028800
0 0.208400 0.244000 0.011600 0.029300
0 0.760200 0.732900 0.011000 0.030900
0 0.011100 0.607400 0.016200 0.018800
0 0.083000 0.385700 0.013400 0.018100
0 0.045200 0.841000 0.014400 0.023200
0 0.102700 0.085800 0.014200 0.019900
0 0.970500 0.542100 0.011700 0.030300
0 0.513500 0.809100 0.014000 0.022100
0 0.560300 0.467200 0.013200 0.021100
0 0.646300 0.444100 0.015000 0.018900
0 0.476500 0.478700 0.011500 0.030000
0 0.621700 0.335800 0.014500 0.019500
0 0.348500 0.865100 0.012800 0.026100
0 0.892200 0.633700 0.014700 0.021400
0 0.022700 0.677200 0.013200 0.023500
0 0.859400 0.166600 0.011800 0.030400
0 0.519600 0.902200 0.014900 0.023200
0 0.161100 0.335300 0.015200 0.018400
0 0.076800 0.469800 0.014200 0.017400
0 0.871400 0.289000 0.013400 0.019800
0 0.036100 0.018400 0.013900 0.022800
0 0.961000 0.327500 0.012100 0.023900
0 0.761300 0.554400 0.014500 0.018600
0 0.096500 0.789200 0.012300 0.021000
0 0.451800 0.811100 0.014600 0.020400
0 0.251000 0.181200 0.013500 0.023600
0 0.586100 0.891900 0.015400 0.020200
0 0.439000 0.468600 0.014600 0.019700
0 0.521000 0.516100 0.010900 0.030900
0 0.707300 0.041900 0.012900 0.021700
0 0.616700 0.040100 0.012300 0.021000
0 0.117200 0.727000 0.013600 0.021100
0 0.932200 0.438700 0.014600 0.020900
0 0.236200 0.339700 0.011300 0.028200
0 0.435000 0.642600 0.010100 0.036500
0 0.984800 0.044900 0.013300 0.026900
0 0.010200 0.956900 0.016100 0.020100
0 0.266200 0.648000 0.014500 0.021300
0 0.189100 0.158200 0.016000 0.017900
0 0.763900 0.779300 0.017500 0.019400
0 0.761600 0.652800 0.014500 0.019700
0 0.171500 0.610800 0.015100 0.019400
0 0.116000 0.864900 0.014200 0.023500
0 0.436500 0.172500 0.013800 0.022300
0 0.903200 0.435000 0.012200 0.018500
0 0.861500 0.190300 0.014300 0.023200
0 0.389600 0.539400 0.015700 0.019500
0 0.471900 0.206900 0.011800 0.026600
0 0.473600 0.522600 0.014000 0.024800
0 0.884400 0.333300 0.015200 0.019600
0 0.164300 0.593200 0.015800 0.017200
0 0.825900 0.445500 0.014600 0.020200
0 0.096900 0.056800 0.014800 0.020500
0 0.152600 0.980600 0.014000 0.020400
0 0.848300 0.376100 0.014900 0.020500
0 0.064400 0.864100 0.013800 0.021600
0 0.563700 0.284600 0.013100 0.020000
0 0.938500 0.870500 0.013900 0.025900
0 0.159900 0.407300 0.013000 0.020400
0 0.951100 0.631500 0.012900 0.024400
0 0.886100 0.891200 0.015400 0.021700
0 0.676200 0.435200 0.015800 0.020300
0 0.272500 0.453500 0.010300 0.031800
0 0.388300 0.570900 0.014700 0.018200
0 0.824200 0.172500 0.011500 0.030000
0 0.015900 0.414900 0.014900 0.018300
0 0.441400 0.223600 0.012800 0.024400
0 0.006100 0.016400 0.010100 0.016400
0 0.470100 0.861200 0.014300 0.018900
0 0.289300 0.977400 0.012100 0.026700
0 0.503200 0.464300 0.011000 0.028500
0 0.909600 0.960500 0.013700 0.022100
0 0.984500 0.622100 0.014200 0.026100
0 0.255900 0.016400 0.010300 0.032500
0 0.926000 0.953500 0.015200 0.021000
0 0.124100 0.469200 0.014900 0.016600
0 0.150700 0.679300 0.014700 0.018900
0 0.063500 0.043200 0.016600 0.019400
0 0.897000 0.223700 0.013300 0.020200
0 0.056500 0.870100 0.014300 0.021900
0 0.126500 0.611100 0.016100 0.016900
0 0.453400 0.147100 0.011100 0.021900
0 0.089600 0.020300 0.012100 0.026500
0 0.782900 0.764600 0.015500 0.021400
0 0.091400 0.127400 0.010200 0.033300
0 0.161700 0.490100 0.014500 0.019100
0 0.714200 0.586000 0.015700 0.019100
0 0.681100 0.222500 0.014000 0.019000
0 0.428600 0.372400 0.011200 0.032400
0 0.689300 0.051600 0.013500 0.019900
0 0.453200 0.523900 0.014400 0.021400
0 0.558500 0.648100 0.013000 0.024300
0 0.760547 0.279167 0.011719 0.033333
0 0.677344 0.134028 0.012500 0.026389
0 0.562500 0.624306 0.009375 0.029167
0 0.448438 0.733333 0.006250 0.011111
0 0.751953 0.174306 0.011719 0.018056
0 0.627734 0.172917 0.013281 0.020833
0 0.589063 0.105556 0.015625 0.022222
0 0.250000 0.838889 0.010937 0.038889
0 0.134375 0.067361 0.010937 0.031944
0 0.151562 0.061111 0.014062 0.030556
0 0.121484 0.365278 0.013281 0.022222
0 0.291016 0.126389 0.011719 0.033333
0 0.129688 0.938194 0.014062 0.031944
0 0.136328 0.808333 0.014844 0.027778
0 0.946484 0.086111 0.013281 0.027778
0 0.516406 0.375694 0.012500 0.020833
0 0.512109 0.369444 0.016406 0.025000
0 0.148438 0.198611 0.014062 0.022222
0 0.964844 0.645139 0.012500 0.026389
0 0.971094 0.642361 0.014062 0.020833
0 0.642578 0.672222 0.013281 0.027778
0 0.462891 0.497917 0.011719 0.031944
0 0.435937 0.513889 0.014062 0.022222
