0 0.942000 0.090000 0.016000 0.021000
0 0.934000 0.108000 0.016000 0.021000
0 0.922000 0.115000 0.016000 0.021000
0 0.941000 0.167000 0.016000 0.021000
0 0.931000 0.177000 0.016000 0.021000
0 0.913000 0.167000 0.016000 0.021000
0 0.941000 0.231000 0.016000 0.021000
0 0.922000 0.340000 0.016000 0.021000
0 0.895000 0.300000 0.016000 0.021000
0 0.881000 0.323000 0.016000 0.021000
0 0.859000 0.312000 0.016000 0.021000
0 0.938000 0.419000 0.016000 0.021000
0 0.927000 0.435000 0.016000 0.021000
0 0.927000 0.450000 0.016000 0.021000
0 0.855000 0.375000 0.016000 0.021000
0 0.867000 0.371000 0.016000 0.021000
0 0.844000 0.233000 0.016000 0.021000
0 0.869000 0.427000 0.016000 0.021000
0 0.848000 0.429000 0.016000 0.021000
0 0.945000 0.487000 0.016000 0.021000
0 0.834000 0.450000 0.016000 0.021000
0 0.847000 0.540000 0.016000 0.021000
0 0.878000 0.550000 0.016000 0.021000
0 0.833000 0.562000 0.016000 0.021000
0 0.820000 0.556000 0.016000 0.021000
0 0.814000 0.517000 0.016000 0.021000
0 0.856000 0.610000 0.016000 0.021000
0 0.827000 0.613000 0.016000 0.021000
0 0.894000 0.588000 0.016000 0.021000
0 0.933000 0.583000 0.016000 0.021000
0 0.931000 0.548000 0.016000 0.021000
0 0.895000 0.690000 0.016000 0.021000
0 0.886000 0.723000 0.016000 0.021000
0 0.863000 0.698000 0.016000 0.021000
0 0.834000 0.702000 0.016000 0.021000
0 0.825000 0.656000 0.016000 0.021000
0 0.830000 0.635000 0.016000 0.021000
0 0.956000 0.615000 0.016000 0.021000
0 0.956000 0.592000 0.016000 0.021000
0 0.888000 0.812000 0.016000 0.021000
0 0.952000 0.862000 0.016000 0.021000
0 0.930000 0.894000 0.016000 0.021000
0 0.852000 0.769000 0.016000 0.021000
0 0.836000 0.752000 0.016000 0.021000
0 0.797000 0.748000 0.016000 0.021000
0 0.817000 0.852000 0.016000 0.021000
0 0.833000 0.869000 0.016000 0.021000
0 0.850000 0.881000 0.016000 0.021000
0 0.831000 0.890000 0.016000 0.021000
0 0.800000 0.871000 0.016000 0.021000
0 0.780000 0.867000 0.016000 0.021000
0 0.780000 0.900000 0.016000 0.021000
0 0.775000 0.881000 0.016000 0.021000
0 0.772000 0.862000 0.016000 0.021000
0 0.767000 0.827000 0.016000 0.021000
0 0.742000 0.883000 0.016000 0.021000
0 0.775000 0.919000 0.016000 0.021000
0 0.731000 0.912000 0.016000 0.021000
0 0.719000 0.900000 0.016000 0.021000
0 0.728000 0.825000 0.016000 0.021000
0 0.714000 0.838000 0.016000 0.021000
0 0.705000 0.823000 0.016000 0.021000
0 0.702000 0.854000 0.016000 0.021000
0 0.714000 0.748000 0.016000 0.021000
0 0.723000 0.715000 0.016000 0.021000
0 0.641000 0.731000 0.016000 0.021000
0 0.616000 0.771000 0.016000 0.021000
0 0.630000 0.779000 0.016000 0.021000
0 0.648000 0.894000 0.016000 0.021000
0 0.678000 0.890000 0.016000 0.021000
0 0.655000 0.912000 0.016000 0.021000
0 0.686000 0.938000 0.016000 0.021000
0 0.575000 0.877000 0.016000 0.021000
0 0.589000 0.852000 0.016000 0.021000
0 0.570000 0.796000 0.016000 0.021000
0 0.573000 0.746000 0.016000 0.021000
0 0.586000 0.729000 0.016000 0.021000
0 0.595000 0.708000 0.016000 0.021000
0 0.552000 0.754000 0.016000 0.021000
0 0.545000 0.827000 0.016000 0.021000
0 0.527000 0.831000 0.016000 0.021000
0 0.541000 0.935000 0.016000 0.021000
0 0.491000 0.812000 0.016000 0.021000
0 0.478000 0.756000 0.016000 0.021000
0 0.475000 0.769000 0.016000 0.021000
0 0.433000 0.775000 0.016000 0.021000
0 0.422000 0.742000 0.016000 0.021000
0 0.358000 0.827000 0.016000 0.021000
0 0.400000 0.858000 0.016000 0.021000
0 0.423000 0.904000 0.016000 0.021000
0 0.392000 0.904000 0.016000 0.021000
0 0.328000 0.850000 0.016000 0.021000
0 0.294000 0.823000 0.016000 0.021000
0 0.292000 0.883000 0.016000 0.021000
0 0.200000 0.846000 0.016000 0.021000
0 0.172000 0.815000 0.016000 0.021000
0 0.166000 0.773000 0.016000 0.021000
0 0.167000 0.754000 0.016000 0.021000
0 0.098000 0.829000 0.016000 0.021000
0 0.089000 0.812000 0.016000 0.021000
0 0.105000 0.765000 0.016000 0.021000
0 0.059000 0.781000 0.016000 0.021000
0 0.033000 0.762000 0.016000 0.021000
0 0.056000 0.723000 0.016000 0.021000
0 0.066000 0.862000 0.016000 0.021000
0 0.089000 0.860000 0.016000 0.021000
0 0.089000 0.894000 0.016000 0.021000
0 0.080000 0.681000 0.016000 0.021000
0 0.095000 0.683000 0.016000 0.021000
0 0.134000 0.660000 0.016000 0.021000
0 0.083000 0.650000 0.016000 0.021000
0 0.166000 0.560000 0.016000 0.021000
0 0.127000 0.773000 0.016000 0.021000
0 0.094000 0.942000 0.016000 0.021000
0 0.105000 0.544000 0.016000 0.021000
0 0.086000 0.540000 0.016000 0.021000
0 0.131000 0.529000 0.016000 0.021000
0 0.134000 0.517000 0.016000 0.021000
0 0.205000 0.527000 0.016000 0.021000
0 0.195000 0.498000 0.016000 0.021000
0 0.230000 0.552000 0.016000 0.021000
0 0.217000 0.571000 0.016000 0.021000
0 0.216000 0.708000 0.016000 0.021000
0 0.223000 0.688000 0.016000 0.021000
0 0.088000 0.460000 0.016000 0.021000
0 0.069000 0.462000 0.016000 0.021000
0 0.061000 0.429000 0.016000 0.021000
0 0.098000 0.440000 0.016000 0.021000
0 0.113000 0.410000 0.016000 0.021000
0 0.125000 0.438000 0.016000 0.021000
0 0.139000 0.440000 0.016000 0.021000
0 0.114000 0.342000 0.016000 0.021000
0 0.084000 0.354000 0.016000 0.021000
0 0.061000 0.312000 0.016000 0.021000
0 0.050000 0.327000 0.016000 0.021000
0 0.113000 0.285000 0.016000 0.021000
0 0.130000 0.292000 0.016000 0.021000
0 0.125000 0.273000 0.016000 0.021000
0 0.127000 0.152000 0.016000 0.021000
0 0.047000 0.152000 0.016000 0.021000
0 0.109000 0.094000 0.016000 0.021000
0 0.048000 0.102000 0.016000 0.021000
0 0.062000 0.133000 0.016000 0.021000
0 0.144000 0.115000 0.016000 0.021000
0 0.131000 0.100000 0.016000 0.021000
0 0.144000 0.094000 0.016000 0.021000
0 0.144000 0.069000 0.016000 0.021000
0 0.195000 0.113000 0.016000 0.021000
0 0.163000 0.146000 0.016000 0.021000
0 0.202000 0.150000 0.016000 0.021000
0 0.222000 0.198000 0.016000 0.021000
0 0.203000 0.231000 0.016000 0.021000
0 0.261000 0.142000 0.016000 0.021000
0 0.305000 0.113000 0.016000 0.021000
0 0.295000 0.125000 0.016000 0.021000
0 0.325000 0.067000 0.016000 0.021000
0 0.213000 0.094000 0.016000 0.021000
0 0.213000 0.067000 0.016000 0.021000
0 0.192000 0.058000 0.016000 0.021000
0 0.286000 0.158000 0.016000 0.021000
0 0.300000 0.185000 0.016000 0.021000
0 0.322000 0.204000 0.016000 0.021000
0 0.336000 0.185000 0.016000 0.021000
0 0.361000 0.138000 0.016000 0.021000
0 0.331000 0.127000 0.016000 0.021000
0 0.327000 0.042000 0.016000 0.021000
0 0.289000 0.087000 0.016000 0.021000
0 0.300000 0.229000 0.016000 0.021000
0 0.311000 0.279000 0.016000 0.021000
0 0.275000 0.304000 0.016000 0.021000
0 0.261000 0.317000 0.016000 0.021000
0 0.242000 0.319000 0.016000 0.021000
0 0.358000 0.221000 0.016000 0.021000
0 0.408000 0.177000 0.016000 0.021000
0 0.397000 0.169000 0.016000 0.021000
0 0.416000 0.067000 0.016000 0.021000
0 0.425000 0.037000 0.016000 0.021000
0 0.417000 0.098000 0.016000 0.021000
0 0.441000 0.108000 0.016000 0.021000
0 0.455000 0.075000 0.016000 0.021000
0 0.466000 0.123000 0.016000 0.021000
0 0.458000 0.165000 0.016000 0.021000
0 0.447000 0.212000 0.016000 0.021000
0 0.472000 0.200000 0.016000 0.021000
0 0.491000 0.177000 0.016000 0.021000
0 0.414000 0.256000 0.016000 0.021000
0 0.389000 0.273000 0.016000 0.021000
0 0.389000 0.308000 0.016000 0.021000
0 0.445000 0.281000 0.016000 0.021000
0 0.441000 0.273000 0.016000 0.021000
0 0.517000 0.229000 0.016000 0.021000
0 0.544000 0.246000 0.016000 0.021000
0 0.537000 0.215000 0.016000 0.021000
0 0.584000 0.196000 0.016000 0.021000
0 0.577000 0.150000 0.016000 0.021000
0 0.584000 0.127000 0.016000 0.021000
0 0.583000 0.094000 0.016000 0.021000
0 0.509000 0.108000 0.016000 0.021000
0 0.494000 0.098000 0.016000 0.021000
0 0.522000 0.102000 0.016000 0.021000
0 0.609000 0.127000 0.016000 0.021000
0 0.616000 0.150000 0.016000 0.021000
0 0.597000 0.237000 0.016000 0.021000
0 0.652000 0.169000 0.016000 0.021000
0 0.678000 0.175000 0.016000 0.021000
0 0.705000 0.177000 0.016000 0.021000
0 0.689000 0.121000 0.016000 0.021000
0 0.675000 0.102000 0.016000 0.021000
0 0.648000 0.094000 0.016000 0.021000
0 0.677000 0.058000 0.016000 0.021000
0 0.705000 0.096000 0.016000 0.021000
0 0.719000 0.092000 0.016000 0.021000
0 0.666000 0.229000 0.016000 0.021000
0 0.673000 0.256000 0.016000 0.021000
0 0.680000 0.244000 0.016000 0.021000
0 0.683000 0.277000 0.016000 0.021000
0 0.766000 0.158000 0.016000 0.021000
0 0.755000 0.106000 0.016000 0.021000
0 0.769000 0.133000 0.016000 0.021000
0 0.781000 0.163000 0.016000 0.021000
0 0.794000 0.158000 0.016000 0.021000
0 0.812000 0.158000 0.016000 0.021000
0 0.823000 0.158000 0.016000 0.021000
0 0.806000 0.131000 0.016000 0.021000
0 0.777000 0.058000 0.016000 0.021000
0 0.848000 0.081000 0.016000 0.021000
0 0.859000 0.046000 0.016000 0.021000
0 0.889000 0.044000 0.016000 0.021000
0 0.825000 0.323000 0.016000 0.021000
0 0.791000 0.329000 0.016000 0.021000
0 0.767000 0.260000 0.016000 0.021000
0 0.759000 0.298000 0.016000 0.021000
0 0.772000 0.327000 0.016000 0.021000
0 0.767000 0.346000 0.016000 0.021000
0 0.769000 0.365000 0.016000 0.021000
0 0.783000 0.358000 0.016000 0.021000
0 0.812000 0.400000 0.016000 0.021000
0 0.775000 0.412000 0.016000 0.021000
0 0.808000 0.469000 0.016000 0.021000
0 0.769000 0.465000 0.016000 0.021000
0 0.758000 0.412000 0.016000 0.021000
0 0.747000 0.394000 0.016000 0.021000
0 0.698000 0.412000 0.016000 0.021000
0 0.663000 0.400000 0.016000 0.021000
0 0.627000 0.354000 0.016000 0.021000
0 0.698000 0.323000 0.016000 0.021000
0 0.620000 0.406000 0.016000 0.021000
0 0.575000 0.381000 0.016000 0.021000
0 0.588000 0.350000 0.016000 0.021000
0 0.570000 0.315000 0.016000 0.021000
0 0.581000 0.421000 0.016000 0.021000
0 0.600000 0.473000 0.016000 0.021000
0 0.670000 0.448000 0.016000 0.021000
0 0.655000 0.506000 0.016000 0.021000
0 0.667000 0.471000 0.016000 0.021000
0 0.733000 0.512000 0.016000 0.021000
0 0.763000 0.502000 0.016000 0.021000
0 0.748000 0.529000 0.016000 0.021000
0 0.727000 0.548000 0.016000 0.021000
0 0.773000 0.604000 0.016000 0.021000
0 0.791000 0.606000 0.016000 0.021000
0 0.803000 0.592000 0.016000 0.021000
0 0.808000 0.637000 0.016000 0.021000
0 0.809000 0.662000 0.016000 0.021000
0 0.786000 0.710000 0.016000 0.021000
0 0.773000 0.677000 0.016000 0.021000
0 0.755000 0.688000 0.016000 0.021000
0 0.747000 0.683000 0.016000 0.021000
0 0.752000 0.648000 0.016000 0.021000
0 0.719000 0.650000 0.016000 0.021000
0 0.695000 0.610000 0.016000 0.021000
0 0.686000 0.665000 0.016000 0.021000
0 0.663000 0.675000 0.016000 0.021000
0 0.661000 0.654000 0.016000 0.021000
0 0.669000 0.648000 0.016000 0.021000
0 0.689000 0.700000 0.016000 0.021000
0 0.347000 0.723000 0.016000 0.021000
0 0.314000 0.735000 0.016000 0.021000
0 0.320000 0.762000 0.016000 0.021000
0 0.303000 0.762000 0.016000 0.021000
0 0.245000 0.721000 0.016000 0.021000
0 0.311000 0.710000 0.016000 0.021000
0 0.339000 0.677000 0.016000 0.021000
0 0.384000 0.669000 0.016000 0.021000
0 0.278000 0.667000 0.016000 0.021000
0 0.370000 0.606000 0.016000 0.021000
0 0.392000 0.613000 0.016000 0.021000
0 0.395000 0.498000 0.016000 0.021000
0 0.358000 0.448000 0.016000 0.021000
0 0.345000 0.423000 0.016000 0.021000
0 0.323000 0.454000 0.016000 0.021000
0 0.305000 0.454000 0.016000 0.021000
0 0.311000 0.431000 0.016000 0.021000
0 0.281000 0.433000 0.016000 0.021000
0 0.203000 0.440000 0.016000 0.021000
0 0.180000 0.458000 0.016000 0.021000
0 0.169000 0.442000 0.016000 0.021000
0 0.202000 0.417000 0.016000 0.021000
0 0.186000 0.406000 0.016000 0.021000
0 0.273000 0.383000 0.016000 0.021000
0 0.280000 0.356000 0.016000 0.021000
0 0.288000 0.504000 0.016000 0.021000
0 0.297000 0.481000 0.016000 0.021000
0 0.297000 0.550000 0.016000 0.021000
0 0.398000 0.440000 0.016000 0.021000
0 0.416000 0.460000 0.016000 0.021000
0 0.438000 0.400000 0.016000 0.021000
0 0.427000 0.377000 0.016000 0.021000
0 0.411000 0.369000 0.016000 0.021000
0 0.419000 0.344000 0.016000 0.021000
0 0.461000 0.323000 0.016000 0.021000
0 0.463000 0.385000 0.016000 0.021000
0 0.453000 0.412000 0.016000 0.021000
0 0.461000 0.479000 0.016000 0.021000
0 0.452000 0.492000 0.016000 0.021000
0 0.466000 0.550000 0.016000 0.021000
0 0.470000 0.529000 0.016000 0.021000
0 0.452000 0.623000 0.016000 0.021000
0 0.456000 0.631000 0.016000 0.021000
0 0.459000 0.656000 0.016000 0.021000
0 0.453000 0.710000 0.016000 0.021000
0 0.480000 0.721000 0.016000 0.021000
0 0.505000 0.690000 0.016000 0.021000
0 0.469000 0.575000 0.016000 0.021000
0 0.498000 0.585000 0.016000 0.021000
0 0.505000 0.592000 0.016000 0.021000
0 0.513000 0.575000 0.016000 0.021000
0 0.527000 0.546000 0.016000 0.021000
0 0.508000 0.525000 0.016000 0.021000
0 0.525000 0.510000 0.016000 0.021000
0 0.545000 0.571000 0.016000 0.021000
0 0.547000 0.596000 0.016000 0.021000
0 0.528000 0.627000 0.016000 0.021000
0 0.534000 0.635000 0.016000 0.021000
0 0.552000 0.610000 0.016000 0.021000
0 0.573000 0.621000 0.016000 0.021000
0 0.595000 0.660000 0.016000 0.021000
0 0.613000 0.656000 0.016000 0.021000
0 0.606000 0.631000 0.016000 0.021000
0 0.609000 0.594000 0.016000 0.021000
0 0.631000 0.558000 0.016000 0.021000
0 0.553000 0.492000 0.016000 0.021000
0 0.520000 0.438000 0.016000 0.021000
0 0.520000 0.408000 0.016000 0.021000
0 0.531000 0.392000 0.016000 0.021000
0 0.550000 0.412000 0.016000 0.021000
0 0.966000 0.190000 0.016000 0.021000
0 0.953000 0.208000 0.016000 0.021000
0 0.986000 0.156000 0.016000 0.021000
0 0.973000 0.208000 0.016000 0.021000
0 0.969000 0.227000 0.016000 0.021000
0 0.966000 0.263000 0.016000 0.021000
0 0.964000 0.308000 0.016000 0.021000
0 0.983000 0.312000 0.016000 0.021000
0 0.959000 0.352000 0.016000 0.021000
0 0.936000 0.352000 0.016000 0.021000
0 0.848000 0.283000 0.016000 0.021000
0 0.816000 0.310000 0.016000 0.021000
0 0.970000 0.390000 0.016000 0.021000
0 0.967000 0.496000 0.016000 0.021000
0 0.969000 0.512000 0.016000 0.021000
0 0.966000 0.571000 0.016000 0.021000
0 0.988000 0.596000 0.016000 0.021000
0 0.973000 0.706000 0.016000 0.021000
0 0.964000 0.719000 0.016000 0.021000
0 0.959000 0.771000 0.016000 0.021000
0 0.972000 0.808000 0.016000 0.021000
0 0.938000 0.825000 0.016000 0.021000
0 0.966000 0.958000 0.016000 0.021000
0 0.955000 0.971000 0.016000 0.021000
0 0.819000 0.977000 0.016000 0.021000
0 0.777000 0.946000 0.016000 0.021000
0 0.795000 0.933000 0.016000 0.021000
0 0.666000 0.802000 0.016000 0.021000
0 0.747000 0.967000 0.016000 0.021000
0 0.692000 0.969000 0.016000 0.021000
0 0.669000 0.969000 0.016000 0.021000
0 0.625000 0.965000 0.016000 0.021000
0 0.631000 0.981000 0.016000 0.021000
0 0.616000 0.983000 0.016000 0.021000
0 0.717000 0.521000 0.016000 0.021000
0 0.619000 0.508000 0.016000 0.021000
0 0.353000 0.965000 0.016000 0.021000
0 0.344000 0.979000 0.016000 0.021000
0 0.213000 0.960000 0.016000 0.021000
0 0.194000 0.973000 0.016000 0.021000
0 0.013000 0.923000 0.016000 0.021000
0 0.023000 0.662000 0.016000 0.021000
0 0.039000 0.537000 0.016000 0.021000
0 0.180000 0.517000 0.016000 0.021000
0 0.033000 0.442000 0.016000 0.021000
0 0.223000 0.450000 0.016000 0.021000
0 0.253000 0.435000 0.016000 0.021000
0 0.016000 0.333000 0.016000 0.021000
0 0.027000 0.231000 0.016000 0.021000
0 0.142000 0.292000 0.016000 0.021000
0 0.069000 0.050000 0.016000 0.021000
0 0.353000 0.031000 0.016000 0.021000
0 0.530000 0.033000 0.016000 0.021000
0 0.628000 0.058000 0.016000 0.021000
0 0.620000 0.035000 0.016000 0.021000
0 0.678000 0.019000 0.016000 0.021000
0 0.888000 0.529000 0.016000 0.021000
0 0.855000 0.029000 0.016000 0.021000
0 0.244000 0.023000 0.016000 0.021000
0 0.830078 0.020139 0.010156 0.023611
0 0.697266 0.138194 0.011719 0.023611
0 0.527734 0.143750 0.013281 0.023611
0 0.067578 0.984722 0.016406 0.025000
0 0.994141 0.270139 0.010156 0.037500
0 0.993359 0.561806 0.010156 0.029167
0 0.388281 0.800000 0.014062 0.036111
0 0.498437 0.963194 0.015625 0.031944
0 0.497656 0.762500 0.014062 0.036111
0 0.271484 0.940278 0.014844 0.033333
0 0.343750 0.327083 0.015625 0.031944
0 0.374219 0.462500 0.014062 0.033333
0 0.441406 0.549306 0.014062 0.037500
0 0.171094 0.645833 0.014062 0.033333
0 0.580078 0.941667 0.013281 0.036111
0 0.008203 0.768056 0.014844 0.030556
0 0.010547 0.979861 0.021094 0.026389
0 0.794531 0.267361 0.012500 0.040278
0 0.930859 0.708333 0.016406 0.030556
0 0.989453 0.510417 0.014844 0.031944
0 0.821875 0.130556 0.009375 0.030556
0 0.829297 0.468750 0.010156 0.034722
0 0.908984 0.753472 0.011719 0.029167
0 0.482031 0.826389 0.014062 0.033333
0 0.131250 0.813889 0.012500 0.027778
0 0.131250 0.828472 0.012500 0.029167
0 0.032812 0.809722 0.012500 0.033333
0 0.125391 0.606944 0.014844 0.027778
0 0.005859 0.364583 0.011719 0.026389
0 0.384375 0.838889 0.010937 0.033333
0 0.227734 0.259028 0.010156 0.034722
0 0.190625 0.250694 0.014062 0.029167
0 0.740625 0.266667 0.010937 0.038889
0 0.866406 0.209028 0.014062 0.029167
0 0.267188 0.186111 0.014062 0.027778
0 0.031250 0.100000 0.012500 0.036111
0 0.738672 0.944444 0.011719 0.038889
0 0.373437 0.891667 0.015625 0.030556
0 0.242969 0.977083 0.017188 0.029167
0 0.421094 0.640278 0.010937 0.027778
0 0.269531 0.700000 0.017188 0.022222
0 0.096875 0.702778 0.015625 0.022222
0 0.315625 0.493750 0.009375 0.031944
0 0.931641 0.907639 0.019531 0.015278
0 0.934375 0.968056 0.014062 0.022222
0 0.522656 0.923611 0.012500 0.033333
0 0.046875 0.450000 0.012500 0.033333
