0 0.870600 0.558100 0.016500 0.020500
0 0.767500 0.181400 0.014700 0.023200
0 0.140500 0.628200 0.015400 0.023800
0 0.930700 0.155500 0.014300 0.025300
0 0.592800 0.316700 0.015600 0.021900
0 0.533800 0.682400 0.014700 0.023400
0 0.534000 0.171200 0.015600 0.022700
0 0.516600 0.695200 0.014300 0.023700
0 0.321600 0.444000 0.014800 0.023700
0 0.655300 0.544400 0.016700 0.022900
0 0.881500 0.422100 0.015200 0.022600
0 0.253600 0.395700 0.015300 0.020900
0 0.679400 0.905600 0.015000 0.023800
0 0.419100 0.668500 0.015600 0.024600
0 0.885300 0.354100 0.014300 0.023800
0 0.047600 0.506900 0.016000 0.024100
0 0.903100 0.845200 0.015000 0.024600
0 0.259300 0.381500 0.014700 0.022000
0 0.884400 0.569900 0.015200 0.022000
0 0.747100 0.765000 0.014800 0.022500
0 0.453300 0.065600 0.015700 0.021200
0 0.956900 0.155900 0.015900 0.022100
0 0.709300 0.130600 0.013600 0.024400
0 0.679000 0.743700 0.016500 0.023600
0 0.034000 0.506500 0.016100 0.022700
0 0.479700 0.792900 0.016000 0.023100
0 0.621100 0.919600 0.014800 0.026900
0 0.481700 0.155600 0.015200 0.020200
0 0.779000 0.528800 0.015100 0.021700
0 0.033800 0.893900 0.015400 0.026000
0 0.832000 0.833100 0.014400 0.025200
0 0.342800 0.658500 0.014100 0.022500
0 0.605800 0.659100 0.014800 0.021700
0 0.105200 0.729400 0.016500 0.022400
0 0.745600 0.721200 0.015800 0.022800
0 0.832400 0.378000 0.014800 0.023400
0 0.432800 0.905400 0.016400 0.021800
0 0.884400 0.930900 0.016900 0.022600
0 0.406200 0.844400 0.017600 0.021500
0 0.544300 0.497100 0.015800 0.023400
0 0.402700 0.933100 0.014700 0.027400
0 0.132100 0.671600 0.016300 0.023200
0 0.506400 0.532900 0.013700 0.024500
0 0.403500 0.153000 0.016400 0.021800
0 0.293400 0.445500 0.014000 0.023800
0 0.647600 0.416000 0.015500 0.021400
0 0.770300 0.646200 0.014800 0.024700
0 0.631000 0.806400 0.014200 0.022000
0 0.867500 0.055300 0.018100 0.021300
0 0.692100 0.545100 0.016300 0.022600
0 0.567200 0.796200 0.015500 0.021500
0 0.144800 0.809200 0.016500 0.021700
0 0.878000 0.641100 0.014600 0.024000
0 0.609100 0.829300 0.014700 0.022800
0 0.093700 0.367700 0.015300 0.022000
0 0.939400 0.641000 0.014000 0.025400
0 0.755900 0.719700 0.015800 0.023500
0 0.770000 0.805600 0.014400 0.023000
0 0.158500 0.379700 0.014000 0.023700
0 0.507600 0.718300 0.013100 0.023900
0 0.732200 0.758600 0.015600 0.023100
0 0.071700 0.158100 0.016700 0.020500
0 0.258300 0.477100 0.016800 0.022400
0 0.357000 0.408900 0.014300 0.024200
0 0.679200 0.482400 0.016500 0.022200
0 0.918400 0.309400 0.015300 0.023900
0 0.442200 0.556100 0.014000 0.026100
0 0.355200 0.341800 0.014700 0.022900
0 0.253700 0.420200 0.016200 0.022600
0 0.654900 0.170700 0.014800 0.023000
0 0.652300 0.341600 0.016400 0.021300
0 0.732500 0.779400 0.014600 0.022900
0 0.596500 0.453700 0.016200 0.021000
0 0.317400 0.347000 0.013800 0.025300
0 0.667900 0.647700 0.014500 0.023200
0 0.241200 0.829300 0.015700 0.021900
0 0.179600 0.432000 0.015200 0.022800
0 0.551900 0.293800 0.015200 0.024200
0 0.571700 0.546000 0.015700 0.022800
0 0.922800 0.207600 0.015400 0.023100
0 0.306200 0.681900 0.015700 0.021500
0 0.259200 0.029700 0.016200 0.023300
0 0.982000 0.169400 0.014700 0.022900
0 0.154500 0.334000 0.014900 0.024500
0 0.590200 0.470600 0.014900 0.022400
0 0.945600 0.758900 0.015100 0.022100
0 0.502600 0.342000 0.016600 0.022300
0 0.520400 0.414500 0.015300 0.020500
0 0.734800 0.302200 0.015400 0.022800
0 0.804000 0.753700 0.014800 0.023200
0 0.103200 0.345300 0.015300 0.022000
0 0.665700 0.246400 0.016600 0.024100
0 0.219700 0.941200 0.016100 0.022500
0 0.245400 0.670100 0.015700 0.023900
0 0.772700 0.681100 0.015700 0.023100
0 0.646100 0.954300 0.015000 0.024100
0 0.545200 0.540800 0.016300 0.022900
0 0.489800 0.333300 0.015100 0.022000
0 0.455900 0.766900 0.016100 0.024100
0 0.102900 0.295900 0.015300 0.023400
0 0.022800 0.608200 0.014000 0.023200
0 0.847000 0.446500 0.015400 0.020300
0 0.521500 0.443700 0.015100 0.020700
0 0.078600 0.509400 0.014700 0.027100
0 0.147200 0.367800 0.014600 0.021200
0 0.869800 0.543100 0.015600 0.020000
0 0.490800 0.433500 0.015500 0.023300
0 0.222300 0.406500 0.014000 0.022400
0 0.385700 0.592300 0.015200 0.021800
0 0.877700 0.308900 0.015300 0.024900
0 0.280000 0.672100 0.015400 0.021900
0 0.702700 0.106200 0.014900 0.025400
0 0.502600 0.065200 0.016000 0.022600
0 0.982000 0.458900 0.015400 0.023100
0 0.279000 0.870600 0.016700 0.023800
0 0.835200 0.745500 0.014100 0.021600
0 0.667800 0.572700 0.016700 0.020000
0 0.005600 0.856100 0.013100 0.023600
0 0.579500 0.184800 0.015200 0.023900
0 0.184000 0.558900 0.016800 0.021300
0 0.190400 0.129900 0.014900 0.023200
0 0.829200 0.909700 0.014400 0.022500
0 0.206900 0.777500 0.014600 0.023400
0 0.293300 0.359700 0.016000 0.023000
0 0.479900 0.252900 0.014900 0.026200
0 0.652600 0.309400 0.016400 0.022200
0 0.585300 0.398200 0.015400 0.020200
0 0.506200 0.878000 0.015800 0.022600
0 0.794400 0.785300 0.014400 0.022600
0 0.504600 0.404600 0.015600 0.021200
0 0.685200 0.444600 0.014900 0.021900
0 0.015300 0.166600 0.017200 0.022000
0 0.804900 0.077700 0.014800 0.024100
0 0.620300 0.794300 0.014300 0.021500
0 0.877300 0.379000 0.015100 0.023000
0 0.546200 0.340200 0.015200 0.021700
0 0.918200 0.929500 0.015600 0.023600
0 0.434300 0.330400 0.014800 0.023700
0 0.246600 0.083700 0.014700 0.022900
0 0.929000 0.284700 0.014800 0.022700
0 0.658800 0.105300 0.013600 0.022200
0 0.159300 0.694600 0.016600 0.022600
0 0.672000 0.130500 0.014100 0.024900
0 0.689400 0.094100 0.014700 0.025400
0 0.397800 0.452700 0.014100 0.024800
0 0.971100 0.054600 0.015400 0.025000
0 0.095700 0.098100 0.015400 0.021000
0 0.504400 0.664900 0.014300 0.024200
0 0.571000 0.277100 0.015900 0.021900
0 0.528500 0.133600 0.014900 0.022700
0 0.671500 0.222500 0.015200 0.024900
0 0.579700 0.628400 0.016800 0.022700
0 0.893600 0.477400 0.017500 0.020100
0 0.165300 0.846300 0.016400 0.024300
0 0.291400 0.259500 0.016700 0.021900
0 0.053400 0.055800 0.016200 0.022500
0 0.772200 0.108700 0.014000 0.025100
0 0.372500 0.397300 0.014900 0.022800
0 0.820500 0.339400 0.015600 0.021400
0 0.909600 0.247800 0.016800 0.023400
0 0.746800 0.397700 0.016100 0.023000
0 0.715400 0.722000 0.015600 0.022600
0 0.390200 0.483200 0.015600 0.025300
0 0.052100 0.370800 0.016600 0.022000
0 0.168900 0.246500 0.015000 0.025300
0 0.897900 0.305000 0.014700 0.024300
0 0.628100 0.353600 0.014700 0.020000
0 0.916800 0.226900 0.016100 0.024000
0 0.245400 0.210400 0.016400 0.021500
0 0.005800 0.115300 0.011600 0.021600
0 0.529300 0.784300 0.015000 0.022800
0 0.418100 0.581600 0.015100 0.023600
0 0.632800 0.910000 0.016200 0.026400
0 0.758000 0.689300 0.014700 0.022900
0 0.377100 0.792400 0.017800 0.022800
0 0.146900 0.073200 0.014600 0.022500
0 0.295700 0.577000 0.014200 0.022000
0 0.185700 0.229000 0.015400 0.021800
0 0.851500 0.717100 0.015900 0.021000
0 0.590600 0.779500 0.015300 0.021400
0 0.404500 0.179200 0.016700 0.021500
0 0.515800 0.541300 0.014300 0.024400
0 0.255100 0.960300 0.014800 0.021100
0 0.546500 0.672000 0.014200 0.022900
0 0.564200 0.819900 0.015600 0.024200
0 0.464300 0.596500 0.014000 0.024700
0 0.289900 0.640000 0.015600 0.021900
0 0.390000 0.180500 0.017100 0.021900
0 0.669300 0.103400 0.014500 0.022600
0 0.301800 0.427200 0.014300 0.023500
0 0.008700 0.454300 0.014500 0.022200
0 0.547300 0.743200 0.014900 0.023000
0 0.602000 0.431200 0.016600 0.021400
0 0.852800 0.115300 0.015800 0.023200
0 0.694000 0.972100 0.013800 0.022900
0 0.564400 0.478800 0.014600 0.023300
0 0.583600 0.489100 0.014800 0.022000
0 0.885100 0.497700 0.016900 0.021500
0 0.241800 0.969700 0.014800 0.021600
0 0.484100 0.827000 0.016200 0.022900
0 0.226100 0.279700 0.015100 0.023200
0 0.703300 0.139900 0.012900 0.021800
0 0.652700 0.094100 0.014600 0.023000
0 0.151900 0.558700 0.015400 0.024500
0 0.410700 0.310200 0.015200 0.024500
0 0.747000 0.646800 0.014900 0.023400
0 0.779600 0.079100 0.014200 0.026100
0 0.720100 0.035100 0.016600 0.024500
0 0.781700 0.827400 0.014700 0.022000
0 0.385900 0.690100 0.015100 0.023200
0 0.264200 0.595100 0.015600 0.021400
0 0.980500 0.108300 0.015500 0.023600
0 0.829400 0.482300 0.016900 0.020800
0 0.053700 0.045300 0.017100 0.023500
0 0.770000 0.091500 0.013700 0.024400
0 0.042900 0.076900 0.016000 0.022300
0 0.148100 0.029600 0.014700 0.021900
0 0.172100 0.554900 0.015200 0.022500
0 0.555900 0.685600 0.015400 0.021800
0 0.164200 0.580500 0.016000 0.023100
0 0.718700 0.634100 0.015200 0.020500
0 0.040700 0.927400 0.014000 0.024000
0 0.719700 0.642600 0.014600 0.019300
0 0.215000 0.385200 0.014000 0.023100
0 0.179700 0.166900 0.013900 0.024900
0 0.840000 0.066200 0.015300 0.023200
0 0.784000 0.235200 0.014500 0.025500
0 0.027700 0.166100 0.016200 0.021900
0 0.572300 0.532500 0.014600 0.022800
0 0.928600 0.539400 0.016000 0.022500
0 0.872600 0.810200 0.015400 0.024900
0 0.030500 0.409200 0.016100 0.023800
0 0.840500 0.652300 0.016000 0.023900
0 0.648100 0.679600 0.016100 0.022600
0 0.497500 0.572900 0.014900 0.023400
0 0.623300 0.160500 0.014300 0.023400
0 0.004400 0.368100 0.009000 0.025600
0 0.841700 0.685100 0.015800 0.023100
0 0.722300 0.576400 0.015200 0.022600
0 0.279700 0.301700 0.014900 0.024000
0 0.596800 0.970600 0.015600 0.025800
0 0.655100 0.072600 0.015400 0.023800
0 0.588900 0.417300 0.017200 0.022300
0 0.585200 0.514600 0.016800 0.021600
0 0.278900 0.527000 0.014600 0.022900
0 0.301500 0.702300 0.015500 0.023200
0 0.194000 0.185300 0.015000 0.023200
0 0.014600 0.652500 0.014300 0.025300
0 0.840500 0.092700 0.016200 0.022900
0 0.513500 0.455200 0.014900 0.023300
0 0.867100 0.377200 0.014600 0.021500
0 0.123300 0.370100 0.014400 0.020600
0 0.170000 0.501800 0.015800 0.023400
0 0.081400 0.309500 0.016700 0.023100
0 0.954400 0.873200 0.016300 0.023600
0 0.703500 0.492900 0.015800 0.022700
0 0.707200 0.907800 0.016600 0.020400
0 0.908000 0.933600 0.016100 0.020900
0 0.689000 0.758800 0.015300 0.025500
0 0.654600 0.047800 0.015700 0.024300
0 0.564300 0.634600 0.016600 0.023400
0 0.846800 0.691200 0.014900 0.023600
0 0.841000 0.055600 0.016000 0.023500
0 0.484900 0.048200 0.016000 0.023200
0 0.789900 0.460800 0.016700 0.020800
0 0.493600 0.964500 0.015500 0.023500
0 0.184600 0.182400 0.013400 0.024600
0 0.032600 0.398100 0.014900 0.022000
0 0.726900 0.389000 0.015100 0.023200
0 0.040600 0.495800 0.015400 0.022400
0 0.218200 0.076500 0.015300 0.022200
0 0.239000 0.409300 0.014600 0.021900
0 0.869400 0.981600 0.014300 0.021400
0 0.110400 0.126700 0.017400 0.022300
0 0.819900 0.027300 0.015300 0.024200
0 0.717000 0.892100 0.017400 0.021100
0 0.970800 0.081600 0.015000 0.025300
0 0.715600 0.498500 0.015600 0.022400
0 0.098500 0.497900 0.014200 0.023300
0 0.717800 0.435100 0.014200 0.023400
0 0.830900 0.559600 0.014900 0.025100
0 0.460600 0.348300 0.014800 0.023200
0 0.723600 0.707900 0.015500 0.022500
0 0.477600 0.322500 0.014000 0.023900
0 0.636200 0.239900 0.016300 0.024000
0 0.972500 0.489400 0.016000 0.022600
0 0.685600 0.526400 0.014700 0.023300
0 0.484800 0.414200 0.016100 0.022900
0 0.663500 0.852700 0.014800 0.023000
0 0.895300 0.335700 0.015100 0.025200
0 0.382400 0.389500 0.014500 0.021800
0 0.719600 0.464500 0.014400 0.023700
0 0.748600 0.431600 0.015700 0.024000
0 0.132600 0.360200 0.014100 0.020600
0 0.876500 0.842000 0.014500 0.025300
0 0.252300 0.503600 0.016100 0.022200
0 0.754200 0.086100 0.016100 0.022900
0 0.010500 0.031100 0.016500 0.021100
0 0.646700 0.448600 0.015200 0.023000
0 0.848800 0.541900 0.014700 0.022400
0 0.619600 0.982800 0.013800 0.023300
0 0.494600 0.386300 0.015300 0.023200
0 0.526700 0.516600 0.015300 0.025600
0 0.398900 0.754300 0.015500 0.021600
0 0.802100 0.514600 0.015800 0.023100
0 0.941000 0.610900 0.014100 0.022300
0 0.679800 0.097200 0.014700 0.024600
0 0.918500 0.952500 0.014900 0.021400
0 0.481300 0.939300 0.015800 0.023400
0 0.654100 0.723600 0.016700 0.021600
0 0.467900 0.973500 0.015800 0.022200
0 0.852000 0.335900 0.016800 0.022800
0 0.341100 0.572700 0.013300 0.022800
0 0.665100 0.714400 0.016300 0.023100
0 0.529500 0.264100 0.014700 0.024200
0 0.068200 0.751400 0.015800 0.024400
0 0.626200 0.852500 0.014900 0.024700
0 0.123300 0.855300 0.016000 0.024900
0 0.127400 0.723900 0.016300 0.022300
0 0.615500 0.893300 0.015600 0.024800
0 0.476400 0.383200 0.016700 0.023800
0 0.063700 0.273100 0.015000 0.024500
0 0.911000 0.277200 0.015500 0.022900
0 0.522400 0.298100 0.014300 0.024400
0 0.285200 0.348200 0.013800 0.023100
0 0.676400 0.611000 0.015500 0.021000
0 0.511100 0.759200 0.013900 0.023900
0 0.842100 0.911100 0.014400 0.023200
0 0.348000 0.498500 0.014800 0.023500
0 0.360200 0.186400 0.016600 0.021600
0 0.876500 0.185500 0.017500 0.022000
0 0.408000 0.585200 0.013600 0.023800
0 0.398400 0.518600 0.014600 0.024500
0 0.604000 0.726500 0.017200 0.020000
0 0.163600 0.958000 0.016900 0.022100
0 0.273700 0.773400 0.015100 0.023300
0 0.173400 0.036100 0.014900 0.022700
0 0.360900 0.977500 0.013300 0.023600
0 0.981900 0.077300 0.015000 0.025800
0 0.426400 0.776400 0.017600 0.021300
0 0.211200 0.553500 0.016100 0.022300
0 0.142100 0.111500 0.017500 0.022500
0 0.136100 0.657600 0.015600 0.023200
0 0.438900 0.409700 0.015900 0.022100
0 0.841400 0.560600 0.014900 0.023100
0 0.964600 0.201500 0.017300 0.021900
0 0.854700 0.939500 0.015900 0.025100
0 0.353300 0.966600 0.013600 0.022000
0 0.079687 0.023611 0.020312 0.022222
0 0.029687 0.011806 0.020312 0.020833
0 0.210156 0.109722 0.012500 0.033333
0 0.201562 0.131944 0.012500 0.027778
0 0.425391 0.028472 0.014844 0.029167
0 0.577344 0.065278 0.020312 0.025000
0 0.817578 0.180556 0.013281 0.044444
0 0.774609 0.176389 0.013281 0.038889
0 0.960547 0.302083 0.014844 0.029167
0 0.992969 0.220139 0.012500 0.037500
0 0.992188 0.063194 0.014062 0.040278
0 0.991016 0.012500 0.016406 0.025000
0 0.991797 0.547917 0.014844 0.023611
0 0.989844 0.663194 0.010937 0.034722
0 0.982813 0.724306 0.015625 0.023611
0 0.988672 0.815278 0.008594 0.025000
0 0.994531 0.848611 0.009375 0.030556
0 0.987500 0.940972 0.007813 0.026389
0 0.863672 0.907639 0.017969 0.015278
0 0.848828 0.986111 0.013281 0.027778
0 0.650391 0.598611 0.013281 0.044444
0 0.637891 0.570833 0.016406 0.022222
0 0.298828 0.838194 0.013281 0.029167
0 0.329297 0.686111 0.019531 0.022222
0 0.051172 0.585417 0.014844 0.026389
0 0.088281 0.697222 0.014062 0.025000
0 0.123828 0.822917 0.011719 0.029167
0 0.728906 0.986806 0.015625 0.026389
0 0.373437 0.611111 0.014062 0.033333
0 0.910937 0.986111 0.017188 0.027778
0 0.944922 0.094444 0.010156 0.025000
0 0.938281 0.113194 0.010937 0.037500
0 0.866016 0.238889 0.010156 0.030556
0 0.817578 0.224306 0.010156 0.034722
0 0.831250 0.196528 0.010937 0.043056
0 0.876562 0.076389 0.015625 0.025000
0 0.899219 0.088194 0.017188 0.034722
0 0.917969 0.096528 0.014062 0.031944
0 0.676172 0.050694 0.011719 0.026389
0 0.687109 0.065972 0.016406 0.023611
0 0.585156 0.127778 0.015625 0.025000
0 0.572656 0.132639 0.010937 0.034722
0 0.641016 0.156944 0.011719 0.033333
0 0.622266 0.129861 0.013281 0.026389
0 0.443750 0.101389 0.014062 0.030556
0 0.449219 0.112500 0.017188 0.019444
0 0.440234 0.297917 0.010156 0.029167
0 0.401172 0.345139 0.010156 0.040278
0 0.044141 0.143750 0.019531 0.023611
0 0.042969 0.161806 0.015625 0.031944
0 0.117969 0.045833 0.009375 0.033333
0 0.110937 0.033333 0.010937 0.019444
0 0.135156 0.009722 0.021875 0.019444
0 0.219141 0.147917 0.011719 0.037500
0 0.244141 0.114583 0.019531 0.023611
0 0.249219 0.127083 0.018750 0.020833
0 0.266016 0.079861 0.019531 0.018056
0 0.264453 0.097222 0.016406 0.027778
0 0.275000 0.018750 0.010937 0.031944
0 0.286719 0.045833 0.012500 0.033333
0 0.299219 0.066667 0.012500 0.027778
0 0.290234 0.079861 0.014844 0.029167
0 0.274219 0.133333 0.015625 0.025000
0 0.283594 0.143056 0.015625 0.027778
0 0.269141 0.154861 0.016406 0.029167
0 0.337500 0.159722 0.017188 0.025000
0 0.325000 0.176389 0.015625 0.030556
0 0.312500 0.172222 0.014062 0.030556
0 0.335938 0.040278 0.014062 0.033333
0 0.366406 0.047222 0.012500 0.025000
0 0.383984 0.070139 0.016406 0.023611
0 0.377734 0.079167 0.019531 0.019444
0 0.358203 0.095139 0.017969 0.018056
0 0.339453 0.099306 0.016406 0.020833
0 0.348828 0.115972 0.016406 0.023611
0 0.369531 0.117361 0.014062 0.023611
0 0.384375 0.118750 0.017188 0.026389
0 0.426562 0.195139 0.012500 0.034722
0 0.430859 0.231250 0.011719 0.031944
0 0.431250 0.263889 0.014062 0.030556
0 0.450000 0.248611 0.012500 0.030556
0 0.453516 0.208333 0.013281 0.030556
0 0.522656 0.207639 0.012500 0.034722
0 0.181641 0.377083 0.011719 0.040278
0 0.136719 0.515972 0.012500 0.040278
0 0.157031 0.525694 0.012500 0.029167
0 0.101953 0.602778 0.010156 0.030556
0 0.089453 0.603472 0.016406 0.029167
0 0.098438 0.869444 0.012500 0.033333
0 0.110156 0.865972 0.014062 0.034722
0 0.115625 0.895833 0.020312 0.025000
0 0.180859 0.824306 0.014844 0.026389
0 0.216406 0.821528 0.010937 0.031944
0 0.200391 0.495833 0.019531 0.033333
0 0.240234 0.315972 0.013281 0.034722
0 0.712891 0.318750 0.010156 0.034722
0 0.725000 0.338889 0.012500 0.038889
0 0.772656 0.327083 0.015625 0.026389
0 0.765625 0.340972 0.014062 0.034722
0 0.789453 0.363194 0.011719 0.043056
0 0.823047 0.292361 0.010156 0.029167
0 0.809766 0.293056 0.017969 0.027778
0 0.841797 0.302083 0.010156 0.034722
0 0.785547 0.204861 0.014844 0.026389
0 0.781250 0.565278 0.010937 0.033333
0 0.814453 0.539583 0.010156 0.031944
0 0.814062 0.604861 0.012500 0.034722
0 0.831250 0.784722 0.012500 0.036111
0 0.848047 0.766667 0.014844 0.033333
0 0.866016 0.761111 0.014844 0.036111
0 0.910937 0.617361 0.012500 0.037500
0 0.891016 0.619444 0.011719 0.030556
0 0.924609 0.568750 0.014844 0.029167
0 0.892969 0.883333 0.010937 0.038889
0 0.959375 0.918750 0.010937 0.031944
0 0.970312 0.641667 0.012500 0.038889
0 0.979688 0.636806 0.010937 0.026389
0 0.897656 0.434028 0.015625 0.029167
0 0.910156 0.400694 0.014062 0.029167
0 0.941406 0.311806 0.012500 0.031944
0 0.992578 0.350694 0.011719 0.029167
0 0.981641 0.227778 0.011719 0.030556
0 0.973047 0.231250 0.013281 0.026389
0 0.801172 0.104167 0.011719 0.025000
0 0.794141 0.111806 0.014844 0.023611
0 0.432031 0.524306 0.014062 0.020833
0 0.442187 0.520139 0.010937 0.029167
0 0.397656 0.606250 0.012500 0.034722
0 0.430469 0.609722 0.012500 0.033333
0 0.310547 0.642361 0.010156 0.031944
0 0.710156 0.736806 0.021875 0.023611
0 0.773438 0.734028 0.012500 0.029167
0 0.792578 0.652778 0.013281 0.041667
0 0.821484 0.934722 0.013281 0.022222
0 0.816797 0.951389 0.010156 0.036111
0 0.934766 0.962500 0.011719 0.033333
0 0.944141 0.672917 0.010156 0.029167
0 0.067188 0.954861 0.009375 0.040278
0 0.011328 0.959722 0.010156 0.030556
0 0.051562 0.902778 0.009375 0.027778
0 0.060547 0.913889 0.010156 0.030556
0 0.075781 0.904861 0.018750 0.023611
0 0.108594 0.938889 0.015625 0.022222
0 0.217578 0.431944 0.019531 0.022222
0 0.217187 0.445139 0.018750 0.029167
0 0.432813 0.350000 0.012500 0.027778
0 0.460547 0.709028 0.000781 0.001389
0 0.471875 0.719444 0.014062 0.022222
0 0.534375 0.847222 0.010937 0.022222
0 0.534375 0.827778 0.012500 0.030556
0 0.093359 0.939583 0.010156 0.026389
0 0.083594 0.928472 0.010937 0.026389
