0 0.027500 0.684300 0.013700 0.019500
0 0.445500 0.315800 0.013700 0.019400
0 0.882100 0.807600 0.015100 0.017800
0 0.668900 0.756900 0.014100 0.027300
0 0.395500 0.409400 0.015400 0.018300
0 0.943600 0.603800 0.016700 0.021200
0 0.570100 0.482700 0.013500 0.022500
0 0.382100 0.630800 0.015100 0.018800
0 0.096200 0.069800 0.014600 0.021500
0 0.092300 0.506700 0.012800 0.019400
0 0.318500 0.421400 0.014400 0.020200
0 0.717300 0.903300 0.015100 0.023300
0 0.217800 0.502200 0.016000 0.019000
0 0.219700 0.668100 0.015100 0.018900
0 0.032200 0.717400 0.012100 0.019200
0 0.719600 0.570000 0.013800 0.020200
0 0.691200 0.807100 0.017200 0.019900
0 0.121100 0.445900 0.014400 0.017900
0 0.195200 0.957800 0.015300 0.021100
0 0.534700 0.579000 0.014800 0.018800
0 0.767500 0.093600 0.015500 0.019200
0 0.702500 0.634800 0.014600 0.018300
0 0.872600 0.831200 0.016700 0.018300
0 0.496200 0.880000 0.015200 0.018100
0 0.858900 0.656700 0.014000 0.020800
0 0.845000 0.608500 0.016600 0.020500
0 0.605100 0.120600 0.015900 0.020100
0 0.404400 0.308100 0.016600 0.018400
0 0.633300 0.042100 0.011800 0.024300
0 0.292400 0.078100 0.014000 0.020600
0 0.770000 0.560500 0.015500 0.019600
0 0.593700 0.041200 0.014500 0.020400
0 0.056700 0.704500 0.011500 0.021800
0 0.515400 0.395600 0.014500 0.021500
0 0.878900 0.322400 0.015600 0.018700
0 0.222700 0.148000 0.017200 0.017600
0 0.497600 0.603400 0.014900 0.021000
0 0.530500 0.370100 0.015000 0.017500
0 0.941600 0.782700 0.012900 0.022100
0 0.169300 0.771100 0.015300 0.021100
0 0.303000 0.644700 0.016300 0.021000
0 0.160400 0.570200 0.013500 0.018000
0 0.230700 0.616400 0.013700 0.017500
0 0.023300 0.418300 0.014300 0.018400
0 0.354400 0.443100 0.013100 0.023200
0 0.430400 0.189500 0.013000 0.020500
0 0.527900 0.802900 0.014500 0.021800
0 0.159600 0.518100 0.012800 0.020500
0 0.447000 0.510900 0.014500 0.018800
0 0.760800 0.197200 0.016000 0.018300
0 0.453900 0.228100 0.014300 0.022000
0 0.368700 0.805500 0.014400 0.018500
0 0.285200 0.754300 0.016700 0.019700
0 0.690100 0.718300 0.014800 0.022200
0 0.148100 0.146900 0.016000 0.020100
0 0.144100 0.506300 0.011100 0.022200
0 0.714800 0.643500 0.013600 0.018400
0 0.477800 0.791000 0.014300 0.019600
0 0.595900 0.743200 0.013400 0.023600
0 0.107600 0.758600 0.015800 0.019700
0 0.693900 0.418200 0.014800 0.025700
0 0.930800 0.723200 0.016700 0.018800
0 0.378400 0.403000 0.016800 0.019100
0 0.781600 0.696800 0.012800 0.024700
0 0.583300 0.920300 0.013400 0.021600
0 0.283300 0.955100 0.012500 0.023600
0 0.639400 0.481600 0.011000 0.027000
0 0.903600 0.133200 0.014400 0.020200
0 0.657900 0.709800 0.016200 0.023100
0 0.829400 0.915400 0.015200 0.023600
0 0.510100 0.678400 0.014100 0.020500
0 0.408600 0.229700 0.013200 0.022100
0 0.905800 0.239900 0.012000 0.020700
0 0.617400 0.242400 0.013500 0.025800
0 0.943100 0.478000 0.011800 0.026300
0 0.480100 0.418500 0.013700 0.023400
0 0.646300 0.444400 0.013600 0.019300
0 0.635700 0.930300 0.015500 0.024400
0 0.593400 0.835900 0.014700 0.020300
0 0.829300 0.603800 0.014600 0.023000
0 0.260400 0.931800 0.013700 0.023100
0 0.778900 0.148300 0.014700 0.018700
0 0.606600 0.098500 0.014800 0.018800
0 0.347100 0.857700 0.015100 0.021700
0 0.259800 0.594600 0.011800 0.020000
0 0.884300 0.053900 0.015200 0.017900
0 0.398500 0.707700 0.012900 0.025700
0 0.896200 0.497200 0.013600 0.022300
0 0.719800 0.439400 0.015100 0.020200
0 0.165000 0.326400 0.017000 0.018300
0 0.895900 0.629100 0.012700 0.029000
0 0.658500 0.822000 0.012200 0.030600
0 0.479000 0.490400 0.013000 0.025800
0 0.515100 0.366800 0.014600 0.019300
0 0.780900 0.827700 0.015600 0.019300
0 0.693200 0.981600 0.014900 0.022500
0 0.503200 0.871800 0.014900 0.017900
0 0.796300 0.506400 0.013200 0.024900
0 0.065100 0.092600 0.015700 0.019600
0 0.114400 0.084000 0.013900 0.021400
0 0.568700 0.542700 0.011900 0.024500
0 0.142400 0.557900 0.013100 0.018500
0 0.135200 0.446000 0.013400 0.018800
0 0.182400 0.552700 0.012600 0.019500
0 0.895500 0.114500 0.014100 0.021200
0 0.456300 0.429800 0.012100 0.026000
0 0.176300 0.481200 0.014500 0.019000
0 0.902900 0.416000 0.014300 0.022800
0 0.018600 0.035200 0.015600 0.020000
0 0.107000 0.969900 0.015500 0.020000
0 0.755500 0.122400 0.013300 0.022200
0 0.333900 0.670300 0.014400 0.020100
0 0.052000 0.727800 0.011800 0.022100
0 0.790200 0.544900 0.016000 0.020500
0 0.094200 0.577300 0.013600 0.020400
0 0.926500 0.890300 0.015900 0.021600
0 0.235800 0.340200 0.011800 0.025400
0 0.208200 0.244600 0.011000 0.029600
0 0.309700 0.090100 0.014800 0.022700
0 0.190000 0.176200 0.015000 0.018600
0 0.264400 0.604300 0.014400 0.017700
0 0.541500 0.461300 0.013600 0.018800
0 0.018600 0.440000 0.015800 0.018900
0 0.839100 0.445400 0.016800 0.018800
0 0.491800 0.089400 0.015600 0.020400
0 0.847700 0.798200 0.016000 0.017400
0 0.690000 0.071000 0.011700 0.028900
0 0.118400 0.457800 0.014900 0.017000
0 0.885500 0.210900 0.012900 0.020000
0 0.379100 0.877600 0.015100 0.019600
0 0.673300 0.820400 0.014500 0.025200
0 0.182800 0.806600 0.012500 0.028400
0 0.667500 0.781900 0.014500 0.027400
0 0.504400 0.694100 0.012300 0.025100
0 0.761500 0.654000 0.013400 0.022900
0 0.759000 0.331800 0.012100 0.031100
0 0.321200 0.910500 0.010600 0.029500
0 0.859200 0.167000 0.011500 0.032000
0 0.144200 0.055900 0.012700 0.025400
0 0.628600 0.183300 0.011600 0.031700
0 0.970400 0.543500 0.011600 0.030500
0 0.665500 0.439800 0.011500 0.026100
0 0.470200 0.863700 0.014100 0.019100
0 0.922800 0.829800 0.012900 0.029100
0 0.963600 0.407100 0.012400 0.026400
0 0.516400 0.459400 0.010100 0.027400
0 0.373700 0.169600 0.015100 0.023500
0 0.884200 0.334500 0.015700 0.018700
0 0.903500 0.435400 0.011900 0.022600
0 0.436400 0.378200 0.012200 0.026500
0 0.899000 0.692100 0.015000 0.023700
0 0.379800 0.527300 0.010700 0.028100
0 0.359000 0.030100 0.016300 0.024200
0 0.042100 0.020600 0.014700 0.026500
0 0.551300 0.294100 0.014300 0.016500
0 0.586300 0.968000 0.014000 0.021100
0 0.897400 0.226400 0.012200 0.019900
0 0.829300 0.170100 0.010700 0.033600
0 0.909000 0.353100 0.010600 0.032500
0 0.471800 0.253800 0.013800 0.021100
0 0.006900 0.739300 0.012000 0.020200
0 0.651600 0.425800 0.015600 0.018900
0 0.152300 0.498300 0.012600 0.019800
0 0.685000 0.123000 0.013500 0.023800
0 0.452300 0.167200 0.013000 0.022700
0 0.438900 0.293200 0.015100 0.019600
0 0.723500 0.627600 0.015400 0.018100
0 0.861500 0.190700 0.014100 0.024600
0 0.082700 0.385800 0.013200 0.021800
0 0.453500 0.146400 0.012700 0.021300
0 0.583800 0.714300 0.013100 0.023900
0 0.171800 0.611100 0.013400 0.020300
0 0.094700 0.289800 0.013900 0.021200
0 0.688800 0.239700 0.010000 0.030000
0 0.627300 0.439700 0.012900 0.023100
0 0.257300 0.651600 0.014700 0.019700
0 0.257300 0.829600 0.009500 0.036400
0 0.794900 0.831900 0.010100 0.033300
0 0.563200 0.328000 0.011400 0.027700
0 0.771300 0.721100 0.013500 0.021900
0 0.429700 0.318300 0.011900 0.018900
0 0.507700 0.161200 0.016200 0.017300
0 0.617600 0.894600 0.012500 0.025700
0 0.609500 0.480300 0.010800 0.025000
0 0.761300 0.776200 0.016200 0.019700
0 0.538900 0.504200 0.013700 0.016500
0 0.956600 0.022700 0.013400 0.026400
0 0.019900 0.401400 0.013300 0.019100
0 0.375800 0.269400 0.015000 0.024300
0 0.849300 0.490700 0.014100 0.021200
0 0.561500 0.502600 0.013100 0.018400
0 0.307000 0.427200 0.012500 0.020600
0 0.474300 0.523000 0.013800 0.022100
0 0.242578 0.018750 0.014844 0.023611
0 0.949219 0.375694 0.020312 0.023611
0 0.563672 0.286111 0.014844 0.025000
0 0.007422 0.015278 0.014844 0.016667
0 0.480469 0.013889 0.015625 0.022222
0 0.306641 0.980556 0.013281 0.027778
0 0.235547 0.375694 0.014844 0.023611
0 0.180859 0.286111 0.014844 0.025000
0 0.271094 0.427083 0.015625 0.026389
0 0.015625 0.587500 0.015625 0.025000
0 0.106641 0.673611 0.016406 0.022222
0 0.066406 0.868056 0.017188 0.019444
0 0.129688 0.922917 0.015625 0.023611
0 0.551953 0.900000 0.014844 0.027778
0 0.093750 0.128472 0.012500 0.034722
0 0.266016 0.170833 0.014844 0.025000
0 0.264844 0.162500 0.014062 0.022222
0 0.298828 0.115278 0.010156 0.033333
0 0.160938 0.233333 0.010937 0.027778
0 0.252734 0.900000 0.011719 0.027778
0 0.250781 0.882639 0.014062 0.029167
0 0.444531 0.639583 0.012500 0.034722
0 0.680469 0.900000 0.012500 0.036111
0 0.753125 0.927778 0.012500 0.036111
0 0.990625 0.609722 0.010937 0.027778
0 0.981250 0.622917 0.012500 0.023611
0 0.973437 0.638194 0.010937 0.023611
0 0.966016 0.634028 0.010156 0.026389
0 0.969141 0.621528 0.013281 0.020833
0 0.971094 0.617361 0.010937 0.023611
0 0.978125 0.293056 0.012500 0.027778
0 0.955469 0.319444 0.012500 0.027778
0 0.819922 0.024306 0.010156 0.031944
0 0.717188 0.011111 0.014062 0.022222
0 0.561328 0.639583 0.014844 0.026389
0 0.542188 0.631250 0.012500 0.026389
0 0.147266 0.033333 0.010156 0.030556
0 0.475781 0.377778 0.012500 0.022222
0 0.482422 0.388194 0.013281 0.020833
0 0.485938 0.361806 0.015625 0.031944
0 0.075781 0.415278 0.012500 0.033333
0 0.087109 0.410417 0.013281 0.031944
