0 0.517000 0.654500 0.014900 0.023600
0 0.779600 0.657600 0.015400 0.024800
0 0.392000 0.404500 0.014500 0.022900
0 0.481500 0.318800 0.014300 0.025800
0 0.070200 0.918200 0.015700 0.025300
0 0.918000 0.533400 0.016400 0.023000
0 0.267200 0.305400 0.016400 0.022300
0 0.593200 0.120100 0.014900 0.023100
0 0.432400 0.255600 0.015000 0.026400
0 0.147500 0.230300 0.014200 0.025800
0 0.806200 0.517800 0.014600 0.022900
0 0.471900 0.583700 0.014500 0.024200
0 0.680300 0.918400 0.016300 0.023400
0 0.794800 0.670700 0.015300 0.023800
0 0.957600 0.067500 0.016100 0.021800
0 0.616900 0.666500 0.015400 0.021600
0 0.744600 0.417900 0.015000 0.024600
0 0.842500 0.071200 0.016000 0.021000
0 0.471600 0.355000 0.014200 0.021700
0 0.181300 0.042700 0.015800 0.023000
0 0.891500 0.645100 0.015000 0.022000
0 0.056100 0.142500 0.017300 0.022500
0 0.134200 0.528400 0.015400 0.024500
0 0.895300 0.079700 0.015400 0.023400
0 0.904200 0.230700 0.016200 0.024000
0 0.534000 0.696600 0.014700 0.024400
0 0.407300 0.519700 0.014600 0.023700
0 0.445400 0.531600 0.014600 0.023900
0 0.907100 0.870800 0.015600 0.022400
0 0.777900 0.581500 0.015400 0.022600
0 0.715800 0.393000 0.015500 0.024200
0 0.442600 0.906500 0.015400 0.022400
0 0.283300 0.070800 0.015600 0.019700
0 0.802900 0.305000 0.015900 0.022600
0 0.342100 0.341500 0.015800 0.021600
0 0.221600 0.546600 0.015400 0.022400
0 0.579700 0.720600 0.014900 0.023700
0 0.571600 0.647200 0.015800 0.023700
0 0.029400 0.531700 0.015200 0.023100
0 0.147600 0.652800 0.015700 0.021800
0 0.431400 0.621400 0.015800 0.022200
0 0.766400 0.080500 0.016800 0.022800
0 0.745900 0.446300 0.014800 0.025800
0 0.444200 0.121900 0.016600 0.022900
0 0.758900 0.719600 0.015300 0.025400
0 0.641500 0.143400 0.015900 0.020800
0 0.170900 0.418900 0.016100 0.022700
0 0.408800 0.453700 0.015200 0.022100
0 0.845300 0.441700 0.016400 0.021800
0 0.603800 0.144500 0.015500 0.025600
0 0.905200 0.153100 0.014700 0.022300
0 0.622100 0.842500 0.015700 0.021100
0 0.141200 0.667500 0.015400 0.022900
0 0.516000 0.703500 0.013800 0.023300
0 0.057900 0.071400 0.016000 0.021200
0 0.880000 0.331500 0.015600 0.023100
0 0.685600 0.556100 0.016300 0.020600
0 0.268400 0.881800 0.015200 0.023500
0 0.908500 0.441700 0.016200 0.022100
0 0.645900 0.592100 0.015300 0.021500
0 0.894300 0.842100 0.016200 0.021400
0 0.855100 0.679700 0.014500 0.024100
0 0.132300 0.557800 0.015500 0.023800
0 0.018000 0.410300 0.015200 0.020400
0 0.142000 0.719100 0.014900 0.023900
0 0.882300 0.555200 0.015100 0.021400
0 0.231000 0.216700 0.015700 0.023900
0 0.870800 0.533000 0.015000 0.021000
0 0.446600 0.408600 0.014700 0.020900
0 0.579500 0.433200 0.016100 0.023400
0 0.298300 0.620700 0.015200 0.023800
0 0.897200 0.571000 0.014800 0.022900
0 0.457000 0.792600 0.015600 0.023500
0 0.889600 0.358600 0.014300 0.022700
0 0.610000 0.330400 0.014600 0.023500
0 0.431200 0.567800 0.015000 0.022100
0 0.417200 0.179800 0.014800 0.022700
0 0.402500 0.316200 0.015800 0.024400
0 0.118800 0.931000 0.015400 0.022800
0 0.597000 0.419500 0.015900 0.026500
0 0.635600 0.931000 0.016600 0.024500
0 0.393100 0.155300 0.015900 0.021400
0 0.084000 0.367800 0.016800 0.022400
0 0.118200 0.040600 0.016000 0.022800
0 0.356400 0.122600 0.015700 0.022200
0 0.382600 0.079300 0.016700 0.022600
0 0.134700 0.072300 0.015600 0.020900
0 0.891700 0.292100 0.015100 0.022300
0 0.284300 0.128100 0.016200 0.020600
0 0.094400 0.733900 0.015100 0.023100
0 0.058700 0.932600 0.015500 0.024000
0 0.468300 0.271000 0.015300 0.022100
0 0.794900 0.690800 0.015700 0.021600
0 0.308200 0.446800 0.016200 0.024200
0 0.673000 0.430100 0.015800 0.022700
0 0.943700 0.145300 0.014900 0.019800
0 0.694200 0.078900 0.016100 0.024200
0 0.934500 0.109300 0.014900 0.021800
0 0.579600 0.545100 0.014900 0.021400
0 0.503300 0.391200 0.015900 0.023200
0 0.967100 0.656900 0.014500 0.024400
0 0.068800 0.868900 0.016000 0.021500
0 0.091100 0.495300 0.017200 0.021600
0 0.309500 0.043100 0.015800 0.021800
0 0.583000 0.142200 0.014800 0.024900
0 0.694500 0.419500 0.015300 0.023300
0 0.727300 0.316900 0.015700 0.025000
0 0.156500 0.508100 0.016900 0.022100
0 0.128900 0.895700 0.016700 0.024400
0 0.202000 0.155200 0.015300 0.024500
0 0.694700 0.441300 0.014600 0.024200
0 0.322500 0.431600 0.015500 0.023200
0 0.822200 0.759000 0.014900 0.025500
0 0.093000 0.333000 0.016700 0.023000
0 0.748200 0.634600 0.015600 0.022500
0 0.373100 0.419700 0.015000 0.023700
0 0.769800 0.745900 0.014600 0.023200
0 0.293400 0.856400 0.016900 0.025000
0 0.296200 0.133500 0.017400 0.020200
0 0.809800 0.334100 0.015500 0.022100
0 0.535000 0.818600 0.016900 0.026700
0 0.494600 0.954400 0.015400 0.023600
0 0.041900 0.602700 0.014600 0.024200
0 0.627000 0.241400 0.014800 0.023800
0 0.672400 0.959100 0.015300 0.022500
0 0.289400 0.659200 0.016600 0.023100
0 0.719900 0.893000 0.017200 0.023800
0 0.104800 0.619400 0.016300 0.020500
0 0.807000 0.771900 0.014600 0.025100
0 0.182000 0.140500 0.015700 0.023500
0 0.140500 0.815200 0.015600 0.024400
0 0.841900 0.546600 0.015600 0.020700
0 0.954200 0.209300 0.015600 0.023300
0 0.972300 0.067600 0.016500 0.022000
0 0.679800 0.046400 0.014800 0.022800
0 0.243200 0.954200 0.013900 0.023300
0 0.395500 0.779000 0.015100 0.026000
0 0.531500 0.494900 0.016400 0.023400
0 0.904300 0.097300 0.014800 0.023500
0 0.442200 0.772600 0.016200 0.022200
0 0.690100 0.747900 0.015300 0.024100
0 0.704500 0.633100 0.015300 0.024900
0 0.910300 0.205800 0.016100 0.023600
0 0.795800 0.053000 0.014800 0.023800
0 0.622400 0.730600 0.014100 0.022000
0 0.895400 0.253900 0.016000 0.022800
0 0.379400 0.484600 0.014700 0.023500
0 0.523000 0.531500 0.015400 0.024000
0 0.069700 0.315700 0.016100 0.022700
0 0.269400 0.953000 0.014400 0.024000
0 0.541500 0.334700 0.013800 0.021800
0 0.848200 0.928800 0.014800 0.024600
0 0.096700 0.953500 0.015700 0.023700
0 0.928500 0.954500 0.016600 0.022300
0 0.071900 0.153300 0.015800 0.024500
0 0.760200 0.695200 0.015500 0.024300
0 0.154300 0.970100 0.016000 0.022800
0 0.179800 0.834300 0.017100 0.023800
0 0.369000 0.059300 0.016100 0.022800
0 0.848200 0.556900 0.015700 0.020000
0 0.571800 0.627600 0.015800 0.023100
0 0.908800 0.402700 0.015500 0.020700
0 0.560300 0.269800 0.015900 0.024800
0 0.508100 0.555700 0.013800 0.024400
0 0.796800 0.572200 0.014800 0.024700
0 0.604200 0.880200 0.015500 0.025400
0 0.214300 0.932200 0.016900 0.023100
0 0.127100 0.117100 0.017800 0.021800
0 0.605100 0.445400 0.015500 0.024300
0 0.853200 0.708600 0.016000 0.025000
0 0.678100 0.639500 0.015100 0.023800
0 0.659800 0.685200 0.015600 0.022700
0 0.309400 0.660000 0.016300 0.025700
0 0.208400 0.065500 0.015400 0.022300
0 0.380100 0.096600 0.015700 0.022300
0 0.534300 0.306700 0.015400 0.021900
0 0.664100 0.566300 0.017100 0.020500
0 0.117600 0.881200 0.016900 0.023500
0 0.716900 0.477100 0.015100 0.023600
0 0.860200 0.546100 0.015600 0.020500
0 0.660000 0.297700 0.014900 0.023500
0 0.576800 0.832800 0.016900 0.022500
0 0.022600 0.397800 0.015300 0.020500
0 0.748000 0.296400 0.016100 0.021000
0 0.147100 0.697100 0.015600 0.023100
0 0.252200 0.141000 0.014900 0.023200
0 0.946100 0.129300 0.015200 0.021400
0 0.732500 0.030500 0.014700 0.021500
0 0.473000 0.820400 0.016900 0.022400
0 0.847800 0.660600 0.014000 0.022000
0 0.510500 0.134200 0.016600 0.023000
0 0.689000 0.608900 0.015900 0.022900
0 0.671800 0.235300 0.016000 0.023100
0 0.047200 0.979100 0.014200 0.021100
0 0.820100 0.958400 0.015500 0.026100
0 0.347900 0.164200 0.015600 0.022100
0 0.689600 0.121400 0.014800 0.026000
0 0.971500 0.096100 0.014800 0.023000
0 0.510500 0.430000 0.014900 0.023900
0 0.858900 0.070800 0.016200 0.023500
0 0.157700 0.614300 0.015200 0.022200
0 0.568000 0.520700 0.015800 0.022800
0 0.285700 0.607200 0.015000 0.021900
0 0.092300 0.135400 0.015700 0.023600
0 0.697900 0.533100 0.015700 0.022300
0 0.108800 0.083200 0.016000 0.023700
0 0.094100 0.620900 0.014900 0.022900
0 0.794500 0.264900 0.015000 0.022200
0 0.959200 0.902600 0.016100 0.022900
0 0.921300 0.290000 0.014000 0.021800
0 0.429400 0.320500 0.014500 0.023700
0 0.679100 0.064900 0.015800 0.022600
0 0.208800 0.097600 0.014800 0.024200
0 0.278000 0.589600 0.014700 0.022600
0 0.892300 0.945000 0.017500 0.020900
0 0.465900 0.957100 0.014700 0.023600
0 0.198200 0.222900 0.014600 0.024300
0 0.083900 0.022500 0.016100 0.024500
0 0.077600 0.747700 0.015300 0.025800
0 0.805700 0.460500 0.015600 0.022200
0 0.410700 0.678800 0.015900 0.024500
0 0.716100 0.335400 0.015200 0.025900
0 0.523400 0.680400 0.014500 0.024500
0 0.585900 0.531600 0.015600 0.020000
0 0.355000 0.039400 0.015900 0.023800
0 0.793100 0.532000 0.014200 0.023200
0 0.827500 0.852400 0.014400 0.024500
0 0.869100 0.110500 0.014900 0.023400
0 0.270700 0.764700 0.015400 0.026300
0 0.848300 0.033400 0.017300 0.024700
0 0.765300 0.648000 0.015800 0.023700
0 0.028500 0.147800 0.016000 0.024500
0 0.643800 0.039700 0.015300 0.024100
0 0.432400 0.308000 0.014000 0.021600
0 0.335900 0.646800 0.015300 0.024900
0 0.417500 0.852600 0.015300 0.022900
0 0.628500 0.893200 0.016600 0.026700
0 0.902900 0.291600 0.014900 0.021900
0 0.035400 0.053200 0.015000 0.022600
0 0.278100 0.096800 0.017100 0.022500
0 0.973000 0.958500 0.015100 0.020500
0 0.605700 0.365000 0.014700 0.022600
0 0.513900 0.891500 0.018700 0.021600
0 0.197700 0.179400 0.015000 0.023900
0 0.188700 0.491400 0.015600 0.022900
0 0.714400 0.917600 0.018000 0.025400
0 0.060800 0.381300 0.016200 0.021800
0 0.980700 0.147000 0.014700 0.024700
0 0.944700 0.557300 0.016200 0.022400
0 0.870500 0.958500 0.014800 0.023300
0 0.233900 0.115600 0.015200 0.023100
0 0.789900 0.190000 0.014400 0.025200
0 0.844400 0.977400 0.014700 0.022500
0 0.818300 0.497100 0.015000 0.022400
0 0.777900 0.696800 0.016000 0.022600
0 0.378000 0.114600 0.016200 0.021600
0 0.477700 0.267100 0.014600 0.021100
0 0.631300 0.808600 0.013800 0.025500
0 0.064200 0.505800 0.016200 0.024000
0 0.756900 0.811000 0.017900 0.022700
0 0.298600 0.690500 0.016300 0.023100
0 0.890300 0.177000 0.017400 0.021200
0 0.439400 0.330000 0.013800 0.025200
0 0.746900 0.760800 0.014700 0.022400
0 0.044100 0.018600 0.016200 0.023500
0 0.655700 0.323100 0.015100 0.023300
0 0.853400 0.902100 0.015300 0.023100
0 0.884800 0.907900 0.014800 0.021800
0 0.936000 0.755100 0.015200 0.025000
0 0.028600 0.519100 0.015700 0.023100
0 0.868600 0.373800 0.015400 0.022200
0 0.513600 0.554500 0.013500 0.024700
0 0.038600 0.520600 0.014900 0.023100
0 0.061100 0.260000 0.015700 0.024600
0 0.880600 0.589700 0.015400 0.022500
0 0.983400 0.833300 0.014300 0.031100
0 0.959000 0.246800 0.015700 0.025300
0 0.591200 0.172700 0.015300 0.024900
0 0.478500 0.409200 0.015400 0.022400
0 0.269900 0.072200 0.015700 0.020100
0 0.563700 0.693900 0.017100 0.021900
0 0.323500 0.097300 0.015300 0.021100
0 0.535900 0.247600 0.015100 0.026700
0 0.397000 0.176600 0.015600 0.022700
0 0.041000 0.035600 0.016000 0.022700
0 0.267600 0.243300 0.017900 0.021300
0 0.073100 0.965700 0.015500 0.023300
0 0.702200 0.732000 0.016200 0.024500
0 0.766300 0.115100 0.014200 0.021700
0 0.457100 0.148500 0.015700 0.019900
0 0.259200 0.073300 0.015400 0.020800
0 0.720000 0.020000 0.015400 0.023300
0 0.152900 0.517500 0.016500 0.022800
0 0.490300 0.447500 0.014700 0.024500
0 0.452900 0.770900 0.015400 0.021000
0 0.826300 0.280100 0.015000 0.023100
0 0.673500 0.257300 0.014400 0.025500
0 0.379400 0.673400 0.015100 0.023100
0 0.897700 0.416600 0.015600 0.022800
0 0.239300 0.664200 0.014500 0.022900
0 0.665300 0.114400 0.016500 0.022700
0 0.343300 0.677300 0.014800 0.023400
0 0.632000 0.789300 0.014400 0.023700
0 0.873700 0.771600 0.015200 0.023600
0 0.553600 0.526900 0.014200 0.021500
0 0.769900 0.094700 0.015400 0.024300
0 0.848300 0.377300 0.015400 0.022700
0 0.342300 0.047400 0.015100 0.024400
0 0.428200 0.581800 0.015200 0.021400
0 0.614100 0.160600 0.016100 0.025100
0 0.706200 0.111100 0.015600 0.023400
0 0.667300 0.446200 0.015900 0.022000
0 0.817500 0.505500 0.014200 0.025300
0 0.893200 0.859600 0.015400 0.021500
0 0.870700 0.502800 0.014700 0.022900
0 0.616900 0.955300 0.016900 0.024100
0 0.915600 0.940400 0.015900 0.020700
0 0.073300 0.294900 0.014800 0.024300
0 0.246300 0.403000 0.017900 0.021200
0 0.411300 0.957700 0.014700 0.022200
0 0.484400 0.711100 0.015700 0.022700
0 0.438600 0.497600 0.015300 0.024600
0 0.035900 0.909100 0.015900 0.021700
0 0.227000 0.805200 0.015800 0.023100
0 0.010600 0.977700 0.013000 0.022000
0 0.739100 0.981300 0.014700 0.022400
0 0.272700 0.402300 0.017500 0.022600
0 0.183500 0.114000 0.015000 0.022600
0 0.290800 0.423700 0.016200 0.023500
0 0.278600 0.023200 0.016700 0.022100
0 0.553200 0.484900 0.016900 0.022200
0 0.511400 0.066000 0.015100 0.022300
0 0.588400 0.065500 0.015000 0.023200
0 0.613800 0.554100 0.016600 0.021300
0 0.673000 0.460000 0.015200 0.022900
0 0.294300 0.323600 0.015500 0.021900
0 0.676700 0.755300 0.014200 0.024000
0 0.363800 0.960100 0.015300 0.022600
0 0.097600 0.884500 0.015700 0.023500
0 0.853100 0.059000 0.015600 0.022100
0 0.228100 0.447500 0.017600 0.023600
0 0.479300 0.961000 0.015500 0.023900
0 0.501700 0.759800 0.015000 0.021100
0 0.480100 0.354800 0.015100 0.022600
0 0.463800 0.054900 0.017200 0.021900
0 0.736200 0.577500 0.014600 0.023100
0 0.608200 0.960800 0.016900 0.022800
0 0.026800 0.116900 0.018700 0.023800
0 0.561200 0.772700 0.014700 0.023300
0 0.796600 0.898300 0.015100 0.025000
0 0.684600 0.479300 0.014600 0.027400
0 0.102500 0.673600 0.017500 0.023300
0 0.311000 0.159300 0.015700 0.022100
0 0.539700 0.664100 0.014200 0.022500
0 0.579900 0.773700 0.017000 0.021200
0 0.692900 0.090700 0.017000 0.025000
0 0.948500 0.290600 0.016000 0.023300
0 0.835800 0.344700 0.016600 0.021900
0 0.935500 0.615600 0.013900 0.022900
0 0.607200 0.980700 0.015800 0.021800
0 0.202800 0.376300 0.016300 0.021900
0 0.929000 0.298400 0.015000 0.022500
0 0.215600 0.803600 0.015400 0.023500
0 0.235300 0.414700 0.016100 0.024000
0 0.856300 0.729400 0.015500 0.022900
0 0.351000 0.190500 0.015700 0.023400
0 0.523700 0.173200 0.015200 0.023700
0 0.510800 0.786100 0.015300 0.021500
0 0.623400 0.906000 0.014700 0.026500
0 0.203900 0.126900 0.015100 0.024800
0 0.702000 0.905100 0.016200 0.026200
0 0.210400 0.764100 0.015200 0.023900
0 0.492200 0.409900 0.015600 0.022700
0 0.722600 0.776700 0.016500 0.024000
0 0.938600 0.866400 0.014700 0.023400
0 0.672000 0.084700 0.016800 0.026300
0 0.165300 0.114800 0.016200 0.022400
0 0.186100 0.170200 0.014200 0.022900
0 0.548800 0.471600 0.015100 0.022700
0 0.886000 0.490500 0.014300 0.023900
0 0.186719 0.201389 0.017188 0.025000
0 0.325781 0.336111 0.014062 0.030556
0 0.248047 0.477083 0.021094 0.020833
0 0.264062 0.511806 0.014062 0.031944
0 0.350781 0.489583 0.017188 0.026389
0 0.810156 0.013889 0.015625 0.022222
0 0.991406 0.239583 0.014062 0.023611
0 0.989062 0.170139 0.012500 0.034722
0 0.974219 0.176389 0.012500 0.033333
0 0.960938 0.475000 0.018750 0.019444
0 0.992969 0.454861 0.014062 0.018056
0 0.994141 0.472917 0.011719 0.020833
0 0.989844 0.645139 0.006250 0.026389
0 0.980078 0.655556 0.008594 0.033333
0 0.768750 0.187500 0.009375 0.030556
0 0.773828 0.147917 0.010156 0.031944
0 0.424609 0.018056 0.013281 0.030556
0 0.125000 0.022222 0.010937 0.033333
0 0.132813 0.013889 0.010937 0.025000
0 0.262891 0.012500 0.008594 0.025000
0 0.039063 0.177083 0.009375 0.037500
0 0.087500 0.288889 0.012500 0.027778
0 0.142188 0.344444 0.010937 0.025000
0 0.137891 0.356944 0.014844 0.022222
0 0.137891 0.370139 0.013281 0.023611
0 0.155859 0.366667 0.010156 0.027778
0 0.157813 0.346528 0.010937 0.023611
0 0.016406 0.586806 0.010937 0.031944
0 0.012500 0.650694 0.014062 0.026389
0 0.228125 0.307639 0.010937 0.034722
0 0.249219 0.331944 0.010937 0.036111
0 0.221484 0.176389 0.010156 0.033333
0 0.426953 0.220139 0.010156 0.034722
0 0.451172 0.261806 0.010156 0.029167
0 0.440234 0.273611 0.014844 0.027778
0 0.356250 0.390278 0.010937 0.036111
0 0.182031 0.364583 0.012500 0.034722
0 0.170312 0.568750 0.010937 0.037500
0 0.182422 0.567361 0.014844 0.029167
0 0.187109 0.550694 0.014844 0.023611
0 0.489062 0.765972 0.010937 0.031944
0 0.344531 0.610417 0.012500 0.031944
0 0.370703 0.604167 0.011719 0.030556
0 0.394141 0.570139 0.010156 0.026389
0 0.407031 0.568056 0.014062 0.022222
0 0.403125 0.586111 0.009375 0.030556
0 0.405469 0.363194 0.010937 0.034722
0 0.455469 0.195139 0.012500 0.034722
0 0.449219 0.084028 0.010937 0.031944
0 0.583594 0.906944 0.009375 0.030556
0 0.726563 0.190972 0.010937 0.031944
0 0.712891 0.147917 0.011719 0.031944
0 0.703125 0.155556 0.009375 0.030556
0 0.643750 0.108333 0.012500 0.027778
0 0.922656 0.120139 0.010937 0.037500
0 0.846484 0.313194 0.010156 0.037500
0 0.861719 0.311806 0.014062 0.020833
0 0.871094 0.255556 0.010937 0.033333
0 0.842578 0.220139 0.011719 0.034722
0 0.821484 0.202083 0.011719 0.037500
0 0.867578 0.836806 0.011719 0.031944
0 0.941016 0.659722 0.013281 0.030556
0 0.853906 0.775000 0.012500 0.030556
0 0.775781 0.350694 0.014062 0.026389
0 0.782031 0.337500 0.017188 0.025000
0 0.784375 0.371528 0.012500 0.031944
0 0.594531 0.497222 0.010937 0.025000
0 0.598047 0.488194 0.016406 0.023611
0 0.513281 0.475000 0.010937 0.033333
0 0.663281 0.812500 0.014062 0.025000
0 0.657031 0.825000 0.010937 0.033333
0 0.648828 0.836806 0.014844 0.029167
0 0.667188 0.727778 0.009375 0.027778
0 0.658984 0.747917 0.010156 0.037500
0 0.716797 0.652083 0.013281 0.034722
0 0.743359 0.692361 0.011719 0.031944
0 0.927734 0.700000 0.011719 0.033333
0 0.464063 0.077083 0.015625 0.023611
0 0.117578 0.800000 0.011719 0.033333
0 0.335938 0.184028 0.014062 0.026389
0 0.296094 0.377083 0.014062 0.034722
0 0.637891 0.572222 0.022656 0.025000
0 0.512500 0.329861 0.012500 0.034722
0 0.917188 0.638194 0.012500 0.031944
0 0.952344 0.331250 0.010937 0.031944
0 0.807031 0.116667 0.017188 0.022222
0 0.796875 0.124306 0.010937 0.031944
0 0.314453 0.623611 0.013281 0.030556
0 0.103906 0.280556 0.009375 0.033333
0 0.648047 0.190972 0.014844 0.031944
0 0.516406 0.216667 0.015625 0.030556
0 0.877344 0.411806 0.012500 0.031944
0 0.681250 0.983333 0.014062 0.019444
0 0.592578 0.979861 0.011719 0.020833
0 0.344922 0.984722 0.014844 0.025000
0 0.191406 0.833333 0.014062 0.019444
