0 0.958000 0.046000 0.016000 0.021000
0 0.978000 0.085000 0.016000 0.021000
0 0.955000 0.067000 0.016000 0.021000
0 0.939000 0.067000 0.016000 0.021000
0 0.959000 0.094000 0.016000 0.021000
0 0.970000 0.121000 0.016000 0.021000
0 0.959000 0.156000 0.016000 0.021000
0 0.930000 0.135000 0.016000 0.021000
0 0.906000 0.123000 0.016000 0.021000
0 0.920000 0.135000 0.016000 0.021000
0 0.927000 0.150000 0.016000 0.021000
0 0.914000 0.165000 0.016000 0.021000
0 0.897000 0.194000 0.016000 0.021000
0 0.873000 0.160000 0.016000 0.021000
0 0.969000 0.194000 0.016000 0.021000
0 0.956000 0.212000 0.016000 0.021000
0 0.939000 0.229000 0.016000 0.021000
0 0.948000 0.269000 0.016000 0.021000
0 0.936000 0.267000 0.016000 0.021000
0 0.897000 0.248000 0.016000 0.021000
0 0.880000 0.260000 0.016000 0.021000
0 0.881000 0.075000 0.016000 0.021000
0 0.891000 0.069000 0.016000 0.021000
0 0.844000 0.054000 0.016000 0.021000
0 0.820000 0.067000 0.016000 0.021000
0 0.816000 0.125000 0.016000 0.021000
0 0.877000 0.306000 0.016000 0.021000
0 0.906000 0.373000 0.016000 0.021000
0 0.916000 0.392000 0.016000 0.021000
0 0.903000 0.404000 0.016000 0.021000
0 0.839000 0.440000 0.016000 0.021000
0 0.822000 0.450000 0.016000 0.021000
0 0.925000 0.462000 0.016000 0.021000
0 0.858000 0.356000 0.016000 0.021000
0 0.820000 0.342000 0.016000 0.021000
0 0.844000 0.342000 0.016000 0.021000
0 0.841000 0.325000 0.016000 0.021000
0 0.850000 0.315000 0.016000 0.021000
0 0.838000 0.254000 0.016000 0.021000
0 0.823000 0.185000 0.016000 0.021000
0 0.789000 0.329000 0.016000 0.021000
0 0.798000 0.331000 0.016000 0.021000
0 0.795000 0.344000 0.016000 0.021000
0 0.784000 0.369000 0.016000 0.021000
0 0.786000 0.388000 0.016000 0.021000
0 0.938000 0.473000 0.016000 0.021000
0 0.919000 0.571000 0.016000 0.021000
0 0.905000 0.556000 0.016000 0.021000
0 0.898000 0.515000 0.016000 0.021000
0 0.869000 0.556000 0.016000 0.021000
0 0.877000 0.506000 0.016000 0.021000
0 0.867000 0.502000 0.016000 0.021000
0 0.853000 0.506000 0.016000 0.021000
0 0.838000 0.508000 0.016000 0.021000
0 0.820000 0.548000 0.016000 0.021000
0 0.812000 0.525000 0.016000 0.021000
0 0.716000 0.544000 0.016000 0.021000
0 0.709000 0.462000 0.016000 0.021000
0 0.711000 0.398000 0.016000 0.021000
0 0.700000 0.404000 0.016000 0.021000
0 0.713000 0.369000 0.016000 0.021000
0 0.725000 0.285000 0.016000 0.021000
0 0.800000 0.148000 0.016000 0.021000
0 0.788000 0.154000 0.016000 0.021000
0 0.772000 0.100000 0.016000 0.021000
0 0.759000 0.113000 0.016000 0.021000
0 0.747000 0.115000 0.016000 0.021000
0 0.716000 0.104000 0.016000 0.021000
0 0.720000 0.077000 0.016000 0.021000
0 0.705000 0.138000 0.016000 0.021000
0 0.670000 0.256000 0.016000 0.021000
0 0.664000 0.283000 0.016000 0.021000
0 0.617000 0.087000 0.016000 0.021000
0 0.609000 0.077000 0.016000 0.021000
0 0.580000 0.244000 0.016000 0.021000
0 0.614000 0.252000 0.016000 0.021000
0 0.636000 0.356000 0.016000 0.021000
0 0.686000 0.446000 0.016000 0.021000
0 0.670000 0.467000 0.016000 0.021000
0 0.655000 0.456000 0.016000 0.021000
0 0.617000 0.440000 0.016000 0.021000
0 0.553000 0.317000 0.016000 0.021000
0 0.533000 0.327000 0.016000 0.021000
0 0.550000 0.256000 0.016000 0.021000
0 0.503000 0.231000 0.016000 0.021000
0 0.480000 0.085000 0.016000 0.021000
0 0.531000 0.075000 0.016000 0.021000
0 0.875000 0.685000 0.016000 0.021000
0 0.861000 0.677000 0.016000 0.021000
0 0.780000 0.610000 0.016000 0.021000
0 0.761000 0.579000 0.016000 0.021000
0 0.855000 0.742000 0.016000 0.021000
0 0.817000 0.710000 0.016000 0.021000
0 0.806000 0.725000 0.016000 0.021000
0 0.795000 0.715000 0.016000 0.021000
0 0.783000 0.729000 0.016000 0.021000
0 0.755000 0.727000 0.016000 0.021000
0 0.772000 0.660000 0.016000 0.021000
0 0.748000 0.669000 0.016000 0.021000
0 0.709000 0.617000 0.016000 0.021000
0 0.681000 0.617000 0.016000 0.021000
0 0.680000 0.583000 0.016000 0.021000
0 0.608000 0.569000 0.016000 0.021000
0 0.605000 0.552000 0.016000 0.021000
0 0.588000 0.567000 0.016000 0.021000
0 0.595000 0.548000 0.016000 0.021000
0 0.613000 0.483000 0.016000 0.021000
0 0.577000 0.490000 0.016000 0.021000
0 0.566000 0.477000 0.016000 0.021000
0 0.555000 0.498000 0.016000 0.021000
0 0.545000 0.521000 0.016000 0.021000
0 0.536000 0.540000 0.016000 0.021000
0 0.542000 0.477000 0.016000 0.021000
0 0.508000 0.421000 0.016000 0.021000
0 0.513000 0.398000 0.016000 0.021000
0 0.513000 0.408000 0.016000 0.021000
0 0.492000 0.412000 0.016000 0.021000
0 0.480000 0.392000 0.016000 0.021000
0 0.466000 0.402000 0.016000 0.021000
0 0.452000 0.406000 0.016000 0.021000
0 0.486000 0.367000 0.016000 0.021000
0 0.448000 0.308000 0.016000 0.021000
0 0.456000 0.302000 0.016000 0.021000
0 0.467000 0.287000 0.016000 0.021000
0 0.478000 0.287000 0.016000 0.021000
0 0.423000 0.290000 0.016000 0.021000
0 0.423000 0.267000 0.016000 0.021000
0 0.436000 0.271000 0.016000 0.021000
0 0.431000 0.242000 0.016000 0.021000
0 0.434000 0.175000 0.016000 0.021000
0 0.409000 0.175000 0.016000 0.021000
0 0.431000 0.146000 0.016000 0.021000
0 0.423000 0.133000 0.016000 0.021000
0 0.448000 0.092000 0.016000 0.021000
0 0.408000 0.065000 0.016000 0.021000
0 0.400000 0.083000 0.016000 0.021000
0 0.881000 0.825000 0.016000 0.021000
0 0.913000 0.850000 0.016000 0.021000
0 0.902000 0.858000 0.016000 0.021000
0 0.916000 0.877000 0.016000 0.021000
0 0.956000 0.883000 0.016000 0.021000
0 0.969000 0.865000 0.016000 0.021000
0 0.919000 0.927000 0.016000 0.021000
0 0.905000 0.890000 0.016000 0.021000
0 0.880000 0.892000 0.016000 0.021000
0 0.870000 0.862000 0.016000 0.021000
0 0.903000 0.927000 0.016000 0.021000
0 0.909000 0.942000 0.016000 0.021000
0 0.898000 0.952000 0.016000 0.021000
0 0.881000 0.927000 0.016000 0.021000
0 0.817000 0.879000 0.016000 0.021000
0 0.867000 0.963000 0.016000 0.021000
0 0.845000 0.954000 0.016000 0.021000
0 0.833000 0.960000 0.016000 0.021000
0 0.814000 0.960000 0.016000 0.021000
0 0.755000 0.952000 0.016000 0.021000
0 0.730000 0.929000 0.016000 0.021000
0 0.705000 0.758000 0.016000 0.021000
0 0.683000 0.756000 0.016000 0.021000
0 0.683000 0.727000 0.016000 0.021000
0 0.677000 0.704000 0.016000 0.021000
0 0.633000 0.679000 0.016000 0.021000
0 0.680000 0.819000 0.016000 0.021000
0 0.672000 0.785000 0.016000 0.021000
0 0.648000 0.758000 0.016000 0.021000
0 0.639000 0.773000 0.016000 0.021000
0 0.642000 0.815000 0.016000 0.021000
0 0.597000 0.858000 0.016000 0.021000
0 0.588000 0.871000 0.016000 0.021000
0 0.613000 0.860000 0.016000 0.021000
0 0.628000 0.881000 0.016000 0.021000
0 0.636000 0.898000 0.016000 0.021000
0 0.683000 0.887000 0.016000 0.021000
0 0.688000 0.923000 0.016000 0.021000
0 0.645000 0.940000 0.016000 0.021000
0 0.670000 0.973000 0.016000 0.021000
0 0.628000 0.965000 0.016000 0.021000
0 0.642000 0.956000 0.016000 0.021000
0 0.581000 0.731000 0.016000 0.021000
0 0.597000 0.742000 0.016000 0.021000
0 0.536000 0.729000 0.016000 0.021000
0 0.528000 0.706000 0.016000 0.021000
0 0.534000 0.690000 0.016000 0.021000
0 0.552000 0.694000 0.016000 0.021000
0 0.556000 0.619000 0.016000 0.021000
0 0.536000 0.646000 0.016000 0.021000
0 0.477000 0.562000 0.016000 0.021000
0 0.466000 0.544000 0.016000 0.021000
0 0.505000 0.529000 0.016000 0.021000
0 0.508000 0.504000 0.016000 0.021000
0 0.427000 0.646000 0.016000 0.021000
0 0.420000 0.760000 0.016000 0.021000
0 0.498000 0.725000 0.016000 0.021000
0 0.488000 0.752000 0.016000 0.021000
0 0.495000 0.783000 0.016000 0.021000
0 0.467000 0.779000 0.016000 0.021000
0 0.431000 0.800000 0.016000 0.021000
0 0.466000 0.806000 0.016000 0.021000
0 0.453000 0.794000 0.016000 0.021000
0 0.459000 0.904000 0.016000 0.021000
0 0.466000 0.935000 0.016000 0.021000
0 0.461000 0.960000 0.016000 0.021000
0 0.361000 0.935000 0.016000 0.021000
0 0.355000 0.960000 0.016000 0.021000
0 0.286000 0.940000 0.016000 0.021000
0 0.264000 0.746000 0.016000 0.021000
0 0.373000 0.656000 0.016000 0.021000
0 0.422000 0.469000 0.016000 0.021000
0 0.430000 0.450000 0.016000 0.021000
0 0.409000 0.440000 0.016000 0.021000
0 0.409000 0.381000 0.016000 0.021000
0 0.386000 0.329000 0.016000 0.021000
0 0.333000 0.196000 0.016000 0.021000
0 0.361000 0.171000 0.016000 0.021000
0 0.375000 0.165000 0.016000 0.021000
0 0.367000 0.146000 0.016000 0.021000
0 0.367000 0.113000 0.016000 0.021000
0 0.353000 0.073000 0.016000 0.021000
0 0.348000 0.052000 0.016000 0.021000
0 0.319000 0.046000 0.016000 0.021000
0 0.275000 0.046000 0.016000 0.021000
0 0.277000 0.065000 0.016000 0.021000
0 0.289000 0.073000 0.016000 0.021000
0 0.294000 0.090000 0.016000 0.021000
0 0.284000 0.100000 0.016000 0.021000
0 0.297000 0.117000 0.016000 0.021000
0 0.308000 0.117000 0.016000 0.021000
0 0.311000 0.300000 0.016000 0.021000
0 0.339000 0.329000 0.016000 0.021000
0 0.323000 0.350000 0.016000 0.021000
0 0.336000 0.417000 0.016000 0.021000
0 0.661000 0.302000 0.016000 0.021000
0 0.386000 0.446000 0.016000 0.021000
0 0.372000 0.585000 0.016000 0.021000
0 0.361000 0.660000 0.016000 0.021000
0 0.348000 0.644000 0.016000 0.021000
0 0.298000 0.635000 0.016000 0.021000
0 0.314000 0.633000 0.016000 0.021000
0 0.320000 0.604000 0.016000 0.021000
0 0.308000 0.590000 0.016000 0.021000
0 0.294000 0.444000 0.016000 0.021000
0 0.294000 0.421000 0.016000 0.021000
0 0.270000 0.410000 0.016000 0.021000
0 0.259000 0.398000 0.016000 0.021000
0 0.239000 0.342000 0.016000 0.021000
0 0.248000 0.315000 0.016000 0.021000
0 0.203000 0.229000 0.016000 0.021000
0 0.216000 0.223000 0.016000 0.021000
0 0.220000 0.190000 0.016000 0.021000
0 0.208000 0.181000 0.016000 0.021000
0 0.219000 0.173000 0.016000 0.021000
0 0.220000 0.135000 0.016000 0.021000
0 0.216000 0.121000 0.016000 0.021000
0 0.238000 0.117000 0.016000 0.021000
0 0.183000 0.117000 0.016000 0.021000
0 0.169000 0.094000 0.016000 0.021000
0 0.198000 0.044000 0.016000 0.021000
0 0.186000 0.054000 0.016000 0.021000
0 0.130000 0.056000 0.016000 0.021000
0 0.122000 0.065000 0.016000 0.021000
0 0.097000 0.027000 0.016000 0.021000
0 0.069000 0.033000 0.016000 0.021000
0 0.045000 0.100000 0.016000 0.021000
0 0.042000 0.123000 0.016000 0.021000
0 0.078000 0.135000 0.016000 0.021000
0 0.069000 0.142000 0.016000 0.021000
0 0.056000 0.150000 0.016000 0.021000
0 0.172000 0.208000 0.016000 0.021000
0 0.013000 0.235000 0.016000 0.021000
0 0.070000 0.271000 0.016000 0.021000
0 0.061000 0.285000 0.016000 0.021000
0 0.161000 0.348000 0.016000 0.021000
0 0.181000 0.340000 0.016000 0.021000
0 0.189000 0.352000 0.016000 0.021000
0 0.167000 0.367000 0.016000 0.021000
0 0.119000 0.367000 0.016000 0.021000
0 0.069000 0.369000 0.016000 0.021000
0 0.242000 0.433000 0.016000 0.021000
0 0.239000 0.446000 0.016000 0.021000
0 0.245000 0.460000 0.016000 0.021000
0 0.234000 0.467000 0.016000 0.021000
0 0.167000 0.500000 0.016000 0.021000
0 0.147000 0.485000 0.016000 0.021000
0 0.233000 0.535000 0.016000 0.021000
0 0.205000 0.558000 0.016000 0.021000
0 0.078000 0.494000 0.016000 0.021000
0 0.047000 0.506000 0.016000 0.021000
0 0.127000 0.531000 0.016000 0.021000
0 0.122000 0.546000 0.016000 0.021000
0 0.114000 0.565000 0.016000 0.021000
0 0.255000 0.600000 0.016000 0.021000
0 0.178000 0.613000 0.016000 0.021000
0 0.170000 0.650000 0.016000 0.021000
0 0.156000 0.658000 0.016000 0.021000
0 0.127000 0.656000 0.016000 0.021000
0 0.113000 0.640000 0.016000 0.021000
0 0.131000 0.702000 0.016000 0.021000
0 0.075000 0.740000 0.016000 0.021000
0 0.089000 0.744000 0.016000 0.021000
0 0.194000 0.790000 0.016000 0.021000
0 0.202000 0.812000 0.016000 0.021000
0 0.209000 0.848000 0.016000 0.021000
0 0.233000 0.933000 0.016000 0.021000
0 0.203000 0.923000 0.016000 0.021000
0 0.138000 0.919000 0.016000 0.021000
0 0.088000 0.906000 0.016000 0.021000
0 0.047000 0.933000 0.016000 0.021000
0 0.084000 0.956000 0.016000 0.021000
0 0.273000 0.969000 0.016000 0.021000
0 0.431000 0.983000 0.016000 0.021000
0 0.498000 0.983000 0.016000 0.021000
0 0.536000 0.977000 0.016000 0.021000
0 0.589000 0.960000 0.016000 0.021000
0 0.683000 0.954000 0.016000 0.021000
0 0.023000 0.952000 0.016000 0.021000
0 0.009000 0.562000 0.016000 0.021000
0 0.016000 0.544000 0.016000 0.021000
0 0.017000 0.029000 0.016000 0.021000
0 0.338000 0.033000 0.016000 0.021000
0 0.634000 0.017000 0.016000 0.021000
0 0.684000 0.029000 0.016000 0.021000
0 0.695000 0.019000 0.016000 0.021000
0 0.780000 0.029000 0.016000 0.021000
0 0.981000 0.225000 0.016000 0.021000
0 0.986000 0.198000 0.016000 0.021000
0 0.978000 0.583000 0.016000 0.021000
0 0.983000 0.610000 0.016000 0.021000
0 0.920000 0.958000 0.016000 0.021000
0 0.938000 0.971000 0.016000 0.021000
0 0.875000 0.983000 0.016000 0.021000
0 0.830000 0.977000 0.016000 0.021000
0 0.597000 0.771000 0.016000 0.021000
0 0.320000 0.590000 0.016000 0.021000
0 0.581000 0.365000 0.016000 0.021000
0 0.695000 0.058000 0.016000 0.021000
0 0.741000 0.669000 0.016000 0.021000
0 0.150000 0.987000 0.016000 0.021000
0 0.219000 0.985000 0.016000 0.021000
0 0.944000 0.446000 0.016000 0.021000
0 0.625000 0.113000 0.016000 0.021000
0 0.623000 0.119000 0.016000 0.021000
0 0.058203 0.945139 0.010156 0.023611
0 0.083203 0.982639 0.013281 0.020833
0 0.627734 0.435417 0.014844 0.020833
0 0.871094 0.011111 0.023438 0.022222
0 0.007422 0.015278 0.008594 0.027778
0 0.007031 0.385417 0.014062 0.023611
0 0.004297 0.401389 0.008594 0.030556
0 0.299219 0.672917 0.012500 0.034722
0 0.992969 0.481250 0.010937 0.037500
0 0.523438 0.906944 0.017188 0.030556
0 0.717969 0.501389 0.010937 0.036111
0 0.936719 0.678472 0.010937 0.034722
0 0.911328 0.648611 0.013281 0.027778
0 0.916406 0.665278 0.014062 0.030556
0 0.805078 0.494444 0.013281 0.033333
0 0.479688 0.493056 0.012500 0.038889
0 0.718750 0.220139 0.012500 0.037500
0 0.136328 0.195139 0.010156 0.034722
0 0.061328 0.104861 0.008594 0.031944
0 0.105078 0.133333 0.013281 0.027778
0 0.010937 0.109722 0.012500 0.033333
0 0.050391 0.230556 0.008594 0.030556
0 0.150391 0.329861 0.010156 0.034722
0 0.237500 0.209722 0.009375 0.030556
0 0.347266 0.214583 0.011719 0.034722
0 0.276563 0.529861 0.014062 0.029167
0 0.105469 0.902083 0.010937 0.029167
0 0.352734 0.362500 0.011719 0.030556
0 0.541016 0.226389 0.010156 0.036111
0 0.592578 0.686111 0.013281 0.033333
0 0.617578 0.825694 0.013281 0.031944
0 0.769141 0.782639 0.010156 0.037500
0 0.736328 0.477083 0.011719 0.034722
0 0.751953 0.614583 0.010156 0.034722
0 0.645312 0.218056 0.009375 0.033333
0 0.693750 0.192361 0.012500 0.031944
0 0.510547 0.184028 0.016406 0.023611
0 0.457812 0.175000 0.009375 0.036111
0 0.519531 0.591667 0.012500 0.033333
0 0.657812 0.435417 0.009375 0.034722
0 0.873438 0.446528 0.015625 0.026389
0 0.798828 0.538194 0.013281 0.026389
0 0.628125 0.137500 0.010937 0.038889
0 0.691016 0.458333 0.010156 0.036111
0 0.521875 0.290278 0.009375 0.030556
0 0.204688 0.756944 0.009375 0.030556
0 0.215234 0.737500 0.010156 0.030556
0 0.124609 0.770833 0.011719 0.027778
0 0.130469 0.829167 0.015625 0.025000
0 0.163672 0.398611 0.011719 0.030556
0 0.647266 0.570139 0.010156 0.037500
0 0.750391 0.443750 0.011719 0.031944
0 0.583203 0.163889 0.010156 0.025000
0 0.595312 0.168750 0.012500 0.018056
0 0.598047 0.156250 0.011719 0.026389
0 0.586719 0.177778 0.009375 0.025000
0 0.489453 0.125694 0.014844 0.026389
0 0.444141 0.357639 0.013281 0.023611
0 0.448438 0.815278 0.014062 0.027778
0 0.402734 0.708333 0.011719 0.036111
0 0.277734 0.877778 0.014844 0.025000
0 0.252734 0.906250 0.011719 0.031944
0 0.026563 0.616667 0.010937 0.025000
0 0.017969 0.630556 0.012500 0.030556
0 0.020312 0.565972 0.012500 0.031944
0 0.958594 0.361806 0.012500 0.029167
0 0.710938 0.879167 0.015625 0.030556
0 0.851953 0.793056 0.011719 0.030556
0 0.894531 0.790278 0.014062 0.027778
0 0.762109 0.280556 0.011719 0.030556
0 0.030859 0.538194 0.010156 0.031944
0 0.179297 0.548611 0.011719 0.030556
0 0.171875 0.576389 0.014062 0.025000
0 0.166406 0.720833 0.015625 0.022222
0 0.107031 0.659028 0.012500 0.034722
0 0.716797 0.795833 0.010156 0.027778
0 0.723828 0.807639 0.011719 0.023611
0 0.788281 0.688194 0.014062 0.026389
0 0.821484 0.732639 0.010156 0.026389
0 0.081641 0.310417 0.011719 0.029167
0 0.856250 0.079167 0.010937 0.027778
0 0.921875 0.734722 0.009375 0.019444
0 0.917969 0.744444 0.014062 0.019444
0 0.964453 0.686806 0.010156 0.031944
0 0.980078 0.674306 0.010156 0.029167
0 0.796875 0.904861 0.012500 0.020833
0 0.697656 0.638889 0.017188 0.022222
0 0.707422 0.668056 0.014844 0.022222
0 0.598437 0.520833 0.010937 0.033333
0 0.225000 0.659028 0.014062 0.026389
0 0.299609 0.404167 0.008594 0.030556
0 0.222266 0.409722 0.016406 0.019444
0 0.238672 0.410417 0.014844 0.018056
0 0.430469 0.861806 0.015625 0.020833
0 0.773047 0.738194 0.008594 0.037500
0 0.864844 0.759722 0.012500 0.030556
0 0.055859 0.323611 0.013281 0.022222
0 0.065625 0.329861 0.010937 0.020833
0 0.421484 0.595833 0.010156 0.036111
0 0.812500 0.290278 0.014062 0.025000
0 0.444531 0.049306 0.010937 0.031944
0 0.382031 0.817361 0.010937 0.029167
0 0.557031 0.764583 0.014062 0.023611
0 0.548437 0.792361 0.014062 0.031944
0 0.837500 0.759028 0.015625 0.023611
0 0.160156 0.898611 0.015625 0.022222
0 0.062891 0.879167 0.011719 0.030556
0 0.048828 0.859722 0.021094 0.019444
0 0.012109 0.739583 0.013281 0.029167
0 0.072656 0.404167 0.014062 0.027778
0 0.100000 0.255556 0.015625 0.030556
0 0.860156 0.541667 0.017188 0.019444
0 0.959375 0.530556 0.010937 0.030556
0 0.933984 0.338194 0.010156 0.037500
0 0.853516 0.254167 0.010156 0.030556
0 0.873047 0.279861 0.010156 0.029167
0 0.258594 0.355556 0.012500 0.030556
0 0.717578 0.163889 0.016406 0.033333
0 0.425391 0.092361 0.011719 0.034722
0 0.205469 0.072222 0.012500 0.030556
0 0.673047 0.059028 0.010156 0.026389
0 0.666406 0.066667 0.010937 0.022222
0 0.459375 0.577778 0.015625 0.022222
0 0.530859 0.456944 0.016406 0.025000
0 0.551953 0.434028 0.019531 0.023611
0 0.675391 0.274306 0.011719 0.031944
0 0.770312 0.184028 0.012500 0.026389
0 0.783203 0.083333 0.017969 0.022222
0 0.764844 0.040278 0.012500 0.030556
0 0.664453 0.102083 0.017969 0.026389
0 0.298047 0.144444 0.014844 0.027778
0 0.328125 0.465972 0.015625 0.026389
0 0.372266 0.550000 0.011719 0.025000
0 0.382031 0.545833 0.009375 0.036111
0 0.409766 0.537500 0.010156 0.030556
0 0.396094 0.542361 0.012500 0.029167
0 0.421875 0.525694 0.018750 0.018056
0 0.365234 0.504167 0.013281 0.025000
0 0.366016 0.478472 0.013281 0.026389
0 0.312891 0.013194 0.010156 0.026389
0 0.037500 0.215278 0.012500 0.036111
0 0.762109 0.129167 0.008594 0.033333
