0 0.318100 0.418400 0.014300 0.019900
0 0.180600 0.285000 0.014000 0.019100
0 0.867500 0.831300 0.015600 0.018300
0 0.880700 0.807000 0.016100 0.018900
0 0.759800 0.196400 0.014800 0.020100
0 0.453200 0.181800 0.014100 0.019700
0 0.345300 0.329700 0.013800 0.017300
0 0.867400 0.439900 0.016000 0.019900
0 0.765700 0.557200 0.016700 0.018300
0 0.166900 0.329900 0.016600 0.018900
0 0.090200 0.591200 0.015100 0.018900
0 0.767300 0.093800 0.014400 0.019000
0 0.180300 0.553000 0.013900 0.018800
0 0.668900 0.756800 0.015700 0.023300
0 0.615800 0.453600 0.015100 0.019300
0 0.017700 0.404500 0.014600 0.018500
0 0.854800 0.890500 0.013700 0.021100
0 0.220100 0.148200 0.016600 0.018200
0 0.119100 0.792600 0.014800 0.022200
0 0.904400 0.131600 0.013800 0.021400
0 0.732400 0.133200 0.014300 0.019900
0 0.571400 0.793000 0.015600 0.019700
0 0.302600 0.644500 0.017600 0.020600
0 0.890300 0.552100 0.015100 0.020100
0 0.818000 0.802200 0.016500 0.018700
0 0.670600 0.206000 0.013200 0.019900
0 0.302600 0.493900 0.015600 0.019500
0 0.109200 0.604700 0.015300 0.018500
0 0.435000 0.295700 0.015700 0.020600
0 0.442900 0.439800 0.012900 0.020400
0 0.846900 0.596700 0.016500 0.018200
0 0.609600 0.480400 0.011400 0.021800
0 0.496700 0.879200 0.014000 0.018300
0 0.645200 0.578800 0.016900 0.022400
0 0.472700 0.491100 0.013000 0.021200
0 0.466700 0.618000 0.014500 0.021700
0 0.119900 0.440900 0.013800 0.021200
0 0.397100 0.417000 0.015500 0.019200
0 0.134300 0.318000 0.017000 0.017500
0 0.694300 0.806500 0.017400 0.019400
0 0.008300 0.617900 0.014800 0.017600
0 0.530400 0.369700 0.015800 0.017100
0 0.403300 0.306600 0.017700 0.020000
0 0.615200 0.390700 0.016700 0.018700
0 0.928500 0.722300 0.017500 0.019200
0 0.153300 0.132200 0.013600 0.018900
0 0.840800 0.609900 0.017200 0.019100
0 0.115900 0.095800 0.013100 0.021200
0 0.021400 0.603100 0.016100 0.019000
0 0.435100 0.765900 0.014600 0.019900
0 0.760700 0.778600 0.015400 0.018900
0 0.165100 0.545100 0.014900 0.018700
0 0.952300 0.881300 0.017800 0.021500
0 0.581700 0.867400 0.013800 0.020000
0 0.667100 0.782600 0.015700 0.023200
0 0.172400 0.484400 0.014000 0.019800
0 0.317800 0.266100 0.015400 0.018800
0 0.510800 0.678000 0.015200 0.018900
0 0.885500 0.210700 0.013200 0.018500
0 0.944300 0.602800 0.016900 0.019800
0 0.526800 0.807000 0.014700 0.020600
0 0.067000 0.577900 0.015500 0.018900
0 0.690900 0.422200 0.014000 0.022700
0 0.144800 0.494500 0.011900 0.021100
0 0.884500 0.053300 0.014200 0.018900
0 0.917000 0.233100 0.012800 0.021700
0 0.479100 0.416600 0.013500 0.022700
0 0.689200 0.708600 0.016200 0.020200
0 0.782800 0.146500 0.013500 0.025000
0 0.208500 0.971200 0.015600 0.018800
0 0.260200 0.932200 0.014900 0.022200
0 0.541300 0.696300 0.013900 0.019600
0 0.148100 0.146100 0.014500 0.019200
0 0.878800 0.321900 0.016300 0.018200
0 0.285600 0.753200 0.016900 0.018700
0 0.680900 0.246500 0.013300 0.020600
0 0.327200 0.566300 0.011900 0.027800
0 0.707800 0.159000 0.011000 0.025600
0 0.264200 0.165500 0.013900 0.025000
0 0.545500 0.884600 0.013300 0.021300
0 0.676600 0.390400 0.014300 0.019200
0 0.671900 0.070700 0.014500 0.020500
0 0.459800 0.096000 0.012900 0.022700
0 0.847300 0.135000 0.011400 0.026600
0 0.517200 0.441000 0.012700 0.020100
0 0.872400 0.933300 0.015000 0.023000
0 0.972500 0.467100 0.016500 0.019000
0 0.688900 0.765700 0.016400 0.019600
0 0.448500 0.229900 0.015500 0.022900
0 0.543600 0.453300 0.012200 0.024000
0 0.795100 0.504200 0.013400 0.024700
0 0.684300 0.817000 0.018400 0.019900
0 0.446500 0.315000 0.015100 0.021400
0 0.859300 0.166800 0.012800 0.028800
0 0.040400 0.019200 0.014400 0.021700
0 0.486300 0.767500 0.014500 0.020900
0 0.658800 0.821100 0.013100 0.030000
0 0.639100 0.481900 0.011000 0.027100
0 0.568600 0.542100 0.012600 0.024700
0 0.057300 0.727200 0.013600 0.024000
0 0.970400 0.542500 0.012000 0.029100
0 0.777600 0.716400 0.015500 0.019400
0 0.208400 0.244000 0.010800 0.029700
0 0.847600 0.798300 0.017700 0.017900
0 0.740000 0.221000 0.012900 0.026200
0 0.114400 0.070800 0.012600 0.023800
0 0.516900 0.401700 0.014500 0.020500
0 0.488600 0.080500 0.014100 0.018900
0 0.278500 0.430200 0.012800 0.029100
0 0.021800 0.489600 0.013700 0.018900
0 0.715700 0.035600 0.014900 0.020500
0 0.260700 0.605900 0.013800 0.020900
0 0.332900 0.752800 0.016100 0.018100
0 0.442700 0.051700 0.013900 0.021800
0 0.318900 0.233400 0.010600 0.032000
0 0.855300 0.718200 0.012100 0.028100
0 0.894500 0.627200 0.013900 0.026500
0 0.508400 0.471500 0.010300 0.030900
0 0.219900 0.673400 0.014100 0.018900
0 0.738600 0.378500 0.014100 0.022500
0 0.260200 0.596400 0.012000 0.025000
0 0.977800 0.293300 0.013700 0.019300
0 0.415500 0.439400 0.012700 0.020800
0 0.233600 0.643300 0.013800 0.020700
0 0.651000 0.429100 0.015500 0.018200
0 0.348100 0.857100 0.015900 0.023000
0 0.097900 0.759000 0.014000 0.021300
0 0.130500 0.540100 0.013600 0.019000
0 0.488900 0.659500 0.015900 0.019100
0 0.985700 0.255100 0.014200 0.020500
0 0.321300 0.498200 0.015400 0.020300
0 0.980200 0.281200 0.014700 0.018600
0 0.248800 0.883100 0.013200 0.026000
0 0.626800 0.181900 0.011600 0.032600
0 0.758900 0.316500 0.011900 0.031800
0 0.926400 0.593900 0.012200 0.025500
0 0.726100 0.760300 0.015400 0.018300
0 0.164500 0.768000 0.014900 0.023200
0 0.463300 0.195000 0.012100 0.024600
0 0.468700 0.863800 0.013600 0.019800
0 0.254000 0.833700 0.010500 0.033800
0 0.542400 0.632100 0.011900 0.023000
0 0.884700 0.334100 0.017200 0.018900
0 0.621000 0.967200 0.015300 0.025000
0 0.573700 0.435900 0.015400 0.018400
0 0.498600 0.566400 0.016200 0.020100
0 0.916000 0.890300 0.014400 0.026800
0 0.734900 0.434900 0.013600 0.027300
0 0.913600 0.127000 0.011800 0.023300
0 0.841900 0.051500 0.014400 0.019900
0 0.236000 0.339700 0.011000 0.030400
0 0.411200 0.293200 0.016800 0.019800
0 0.755700 0.211100 0.014900 0.021600
0 0.769100 0.729300 0.010700 0.025800
0 0.436300 0.381000 0.013500 0.026400
0 0.473900 0.522200 0.013400 0.022200
0 0.679700 0.148200 0.012000 0.022300
0 0.239500 0.864100 0.014600 0.023600
0 0.017100 0.038700 0.014800 0.018600
0 0.539500 0.935900 0.015700 0.019400
0 0.861500 0.190600 0.014100 0.024000
0 0.204600 0.023700 0.016600 0.023100
0 0.646200 0.444200 0.015400 0.018700
0 0.159100 0.526900 0.012300 0.022900
0 0.072300 0.948100 0.013800 0.021100
0 0.591900 0.630200 0.010000 0.036300
0 0.776800 0.564000 0.015800 0.020400
0 0.259200 0.718100 0.015900 0.019200
0 0.761600 0.652800 0.014300 0.022500
0 0.922700 0.485300 0.013000 0.022900
0 0.664500 0.902000 0.014900 0.022300
0 0.474200 0.382200 0.015000 0.021200
0 0.297800 0.118900 0.009900 0.036100
0 0.070400 0.922800 0.014000 0.022600
0 0.442900 0.641900 0.009700 0.037300
0 0.714400 0.898500 0.015900 0.021200
0 0.549200 0.294000 0.016000 0.017700
0 0.896800 0.223600 0.013100 0.019400
0 0.440300 0.396500 0.012300 0.026700
0 0.217100 0.923000 0.013900 0.019700
0 0.026300 0.413500 0.015700 0.018400
0 0.580600 0.714100 0.013400 0.025700
0 0.142500 0.058600 0.010100 0.034200
0 0.514700 0.367100 0.015400 0.019000
0 0.894700 0.111300 0.013200 0.021400
0 0.780600 0.823800 0.016300 0.018400
0 0.386500 0.135000 0.012900 0.023800
0 0.839300 0.705000 0.017500 0.018200
0 0.473800 0.916600 0.014400 0.021400
0 0.082900 0.385900 0.014000 0.019800
0 0.949609 0.450694 0.010156 0.026389
0 0.928516 0.014583 0.016406 0.023611
0 0.583203 0.095833 0.010156 0.025000
0 0.013672 0.218750 0.011719 0.026389
0 0.829687 0.168750 0.010937 0.037500
0 0.597656 0.104167 0.015625 0.025000
0 0.563672 0.284722 0.011719 0.022222
0 0.006641 0.015278 0.013281 0.016667
0 0.005859 0.064583 0.011719 0.015278
0 0.107813 0.449306 0.018750 0.023611
0 0.105469 0.461806 0.017188 0.020833
0 0.413281 0.698611 0.014062 0.033333
0 0.092188 0.129167 0.010937 0.033333
0 0.185547 0.175694 0.017969 0.023611
0 0.170703 0.611806 0.016406 0.023611
0 0.164453 0.758333 0.014844 0.027778
0 0.223828 0.954167 0.014844 0.027778
0 0.005469 0.969444 0.010937 0.027778
0 0.031250 0.946528 0.014062 0.029167
0 0.069141 0.870833 0.017969 0.025000
0 0.036328 0.809722 0.016406 0.027778
0 0.007031 0.824306 0.012500 0.023611
0 0.469922 0.772222 0.013281 0.025000
0 0.297656 0.978472 0.012500 0.034722
0 0.169141 0.662500 0.013281 0.022222
0 0.167969 0.640972 0.010937 0.023611
0 0.077734 0.613194 0.013281 0.029167
0 0.022656 0.686806 0.014062 0.029167
0 0.991016 0.607639 0.011719 0.026389
0 0.993359 0.537500 0.011719 0.027778
0 0.982031 0.622917 0.012500 0.023611
0 0.970312 0.633333 0.010937 0.022222
0 0.962500 0.636806 0.010937 0.026389
0 0.968359 0.629167 0.008594 0.025000
0 0.925000 0.050694 0.015625 0.026389
0 0.375781 0.654167 0.010937 0.030556
0 0.444141 0.515278 0.016406 0.027778
0 0.666797 0.575694 0.016406 0.020833
0 0.640234 0.780556 0.013281 0.030556
