0 0.963000 0.050000 0.016000 0.021000
0 0.978000 0.081000 0.016000 0.021000
0 0.956000 0.069000 0.016000 0.021000
0 0.942000 0.065000 0.016000 0.021000
0 0.963000 0.096000 0.016000 0.021000
0 0.973000 0.119000 0.016000 0.021000
0 0.909000 0.119000 0.016000 0.021000
0 0.922000 0.133000 0.016000 0.021000
0 0.934000 0.142000 0.016000 0.021000
0 0.927000 0.148000 0.016000 0.021000
0 0.914000 0.165000 0.016000 0.021000
0 0.900000 0.200000 0.016000 0.021000
0 0.892000 0.100000 0.016000 0.021000
0 0.881000 0.075000 0.016000 0.021000
0 0.892000 0.069000 0.016000 0.021000
0 0.944000 0.227000 0.016000 0.021000
0 0.950000 0.267000 0.016000 0.021000
0 0.950000 0.267000 0.016000 0.021000
0 0.927000 0.279000 0.016000 0.021000
0 0.936000 0.273000 0.016000 0.021000
0 0.902000 0.246000 0.016000 0.021000
0 0.880000 0.258000 0.016000 0.021000
0 0.881000 0.275000 0.016000 0.021000
0 0.869000 0.273000 0.016000 0.021000
0 0.850000 0.258000 0.016000 0.021000
0 0.834000 0.263000 0.016000 0.021000
0 0.844000 0.062000 0.016000 0.021000
0 0.827000 0.067000 0.016000 0.021000
0 0.781000 0.083000 0.016000 0.021000
0 0.778000 0.037000 0.016000 0.021000
0 0.764000 0.027000 0.016000 0.021000
0 0.763000 0.110000 0.016000 0.021000
0 0.752000 0.121000 0.016000 0.021000
0 0.773000 0.106000 0.016000 0.021000
0 0.812000 0.127000 0.016000 0.021000
0 0.802000 0.142000 0.016000 0.021000
0 0.766000 0.181000 0.016000 0.021000
0 0.809000 0.283000 0.016000 0.021000
0 0.856000 0.323000 0.016000 0.021000
0 0.845000 0.331000 0.016000 0.021000
0 0.841000 0.323000 0.016000 0.021000
0 0.825000 0.340000 0.016000 0.021000
0 0.802000 0.327000 0.016000 0.021000
0 0.792000 0.323000 0.016000 0.021000
0 0.792000 0.346000 0.016000 0.021000
0 0.783000 0.365000 0.016000 0.021000
0 0.858000 0.362000 0.016000 0.021000
0 0.905000 0.375000 0.016000 0.021000
0 0.917000 0.396000 0.016000 0.021000
0 0.906000 0.402000 0.016000 0.021000
0 0.842000 0.435000 0.016000 0.021000
0 0.823000 0.458000 0.016000 0.021000
0 0.944000 0.475000 0.016000 0.021000
0 0.900000 0.554000 0.016000 0.021000
0 0.916000 0.571000 0.016000 0.021000
0 0.869000 0.496000 0.016000 0.021000
0 0.873000 0.512000 0.016000 0.021000
0 0.856000 0.508000 0.016000 0.021000
0 0.858000 0.540000 0.016000 0.021000
0 0.908000 0.650000 0.016000 0.021000
0 0.923000 0.727000 0.016000 0.021000
0 0.889000 0.787000 0.016000 0.021000
0 0.909000 0.854000 0.016000 0.021000
0 0.917000 0.881000 0.016000 0.021000
0 0.902000 0.894000 0.016000 0.021000
0 0.881000 0.900000 0.016000 0.021000
0 0.884000 0.929000 0.016000 0.021000
0 0.905000 0.929000 0.016000 0.021000
0 0.922000 0.931000 0.016000 0.021000
0 0.908000 0.944000 0.016000 0.021000
0 0.895000 0.956000 0.016000 0.021000
0 0.920000 0.958000 0.016000 0.021000
0 0.794000 0.908000 0.016000 0.021000
0 0.820000 0.881000 0.016000 0.021000
0 0.886000 0.829000 0.016000 0.021000
0 0.834000 0.760000 0.016000 0.021000
0 0.823000 0.756000 0.016000 0.021000
0 0.792000 0.713000 0.016000 0.021000
0 0.812000 0.706000 0.016000 0.021000
0 0.748000 0.731000 0.016000 0.021000
0 0.770000 0.671000 0.016000 0.021000
0 0.756000 0.662000 0.016000 0.021000
0 0.756000 0.581000 0.016000 0.021000
0 0.859000 0.671000 0.016000 0.021000
0 0.872000 0.683000 0.016000 0.021000
0 0.922000 0.744000 0.016000 0.021000
0 0.708000 0.131000 0.016000 0.021000
0 0.709000 0.108000 0.016000 0.021000
0 0.716000 0.081000 0.016000 0.021000
0 0.725000 0.215000 0.016000 0.021000
0 0.664000 0.106000 0.016000 0.021000
0 0.673000 0.071000 0.016000 0.021000
0 0.666000 0.062000 0.016000 0.021000
0 0.672000 0.254000 0.016000 0.021000
0 0.673000 0.271000 0.016000 0.021000
0 0.705000 0.467000 0.016000 0.021000
0 0.709000 0.406000 0.016000 0.021000
0 0.700000 0.400000 0.016000 0.021000
0 0.683000 0.037000 0.016000 0.021000
0 0.603000 0.077000 0.016000 0.021000
0 0.613000 0.094000 0.016000 0.021000
0 0.625000 0.135000 0.016000 0.021000
0 0.631000 0.125000 0.016000 0.021000
0 0.630000 0.352000 0.016000 0.021000
0 0.613000 0.252000 0.016000 0.021000
0 0.583000 0.160000 0.016000 0.021000
0 0.598000 0.158000 0.016000 0.021000
0 0.584000 0.173000 0.016000 0.021000
0 0.527000 0.069000 0.016000 0.021000
0 0.492000 0.129000 0.016000 0.021000
0 0.552000 0.258000 0.016000 0.021000
0 0.506000 0.231000 0.016000 0.021000
0 0.445000 0.056000 0.016000 0.021000
0 0.405000 0.065000 0.016000 0.021000
0 0.395000 0.085000 0.016000 0.021000
0 0.413000 0.087000 0.016000 0.021000
0 0.377000 0.163000 0.016000 0.021000
0 0.361000 0.173000 0.016000 0.021000
0 0.364000 0.138000 0.016000 0.021000
0 0.369000 0.110000 0.016000 0.021000
0 0.348000 0.071000 0.016000 0.021000
0 0.352000 0.048000 0.016000 0.021000
0 0.344000 0.033000 0.016000 0.021000
0 0.306000 0.123000 0.016000 0.021000
0 0.295000 0.119000 0.016000 0.021000
0 0.297000 0.085000 0.016000 0.021000
0 0.281000 0.098000 0.016000 0.021000
0 0.320000 0.050000 0.016000 0.021000
0 0.284000 0.073000 0.016000 0.021000
0 0.273000 0.065000 0.016000 0.021000
0 0.283000 0.048000 0.016000 0.021000
0 0.189000 0.056000 0.016000 0.021000
0 0.195000 0.044000 0.016000 0.021000
0 0.127000 0.050000 0.016000 0.021000
0 0.125000 0.067000 0.016000 0.021000
0 0.095000 0.025000 0.016000 0.021000
0 0.061000 0.029000 0.016000 0.021000
0 0.025000 0.031000 0.016000 0.021000
0 0.061000 0.152000 0.016000 0.021000
0 0.073000 0.142000 0.016000 0.021000
0 0.169000 0.094000 0.016000 0.021000
0 0.175000 0.115000 0.016000 0.021000
0 0.219000 0.115000 0.016000 0.021000
0 0.241000 0.125000 0.016000 0.021000
0 0.223000 0.131000 0.016000 0.021000
0 0.175000 0.208000 0.016000 0.021000
0 0.431000 0.235000 0.016000 0.021000
0 0.438000 0.273000 0.016000 0.021000
0 0.425000 0.294000 0.016000 0.021000
0 0.427000 0.265000 0.016000 0.021000
0 0.206000 0.227000 0.016000 0.021000
0 0.214000 0.221000 0.016000 0.021000
0 0.073000 0.273000 0.016000 0.021000
0 0.062000 0.287000 0.016000 0.021000
0 0.086000 0.315000 0.016000 0.021000
0 0.059000 0.323000 0.016000 0.021000
0 0.055000 0.342000 0.016000 0.021000
0 0.070000 0.369000 0.016000 0.021000
0 0.123000 0.367000 0.016000 0.021000
0 0.145000 0.329000 0.016000 0.021000
0 0.152000 0.340000 0.016000 0.021000
0 0.159000 0.350000 0.016000 0.021000
0 0.166000 0.365000 0.016000 0.021000
0 0.166000 0.400000 0.016000 0.021000
0 0.252000 0.317000 0.016000 0.021000
0 0.234000 0.338000 0.016000 0.021000
0 0.330000 0.346000 0.016000 0.021000
0 0.584000 0.365000 0.016000 0.021000
0 0.614000 0.433000 0.016000 0.021000
0 0.673000 0.467000 0.016000 0.021000
0 0.659000 0.462000 0.016000 0.021000
0 0.511000 0.396000 0.016000 0.021000
0 0.480000 0.394000 0.016000 0.021000
0 0.473000 0.410000 0.016000 0.021000
0 0.450000 0.406000 0.016000 0.021000
0 0.403000 0.438000 0.016000 0.021000
0 0.269000 0.415000 0.016000 0.021000
0 0.288000 0.421000 0.016000 0.021000
0 0.294000 0.433000 0.016000 0.021000
0 0.291000 0.456000 0.016000 0.021000
0 0.322000 0.460000 0.016000 0.021000
0 0.241000 0.408000 0.016000 0.021000
0 0.227000 0.410000 0.016000 0.021000
0 0.241000 0.429000 0.016000 0.021000
0 0.236000 0.446000 0.016000 0.021000
0 0.245000 0.456000 0.016000 0.021000
0 0.236000 0.469000 0.016000 0.021000
0 0.080000 0.496000 0.016000 0.021000
0 0.050000 0.508000 0.016000 0.021000
0 0.152000 0.487000 0.016000 0.021000
0 0.131000 0.527000 0.016000 0.021000
0 0.114000 0.558000 0.016000 0.021000
0 0.122000 0.540000 0.016000 0.021000
0 0.231000 0.537000 0.016000 0.021000
0 0.172000 0.552000 0.016000 0.021000
0 0.173000 0.573000 0.016000 0.021000
0 0.534000 0.458000 0.016000 0.021000
0 0.608000 0.487000 0.016000 0.021000
0 0.552000 0.506000 0.016000 0.021000
0 0.541000 0.479000 0.016000 0.021000
0 0.463000 0.540000 0.016000 0.021000
0 0.417000 0.525000 0.016000 0.021000
0 0.372000 0.588000 0.016000 0.021000
0 0.598000 0.512000 0.016000 0.021000
0 0.713000 0.544000 0.016000 0.021000
0 0.705000 0.617000 0.016000 0.021000
0 0.691000 0.621000 0.016000 0.021000
0 0.695000 0.637000 0.016000 0.021000
0 0.708000 0.662000 0.016000 0.021000
0 0.675000 0.585000 0.016000 0.021000
0 0.681000 0.575000 0.016000 0.021000
0 0.611000 0.573000 0.016000 0.021000
0 0.602000 0.546000 0.016000 0.021000
0 0.541000 0.535000 0.016000 0.021000
0 0.477000 0.565000 0.016000 0.021000
0 0.561000 0.625000 0.016000 0.021000
0 0.633000 0.677000 0.016000 0.021000
0 0.702000 0.758000 0.016000 0.021000
0 0.717000 0.792000 0.016000 0.021000
0 0.730000 0.804000 0.016000 0.021000
0 0.684000 0.754000 0.016000 0.021000
0 0.670000 0.773000 0.016000 0.021000
0 0.642000 0.775000 0.016000 0.021000
0 0.631000 0.792000 0.016000 0.021000
0 0.642000 0.808000 0.016000 0.021000
0 0.677000 0.819000 0.016000 0.021000
0 0.716000 0.885000 0.016000 0.021000
0 0.683000 0.892000 0.016000 0.021000
0 0.638000 0.900000 0.016000 0.021000
0 0.627000 0.883000 0.016000 0.021000
0 0.589000 0.873000 0.016000 0.021000
0 0.592000 0.852000 0.016000 0.021000
0 0.616000 0.865000 0.016000 0.021000
0 0.577000 0.727000 0.016000 0.021000
0 0.589000 0.742000 0.016000 0.021000
0 0.589000 0.742000 0.016000 0.021000
0 0.559000 0.765000 0.016000 0.021000
0 0.528000 0.694000 0.016000 0.021000
0 0.519000 0.704000 0.016000 0.021000
0 0.961000 0.206000 0.016000 0.021000
0 0.969000 0.192000 0.016000 0.021000
0 0.489000 0.754000 0.016000 0.021000
0 0.498000 0.783000 0.016000 0.021000
0 0.459000 0.779000 0.016000 0.021000
0 0.464000 0.810000 0.016000 0.021000
0 0.447000 0.810000 0.016000 0.021000
0 0.416000 0.762000 0.016000 0.021000
0 0.430000 0.642000 0.016000 0.021000
0 0.448000 0.583000 0.016000 0.021000
0 0.372000 0.656000 0.016000 0.021000
0 0.356000 0.662000 0.016000 0.021000
0 0.317000 0.602000 0.016000 0.021000
0 0.255000 0.604000 0.016000 0.021000
0 0.302000 0.637000 0.016000 0.021000
0 0.312000 0.642000 0.016000 0.021000
0 0.320000 0.633000 0.016000 0.021000
0 0.228000 0.660000 0.016000 0.021000
0 0.169000 0.650000 0.016000 0.021000
0 0.153000 0.660000 0.016000 0.021000
0 0.108000 0.637000 0.016000 0.021000
0 0.105000 0.650000 0.016000 0.021000
0 0.264000 0.750000 0.016000 0.021000
0 0.133000 0.700000 0.016000 0.021000
0 0.200000 0.792000 0.016000 0.021000
0 0.091000 0.748000 0.016000 0.021000
0 0.080000 0.735000 0.016000 0.021000
0 0.197000 0.817000 0.016000 0.021000
0 0.203000 0.846000 0.016000 0.021000
0 0.428000 0.860000 0.016000 0.021000
0 0.519000 0.904000 0.016000 0.021000
0 0.453000 0.904000 0.016000 0.021000
0 0.492000 0.729000 0.016000 0.021000
0 0.728000 0.929000 0.016000 0.021000
0 0.752000 0.958000 0.016000 0.021000
0 0.689000 0.917000 0.016000 0.021000
0 0.683000 0.944000 0.016000 0.021000
0 0.650000 0.942000 0.016000 0.021000
0 0.636000 0.960000 0.016000 0.021000
0 0.591000 0.965000 0.016000 0.021000
0 0.463000 0.935000 0.016000 0.021000
0 0.463000 0.960000 0.016000 0.021000
0 0.359000 0.942000 0.016000 0.021000
0 0.353000 0.965000 0.016000 0.021000
0 0.283000 0.938000 0.016000 0.021000
0 0.255000 0.898000 0.016000 0.021000
0 0.228000 0.935000 0.016000 0.021000
0 0.203000 0.923000 0.016000 0.021000
0 0.153000 0.896000 0.016000 0.021000
0 0.133000 0.917000 0.016000 0.021000
0 0.108000 0.904000 0.016000 0.021000
0 0.108000 0.892000 0.016000 0.021000
0 0.066000 0.881000 0.016000 0.021000
0 0.052000 0.873000 0.016000 0.021000
0 0.042000 0.931000 0.016000 0.021000
0 0.056000 0.938000 0.016000 0.021000
0 0.634000 0.021000 0.016000 0.021000
0 0.866000 0.015000 0.016000 0.021000
0 0.706000 0.019000 0.016000 0.021000
0 0.980000 0.227000 0.016000 0.021000
0 0.989000 0.194000 0.016000 0.021000
0 0.980000 0.592000 0.016000 0.021000
0 0.986000 0.621000 0.016000 0.021000
0 0.975000 0.860000 0.016000 0.021000
0 0.936000 0.969000 0.016000 0.021000
0 0.888000 0.983000 0.016000 0.021000
0 0.863000 0.960000 0.016000 0.021000
0 0.850000 0.952000 0.016000 0.021000
0 0.834000 0.960000 0.016000 0.021000
0 0.827000 0.977000 0.016000 0.021000
0 0.817000 0.969000 0.016000 0.021000
0 0.673000 0.975000 0.016000 0.021000
0 0.534000 0.979000 0.016000 0.021000
0 0.497000 0.979000 0.016000 0.021000
0 0.427000 0.979000 0.016000 0.021000
0 0.270000 0.973000 0.016000 0.021000
0 0.147000 0.983000 0.016000 0.021000
0 0.030000 0.956000 0.016000 0.021000
0 0.095000 0.975000 0.016000 0.021000
0 0.081000 0.979000 0.016000 0.021000
0 0.022000 0.615000 0.016000 0.021000
0 0.044000 0.202000 0.016000 0.021000
0 0.864000 0.858000 0.016000 0.021000
0 0.963000 0.883000 0.016000 0.021000
0 0.311000 0.021000 0.016000 0.021000
0 0.009000 0.744000 0.016000 0.021000
0 0.598000 0.760000 0.016000 0.021000
0 0.825000 0.735000 0.016000 0.021000
0 0.809000 0.733000 0.016000 0.021000
0 0.007031 0.565278 0.010937 0.027778
0 0.010156 0.393056 0.015625 0.019444
0 0.006250 0.406944 0.012500 0.016667
0 0.009375 0.231250 0.014062 0.026389
0 0.115625 0.015972 0.015625 0.020833
0 0.993359 0.478472 0.007031 0.031944
0 0.961328 0.975000 0.014844 0.019444
0 0.080469 0.952083 0.009375 0.026389
0 0.346094 0.206944 0.001563 0.005556
0 0.349609 0.215972 0.002344 0.001389
0 0.624609 0.440278 0.013281 0.019444
0 0.713281 0.363194 0.012500 0.034722
0 0.443750 0.356944 0.014062 0.036111
0 0.958203 0.156250 0.011719 0.031944
0 0.663281 0.301389 0.014062 0.033333
0 0.640234 0.212500 0.011719 0.030556
0 0.274219 0.528472 0.012500 0.034722
0 0.052734 0.236806 0.011719 0.034722
0 0.555469 0.435417 0.017188 0.026389
0 0.508984 0.426389 0.011719 0.033333
0 0.481250 0.484722 0.010937 0.033333
0 0.203906 0.075694 0.012500 0.037500
0 0.057813 0.097917 0.012500 0.029167
0 0.043359 0.109028 0.016406 0.018056
0 0.041016 0.125694 0.010156 0.034722
0 0.005859 0.016667 0.010156 0.027778
0 0.072656 0.402778 0.012500 0.030556
0 0.019922 0.636806 0.011719 0.034722
0 0.033594 0.536111 0.012500 0.030556
0 0.180078 0.341667 0.010156 0.030556
0 0.353125 0.366667 0.012500 0.033333
0 0.335547 0.420139 0.019531 0.026389
0 0.296484 0.674306 0.010156 0.040278
0 0.280859 0.876389 0.014844 0.022222
0 0.160938 0.725694 0.020312 0.023611
0 0.408203 0.177083 0.016406 0.023611
0 0.426953 0.135417 0.016406 0.020833
0 0.433203 0.144444 0.019531 0.022222
0 0.431641 0.170833 0.016406 0.022222
0 0.478906 0.080556 0.017188 0.030556
0 0.451562 0.082639 0.017188 0.023611
0 0.541406 0.226389 0.012500 0.033333
0 0.523828 0.300694 0.013281 0.026389
0 0.533984 0.326389 0.013281 0.022222
0 0.546875 0.325000 0.018750 0.025000
0 0.576953 0.247222 0.016406 0.025000
0 0.659375 0.436111 0.012500 0.030556
0 0.585156 0.564583 0.017188 0.023611
0 0.519141 0.581944 0.010156 0.036111
0 0.532422 0.726389 0.010156 0.027778
0 0.555859 0.699306 0.013281 0.029167
0 0.532031 0.652083 0.017188 0.023611
0 0.385938 0.815972 0.010937 0.031944
0 0.406641 0.704861 0.010156 0.040278
0 0.770703 0.777778 0.011719 0.027778
0 0.850781 0.792361 0.012500 0.029167
0 0.784375 0.386111 0.009375 0.027778
0 0.878516 0.307639 0.016406 0.023611
0 0.931250 0.334722 0.010937 0.030556
0 0.618359 0.828472 0.011719 0.037500
0 0.510156 0.497222 0.010937 0.030556
0 0.504297 0.536806 0.010156 0.031944
0 0.007031 0.108333 0.014062 0.025000
0 0.457422 0.176389 0.011719 0.036111
0 0.432422 0.793056 0.013281 0.027778
0 0.860547 0.753472 0.008594 0.031944
0 0.853906 0.738889 0.010937 0.025000
0 0.917969 0.663889 0.009375 0.027778
0 0.717969 0.502083 0.009375 0.037500
0 0.741797 0.473611 0.013281 0.030556
0 0.748438 0.437500 0.014062 0.030556
0 0.803125 0.499306 0.009375 0.034722
0 0.796484 0.543056 0.010156 0.033333
0 0.808984 0.537500 0.008594 0.030556
0 0.813281 0.515278 0.012500 0.027778
0 0.818750 0.547222 0.014062 0.025000
0 0.923828 0.463194 0.010156 0.031944
0 0.963672 0.678472 0.010156 0.026389
0 0.976953 0.669444 0.008594 0.025000
0 0.386719 0.327778 0.017188 0.025000
0 0.645312 0.575000 0.010937 0.033333
0 0.305078 0.593056 0.007031 0.027778
0 0.121875 0.777083 0.012500 0.026389
0 0.131641 0.831944 0.014844 0.025000
0 0.090234 0.903472 0.013281 0.037500
0 0.260156 0.352778 0.009375 0.030556
0 0.101953 0.259722 0.010156 0.041667
0 0.106250 0.134722 0.012500 0.033333
0 0.934766 0.677083 0.008594 0.029167
0 0.957422 0.356250 0.010156 0.037500
0 0.785156 0.155556 0.010937 0.030556
0 0.790625 0.688194 0.010937 0.026389
0 0.332031 0.194444 0.014062 0.022222
0 0.205078 0.174306 0.013281 0.020833
0 0.216016 0.188194 0.010156 0.026389
0 0.242188 0.218750 0.012500 0.031944
0 0.672656 0.705556 0.012500 0.027778
0 0.683594 0.729861 0.017188 0.020833
0 0.592969 0.679861 0.010937 0.031944
0 0.898047 0.517361 0.013281 0.029167
0 0.960938 0.535417 0.010937 0.031944
0 0.658203 0.755556 0.010156 0.030556
0 0.423438 0.593750 0.012500 0.031944
0 0.181250 0.609028 0.014062 0.026389
0 0.307031 0.304167 0.012500 0.027778
0 0.337891 0.329861 0.013281 0.020833
0 0.205469 0.763194 0.010937 0.026389
0 0.015625 0.543056 0.007813 0.022222
0 0.020312 0.561806 0.010937 0.031944
0 0.271094 0.009722 0.012500 0.016667
0 0.694922 0.186806 0.013281 0.029167
0 0.822656 0.184722 0.012500 0.033333
0 0.877344 0.157639 0.017188 0.020833
0 0.851563 0.079167 0.014062 0.033333
0 0.694141 0.060417 0.010156 0.031944
0 0.777734 0.604861 0.010156 0.034722
0 0.743750 0.670833 0.009375 0.038889
0 0.512500 0.183333 0.014062 0.027778
0 0.168359 0.497917 0.014844 0.029167
0 0.396484 0.543056 0.011719 0.033333
0 0.410547 0.547222 0.008594 0.030556
0 0.385547 0.555556 0.013281 0.027778
0 0.360156 0.479167 0.014062 0.030556
0 0.368750 0.502083 0.014062 0.020833
0 0.386328 0.445139 0.014844 0.023611
0 0.410937 0.379167 0.010937 0.030556
0 0.466406 0.282639 0.014062 0.020833
0 0.476953 0.293056 0.011719 0.030556
0 0.298828 0.400694 0.010156 0.034722
0 0.258984 0.400000 0.016406 0.019444
0 0.832812 0.517361 0.014062 0.020833
0 0.870313 0.379167 0.020312 0.016667
0 0.141016 0.197222 0.016406 0.030556
0 0.876172 0.442361 0.011719 0.031944
0 0.758984 0.283333 0.014844 0.027778
0 0.726172 0.288889 0.011719 0.036111
0 0.449609 0.298611 0.014844 0.027778
0 0.348437 0.213194 0.010937 0.034722
0 0.547266 0.797222 0.011719 0.025000
0 0.752734 0.616667 0.008594 0.030556
0 0.123047 0.661806 0.017969 0.020833
0 0.216016 0.742361 0.010156 0.031944
0 0.684766 0.452083 0.011719 0.029167
0 0.770703 0.731250 0.011719 0.020833
0 0.573828 0.491667 0.008594 0.033333
0 0.717969 0.162500 0.014062 0.030556
0 0.865625 0.561806 0.015625 0.020833
0 0.205469 0.552778 0.014062 0.022222
0 0.299219 0.144444 0.014062 0.036111
0 0.484766 0.364583 0.014844 0.026389
0 0.426172 0.454861 0.016406 0.018056
0 0.424609 0.470833 0.013281 0.027778
0 0.623438 0.958333 0.012500 0.027778
