0 0.317600 0.415500 0.014300 0.023000
0 0.431400 0.142700 0.015800 0.021300
0 0.643300 0.143900 0.015300 0.020000
0 0.219700 0.148000 0.017600 0.017700
0 0.782200 0.806500 0.016600 0.021100
0 0.542600 0.458300 0.013500 0.021600
0 0.166800 0.329200 0.016400 0.020900
0 0.433700 0.296500 0.014700 0.021300
0 0.746400 0.729900 0.015700 0.020600
0 0.634900 0.042800 0.015900 0.019500
0 0.303800 0.643600 0.016700 0.021100
0 0.279200 0.646100 0.016100 0.019900
0 0.685700 0.429600 0.015500 0.020700
0 0.403700 0.306900 0.016100 0.019000
0 0.903700 0.415600 0.014100 0.024100
0 0.760500 0.196100 0.016100 0.019400
0 0.807000 0.781400 0.017300 0.020600
0 0.894900 0.630500 0.015600 0.021200
0 0.094300 0.716100 0.014500 0.022000
0 0.428700 0.871100 0.017100 0.020700
0 0.905200 0.130100 0.015500 0.020200
0 0.928100 0.721300 0.018400 0.019000
0 0.944700 0.602800 0.017700 0.020400
0 0.651800 0.429800 0.015800 0.018800
0 0.368200 0.420600 0.016900 0.017500
0 0.879700 0.422800 0.015200 0.022200
0 0.680800 0.720500 0.019300 0.023000
0 0.355300 0.471000 0.014400 0.020400
0 0.530000 0.369200 0.015200 0.018100
0 0.068500 0.867500 0.015200 0.023200
0 0.515400 0.402500 0.016100 0.020500
0 0.669000 0.757100 0.016900 0.027300
0 0.932700 0.070700 0.013700 0.023700
0 0.285200 0.205300 0.013900 0.021300
0 0.205700 0.804500 0.015500 0.021900
0 0.146500 0.153600 0.016400 0.020400
0 0.108900 0.693400 0.014800 0.022500
0 0.370200 0.402600 0.016200 0.019500
0 0.557000 0.618700 0.018600 0.021300
0 0.053000 0.844800 0.014500 0.023000
0 0.479000 0.544900 0.013900 0.019400
0 0.522700 0.808600 0.016100 0.020600
0 0.667400 0.782200 0.017500 0.026000
0 0.667000 0.367500 0.015400 0.022200
0 0.270200 0.703700 0.016600 0.018800
0 0.292400 0.291000 0.014500 0.023800
0 0.264200 0.166600 0.014200 0.023500
0 0.709600 0.905300 0.016600 0.021500
0 0.689500 0.807900 0.019300 0.021700
0 0.621700 0.259000 0.015200 0.022000
0 0.472700 0.490100 0.013500 0.021300
0 0.357200 0.271400 0.015200 0.024100
0 0.703400 0.954900 0.017400 0.019000
0 0.503200 0.555400 0.014200 0.022800
0 0.764100 0.557600 0.016000 0.021000
0 0.638600 0.481400 0.013500 0.022200
0 0.380300 0.729700 0.016300 0.023500
0 0.710000 0.068800 0.013700 0.022400
0 0.016900 0.407500 0.014900 0.020200
0 0.172400 0.583300 0.016200 0.019200
0 0.766700 0.090500 0.014000 0.023100
0 0.408000 0.705400 0.018100 0.023500
0 0.583600 0.717300 0.013900 0.024400
0 0.079400 0.081400 0.016900 0.020400
0 0.479400 0.415400 0.014400 0.022400
0 0.859600 0.167300 0.013200 0.027500
0 0.843800 0.252900 0.014400 0.021300
0 0.568600 0.542000 0.012200 0.024100
0 0.323400 0.541500 0.013200 0.024400
0 0.533500 0.641800 0.015100 0.022400
0 0.645500 0.443900 0.015700 0.021800
0 0.415800 0.064200 0.015400 0.021300
0 0.877000 0.808200 0.017500 0.021600
0 0.259400 0.930400 0.014800 0.022900
0 0.902200 0.679300 0.016200 0.019400
0 0.868200 0.829500 0.015300 0.023000
0 0.285600 0.753200 0.017000 0.018200
0 0.022800 0.684800 0.013100 0.021400
0 0.684700 0.454200 0.013800 0.020500
0 0.229000 0.740000 0.013800 0.022300
0 0.766900 0.852100 0.014000 0.023500
0 0.840600 0.609800 0.018200 0.020900
0 0.476500 0.381800 0.015600 0.021100
0 0.703600 0.492100 0.016400 0.018300
0 0.506700 0.472300 0.011200 0.027700
0 0.609900 0.481200 0.013600 0.021200
0 0.894700 0.114400 0.015100 0.021800
0 0.248300 0.882000 0.013400 0.027600
0 0.759600 0.309800 0.012400 0.030500
0 0.208400 0.243400 0.011200 0.029300
0 0.629100 0.178900 0.012400 0.029900
0 0.953100 0.466800 0.011800 0.028400
0 0.041700 0.616900 0.017200 0.020000
0 0.163900 0.765800 0.016200 0.021900
0 0.468700 0.860700 0.014100 0.021200
0 0.332700 0.642900 0.010800 0.031900
0 0.970400 0.541900 0.013800 0.027600
0 0.658200 0.820100 0.014800 0.030100
0 0.929700 0.352600 0.012600 0.027700
0 0.878800 0.322100 0.016600 0.020700
0 0.505100 0.696100 0.014800 0.018600
0 0.179100 0.286300 0.015200 0.020200
0 0.188600 0.177000 0.015600 0.018900
0 0.169900 0.485700 0.015800 0.020600
0 0.939400 0.555800 0.016500 0.021700
0 0.770600 0.283600 0.012800 0.030900
0 0.789500 0.410600 0.015900 0.022800
0 0.444300 0.221800 0.014300 0.025600
0 0.701500 0.757100 0.016700 0.021700
0 0.791400 0.502000 0.014000 0.023000
0 0.070600 0.678100 0.014600 0.019000
0 0.711300 0.159700 0.016300 0.020700
0 0.921300 0.080800 0.013600 0.021100
0 0.611100 0.156300 0.015300 0.018900
0 0.171300 0.610500 0.015200 0.018600
0 0.792400 0.173200 0.013900 0.022900
0 0.347700 0.858700 0.016000 0.025300
0 0.551600 0.293200 0.016100 0.018100
0 0.770600 0.352100 0.014800 0.021900
0 0.847400 0.797100 0.021600 0.020400
0 0.453800 0.146900 0.014500 0.019900
0 0.040600 0.019600 0.014700 0.024800
0 0.266900 0.977000 0.014400 0.024000
0 0.091200 0.766900 0.012900 0.026000
0 0.917200 0.639800 0.015900 0.019900
0 0.447100 0.314400 0.015700 0.021400
0 0.598500 0.760500 0.014800 0.022300
0 0.920100 0.928700 0.020700 0.019600
0 0.460500 0.692100 0.012700 0.021800
0 0.177500 0.971200 0.017700 0.020300
0 0.735400 0.876800 0.015200 0.022200
0 0.883800 0.331500 0.017300 0.022200
0 0.164500 0.543400 0.014900 0.021200
0 0.392300 0.411300 0.016100 0.019000
0 0.473300 0.521800 0.014500 0.020300
0 0.959800 0.822400 0.014500 0.025400
0 0.461500 0.115400 0.014200 0.019700
0 0.485300 0.740100 0.012200 0.028200
0 0.006200 0.790000 0.012200 0.023700
0 0.448700 0.517600 0.014500 0.019400
0 0.296200 0.120200 0.010600 0.035100
0 0.435700 0.377300 0.015300 0.020500
0 0.294400 0.441100 0.011700 0.031400
0 0.863200 0.190800 0.013900 0.022600
0 0.977800 0.293300 0.015600 0.023100
0 0.800900 0.492500 0.012300 0.024900
0 0.514100 0.369700 0.016100 0.020100
0 0.630400 0.496400 0.015400 0.018300
0 0.023100 0.414900 0.017600 0.019600
0 0.511200 0.677700 0.014800 0.020800
0 0.142800 0.056100 0.011100 0.033700
0 0.813300 0.216800 0.014100 0.020800
0 0.139300 0.486100 0.014600 0.018800
0 0.085500 0.592800 0.015600 0.019300
0 0.292200 0.979900 0.013000 0.026300
0 0.218100 0.673500 0.015800 0.019500
0 0.170400 0.565600 0.015600 0.020800
0 0.027400 0.660500 0.016700 0.018200
0 0.485600 0.079800 0.013400 0.019400
0 0.150800 0.577300 0.013300 0.023100
0 0.165800 0.891100 0.020300 0.023800
0 0.761100 0.777100 0.017400 0.018100
0 0.253800 0.834300 0.010900 0.035000
0 0.076172 0.268056 0.019531 0.025000
0 0.119922 0.713889 0.011719 0.013889
0 0.110156 0.720833 0.007813 0.025000
0 0.435547 0.948611 0.022656 0.022222
0 0.475391 0.943750 0.017969 0.020833
0 0.598828 0.930556 0.011719 0.027778
0 0.830859 0.939583 0.014844 0.034722
0 0.976172 0.926389 0.017969 0.027778
0 0.962500 0.882639 0.015625 0.026389
0 0.763672 0.652083 0.014844 0.026389
0 0.873438 0.527083 0.018750 0.026389
0 0.443750 0.642361 0.012500 0.031944
0 0.541406 0.775694 0.018750 0.026389
0 0.983594 0.354861 0.012500 0.020833
0 0.893359 0.018056 0.013281 0.025000
0 0.782031 0.147222 0.009375 0.030556
0 0.502734 0.063889 0.016406 0.022222
0 0.264062 0.016667 0.010937 0.016667
0 0.235938 0.338194 0.015625 0.026389
0 0.411328 0.365972 0.017969 0.020833
0 0.767187 0.728472 0.009375 0.026389
0 0.774609 0.714583 0.014844 0.023611
0 0.780859 0.799306 0.014844 0.023611
0 0.606641 0.113194 0.013281 0.020833
0 0.594922 0.096528 0.014844 0.026389
0 0.563281 0.288194 0.010937 0.023611
0 0.106641 0.440972 0.011719 0.029167
0 0.094531 0.449306 0.017188 0.023611
0 0.095703 0.464583 0.013281 0.018056
0 0.101953 0.450694 0.013281 0.023611
0 0.048437 0.959028 0.012500 0.029167
0 0.012891 0.892361 0.013281 0.031944
0 0.143750 0.847222 0.015625 0.025000
0 0.526953 0.909028 0.019531 0.023611
0 0.827344 0.175694 0.010937 0.029167
0 0.937891 0.969444 0.017969 0.022222
0 0.005859 0.013194 0.011719 0.023611
0 0.016406 0.031250 0.012500 0.018056
0 0.010547 0.034722 0.013281 0.025000
0 0.027734 0.175000 0.014844 0.025000
0 0.063672 0.252083 0.010156 0.026389
0 0.091797 0.129861 0.011719 0.034722
0 0.108984 0.091667 0.016406 0.027778
0 0.083594 0.385417 0.014062 0.023611
0 0.133594 0.650694 0.014062 0.031944
0 0.495313 0.877083 0.014062 0.023611
0 0.520703 0.874306 0.016406 0.023611
0 0.988672 0.615278 0.014844 0.022222
0 0.980078 0.628472 0.010156 0.020833
0 0.965234 0.643750 0.010156 0.023611
0 0.975391 0.645139 0.010156 0.023611
0 0.970703 0.631944 0.010156 0.016667
0 0.905859 0.476389 0.011719 0.030556
0 0.897266 0.227778 0.014844 0.027778
0 0.886719 0.211806 0.014062 0.029167
0 0.946484 0.084028 0.013281 0.029167
0 0.884766 0.056250 0.014844 0.026389
0 0.871094 0.060417 0.014062 0.029167
0 0.441406 0.208333 0.014062 0.025000
0 0.259375 0.596528 0.010937 0.037500
0 0.258203 0.609722 0.017969 0.022222
0 0.542969 0.634028 0.010937 0.026389
