0 0.318800 0.422600 0.014100 0.019700
0 0.642700 0.428400 0.014000 0.018500
0 0.452700 0.529200 0.013900 0.020200
0 0.067700 0.866000 0.014600 0.018300
0 0.178500 0.289400 0.015400 0.019600
0 0.842000 0.581200 0.014600 0.020500
0 0.190400 0.178200 0.016300 0.017800
0 0.704200 0.417800 0.015400 0.018300
0 0.867300 0.831400 0.015700 0.018200
0 0.740900 0.470100 0.013900 0.019700
0 0.441000 0.292000 0.015000 0.019300
0 0.760600 0.196500 0.015100 0.019400
0 0.816500 0.742300 0.015600 0.017800
0 0.504100 0.729900 0.015200 0.018700
0 0.841500 0.792900 0.018600 0.017400
0 0.217200 0.153900 0.015600 0.017700
0 0.094600 0.645400 0.015300 0.020100
0 0.640600 0.407300 0.012900 0.018800
0 0.370200 0.166500 0.014400 0.019400
0 0.371000 0.204700 0.015200 0.019100
0 0.068400 0.058200 0.013600 0.020600
0 0.766400 0.666300 0.014500 0.018600
0 0.878800 0.321700 0.016700 0.017300
0 0.709800 0.080500 0.013100 0.019700
0 0.509500 0.270700 0.013300 0.020200
0 0.669400 0.756600 0.014900 0.026100
0 0.594100 0.785400 0.015000 0.018700
0 0.496600 0.879100 0.014200 0.018200
0 0.530500 0.369400 0.014500 0.017400
0 0.944300 0.602600 0.016800 0.020300
0 0.656400 0.094600 0.013200 0.019800
0 0.778100 0.710600 0.015700 0.018300
0 0.144800 0.840800 0.015600 0.019200
0 0.246000 0.557300 0.012900 0.021700
0 0.934000 0.795200 0.014600 0.021700
0 0.696500 0.846800 0.015800 0.018600
0 0.517800 0.806400 0.013800 0.021300
0 0.392600 0.406700 0.015000 0.019400
0 0.479000 0.478500 0.013700 0.021700
0 0.403800 0.307200 0.016600 0.018500
0 0.610100 0.480100 0.011300 0.021900
0 0.764800 0.082000 0.015000 0.019500
0 0.345800 0.960700 0.015100 0.019300
0 0.707400 0.905000 0.017300 0.020900
0 0.739400 0.720200 0.014800 0.019800
0 0.302700 0.644300 0.016300 0.021100
0 0.678500 0.256800 0.015300 0.021200
0 0.510800 0.678500 0.014800 0.020000
0 0.885500 0.210400 0.013300 0.018300
0 0.790200 0.533300 0.014600 0.020100
0 0.904400 0.131200 0.015500 0.019300
0 0.715400 0.322300 0.015200 0.018900
0 0.958300 0.246600 0.014700 0.019200
0 0.418900 0.352800 0.013500 0.018800
0 0.257400 0.928500 0.013700 0.021900
0 0.479800 0.408600 0.014000 0.021400
0 0.764100 0.553200 0.015300 0.019400
0 0.731000 0.580400 0.013700 0.022300
0 0.245200 0.970300 0.014000 0.021100
0 0.557700 0.447800 0.013400 0.020900
0 0.043700 0.845100 0.013700 0.019900
0 0.771800 0.378600 0.013900 0.022600
0 0.284700 0.434600 0.015500 0.020100
0 0.469800 0.478000 0.013200 0.023300
0 0.873600 0.491800 0.012600 0.022300
0 0.083200 0.385300 0.013800 0.018800
0 0.685600 0.808400 0.016800 0.021600
0 0.372500 0.097300 0.012300 0.020800
0 0.470600 0.865000 0.013800 0.020200
0 0.893500 0.115700 0.014000 0.020800
0 0.658900 0.820500 0.012400 0.030400
0 0.143500 0.802600 0.014200 0.018300
0 0.253600 0.179500 0.013000 0.023500
0 0.251700 0.605000 0.015100 0.019600
0 0.548300 0.967600 0.015000 0.018800
0 0.888900 0.958900 0.013300 0.020500
0 0.131200 0.477500 0.014100 0.018100
0 0.456400 0.393700 0.012900 0.023500
0 0.522900 0.922700 0.014500 0.019200
0 0.684100 0.432500 0.014800 0.023200
0 0.735800 0.095400 0.014100 0.020400
0 0.802600 0.405200 0.010700 0.029900
0 0.053800 0.747500 0.012900 0.020500
0 0.446800 0.314800 0.013300 0.020000
0 0.884600 0.052800 0.014700 0.018900
0 0.285500 0.752800 0.017900 0.017800
0 0.143200 0.458000 0.011200 0.025100
0 0.198400 0.042400 0.013200 0.022200
0 0.551500 0.297200 0.014700 0.018600
0 0.791100 0.509300 0.014200 0.022100
0 0.608500 0.034600 0.014500 0.021400
0 0.042300 0.807000 0.015700 0.018100
0 0.504700 0.514800 0.014600 0.021700
0 0.623400 0.072800 0.011100 0.025100
0 0.082000 0.448100 0.013400 0.017000
0 0.273100 0.432300 0.016100 0.020500
0 0.598200 0.081400 0.015100 0.018500
0 0.927000 0.494200 0.014700 0.019100
0 0.336200 0.894600 0.015000 0.021800
0 0.016300 0.407500 0.015300 0.016200
0 0.246300 0.219200 0.011800 0.026200
0 0.813800 0.354200 0.011300 0.028900
0 0.895000 0.632900 0.014200 0.025100
0 0.484200 0.081500 0.013300 0.021100
0 0.667200 0.781400 0.015000 0.026900
0 0.096000 0.858000 0.011200 0.026900
0 0.620800 0.791000 0.012200 0.024200
0 0.531500 0.342900 0.013600 0.021500
0 0.760800 0.777300 0.016800 0.019200
0 0.671900 0.723400 0.015500 0.023200
0 0.691400 0.230400 0.011700 0.030100
0 0.255900 0.656600 0.013500 0.024400
0 0.639200 0.481900 0.011100 0.027000
0 0.882400 0.347700 0.016500 0.020700
0 0.017200 0.417100 0.015600 0.016600
0 0.541300 0.459900 0.011900 0.023900
0 0.761300 0.653700 0.014200 0.020500
0 0.873600 0.804800 0.016900 0.018000
0 0.260600 0.595600 0.012400 0.026800
0 0.085700 0.579800 0.016200 0.019300
0 0.459600 0.584100 0.012400 0.025900
0 0.047400 0.771700 0.013200 0.021000
0 0.646700 0.443900 0.013700 0.018400
0 0.568600 0.542300 0.011900 0.025400
0 0.514800 0.401800 0.015300 0.019500
0 0.073300 0.592500 0.013000 0.021300
0 0.246700 0.884400 0.011700 0.027800
0 0.040300 0.017600 0.012900 0.023300
0 0.130900 0.714200 0.013900 0.019800
0 0.208300 0.243900 0.011100 0.029700
0 0.256800 0.398100 0.013900 0.020200
0 0.111100 0.094800 0.015700 0.019900
0 0.859300 0.166500 0.011600 0.030500
0 0.970600 0.542500 0.012100 0.029100
0 0.453600 0.146500 0.012500 0.018900
0 0.956800 0.034900 0.011300 0.029100
0 0.628900 0.179800 0.012800 0.029900
0 0.164500 0.333800 0.016000 0.019600
0 0.434400 0.140700 0.016100 0.019500
0 0.927800 0.510000 0.012100 0.021600
0 0.167900 0.577000 0.013000 0.018900
0 0.905300 0.839300 0.015300 0.022900
0 0.386500 0.369800 0.013300 0.021500
0 0.451600 0.939600 0.016600 0.020200
0 0.008700 0.310800 0.014500 0.018500
0 0.236100 0.340100 0.011500 0.027700
0 0.172200 0.610700 0.013300 0.021000
0 0.969000 0.622600 0.012100 0.024600
0 0.453300 0.548200 0.014700 0.019800
0 0.444000 0.226600 0.013300 0.025300
0 0.160700 0.526900 0.013600 0.019300
0 0.452100 0.165600 0.013000 0.022900
0 0.476100 0.564200 0.015500 0.019000
0 0.706200 0.985100 0.013500 0.024300
0 0.919000 0.724000 0.015600 0.018800
0 0.563600 0.284700 0.013000 0.020400
0 0.985200 0.144600 0.016600 0.020300
0 0.788300 0.421200 0.013600 0.022600
0 0.295100 0.119600 0.009900 0.032900
0 0.949100 0.744700 0.011200 0.029200
0 0.884600 0.333600 0.017300 0.017300
0 0.024200 0.677400 0.012100 0.023200
0 0.765500 0.293400 0.010900 0.028600
0 0.476100 0.379400 0.014800 0.019600
0 0.354000 0.864700 0.013300 0.026600
0 0.060600 0.292400 0.013500 0.018500
0 0.881000 0.384700 0.011600 0.032000
0 0.471500 0.835400 0.012400 0.025000
0 0.156200 0.577600 0.013600 0.016900
0 0.439500 0.642000 0.010100 0.036700
0 0.388900 0.752700 0.012500 0.029000
0 0.488500 0.515800 0.012900 0.024100
0 0.430800 0.373000 0.011500 0.027600
0 0.861500 0.190500 0.014400 0.023600
0 0.499400 0.467100 0.012600 0.024200
0 0.167900 0.759800 0.015400 0.019500
0 0.728900 0.508300 0.012000 0.018300
0 0.773400 0.279700 0.013500 0.023000
0 0.148600 0.590100 0.014500 0.019800
0 0.896800 0.226400 0.012600 0.021400
0 0.167500 0.747000 0.014700 0.018100
0 0.897500 0.513600 0.014300 0.020600
0 0.329700 0.073300 0.010800 0.029600
0 0.441700 0.620300 0.014200 0.026400
0 0.371800 0.985700 0.012800 0.021100
0 0.376200 0.971000 0.015100 0.017500
0 0.106100 0.923600 0.012800 0.023300
0 0.289900 0.979400 0.011200 0.030100
0 0.627300 0.458200 0.013100 0.021300
0 0.494800 0.234300 0.014600 0.021800
0 0.784900 0.161100 0.012400 0.027100
0 0.564600 0.726200 0.014000 0.020300
0 0.788300 0.813900 0.016400 0.018300
0 0.946700 0.086100 0.011900 0.021900
0 0.514600 0.366500 0.014000 0.019100
0 0.011400 0.034600 0.014400 0.017700
0 0.983300 0.622700 0.014600 0.020200
0 0.006500 0.016300 0.010800 0.017700
0 0.141406 0.051389 0.012500 0.025000
0 0.251563 0.834028 0.015625 0.026389
0 0.266406 0.750694 0.009375 0.031944
0 0.276563 0.112500 0.018750 0.025000
0 0.826563 0.172222 0.010937 0.033333
0 0.514844 0.961111 0.012500 0.022222
0 0.740625 0.027778 0.014062 0.019444
0 0.607422 0.424306 0.013281 0.031944
0 0.454297 0.012500 0.016406 0.019444
0 0.587500 0.035417 0.014062 0.031944
0 0.474609 0.524306 0.010156 0.029167
0 0.762500 0.730556 0.010937 0.027778
0 0.592578 0.103472 0.016406 0.029167
0 0.086719 0.468056 0.014062 0.022222
0 0.092188 0.131250 0.012500 0.031944
0 0.258203 0.013194 0.011719 0.020833
0 0.142578 0.162500 0.019531 0.025000
0 0.146875 0.179861 0.014062 0.026389
0 0.093750 0.441667 0.012500 0.030556
0 0.164453 0.491667 0.014844 0.022222
0 0.207422 0.681250 0.017969 0.023611
0 0.090625 0.752083 0.015625 0.020833
0 0.098438 0.740972 0.014062 0.029167
0 0.575781 0.725000 0.014062 0.033333
0 0.932813 0.947917 0.015625 0.020833
0 0.866797 0.940278 0.014844 0.027778
0 0.879687 0.736111 0.015625 0.027778
0 0.840234 0.623611 0.010156 0.025000
0 0.834375 0.611806 0.017188 0.023611
0 0.976953 0.294444 0.011719 0.022222
0 0.769922 0.011111 0.014844 0.022222
0 0.114063 0.975694 0.014062 0.029167
0 0.971875 0.642361 0.010937 0.020833
0 0.963672 0.643750 0.013281 0.023611
0 0.991797 0.177083 0.013281 0.018056
0 0.427344 0.338194 0.010937 0.029167
0 0.898047 0.950694 0.013281 0.031944
