0 0.365000 0.741600 0.015300 0.019800
0 0.318900 0.422300 0.013900 0.020900
0 0.668800 0.756700 0.014300 0.024700
0 0.645300 0.296100 0.016300 0.021400
0 0.291100 0.641000 0.013600 0.018900
0 0.066600 0.869500 0.016000 0.018000
0 0.767500 0.093700 0.014300 0.021100
0 0.881800 0.807800 0.015400 0.017900
0 0.393100 0.410100 0.014600 0.018200
0 0.545500 0.808100 0.017200 0.018700
0 0.781000 0.141500 0.015200 0.020300
0 0.280000 0.394300 0.013300 0.021300
0 0.606500 0.660100 0.012500 0.018600
0 0.221600 0.668500 0.016100 0.018700
0 0.579100 0.546000 0.013000 0.020700
0 0.469300 0.183500 0.014200 0.021300
0 0.880600 0.458700 0.014200 0.019300
0 0.943100 0.603600 0.015600 0.022000
0 0.264800 0.604900 0.013900 0.018800
0 0.609900 0.480500 0.011700 0.021300
0 0.234200 0.933000 0.015300 0.018500
0 0.872200 0.830000 0.016700 0.017500
0 0.679400 0.934200 0.014300 0.019400
0 0.096300 0.570200 0.015000 0.020500
0 0.769700 0.558500 0.015900 0.018500
0 0.709000 0.934800 0.014300 0.020600
0 0.690500 0.716200 0.014900 0.019800
0 0.806700 0.756400 0.012800 0.024400
0 0.444700 0.315400 0.013700 0.020000
0 0.547400 0.890200 0.016000 0.019300
0 0.496600 0.880100 0.016000 0.018100
0 0.403600 0.308400 0.017500 0.019400
0 0.610100 0.098100 0.015700 0.017900
0 0.271700 0.415600 0.013700 0.021600
0 0.303300 0.645000 0.015100 0.019000
0 0.646300 0.465700 0.013700 0.020300
0 0.692000 0.805600 0.016600 0.019700
0 0.777600 0.721400 0.012700 0.019400
0 0.171600 0.769500 0.016700 0.019800
0 0.284900 0.753900 0.016500 0.019200
0 0.781600 0.756400 0.014900 0.018700
0 0.656900 0.630800 0.015300 0.020100
0 0.528700 0.803800 0.015800 0.020100
0 0.118100 0.718000 0.013000 0.024800
0 0.321200 0.783800 0.015000 0.019900
0 0.717800 0.902500 0.016100 0.021100
0 0.510400 0.679400 0.014600 0.020800
0 0.294200 0.609300 0.012300 0.020600
0 0.851700 0.608100 0.018300 0.020700
0 0.641100 0.933400 0.013900 0.021600
0 0.903400 0.133400 0.015100 0.019900
0 0.707500 0.523500 0.014000 0.020200
0 0.878300 0.322500 0.015500 0.017900
0 0.479200 0.416800 0.013600 0.023100
0 0.529700 0.370000 0.015100 0.017600
0 0.448200 0.509300 0.014500 0.019500
0 0.193700 0.292000 0.014600 0.020000
0 0.090800 0.670000 0.015200 0.017900
0 0.645800 0.444800 0.014900 0.019500
0 0.096100 0.897700 0.016300 0.020400
0 0.647800 0.427300 0.015400 0.018500
0 0.176500 0.479300 0.014800 0.019700
0 0.542400 0.632000 0.010800 0.020900
0 0.884300 0.053500 0.014100 0.019500
0 0.527900 0.891200 0.013900 0.018500
0 0.460900 0.446000 0.011400 0.026100
0 0.396700 0.181400 0.014000 0.027400
0 0.932300 0.723300 0.016000 0.018800
0 0.264600 0.158900 0.013800 0.021800
0 0.093400 0.130200 0.011500 0.026000
0 0.192100 0.176600 0.014800 0.017600
0 0.667400 0.782300 0.014400 0.026300
0 0.291500 0.693400 0.015700 0.018200
0 0.454400 0.227200 0.015000 0.020900
0 0.208300 0.243400 0.011800 0.026900
0 0.107000 0.471200 0.013700 0.017200
0 0.446400 0.367400 0.014100 0.019200
0 0.891800 0.457300 0.013800 0.019600
0 0.828500 0.078000 0.011900 0.025400
0 0.146200 0.481000 0.013300 0.018700
0 0.016200 0.403200 0.014200 0.017800
0 0.479700 0.490100 0.013100 0.024000
0 0.782100 0.827800 0.017100 0.018300
0 0.567900 0.541900 0.012100 0.022800
0 0.968600 0.746600 0.017100 0.019700
0 0.023500 0.680800 0.012500 0.021000
0 0.861200 0.902800 0.016200 0.020400
0 0.345900 0.117500 0.012200 0.022300
0 0.551800 0.294500 0.016200 0.016900
0 0.902200 0.629400 0.013100 0.026700
0 0.546300 0.464700 0.013500 0.019700
0 0.847900 0.798300 0.016000 0.016800
0 0.692800 0.421900 0.015400 0.024300
0 0.658400 0.821900 0.012000 0.029300
0 0.426100 0.356300 0.012100 0.024200
0 0.435700 0.380000 0.013700 0.022400
0 0.545100 0.426800 0.014600 0.017800
0 0.883500 0.334000 0.014600 0.019700
0 0.202700 0.560200 0.014100 0.020200
0 0.946500 0.922700 0.014100 0.021900
0 0.216800 0.876500 0.015400 0.019900
0 0.832900 0.552500 0.015400 0.020800
0 0.320000 0.028800 0.015500 0.022500
0 0.920500 0.503800 0.012900 0.029600
0 0.532500 0.904000 0.016200 0.017500
0 0.156800 0.497600 0.013200 0.019300
0 0.366100 0.932900 0.011000 0.025800
0 0.939100 0.360800 0.014700 0.019500
0 0.260000 0.595100 0.011600 0.021200
0 0.761000 0.197300 0.016900 0.017800
0 0.172000 0.610500 0.013300 0.020700
0 0.266900 0.922300 0.012500 0.028000
0 0.859300 0.167000 0.011900 0.029500
0 0.715800 0.273500 0.015000 0.020100
0 0.639000 0.482100 0.010700 0.024900
0 0.940500 0.331800 0.010700 0.025800
0 0.796200 0.505100 0.013100 0.026200
0 0.535300 0.453300 0.014600 0.017800
0 0.506600 0.469200 0.010600 0.030300
0 0.469000 0.863900 0.014500 0.019600
0 0.970500 0.543300 0.011500 0.030300
0 0.235800 0.340500 0.011800 0.026500
0 0.143900 0.316800 0.014100 0.020000
0 0.067800 0.764800 0.012900 0.024300
0 0.581000 0.709400 0.013100 0.026600
0 0.145200 0.510000 0.011700 0.021400
0 0.018300 0.031100 0.016200 0.020900
0 0.333900 0.864300 0.013500 0.022000
0 0.668700 0.489800 0.012800 0.021600
0 0.820700 0.619300 0.015800 0.023200
0 0.233600 0.201800 0.014700 0.019500
0 0.934900 0.663900 0.016300 0.019800
0 0.754600 0.854300 0.009900 0.035700
0 0.758700 0.643900 0.015100 0.020300
0 0.498200 0.620000 0.013600 0.021100
0 0.165100 0.326400 0.016200 0.018300
0 0.023800 0.415300 0.015900 0.017800
0 0.439100 0.292800 0.014900 0.019500
0 0.121800 0.523100 0.011500 0.020300
0 0.660900 0.080300 0.015400 0.017900
0 0.374100 0.405100 0.014500 0.023300
0 0.391800 0.477400 0.011300 0.029200
0 0.097200 0.108600 0.013700 0.019000
0 0.774100 0.432600 0.015000 0.020100
0 0.438600 0.792500 0.015200 0.018600
0 0.451800 0.167400 0.012900 0.022500
0 0.515200 0.367400 0.014800 0.019800
0 0.892900 0.302700 0.011500 0.024700
0 0.682100 0.661200 0.014900 0.020500
0 0.490900 0.089500 0.016600 0.019300
0 0.723200 0.135300 0.014700 0.023300
0 0.330100 0.247900 0.014500 0.021900
0 0.473500 0.373700 0.014200 0.019200
0 0.667800 0.839300 0.013200 0.026300
0 0.256600 0.829700 0.009500 0.034700
0 0.336100 0.127200 0.014100 0.021700
0 0.961400 0.811200 0.015200 0.018700
0 0.861600 0.190800 0.014300 0.023900
0 0.626500 0.180100 0.012200 0.033600
0 0.981400 0.353600 0.013000 0.027600
0 0.788800 0.552000 0.015200 0.019300
0 0.865200 0.373900 0.014700 0.021200
0 0.448300 0.055300 0.016400 0.021300
0 0.758200 0.339000 0.012700 0.026400
0 0.399000 0.597600 0.012600 0.021200
0 0.761600 0.653800 0.014300 0.021500
0 0.122400 0.458400 0.014300 0.017400
0 0.459600 0.314000 0.011500 0.021800
0 0.472300 0.253300 0.014000 0.019300
0 0.205700 0.546100 0.012300 0.021800
0 0.148900 0.145200 0.014600 0.018900
0 0.110000 0.145100 0.013700 0.017900
0 0.586700 0.778400 0.014800 0.020900
0 0.182100 0.285900 0.015300 0.019700
0 0.031700 0.681100 0.012400 0.018800
0 0.015400 0.572200 0.014200 0.023100
0 0.124000 0.446400 0.012900 0.017600
0 0.141300 0.047400 0.012600 0.027000
0 0.896000 0.113700 0.014900 0.022400
0 0.888500 0.283700 0.013500 0.020900
0 0.511600 0.394500 0.015700 0.020800
0 0.181100 0.551600 0.012100 0.020500
0 0.051800 0.497800 0.015600 0.017600
0 0.593600 0.085900 0.014800 0.019500
0 0.338600 0.427700 0.013700 0.021700
0 0.098200 0.559300 0.015200 0.019400
0 0.824200 0.442000 0.014300 0.026000
0 0.111200 0.085400 0.013700 0.019200
0 0.961700 0.094900 0.013000 0.022800
0 0.551600 0.960600 0.016900 0.021100
0 0.048400 0.673400 0.014200 0.017700
0 0.250600 0.881100 0.012400 0.026500
0 0.760900 0.776100 0.016300 0.019800
0 0.731200 0.963900 0.012300 0.022800
0 0.224100 0.147600 0.016400 0.017000
0 0.474200 0.522800 0.013300 0.023000
0 0.902700 0.436000 0.011300 0.020000
0 0.186700 0.856600 0.010800 0.031300
0 0.041016 0.019444 0.011719 0.022222
0 0.263281 0.984028 0.012500 0.023611
0 0.574219 0.288889 0.012500 0.025000
0 0.561719 0.287500 0.012500 0.022222
0 0.005859 0.011111 0.011719 0.016667
0 0.663672 0.036806 0.016406 0.029167
0 0.448047 0.637500 0.013281 0.038889
0 0.056641 0.986111 0.022656 0.022222
0 0.989453 0.611111 0.010156 0.022222
0 0.982813 0.621528 0.010937 0.023611
0 0.974219 0.639583 0.010937 0.023611
0 0.966406 0.638194 0.010937 0.023611
0 0.969922 0.623611 0.013281 0.022222
0 0.933203 0.941667 0.013281 0.025000
0 0.953906 0.364583 0.012500 0.031944
0 0.976953 0.295139 0.013281 0.026389
0 0.885156 0.211806 0.014062 0.029167
0 0.895703 0.224306 0.014844 0.029167
0 0.830078 0.175000 0.013281 0.033333
0 0.767578 0.728472 0.010156 0.029167
0 0.668359 0.599306 0.014844 0.023611
0 0.304297 0.979861 0.013281 0.031944
0 0.350000 0.859722 0.015625 0.027778
0 0.336719 0.378472 0.012500 0.031944
0 0.299609 0.115278 0.011719 0.036111
0 0.247656 0.075694 0.015625 0.026389
0 0.287500 0.072222 0.012500 0.030556
0 0.148828 0.122222 0.013281 0.025000
0 0.113281 0.371528 0.015625 0.026389
0 0.085547 0.388889 0.016406 0.027778
0 0.007422 0.468056 0.013281 0.025000
0 0.264844 0.015278 0.012500 0.022222
