0 0.479100 0.179600 0.015000 0.019800
0 0.066900 0.869400 0.016000 0.018800
0 0.232400 0.881400 0.015200 0.019300
0 0.781700 0.143100 0.015100 0.020600
0 0.445600 0.315300 0.013300 0.018800
0 0.182900 0.281700 0.013400 0.021400
0 0.946300 0.354900 0.014200 0.019600
0 0.607500 0.096000 0.015400 0.017300
0 0.854700 0.904800 0.015000 0.022500
0 0.668900 0.757100 0.014100 0.025200
0 0.881900 0.807800 0.015500 0.018100
0 0.221200 0.668000 0.016300 0.019600
0 0.944200 0.603900 0.015600 0.020600
0 0.820300 0.555500 0.015000 0.018800
0 0.302900 0.644300 0.015200 0.020400
0 0.767500 0.093600 0.014900 0.021600
0 0.344200 0.105300 0.015300 0.021300
0 0.027700 0.681600 0.013600 0.021200
0 0.872800 0.829800 0.016900 0.018100
0 0.496300 0.879700 0.015500 0.018600
0 0.690500 0.718000 0.014400 0.020100
0 0.667700 0.930300 0.014300 0.019600
0 0.372500 0.732800 0.015300 0.020600
0 0.393400 0.410000 0.014400 0.019000
0 0.392000 0.610900 0.016000 0.018400
0 0.556500 0.816000 0.014800 0.019700
0 0.265200 0.604600 0.013300 0.018900
0 0.692700 0.806500 0.017400 0.018600
0 0.927900 0.668800 0.015500 0.019500
0 0.096000 0.570800 0.017300 0.018100
0 0.671800 0.041900 0.014800 0.020100
0 0.717900 0.902800 0.015800 0.022000
0 0.797600 0.557000 0.014500 0.019100
0 0.667400 0.635000 0.014700 0.022900
0 0.403600 0.308000 0.016700 0.020100
0 0.595900 0.772700 0.014000 0.023100
0 0.546000 0.453400 0.013500 0.019300
0 0.770600 0.557500 0.015900 0.018800
0 0.448200 0.794600 0.016000 0.018400
0 0.284800 0.754200 0.016600 0.019300
0 0.691300 0.603900 0.015400 0.020300
0 0.041100 0.681400 0.014200 0.018500
0 0.590800 0.077700 0.016200 0.018100
0 0.448300 0.509700 0.014500 0.019200
0 0.176600 0.479700 0.014300 0.019500
0 0.877300 0.468200 0.013300 0.021300
0 0.542500 0.632600 0.011800 0.019700
0 0.284000 0.683800 0.017200 0.019500
0 0.497000 0.618300 0.013800 0.020500
0 0.930700 0.502100 0.014900 0.021300
0 0.903700 0.133300 0.015500 0.020000
0 0.118600 0.518700 0.014500 0.017900
0 0.172600 0.770800 0.017600 0.021000
0 0.479500 0.416900 0.013600 0.023200
0 0.511100 0.679000 0.014000 0.020600
0 0.781800 0.828200 0.015700 0.018100
0 0.758000 0.434900 0.017300 0.020300
0 0.241700 0.190600 0.013400 0.020200
0 0.435600 0.379500 0.013400 0.024400
0 0.453700 0.227500 0.015200 0.021800
0 0.528500 0.804000 0.015000 0.020400
0 0.889400 0.466500 0.013400 0.020500
0 0.701700 0.931100 0.014400 0.020200
0 0.559100 0.898300 0.014300 0.020200
0 0.931400 0.723300 0.016700 0.019000
0 0.141000 0.106100 0.012000 0.022600
0 0.145400 0.509400 0.013500 0.019100
0 0.529500 0.370500 0.015300 0.018200
0 0.960700 0.079600 0.014500 0.021800
0 0.191500 0.176700 0.015400 0.017400
0 0.892000 0.272700 0.014200 0.018700
0 0.646200 0.444300 0.014700 0.020800
0 0.546400 0.465800 0.013500 0.018800
0 0.884300 0.053800 0.013800 0.019900
0 0.941800 0.909400 0.014400 0.022500
0 0.708800 0.266400 0.014600 0.025900
0 0.851400 0.608900 0.017900 0.020700
0 0.609900 0.480700 0.010600 0.024900
0 0.878900 0.322800 0.014300 0.020200
0 0.641500 0.469900 0.013400 0.021400
0 0.158100 0.502600 0.013000 0.019400
0 0.539900 0.919400 0.013500 0.022700
0 0.259800 0.594700 0.011700 0.020700
0 0.730900 0.135700 0.015400 0.021200
0 0.666500 0.089400 0.014200 0.019000
0 0.720700 0.970000 0.013400 0.022400
0 0.479800 0.491000 0.013000 0.023500
0 0.208400 0.243600 0.011900 0.025700
0 0.669800 0.831000 0.013000 0.029000
0 0.692600 0.420500 0.014700 0.025800
0 0.459800 0.442300 0.011600 0.026900
0 0.822000 0.633300 0.012000 0.026700
0 0.335000 0.792900 0.017100 0.017900
0 0.318500 0.423200 0.014400 0.020100
0 0.348600 0.140400 0.014900 0.020400
0 0.105500 0.904500 0.016500 0.019900
0 0.094000 0.128900 0.011100 0.027100
0 0.859300 0.167200 0.011700 0.030100
0 0.278400 0.057800 0.013700 0.024100
0 0.181900 0.551900 0.013300 0.019600
0 0.455600 0.058000 0.015200 0.025600
0 0.796300 0.505700 0.013300 0.025500
0 0.932300 0.947200 0.012500 0.025600
0 0.485600 0.653200 0.014900 0.018800
0 0.457500 0.373100 0.013200 0.021500
0 0.505800 0.470100 0.010800 0.029600
0 0.106200 0.119000 0.013300 0.019200
0 0.848000 0.797900 0.016200 0.017400
0 0.970600 0.543000 0.011400 0.030600
0 0.019400 0.702900 0.014000 0.019500
0 0.895600 0.114200 0.014900 0.022400
0 0.896900 0.315300 0.012500 0.025700
0 0.667500 0.782500 0.014000 0.027500
0 0.761100 0.197400 0.017100 0.018300
0 0.714300 0.539000 0.014700 0.018300
0 0.221700 0.936200 0.014500 0.019000
0 0.581400 0.708900 0.013200 0.027700
0 0.648500 0.427000 0.015200 0.019700
0 0.529400 0.902000 0.014500 0.018200
0 0.210700 0.540200 0.012400 0.022900
0 0.901200 0.629800 0.013300 0.025900
0 0.568300 0.540800 0.013400 0.025900
0 0.264500 0.160700 0.014200 0.021400
0 0.439200 0.293500 0.015100 0.019100
0 0.132100 0.310600 0.016200 0.018600
0 0.658600 0.822500 0.012000 0.030100
0 0.370900 0.917700 0.010900 0.022800
0 0.753700 0.872100 0.011100 0.032600
0 0.665700 0.477500 0.014000 0.024400
0 0.235800 0.340400 0.011600 0.027400
0 0.026300 0.416800 0.015700 0.018400
0 0.042100 0.482900 0.014800 0.019700
0 0.954400 0.372400 0.010800 0.027900
0 0.084100 0.385500 0.012900 0.019700
0 0.515600 0.367700 0.015300 0.020200
0 0.883900 0.333800 0.014800 0.020000
0 0.469000 0.863700 0.014700 0.020000
0 0.148700 0.145300 0.014900 0.018600
0 0.397700 0.192200 0.013500 0.028600
0 0.761400 0.654400 0.014000 0.020900
0 0.639000 0.482100 0.011800 0.024200
0 0.194300 0.566700 0.013300 0.019400
0 0.172000 0.611100 0.013400 0.020800
0 0.165300 0.326300 0.017200 0.018200
0 0.885600 0.211200 0.014300 0.019500
0 0.330000 0.031500 0.015300 0.023600
0 0.018900 0.402200 0.013500 0.018600
0 0.940000 0.340200 0.013500 0.020500
0 0.019000 0.032400 0.016200 0.021000
0 0.828400 0.061100 0.013900 0.022900
0 0.961100 0.755800 0.015900 0.019300
0 0.349100 0.859900 0.013900 0.021900
0 0.549100 0.294900 0.016100 0.018000
0 0.256600 0.829200 0.009500 0.034700
0 0.861500 0.190800 0.014000 0.024900
0 0.107000 0.385300 0.014300 0.019700
0 0.276400 0.407500 0.014400 0.021800
0 0.268100 0.390300 0.014200 0.024600
0 0.333200 0.260300 0.018000 0.021700
0 0.108400 0.561100 0.018800 0.016600
0 0.948700 0.810400 0.016200 0.019200
0 0.564400 0.964100 0.015400 0.020400
0 0.824200 0.445300 0.013900 0.024700
0 0.249300 0.882300 0.011500 0.026200
0 0.472900 0.376600 0.014300 0.020800
0 0.758700 0.335600 0.012300 0.029700
0 0.897200 0.226600 0.013500 0.021800
0 0.986000 0.365000 0.013600 0.024200
0 0.113900 0.084100 0.014000 0.020800
0 0.472300 0.253400 0.013800 0.018700
0 0.513600 0.395300 0.015100 0.022100
0 0.064800 0.748000 0.013800 0.024400
0 0.186200 0.845800 0.010400 0.033700
0 0.563400 0.503800 0.011700 0.021500
0 0.433500 0.348300 0.012700 0.021900
0 0.011000 0.472200 0.012000 0.022800
0 0.749000 0.635600 0.014200 0.018900
0 0.626000 0.180700 0.012000 0.033800
0 0.070300 0.980200 0.017500 0.020400
0 0.596500 0.648800 0.013300 0.018000
0 0.767400 0.727500 0.010300 0.028100
0 0.761200 0.776100 0.015100 0.020200
0 0.226000 0.147700 0.016000 0.018000
0 0.771800 0.722400 0.014000 0.021400
0 0.675800 0.668700 0.012600 0.032000
0 0.513300 0.530200 0.010600 0.025700
0 0.453300 0.146600 0.014000 0.020700
0 0.491700 0.089900 0.016100 0.021300
0 0.452000 0.167500 0.013400 0.021500
0 0.474300 0.523100 0.013500 0.022300
0 0.273500 0.626900 0.014800 0.018600
0 0.298800 0.110600 0.010800 0.027700
0 0.330900 0.423700 0.014000 0.019600
0 0.803700 0.777000 0.016300 0.023900
0 0.873600 0.386100 0.014400 0.024400
0 0.265800 0.923600 0.013400 0.026800
0 0.304688 0.977083 0.010937 0.037500
0 0.289844 0.980556 0.014062 0.033333
0 0.635547 0.924306 0.010156 0.031944
0 0.782031 0.743056 0.012500 0.027778
0 0.271094 0.988194 0.021875 0.018056
0 0.628516 0.284028 0.014844 0.020833
0 0.569531 0.298611 0.012500 0.019444
0 0.561328 0.284028 0.011719 0.020833
0 0.006250 0.011806 0.012500 0.020833
0 0.092969 0.100694 0.017188 0.023611
0 0.446484 0.636111 0.011719 0.038889
0 0.386719 0.488889 0.010937 0.036111
0 0.334375 0.388889 0.015625 0.027778
0 0.140625 0.050000 0.014062 0.027778
0 0.042188 0.020139 0.014062 0.023611
0 0.073437 0.680556 0.017188 0.025000
0 0.261719 0.072917 0.015625 0.020833
0 0.978516 0.294444 0.011719 0.025000
0 0.827344 0.177083 0.012500 0.034722
0 0.368359 0.413889 0.014844 0.033333
0 0.120312 0.463194 0.015625 0.023611
0 0.124219 0.450694 0.012500 0.026389
0 0.139062 0.445833 0.010937 0.025000
0 0.329297 0.875000 0.011719 0.030556
0 0.902734 0.437500 0.013281 0.025000
0 0.990234 0.611111 0.010156 0.022222
0 0.982422 0.624306 0.010156 0.020833
0 0.974219 0.637500 0.010937 0.019444
0 0.965625 0.636806 0.012500 0.020833
0 0.972266 0.625694 0.011719 0.023611
0 0.016797 0.579167 0.014844 0.025000
0 0.107422 0.725694 0.016406 0.023611
0 0.158594 0.634722 0.014062 0.025000
0 0.467187 0.323611 0.017188 0.022222
0 0.096875 0.456250 0.015625 0.026389
