0 0.654200 0.468800 0.014600 0.019800
0 0.942800 0.603500 0.015100 0.021600
0 0.318400 0.421400 0.014700 0.020700
0 0.156700 0.492200 0.014000 0.020300
0 0.209300 0.556400 0.015800 0.019200
0 0.668600 0.757100 0.015100 0.024900
0 0.265600 0.605600 0.013300 0.020100
0 0.780700 0.140800 0.015700 0.020100
0 0.268500 0.430500 0.015200 0.019000
0 0.221300 0.668700 0.016500 0.018500
0 0.893600 0.445700 0.013500 0.020200
0 0.727400 0.283900 0.015200 0.020300
0 0.717800 0.902900 0.015700 0.021400
0 0.496600 0.880100 0.015600 0.019000
0 0.616400 0.669000 0.014400 0.020400
0 0.929200 0.369500 0.016500 0.019500
0 0.303500 0.644900 0.015500 0.019600
0 0.647800 0.429100 0.015200 0.019500
0 0.609600 0.482300 0.011800 0.020700
0 0.690300 0.715300 0.015500 0.020700
0 0.066400 0.869800 0.016800 0.019600
0 0.767800 0.093400 0.015500 0.021300
0 0.579400 0.281000 0.019400 0.018200
0 0.357600 0.130200 0.014900 0.021900
0 0.445600 0.315700 0.013700 0.020400
0 0.533700 0.465600 0.015000 0.017600
0 0.471500 0.372200 0.013400 0.019700
0 0.692300 0.805700 0.016700 0.019300
0 0.784700 0.430500 0.014800 0.019200
0 0.779900 0.542000 0.013900 0.020700
0 0.658400 0.294300 0.016900 0.020400
0 0.542400 0.632800 0.011900 0.019000
0 0.651700 0.941000 0.014700 0.022900
0 0.544900 0.889600 0.014000 0.017800
0 0.284800 0.754200 0.016100 0.018900
0 0.909600 0.492100 0.015600 0.021600
0 0.478000 0.416900 0.013500 0.023300
0 0.689100 0.645700 0.013600 0.024500
0 0.769400 0.559600 0.014600 0.021100
0 0.447800 0.509500 0.014500 0.019500
0 0.409400 0.595000 0.015100 0.019200
0 0.510600 0.679900 0.014500 0.020700
0 0.903300 0.133600 0.014700 0.020900
0 0.851800 0.608600 0.018900 0.020000
0 0.742600 0.953500 0.014700 0.018300
0 0.439700 0.292900 0.014300 0.018200
0 0.718500 0.940700 0.014700 0.019400
0 0.656900 0.584400 0.014700 0.022900
0 0.403700 0.309100 0.017300 0.019800
0 0.244700 0.933900 0.014800 0.020300
0 0.171600 0.769200 0.017500 0.019800
0 0.959600 0.354400 0.013400 0.021900
0 0.855900 0.366100 0.014800 0.023300
0 0.427100 0.789300 0.015800 0.019700
0 0.458500 0.309500 0.011800 0.021500
0 0.529400 0.370100 0.015300 0.018100
0 0.016500 0.403900 0.013900 0.018800
0 0.568600 0.542600 0.011700 0.022800
0 0.478800 0.490600 0.013100 0.024600
0 0.969600 0.815700 0.016000 0.022400
0 0.023400 0.681100 0.014500 0.020600
0 0.207800 0.243500 0.012500 0.025200
0 0.845100 0.547900 0.013800 0.020200
0 0.689200 0.939800 0.014800 0.020700
0 0.321600 0.121900 0.014600 0.020300
0 0.777400 0.719200 0.014300 0.019400
0 0.947700 0.932900 0.013100 0.022100
0 0.639300 0.482000 0.012900 0.023100
0 0.589200 0.555000 0.014300 0.020900
0 0.822800 0.433800 0.013300 0.026100
0 0.932600 0.723400 0.016300 0.019000
0 0.761100 0.654800 0.013100 0.020600
0 0.796800 0.506300 0.013100 0.024600
0 0.667000 0.783200 0.015300 0.025300
0 0.266800 0.922500 0.013000 0.026200
0 0.255000 0.985200 0.015300 0.018700
0 0.127700 0.541000 0.013000 0.019600
0 0.527800 0.420900 0.012300 0.019600
0 0.397500 0.465800 0.013900 0.021300
0 0.454700 0.227200 0.015400 0.020800
0 0.902900 0.630000 0.013500 0.025700
0 0.757500 0.340600 0.013500 0.025700
0 0.859500 0.167900 0.012200 0.027400
0 0.666400 0.843000 0.013100 0.027300
0 0.658700 0.822000 0.012900 0.029300
0 0.469400 0.863900 0.014700 0.019900
0 0.548000 0.956200 0.016300 0.019100
0 0.972900 0.340900 0.015400 0.019800
0 0.393500 0.411000 0.014600 0.018300
0 0.831400 0.093600 0.012800 0.028200
0 0.694400 0.422400 0.015100 0.024600
0 0.782500 0.826800 0.015500 0.019200
0 0.507600 0.467900 0.010500 0.030700
0 0.580500 0.708600 0.013200 0.027200
0 0.176300 0.479800 0.015300 0.019400
0 0.882900 0.332300 0.014800 0.020200
0 0.772500 0.642500 0.014600 0.018600
0 0.076200 0.771000 0.014900 0.021400
0 0.502200 0.622400 0.015500 0.019400
0 0.970300 0.543500 0.012400 0.029000
0 0.145100 0.515300 0.012300 0.020700
0 0.869100 0.901400 0.017200 0.019400
0 0.060100 0.666400 0.016000 0.019000
0 0.878400 0.323100 0.015200 0.019300
0 0.108200 0.667400 0.015900 0.018500
0 0.119800 0.358400 0.014700 0.021300
0 0.548900 0.294600 0.016500 0.017100
0 0.511200 0.394000 0.015500 0.020600
0 0.260000 0.596200 0.011600 0.023100
0 0.088800 0.892400 0.016500 0.021000
0 0.896900 0.226800 0.013200 0.021500
0 0.895800 0.114100 0.014800 0.022200
0 0.144500 0.478100 0.012700 0.020600
0 0.755900 0.833600 0.011400 0.032400
0 0.533900 0.897800 0.013400 0.019000
0 0.385000 0.164600 0.015300 0.020200
0 0.398200 0.170500 0.013500 0.020800
0 0.645500 0.445100 0.014700 0.020600
0 0.201800 0.304300 0.015900 0.020300
0 0.180700 0.548200 0.013100 0.020100
0 0.354800 0.748700 0.013400 0.020100
0 0.208800 0.876500 0.014900 0.020600
0 0.348700 0.427800 0.013900 0.018700
0 0.848100 0.798600 0.017400 0.017600
0 0.804300 0.734700 0.010900 0.028200
0 0.515000 0.369100 0.015600 0.019800
0 0.180400 0.285600 0.014300 0.024500
0 0.256800 0.830300 0.010000 0.035300
0 0.249200 0.883400 0.013100 0.025100
0 0.651400 0.071600 0.015800 0.019400
0 0.626700 0.179600 0.012600 0.033100
0 0.430400 0.318800 0.012200 0.019500
0 0.698500 0.508300 0.015100 0.019200
0 0.151100 0.144900 0.015500 0.019200
0 0.551000 0.461000 0.014500 0.019900
0 0.653100 0.027200 0.014400 0.019900
0 0.110600 0.084200 0.013800 0.020500
0 0.767900 0.727700 0.009600 0.027400
0 0.651200 0.627200 0.015700 0.022500
0 0.474100 0.523000 0.014100 0.022400
0 0.239700 0.079600 0.018100 0.021600
0 0.159200 0.121900 0.014800 0.021200
0 0.459400 0.184900 0.015000 0.023500
0 0.235400 0.340500 0.012100 0.027800
0 0.165200 0.326500 0.016300 0.018500
0 0.451700 0.168500 0.013000 0.024000
0 0.821400 0.614400 0.015700 0.021600
0 0.186100 0.870200 0.013700 0.025500
0 0.460400 0.447800 0.010400 0.029600
0 0.023600 0.416200 0.015500 0.018500
0 0.358500 0.951600 0.012900 0.020100
0 0.861700 0.191200 0.014100 0.023600
0 0.946300 0.648800 0.013700 0.020600
0 0.297500 0.391900 0.015200 0.021800
0 0.384700 0.398800 0.014400 0.018300
0 0.966300 0.114500 0.012400 0.024300
0 0.016700 0.570500 0.014700 0.023900
0 0.055300 0.515400 0.012500 0.023300
0 0.581500 0.774100 0.015800 0.018900
0 0.922500 0.922400 0.010700 0.033300
0 0.885100 0.211400 0.013800 0.020200
0 0.473100 0.253600 0.015100 0.019200
0 0.322300 0.242200 0.013600 0.029300
0 0.825800 0.176700 0.015500 0.019300
0 0.140625 0.045139 0.014062 0.034722
0 0.265234 0.020139 0.013281 0.026389
0 0.760547 0.771528 0.011719 0.023611
0 0.786719 0.771528 0.014062 0.026389
0 0.561719 0.288194 0.014062 0.023611
0 0.005859 0.011806 0.011719 0.020833
0 0.042969 0.019444 0.015625 0.022222
0 0.019141 0.032639 0.014844 0.026389
0 0.087891 0.389583 0.016406 0.026389
0 0.448438 0.639583 0.012500 0.045833
0 0.303125 0.976389 0.014062 0.030556
0 0.337500 0.854861 0.015625 0.029167
0 0.349609 0.859028 0.016406 0.031944
0 0.438281 0.061111 0.017188 0.027778
0 0.670313 0.496528 0.010937 0.023611
0 0.308984 0.027083 0.017969 0.020833
0 0.110547 0.123611 0.013281 0.027778
0 0.094531 0.125000 0.012500 0.036111
0 0.113281 0.163889 0.015625 0.027778
0 0.224219 0.214583 0.017188 0.026389
0 0.299609 0.087500 0.016406 0.025000
0 0.276172 0.602083 0.011719 0.026389
0 0.125391 0.719444 0.014844 0.025000
0 0.029297 0.699306 0.013281 0.018056
0 0.111328 0.481250 0.011719 0.029167
0 0.294141 0.704167 0.014844 0.022222
0 0.313672 0.774306 0.016406 0.026389
0 0.170312 0.614583 0.014062 0.026389
0 0.117578 0.458333 0.013281 0.025000
0 0.125000 0.451389 0.012500 0.027778
0 0.872656 0.827083 0.017188 0.026389
0 0.880078 0.806944 0.017969 0.022222
0 0.975000 0.737500 0.015625 0.030556
0 0.941016 0.319444 0.013281 0.030556
0 0.977344 0.293056 0.014062 0.027778
0 0.884766 0.054861 0.014844 0.023611
0 0.761719 0.197917 0.018750 0.023611
0 0.718359 0.148611 0.014844 0.030556
0 0.226172 0.150694 0.017969 0.026389
0 0.098438 0.572222 0.014062 0.022222
0 0.091406 0.563194 0.012500 0.029167
0 0.610547 0.104167 0.014844 0.025000
0 0.596094 0.093750 0.012500 0.023611
0 0.573828 0.064583 0.014844 0.026389
0 0.489844 0.090278 0.014062 0.027778
0 0.299609 0.118750 0.011719 0.037500
0 0.265234 0.159028 0.014844 0.031944
0 0.191016 0.179167 0.017969 0.025000
0 0.534375 0.801389 0.012500 0.025000
0 0.525391 0.804861 0.011719 0.023611
0 0.990234 0.611806 0.011719 0.020833
0 0.981250 0.623611 0.012500 0.022222
0 0.976172 0.633333 0.010156 0.022222
0 0.967188 0.638194 0.010937 0.023611
0 0.973047 0.632639 0.010156 0.029167
0 0.191406 0.622222 0.015625 0.025000
0 0.883984 0.286111 0.011719 0.027778
0 0.882812 0.290972 0.014062 0.026389
0 0.538672 0.900694 0.013281 0.015278
0 0.426562 0.377778 0.010937 0.033333
0 0.437500 0.380556 0.010937 0.027778
0 0.439453 0.361111 0.014844 0.022222
