0 0.881100 0.808200 0.016800 0.020000
0 0.740900 0.894100 0.015200 0.022300
0 0.769100 0.557000 0.017100 0.020200
0 0.718400 0.907000 0.016300 0.020100
0 0.495800 0.881500 0.014700 0.019800
0 0.692100 0.807300 0.017700 0.023100
0 0.944600 0.605100 0.016900 0.021500
0 0.805500 0.842000 0.016700 0.020400
0 0.445400 0.316800 0.012200 0.019200
0 0.553800 0.830600 0.013500 0.022700
0 0.302400 0.645900 0.019000 0.020400
0 0.532200 0.809700 0.016000 0.018900
0 0.873300 0.832000 0.016700 0.020700
0 0.753000 0.967600 0.014500 0.019000
0 0.880900 0.329500 0.018300 0.022400
0 0.797500 0.506600 0.015000 0.021100
0 0.503500 0.904200 0.013100 0.020300
0 0.368800 0.833100 0.016400 0.019300
0 0.169700 0.768800 0.018000 0.021400
0 0.685100 0.959800 0.018500 0.017900
0 0.695700 0.421000 0.016500 0.023400
0 0.903000 0.629200 0.016200 0.023300
0 0.934200 0.722700 0.018300 0.019700
0 0.508400 0.468800 0.013000 0.022400
0 0.441300 0.379200 0.014000 0.019100
0 0.534900 0.908500 0.012500 0.023800
0 0.733200 0.940100 0.014500 0.018800
0 0.904000 0.133800 0.016000 0.020800
0 0.470200 0.864900 0.014900 0.020800
0 0.851800 0.608100 0.018600 0.020500
0 0.267800 0.606400 0.014600 0.019400
0 0.510600 0.680300 0.014700 0.022000
0 0.221900 0.979300 0.016500 0.020600
0 0.769900 0.717200 0.015200 0.024200
0 0.283600 0.959300 0.014600 0.019700
0 0.265500 0.922800 0.013600 0.022700
0 0.348300 0.857500 0.016700 0.021000
0 0.421700 0.371900 0.015300 0.018800
0 0.472400 0.409000 0.013900 0.021100
0 0.508300 0.395900 0.016800 0.021800
0 0.660800 0.867000 0.016300 0.023300
0 0.831500 0.432100 0.016300 0.023300
0 0.816100 0.417200 0.014900 0.026000
0 0.890300 0.521300 0.018600 0.021200
0 0.581500 0.709600 0.013900 0.024900
0 0.478400 0.490500 0.015200 0.022700
0 0.970200 0.544300 0.016400 0.027200
0 0.896500 0.115500 0.016000 0.020900
0 0.252300 0.883200 0.012600 0.027000
0 0.690700 0.719500 0.019800 0.021300
0 0.693100 0.246700 0.017800 0.022700
0 0.193300 0.921500 0.012700 0.025500
0 0.667800 0.758200 0.016900 0.027500
0 0.157000 0.741700 0.017200 0.021900
0 0.552800 0.754500 0.016200 0.020800
0 0.669300 0.483800 0.020800 0.020100
0 0.781700 0.826800 0.016100 0.018000
0 0.195600 0.117300 0.019800 0.019400
0 0.328100 0.794200 0.017200 0.017200
0 0.852400 0.322300 0.018600 0.018500
0 0.741100 0.552900 0.017400 0.020700
0 0.821500 0.190200 0.016600 0.021100
0 0.395100 0.409800 0.017500 0.020900
0 0.259200 0.596400 0.013300 0.019800
0 0.460300 0.470300 0.012800 0.021800
0 0.152900 0.144600 0.020700 0.019400
0 0.496700 0.764800 0.016200 0.021400
0 0.657000 0.821300 0.017200 0.026900
0 0.182500 0.542800 0.014100 0.019700
0 0.432600 0.443700 0.015200 0.019100
0 0.804500 0.664900 0.014000 0.021300
0 0.698300 0.458700 0.015500 0.021300
0 0.170500 0.615300 0.016000 0.021700
0 0.833900 0.554700 0.014700 0.021900
0 0.385100 0.772100 0.019300 0.022100
0 0.756800 0.345000 0.014900 0.025700
0 0.221200 0.668200 0.017400 0.020700
0 0.222400 0.146300 0.023600 0.018600
0 0.228400 0.579200 0.015300 0.018100
0 0.543000 0.633700 0.016100 0.022000
0 0.883600 0.056500 0.017700 0.022600
0 0.809100 0.335300 0.017600 0.021200
0 0.560300 0.901600 0.015000 0.020200
0 0.567800 0.543200 0.014800 0.028600
0 0.469700 0.377200 0.014000 0.019800
0 0.628400 0.544200 0.015700 0.021700
0 0.934200 0.445900 0.019300 0.022900
0 0.639000 0.481500 0.016200 0.023600
0 0.608500 0.484000 0.016000 0.022800
0 0.473500 0.523000 0.016700 0.021100
0 0.827400 0.145200 0.014000 0.023700
0 0.264600 0.165500 0.016200 0.022700
0 0.985200 0.853400 0.013900 0.027300
0 0.304800 0.978800 0.012500 0.027900
0 0.429000 0.131000 0.019400 0.024500
0 0.456100 0.228300 0.017700 0.021300
0 0.701600 0.592300 0.012400 0.030800
0 0.859600 0.171200 0.016200 0.026400
0 0.439000 0.294400 0.013800 0.021900
0 0.647900 0.430600 0.018700 0.023000
0 0.502700 0.635400 0.017700 0.021100
0 0.883500 0.389600 0.020500 0.021000
0 0.115625 0.088194 0.010937 0.034722
0 0.018750 0.045139 0.017188 0.023611
0 0.111328 0.574306 0.010156 0.029167
0 0.092578 0.568056 0.011719 0.030556
0 0.070703 0.560417 0.014844 0.020833
0 0.041797 0.568056 0.010156 0.033333
0 0.021094 0.679861 0.015625 0.029167
0 0.160938 0.890278 0.015625 0.036111
0 0.089844 0.683333 0.010937 0.033333
0 0.062891 0.681250 0.013281 0.020833
0 0.133203 0.733333 0.008594 0.027778
0 0.255078 0.827778 0.010156 0.027778
0 0.197266 0.163889 0.016406 0.022222
0 0.300391 0.119444 0.010156 0.038889
0 0.306641 0.188889 0.010156 0.027778
0 0.330859 0.170833 0.013281 0.036111
0 0.415625 0.199306 0.014062 0.031944
0 0.345703 0.382639 0.013281 0.026389
0 0.367188 0.459028 0.018750 0.037500
0 0.176172 0.479167 0.014844 0.025000
0 0.270703 0.738194 0.013281 0.023611
0 0.285156 0.757639 0.014062 0.023611
0 0.946875 0.985417 0.017188 0.029167
0 0.874219 0.020833 0.015625 0.022222
0 0.977734 0.016667 0.016406 0.022222
0 0.622266 0.181250 0.014844 0.023611
0 0.761719 0.284028 0.014062 0.037500
0 0.765234 0.197917 0.013281 0.029167
0 0.719141 0.187500 0.010156 0.025000
0 0.771875 0.103472 0.018750 0.029167
0 0.142578 0.520833 0.014844 0.025000
0 0.453516 0.640972 0.013281 0.026389
0 0.433984 0.604861 0.013281 0.029167
0 0.416797 0.587500 0.013281 0.019444
0 0.353906 0.625000 0.014062 0.030556
0 0.610937 0.104861 0.015625 0.018056
0 0.636328 0.113889 0.014844 0.033333
0 0.399609 0.039583 0.011719 0.037500
0 0.419922 0.026389 0.011719 0.033333
0 0.172266 0.284028 0.016406 0.023611
0 0.086328 0.384722 0.014844 0.030556
0 0.946484 0.085417 0.013281 0.031944
0 0.547656 0.460417 0.009375 0.018056
0 0.501172 0.499306 0.010156 0.018056
0 0.848437 0.800694 0.017188 0.023611
0 0.888281 0.909722 0.012500 0.022222
0 0.909766 0.902778 0.013281 0.022222
0 0.009766 0.024306 0.014844 0.023611
0 0.041797 0.024306 0.017969 0.023611
0 0.326953 0.288889 0.013281 0.033333
0 0.260156 0.416667 0.014062 0.033333
0 0.200391 0.368750 0.016406 0.020833
0 0.242578 0.356250 0.014844 0.023611
0 0.236328 0.343056 0.013281 0.027778
0 0.016406 0.405556 0.014062 0.022222
0 0.020703 0.417361 0.016406 0.026389
0 0.316406 0.417361 0.017188 0.026389
0 0.251172 0.541667 0.017969 0.022222
0 0.139453 0.048611 0.013281 0.036111
0 0.163672 0.325000 0.017969 0.027778
0 0.141406 0.321528 0.012500 0.034722
0 0.189063 0.184028 0.018750 0.023611
0 0.974219 0.591667 0.017188 0.019444
0 0.989844 0.616667 0.012500 0.025000
0 0.981250 0.638889 0.012500 0.025000
0 0.978125 0.618750 0.010937 0.026389
0 0.970312 0.633333 0.012500 0.025000
0 0.621484 0.285417 0.021094 0.026389
0 0.405078 0.311111 0.016406 0.022222
0 0.396875 0.332639 0.014062 0.026389
0 0.215625 0.263889 0.012500 0.030556
0 0.205859 0.243056 0.011719 0.025000
0 0.281641 0.138194 0.017969 0.023611
0 0.261328 0.039583 0.011719 0.029167
0 0.273438 0.016667 0.015625 0.019444
0 0.107813 0.802083 0.017188 0.023611
0 0.062109 0.867361 0.017969 0.026389
0 0.021094 0.858333 0.015625 0.025000
0 0.625000 0.590278 0.010937 0.030556
0 0.636328 0.718056 0.011719 0.027778
0 0.055469 0.870139 0.014062 0.026389
0 0.812500 0.665972 0.012500 0.031944
0 0.763281 0.730556 0.012500 0.027778
0 0.764453 0.775694 0.013281 0.026389
0 0.755859 0.779167 0.010156 0.033333
0 0.863672 0.194444 0.013281 0.030556
0 0.947656 0.287500 0.014062 0.027778
0 0.971094 0.307639 0.017188 0.018056
0 0.977344 0.300694 0.015625 0.026389
0 0.897656 0.229861 0.014062 0.029167
0 0.885156 0.211806 0.015625 0.026389
0 0.642969 0.445139 0.017188 0.026389
0 0.544922 0.296528 0.014844 0.020833
0 0.558984 0.288194 0.013281 0.026389
0 0.151562 0.483333 0.010937 0.027778
0 0.451172 0.508333 0.016406 0.022222
0 0.389062 0.176389 0.018750 0.022222
0 0.761719 0.655556 0.014062 0.027778
0 0.690234 0.561806 0.011719 0.031944
0 0.631641 0.059028 0.011719 0.031944
0 0.358594 0.106944 0.014062 0.022222
0 0.180469 0.181944 0.014062 0.022222
0 0.091406 0.120139 0.009375 0.037500
