0 0.943500 0.467900 0.014600 0.019800
0 0.318300 0.422000 0.014400 0.021300
0 0.718200 0.342300 0.014700 0.018700
0 0.805900 0.454500 0.014300 0.019200
0 0.216100 0.145900 0.016900 0.018300
0 0.642100 0.428600 0.014800 0.019000
0 0.204300 0.677900 0.013800 0.018000
0 0.482400 0.417800 0.014500 0.021000
0 0.392600 0.568300 0.016100 0.020600
0 0.440100 0.292600 0.014800 0.019700
0 0.091900 0.559500 0.015400 0.020100
0 0.454700 0.479100 0.014300 0.019100
0 0.780600 0.608400 0.015800 0.020000
0 0.732700 0.579600 0.016600 0.018000
0 0.672100 0.307400 0.015700 0.019600
0 0.870600 0.770300 0.017000 0.020100
0 0.133900 0.680800 0.013400 0.020000
0 0.392100 0.920000 0.014800 0.022200
0 0.392000 0.405300 0.015800 0.018800
0 0.570400 0.942100 0.016200 0.020300
0 0.407000 0.546200 0.015300 0.021900
0 0.441600 0.872100 0.014500 0.020800
0 0.143300 0.159200 0.015900 0.019200
0 0.446400 0.315200 0.014100 0.019500
0 0.760100 0.196200 0.014600 0.018900
0 0.134100 0.605900 0.014500 0.018200
0 0.768200 0.084900 0.013800 0.020500
0 0.908000 0.054300 0.014100 0.020600
0 0.841400 0.792500 0.019500 0.019200
0 0.290600 0.177100 0.013000 0.020300
0 0.302500 0.644400 0.017600 0.021100
0 0.495900 0.879000 0.014100 0.018700
0 0.530400 0.369100 0.014900 0.017600
0 0.127700 0.470800 0.014900 0.016000
0 0.916100 0.727400 0.017300 0.019200
0 0.609500 0.480600 0.011100 0.023100
0 0.551900 0.296300 0.015700 0.018800
0 0.831200 0.607900 0.016600 0.020100
0 0.885500 0.210600 0.013300 0.019000
0 0.533100 0.890200 0.013400 0.019600
0 0.404700 0.307500 0.016800 0.017600
0 0.142600 0.590600 0.013300 0.018400
0 0.244300 0.732300 0.014700 0.020600
0 0.145300 0.957100 0.016000 0.018400
0 0.285200 0.753200 0.017800 0.018000
0 0.176500 0.290300 0.015700 0.021200
0 0.709000 0.067300 0.014100 0.020100
0 0.670000 0.727300 0.014800 0.025500
0 0.473300 0.381700 0.014900 0.020100
0 0.892900 0.116600 0.014200 0.021300
0 0.177800 0.744400 0.013400 0.019700
0 0.510900 0.678400 0.014000 0.020300
0 0.252300 0.605000 0.015500 0.020700
0 0.119400 0.969800 0.014800 0.019000
0 0.433800 0.802100 0.016500 0.020300
0 0.072700 0.455400 0.014700 0.017000
0 0.442600 0.483900 0.013200 0.020100
0 0.878900 0.321800 0.016600 0.018700
0 0.709900 0.034000 0.013500 0.021600
0 0.944100 0.602100 0.017000 0.020400
0 0.145300 0.660200 0.014100 0.019700
0 0.135500 0.703400 0.014000 0.019700
0 0.902900 0.131700 0.015800 0.020500
0 0.892300 0.265500 0.013600 0.022600
0 0.482600 0.082300 0.014200 0.019700
0 0.669100 0.756800 0.015000 0.027200
0 0.506700 0.401800 0.015200 0.019600
0 0.116500 0.789500 0.015000 0.019300
0 0.884300 0.053200 0.015100 0.017700
0 0.578700 0.731500 0.014100 0.023100
0 0.514200 0.805900 0.014100 0.022600
0 0.352600 0.180700 0.010800 0.026400
0 0.083500 0.442400 0.012600 0.020100
0 0.110800 0.831500 0.014000 0.022500
0 0.017000 0.405500 0.015800 0.016400
0 0.669200 0.541500 0.016400 0.020700
0 0.705200 0.906900 0.017400 0.022800
0 0.639100 0.481800 0.011100 0.026200
0 0.255000 0.928700 0.014200 0.022800
0 0.106600 0.089500 0.014300 0.022200
0 0.647100 0.335800 0.016600 0.020900
0 0.684600 0.809900 0.018600 0.022000
0 0.479700 0.496300 0.012600 0.021100
0 0.667400 0.780800 0.015300 0.027400
0 0.795000 0.519600 0.011100 0.026900
0 0.188700 0.178200 0.015200 0.018400
0 0.244300 0.884000 0.011800 0.029100
0 0.572900 0.647800 0.013900 0.023100
0 0.339400 0.157500 0.010300 0.029200
0 0.646100 0.444300 0.014500 0.017900
0 0.251400 0.181500 0.013400 0.023600
0 0.281700 0.451600 0.013600 0.019800
0 0.966600 0.603200 0.016600 0.021000
0 0.778200 0.714400 0.014600 0.020900
0 0.455300 0.085500 0.013700 0.023700
0 0.568500 0.542200 0.012500 0.025400
0 0.504200 0.020500 0.016800 0.022400
0 0.711100 0.294600 0.015500 0.017900
0 0.620800 0.171200 0.010100 0.031100
0 0.803700 0.502200 0.012400 0.024100
0 0.763600 0.778300 0.016000 0.020400
0 0.691800 0.108800 0.009600 0.032500
0 0.740500 0.165800 0.011700 0.028100
0 0.077700 0.468300 0.014200 0.018000
0 0.970800 0.541500 0.012500 0.028300
0 0.542800 0.464400 0.013100 0.023300
0 0.208400 0.243600 0.011800 0.029200
0 0.636100 0.232500 0.014800 0.021700
0 0.658600 0.821400 0.013500 0.030500
0 0.259100 0.490800 0.013200 0.024700
0 0.073400 0.593900 0.014100 0.020500
0 0.453800 0.146600 0.012100 0.020700
0 0.977600 0.295400 0.013500 0.021100
0 0.442300 0.223000 0.013100 0.022900
0 0.064600 0.865300 0.015100 0.021100
0 0.781100 0.735100 0.012200 0.024800
0 0.859800 0.373500 0.016800 0.020000
0 0.568300 0.427400 0.010800 0.024300
0 0.022500 0.677900 0.013700 0.024200
0 0.859300 0.166400 0.011600 0.030500
0 0.460300 0.416200 0.014600 0.019100
0 0.927600 0.980100 0.013000 0.023600
0 0.260200 0.596100 0.012300 0.026900
0 0.585100 0.377700 0.012300 0.026400
0 0.411000 0.564800 0.017400 0.019200
0 0.965600 0.623100 0.017300 0.019700
0 0.680400 0.435800 0.015600 0.020900
0 0.586600 0.910000 0.013000 0.021700
0 0.917100 0.422300 0.013500 0.025500
0 0.164900 0.764100 0.016100 0.019000
0 0.236000 0.340200 0.011700 0.029000
0 0.951600 0.467900 0.016200 0.019600
0 0.210500 0.159400 0.016400 0.015800
0 0.451500 0.165600 0.013000 0.020400
0 0.126900 0.839100 0.016000 0.021000
0 0.110200 0.751900 0.014200 0.018600
0 0.764600 0.153000 0.010700 0.028700
0 0.864500 0.835100 0.019100 0.020500
0 0.598300 0.169700 0.015000 0.017300
0 0.785300 0.814200 0.016100 0.020600
0 0.873700 0.807600 0.017400 0.020100
0 0.301500 0.489200 0.016000 0.017900
0 0.884600 0.333600 0.016800 0.018900
0 0.760200 0.732600 0.010700 0.034700
0 0.861400 0.190500 0.014400 0.023400
0 0.009500 0.035400 0.014200 0.017900
0 0.664400 0.941700 0.016600 0.020900
0 0.111600 0.929500 0.011800 0.026300
0 0.067700 0.853400 0.014800 0.021400
0 0.161400 0.335300 0.016400 0.019800
0 0.082400 0.385500 0.013400 0.020100
0 0.763500 0.554600 0.015000 0.019700
0 0.784400 0.510500 0.012000 0.025100
0 0.123600 0.079000 0.012300 0.026100
0 0.503300 0.460800 0.011300 0.027400
0 0.542600 0.632000 0.012500 0.022200
0 0.064400 0.909400 0.011200 0.023500
0 0.084800 0.814400 0.015900 0.020400
0 0.778900 0.136600 0.014400 0.020500
0 0.897000 0.223500 0.013200 0.020200
0 0.473800 0.522400 0.013700 0.026100
0 0.880800 0.442100 0.011000 0.033300
0 0.944400 0.513800 0.014100 0.021200
0 0.993300 0.017900 0.009900 0.027600
0 0.476800 0.477100 0.011700 0.027000
0 0.429000 0.317200 0.013700 0.017600
0 0.309600 0.965200 0.012200 0.030200
0 0.435700 0.644500 0.009900 0.037600
0 0.015000 0.416000 0.016700 0.017000
0 0.292000 0.122900 0.010700 0.030600
0 0.830500 0.561000 0.013500 0.022000
0 0.469900 0.863700 0.014100 0.019900
0 0.515300 0.366800 0.014800 0.018700
0 0.291000 0.978900 0.011200 0.029400
0 0.452800 0.524000 0.014500 0.020800
0 0.872800 0.973400 0.014500 0.021200
0 0.644600 0.808800 0.015600 0.026500
0 0.188600 0.402200 0.013800 0.022000
0 0.756300 0.698700 0.014200 0.021900
0 0.627800 0.457200 0.013700 0.022000
0 0.984700 0.622300 0.014800 0.024700
0 0.851200 0.406400 0.015700 0.021300
0 0.092000 0.647700 0.013300 0.021000
0 0.409500 0.336100 0.015100 0.019900
0 0.416700 0.326800 0.013100 0.020400
0 0.006000 0.016400 0.009600 0.016800
0 0.472100 0.207900 0.011500 0.025700
0 0.728600 0.508100 0.011700 0.018500
0 0.649100 0.082900 0.014400 0.019600
0 0.573600 0.747000 0.016100 0.022900
0 0.824200 0.173000 0.012500 0.027400
0 0.425800 0.201500 0.014300 0.021900
0 0.429200 0.373000 0.011600 0.031900
0 0.456700 0.704800 0.010600 0.028400
0 0.193300 0.973000 0.016100 0.022900
0 0.090234 0.129167 0.013281 0.022222
0 0.550000 0.679167 0.009375 0.025000
0 0.456641 0.752083 0.013281 0.026389
0 0.565234 0.286806 0.010156 0.020833
0 0.761328 0.282639 0.013281 0.029167
0 0.748828 0.452083 0.011719 0.037500
0 0.762891 0.648611 0.011719 0.022222
0 0.946875 0.088889 0.017188 0.022222
0 0.248437 0.665972 0.010937 0.031944
0 0.610156 0.027083 0.009375 0.026389
0 0.540625 0.489583 0.012500 0.023611
0 0.640234 0.694444 0.011719 0.030556
0 0.892969 0.630556 0.014062 0.030556
0 0.904297 0.647917 0.016406 0.026389
0 0.897656 0.640972 0.012500 0.029167
0 0.591016 0.104861 0.017969 0.023611
0 0.044531 0.021528 0.014062 0.020833
0 0.035547 0.027778 0.013281 0.027778
0 0.257031 0.011806 0.012500 0.023611
0 0.135156 0.065972 0.010937 0.029167
0 0.129297 0.043056 0.013281 0.022222
0 0.128516 0.388194 0.011719 0.029167
0 0.162891 0.490278 0.014844 0.025000
0 0.251172 0.836111 0.010156 0.033333
0 0.348828 0.866667 0.014844 0.027778
0 0.170703 0.612500 0.011719 0.027778
0 0.160547 0.579167 0.011719 0.030556
0 0.911328 0.984722 0.011719 0.022222
0 0.924219 0.910417 0.017188 0.023611
0 0.890625 0.905556 0.012500 0.036111
0 0.941406 0.841667 0.010937 0.033333
0 0.964063 0.645833 0.012500 0.022222
0 0.971484 0.640278 0.013281 0.025000
0 0.682031 0.387500 0.014062 0.022222
0 0.902734 0.436806 0.011719 0.023611
0 0.384375 0.253472 0.010937 0.031944
0 0.405469 0.282639 0.012500 0.026389
