0 0.318700 0.422400 0.014400 0.021000
0 0.178000 0.289600 0.015400 0.019900
0 0.453200 0.529300 0.015100 0.020600
0 0.641900 0.427900 0.014300 0.018700
0 0.707300 0.329400 0.016700 0.019500
0 0.841300 0.792500 0.018500 0.017500
0 0.206900 0.681300 0.013600 0.018600
0 0.830300 0.581600 0.014500 0.020700
0 0.867500 0.831000 0.015400 0.018300
0 0.607000 0.081300 0.015200 0.018200
0 0.765500 0.552300 0.016100 0.019200
0 0.216600 0.154400 0.015700 0.017800
0 0.190000 0.178700 0.016500 0.017700
0 0.147000 0.590900 0.014100 0.018500
0 0.242700 0.543500 0.012700 0.022200
0 0.760400 0.196500 0.015200 0.019100
0 0.756400 0.468200 0.014700 0.018600
0 0.068900 0.866400 0.015100 0.018600
0 0.496200 0.878700 0.014600 0.018600
0 0.005600 0.321200 0.012400 0.020100
0 0.440100 0.292200 0.015300 0.019300
0 0.617800 0.081800 0.011000 0.023400
0 0.096200 0.582100 0.013900 0.021100
0 0.783100 0.546500 0.014600 0.020600
0 0.302800 0.644200 0.016800 0.021100
0 0.392800 0.406200 0.016300 0.018200
0 0.742100 0.717500 0.014300 0.020300
0 0.609900 0.480200 0.011700 0.022400
0 0.803200 0.428400 0.015300 0.018800
0 0.379600 0.180500 0.014600 0.024200
0 0.530600 0.368800 0.015500 0.016900
0 0.404200 0.307600 0.016300 0.018100
0 0.380700 0.208500 0.015600 0.020800
0 0.521300 0.959200 0.016600 0.020300
0 0.645300 0.397800 0.013600 0.021400
0 0.354300 0.955100 0.014800 0.020100
0 0.879300 0.321900 0.015700 0.017900
0 0.242400 0.402400 0.015400 0.021300
0 0.121400 0.706700 0.013000 0.020000
0 0.103000 0.645800 0.015700 0.018800
0 0.441800 0.147300 0.013600 0.021000
0 0.896800 0.354600 0.016800 0.020000
0 0.479600 0.408100 0.014400 0.020200
0 0.233500 0.968400 0.013700 0.019500
0 0.510900 0.678700 0.013900 0.020700
0 0.442300 0.557200 0.016000 0.020600
0 0.515800 0.807600 0.014000 0.021600
0 0.766400 0.371000 0.014900 0.021700
0 0.659000 0.820800 0.012900 0.029600
0 0.696300 0.244400 0.014500 0.024600
0 0.944400 0.602500 0.017000 0.020700
0 0.270800 0.130800 0.014600 0.018400
0 0.252200 0.605200 0.015200 0.019900
0 0.154900 0.756500 0.014700 0.021800
0 0.016600 0.406500 0.014600 0.016300
0 0.164200 0.490700 0.014300 0.020400
0 0.053200 0.790200 0.013000 0.023600
0 0.514300 0.721300 0.014500 0.021000
0 0.669100 0.756500 0.015000 0.026700
0 0.904400 0.131300 0.015400 0.019800
0 0.885400 0.210600 0.013100 0.019000
0 0.667400 0.781400 0.015300 0.026500
0 0.685500 0.808500 0.017700 0.021800
0 0.906400 0.853100 0.016400 0.020200
0 0.168200 0.759800 0.016100 0.020200
0 0.257500 0.928300 0.013800 0.021600
0 0.446400 0.315100 0.014100 0.019700
0 0.930800 0.497400 0.015000 0.020400
0 0.683600 0.432500 0.015200 0.023900
0 0.893300 0.115800 0.013900 0.021400
0 0.594100 0.428700 0.013500 0.022500
0 0.646300 0.443800 0.014100 0.019000
0 0.616200 0.029500 0.013800 0.019100
0 0.495300 0.505400 0.014700 0.020000
0 0.835700 0.609900 0.016900 0.020100
0 0.252300 0.178900 0.013100 0.022800
0 0.748200 0.094200 0.013400 0.020400
0 0.469900 0.864500 0.014300 0.019700
0 0.791300 0.509600 0.014000 0.023400
0 0.452600 0.928500 0.016600 0.022600
0 0.330100 0.902600 0.013200 0.024700
0 0.760700 0.777500 0.017500 0.019000
0 0.542000 0.358400 0.014100 0.019300
0 0.397300 0.367900 0.013900 0.019700
0 0.884500 0.052600 0.014700 0.019400
0 0.873400 0.381300 0.015300 0.021300
0 0.285700 0.752700 0.017400 0.019000
0 0.821000 0.368000 0.012100 0.027400
0 0.273600 0.433700 0.013800 0.023200
0 0.866800 0.502800 0.011600 0.027900
0 0.143000 0.159800 0.015800 0.018400
0 0.166500 0.577400 0.013300 0.019500
0 0.252300 0.205000 0.013400 0.024500
0 0.551400 0.297000 0.015200 0.018800
0 0.639100 0.481300 0.010800 0.027300
0 0.969100 0.622500 0.013500 0.022200
0 0.895200 0.633000 0.014500 0.026200
0 0.072100 0.592100 0.013100 0.022600
0 0.601600 0.794800 0.012200 0.027400
0 0.859000 0.951900 0.015400 0.021300
0 0.726100 0.570500 0.014800 0.020300
0 0.146800 0.522800 0.012700 0.023300
0 0.946500 0.767000 0.011600 0.026600
0 0.246300 0.884200 0.011900 0.028400
0 0.707800 0.410300 0.014900 0.022500
0 0.960200 0.042400 0.017900 0.019600
0 0.568500 0.542400 0.012200 0.025300
0 0.672400 0.247900 0.016200 0.020400
0 0.253600 0.739700 0.016500 0.020400
0 0.784400 0.146100 0.011400 0.032400
0 0.260500 0.595600 0.012100 0.027200
0 0.539500 0.922900 0.014200 0.021500
0 0.082900 0.385400 0.014200 0.019200
0 0.501100 0.258600 0.013100 0.021000
0 0.669900 0.726600 0.014900 0.025300
0 0.017400 0.417100 0.015900 0.016600
0 0.080600 0.448400 0.013900 0.017100
0 0.172200 0.610300 0.013000 0.020700
0 0.435500 0.328200 0.014300 0.017500
0 0.098800 0.743700 0.014800 0.019200
0 0.484300 0.080700 0.013600 0.021800
0 0.208200 0.244100 0.011200 0.030400
0 0.859300 0.166200 0.011600 0.031200
0 0.623000 0.772600 0.012700 0.024700
0 0.944200 0.247900 0.014500 0.021500
0 0.628700 0.180400 0.012700 0.030300
0 0.142700 0.444200 0.011200 0.027000
0 0.006600 0.017000 0.011200 0.018000
0 0.164200 0.334500 0.015700 0.019400
0 0.024000 0.678400 0.012800 0.023900
0 0.039000 0.017300 0.013500 0.021800
0 0.154900 0.798400 0.015000 0.018700
0 0.499300 0.465600 0.012600 0.025200
0 0.091100 0.440600 0.011900 0.019500
0 0.873700 0.804600 0.017400 0.017600
0 0.131400 0.848000 0.013900 0.021700
0 0.034600 0.859200 0.012700 0.026000
0 0.236000 0.339700 0.011600 0.027600
0 0.760600 0.015600 0.015000 0.022800
0 0.393200 0.759900 0.013900 0.026900
0 0.919400 0.948300 0.015500 0.020900
0 0.294500 0.120700 0.010400 0.033400
0 0.970400 0.542000 0.012000 0.030500
0 0.353600 0.865300 0.013400 0.027500
0 0.884900 0.334400 0.016300 0.017300
0 0.541800 0.460700 0.012000 0.024100
0 0.515000 0.366800 0.015200 0.018600
0 0.779600 0.713800 0.014100 0.019800
0 0.048500 0.816400 0.014600 0.020000
0 0.064000 0.758700 0.015700 0.019800
0 0.076400 0.051900 0.013800 0.021000
0 0.101800 0.726900 0.013600 0.021400
0 0.886200 0.723000 0.015200 0.019800
0 0.466800 0.552000 0.016300 0.020300
0 0.728700 0.508400 0.012500 0.017300
0 0.094100 0.864600 0.012500 0.024500
0 0.111300 0.093500 0.015400 0.020100
0 0.559100 0.963800 0.015200 0.020000
0 0.761500 0.652600 0.015400 0.020000
0 0.601300 0.034100 0.013600 0.020500
0 0.923200 0.806300 0.014900 0.019900
0 0.734800 0.039600 0.013000 0.024200
0 0.861500 0.190400 0.014400 0.023600
0 0.909500 0.514300 0.014700 0.023200
0 0.464700 0.821800 0.014800 0.023700
0 0.155100 0.576700 0.014000 0.017400
0 0.764200 0.290800 0.011600 0.031000
0 0.827300 0.176700 0.012500 0.028000
0 0.085700 0.465200 0.012700 0.018500
0 0.918200 0.724000 0.015800 0.019700
0 0.364300 0.976700 0.015200 0.019700
0 0.451900 0.165800 0.012800 0.022800
0 0.473900 0.380400 0.014700 0.019400
0 0.563600 0.285000 0.012900 0.020600
0 0.627600 0.458200 0.013000 0.021800
0 0.290300 0.979700 0.011300 0.030200
0 0.438700 0.643400 0.010200 0.036300
0 0.713300 0.095600 0.011400 0.030900
0 0.484700 0.494900 0.012700 0.021500
0 0.896800 0.223800 0.013300 0.019800
0 0.786600 0.814100 0.017200 0.019200
0 0.453700 0.147400 0.012000 0.019100
0 0.129800 0.474000 0.014100 0.017900
0 0.457600 0.579400 0.017000 0.024500
0 0.983400 0.622600 0.015300 0.019900
0 0.686400 0.852000 0.015800 0.019300
0 0.824100 0.742700 0.016000 0.018000
0 0.108500 0.972400 0.015800 0.021700
0 0.011400 0.034700 0.014600 0.017600
0 0.893300 0.947100 0.012200 0.031000
0 0.511400 0.402100 0.015700 0.019400
0 0.993400 0.140100 0.008400 0.022700
0 0.257200 0.015900 0.009800 0.030700
0 0.472900 0.526500 0.015400 0.020900
0 0.330300 0.089000 0.009900 0.031000
0 0.091406 0.131944 0.010937 0.025000
0 0.444531 0.224306 0.009375 0.029167
0 0.564844 0.438889 0.007813 0.025000
0 0.110156 0.913889 0.014062 0.027778
0 0.258594 0.672917 0.012500 0.018056
0 0.777344 0.665278 0.009375 0.036111
0 0.848437 0.623611 0.015625 0.027778
0 0.450781 0.624306 0.010937 0.029167
0 0.991797 0.529167 0.013281 0.019444
0 0.992969 0.549306 0.010937 0.015278
0 0.462500 0.402083 0.014062 0.015278
0 0.763672 0.727083 0.010156 0.029167
0 0.533594 0.009028 0.012500 0.018056
0 0.463672 0.012500 0.019531 0.019444
0 0.073047 0.276389 0.016406 0.022222
0 0.287891 0.448611 0.013281 0.027778
0 0.252734 0.836111 0.011719 0.033333
0 0.977344 0.295139 0.012500 0.023611
0 0.765234 0.084028 0.016406 0.026389
0 0.669922 0.097222 0.013281 0.030556
0 0.591797 0.104167 0.016406 0.022222
0 0.431250 0.377083 0.012500 0.029167
0 0.419531 0.349306 0.015625 0.020833
0 0.366406 0.109722 0.015625 0.025000
0 0.212109 0.034722 0.014844 0.025000
0 0.142188 0.057639 0.010937 0.029167
0 0.707422 0.906944 0.016406 0.027778
0 0.963281 0.645139 0.010937 0.026389
0 0.971875 0.639583 0.012500 0.026389
0 0.946484 0.088194 0.011719 0.031944
0 0.569531 0.710417 0.015625 0.023611
0 0.574609 0.722917 0.013281 0.029167
0 0.471484 0.479861 0.011719 0.023611
0 0.473047 0.465972 0.010156 0.023611
0 0.915234 0.972222 0.017969 0.022222
