0 0.889000 0.087000 0.016000 0.021000
0 0.889000 0.060000 0.016000 0.021000
0 0.955000 0.148000 0.016000 0.021000
0 0.931000 0.206000 0.016000 0.021000
0 0.930000 0.227000 0.016000 0.021000
0 0.919000 0.235000 0.016000 0.021000
0 0.916000 0.248000 0.016000 0.021000
0 0.925000 0.271000 0.016000 0.021000
0 0.922000 0.325000 0.016000 0.021000
0 0.908000 0.319000 0.016000 0.021000
0 0.888000 0.317000 0.016000 0.021000
0 0.881000 0.344000 0.016000 0.021000
0 0.906000 0.354000 0.016000 0.021000
0 0.864000 0.333000 0.016000 0.021000
0 0.867000 0.427000 0.016000 0.021000
0 0.889000 0.423000 0.016000 0.021000
0 0.914000 0.406000 0.016000 0.021000
0 0.902000 0.475000 0.016000 0.021000
0 0.902000 0.492000 0.016000 0.021000
0 0.942000 0.542000 0.016000 0.021000
0 0.905000 0.573000 0.016000 0.021000
0 0.823000 0.558000 0.016000 0.021000
0 0.942000 0.615000 0.016000 0.021000
0 0.939000 0.625000 0.016000 0.021000
0 0.967000 0.652000 0.016000 0.021000
0 0.780000 0.471000 0.016000 0.021000
0 0.775000 0.444000 0.016000 0.021000
0 0.741000 0.379000 0.016000 0.021000
0 0.725000 0.304000 0.016000 0.021000
0 0.709000 0.292000 0.016000 0.021000
0 0.758000 0.321000 0.016000 0.021000
0 0.858000 0.190000 0.016000 0.021000
0 0.845000 0.121000 0.016000 0.021000
0 0.828000 0.096000 0.016000 0.021000
0 0.839000 0.048000 0.016000 0.021000
0 0.831000 0.071000 0.016000 0.021000
0 0.772000 0.200000 0.016000 0.021000
0 0.772000 0.219000 0.016000 0.021000
0 0.775000 0.173000 0.016000 0.021000
0 0.800000 0.079000 0.016000 0.021000
0 0.784000 0.110000 0.016000 0.021000
0 0.775000 0.102000 0.016000 0.021000
0 0.744000 0.090000 0.016000 0.021000
0 0.755000 0.085000 0.016000 0.021000
0 0.719000 0.052000 0.016000 0.021000
0 0.697000 0.058000 0.016000 0.021000
0 0.675000 0.058000 0.016000 0.021000
0 0.663000 0.079000 0.016000 0.021000
0 0.653000 0.058000 0.016000 0.021000
0 0.636000 0.104000 0.016000 0.021000
0 0.645000 0.123000 0.016000 0.021000
0 0.655000 0.108000 0.016000 0.021000
0 0.672000 0.094000 0.016000 0.021000
0 0.705000 0.113000 0.016000 0.021000
0 0.705000 0.087000 0.016000 0.021000
0 0.678000 0.119000 0.016000 0.021000
0 0.570000 0.206000 0.016000 0.021000
0 0.577000 0.150000 0.016000 0.021000
0 0.567000 0.060000 0.016000 0.021000
0 0.495000 0.033000 0.016000 0.021000
0 0.542000 0.129000 0.016000 0.021000
0 0.542000 0.163000 0.016000 0.021000
0 0.494000 0.146000 0.016000 0.021000
0 0.528000 0.192000 0.016000 0.021000
0 0.381000 0.040000 0.016000 0.021000
0 0.380000 0.058000 0.016000 0.021000
0 0.397000 0.062000 0.016000 0.021000
0 0.394000 0.119000 0.016000 0.021000
0 0.364000 0.125000 0.016000 0.021000
0 0.352000 0.108000 0.016000 0.021000
0 0.339000 0.102000 0.016000 0.021000
0 0.361000 0.071000 0.016000 0.021000
0 0.250000 0.102000 0.016000 0.021000
0 0.253000 0.090000 0.016000 0.021000
0 0.234000 0.090000 0.016000 0.021000
0 0.158000 0.075000 0.016000 0.021000
0 0.163000 0.052000 0.016000 0.021000
0 0.114000 0.058000 0.016000 0.021000
0 0.066000 0.048000 0.016000 0.021000
0 0.050000 0.087000 0.016000 0.021000
0 0.067000 0.160000 0.016000 0.021000
0 0.158000 0.113000 0.016000 0.021000
0 0.169000 0.154000 0.016000 0.021000
0 0.170000 0.185000 0.016000 0.021000
0 0.183000 0.179000 0.016000 0.021000
0 0.203000 0.171000 0.016000 0.021000
0 0.195000 0.154000 0.016000 0.021000
0 0.198000 0.142000 0.016000 0.021000
0 0.214000 0.125000 0.016000 0.021000
0 0.263000 0.123000 0.016000 0.021000
0 0.269000 0.138000 0.016000 0.021000
0 0.269000 0.154000 0.016000 0.021000
0 0.283000 0.165000 0.016000 0.021000
0 0.319000 0.196000 0.016000 0.021000
0 0.311000 0.165000 0.016000 0.021000
0 0.327000 0.150000 0.016000 0.021000
0 0.375000 0.183000 0.016000 0.021000
0 0.386000 0.188000 0.016000 0.021000
0 0.398000 0.196000 0.016000 0.021000
0 0.434000 0.204000 0.016000 0.021000
0 0.441000 0.225000 0.016000 0.021000
0 0.495000 0.248000 0.016000 0.021000
0 0.503000 0.229000 0.016000 0.021000
0 0.520000 0.269000 0.016000 0.021000
0 0.544000 0.315000 0.016000 0.021000
0 0.552000 0.346000 0.016000 0.021000
0 0.631000 0.406000 0.016000 0.021000
0 0.619000 0.440000 0.016000 0.021000
0 0.630000 0.448000 0.016000 0.021000
0 0.584000 0.465000 0.016000 0.021000
0 0.575000 0.479000 0.016000 0.021000
0 0.577000 0.494000 0.016000 0.021000
0 0.603000 0.504000 0.016000 0.021000
0 0.580000 0.446000 0.016000 0.021000
0 0.575000 0.419000 0.016000 0.021000
0 0.531000 0.452000 0.016000 0.021000
0 0.495000 0.429000 0.016000 0.021000
0 0.492000 0.412000 0.016000 0.021000
0 0.514000 0.404000 0.016000 0.021000
0 0.492000 0.388000 0.016000 0.021000
0 0.459000 0.373000 0.016000 0.021000
0 0.486000 0.354000 0.016000 0.021000
0 0.475000 0.294000 0.016000 0.021000
0 0.506000 0.292000 0.016000 0.021000
0 0.450000 0.348000 0.016000 0.021000
0 0.441000 0.348000 0.016000 0.021000
0 0.425000 0.377000 0.016000 0.021000
0 0.436000 0.408000 0.016000 0.021000
0 0.308000 0.277000 0.016000 0.021000
0 0.292000 0.287000 0.016000 0.021000
0 0.288000 0.348000 0.016000 0.021000
0 0.181000 0.260000 0.016000 0.021000
0 0.175000 0.235000 0.016000 0.021000
0 0.164000 0.365000 0.016000 0.021000
0 0.041000 0.406000 0.016000 0.021000
0 0.036000 0.419000 0.016000 0.021000
0 0.184000 0.442000 0.016000 0.021000
0 0.205000 0.431000 0.016000 0.021000
0 0.205000 0.444000 0.016000 0.021000
0 0.191000 0.400000 0.016000 0.021000
0 0.214000 0.402000 0.016000 0.021000
0 0.228000 0.415000 0.016000 0.021000
0 0.228000 0.388000 0.016000 0.021000
0 0.261000 0.427000 0.016000 0.021000
0 0.281000 0.444000 0.016000 0.021000
0 0.316000 0.450000 0.016000 0.021000
0 0.389000 0.456000 0.016000 0.021000
0 0.406000 0.485000 0.016000 0.021000
0 0.338000 0.508000 0.016000 0.021000
0 0.272000 0.475000 0.016000 0.021000
0 0.241000 0.490000 0.016000 0.021000
0 0.241000 0.506000 0.016000 0.021000
0 0.180000 0.496000 0.016000 0.021000
0 0.106000 0.496000 0.016000 0.021000
0 0.095000 0.506000 0.016000 0.021000
0 0.059000 0.475000 0.016000 0.021000
0 0.058000 0.494000 0.016000 0.021000
0 0.044000 0.492000 0.016000 0.021000
0 0.502000 0.512000 0.016000 0.021000
0 0.509000 0.523000 0.016000 0.021000
0 0.520000 0.531000 0.016000 0.021000
0 0.541000 0.552000 0.016000 0.021000
0 0.544000 0.510000 0.016000 0.021000
0 0.561000 0.531000 0.016000 0.021000
0 0.567000 0.523000 0.016000 0.021000
0 0.664000 0.485000 0.016000 0.021000
0 0.680000 0.467000 0.016000 0.021000
0 0.722000 0.490000 0.016000 0.021000
0 0.727000 0.510000 0.016000 0.021000
0 0.766000 0.525000 0.016000 0.021000
0 0.761000 0.537000 0.016000 0.021000
0 0.705000 0.585000 0.016000 0.021000
0 0.688000 0.571000 0.016000 0.021000
0 0.647000 0.617000 0.016000 0.021000
0 0.664000 0.621000 0.016000 0.021000
0 0.781000 0.629000 0.016000 0.021000
0 0.802000 0.617000 0.016000 0.021000
0 0.866000 0.637000 0.016000 0.021000
0 0.822000 0.690000 0.016000 0.021000
0 0.788000 0.735000 0.016000 0.021000
0 0.764000 0.671000 0.016000 0.021000
0 0.752000 0.658000 0.016000 0.021000
0 0.744000 0.673000 0.016000 0.021000
0 0.736000 0.652000 0.016000 0.021000
0 0.656000 0.662000 0.016000 0.021000
0 0.639000 0.671000 0.016000 0.021000
0 0.598000 0.648000 0.016000 0.021000
0 0.588000 0.633000 0.016000 0.021000
0 0.556000 0.623000 0.016000 0.021000
0 0.448000 0.606000 0.016000 0.021000
0 0.420000 0.602000 0.016000 0.021000
0 0.441000 0.590000 0.016000 0.021000
0 0.409000 0.575000 0.016000 0.021000
0 0.380000 0.608000 0.016000 0.021000
0 0.380000 0.623000 0.016000 0.021000
0 0.388000 0.631000 0.016000 0.021000
0 0.305000 0.560000 0.016000 0.021000
0 0.202000 0.552000 0.016000 0.021000
0 0.191000 0.550000 0.016000 0.021000
0 0.161000 0.560000 0.016000 0.021000
0 0.153000 0.542000 0.016000 0.021000
0 0.125000 0.642000 0.016000 0.021000
0 0.123000 0.665000 0.016000 0.021000
0 0.123000 0.677000 0.016000 0.021000
0 0.114000 0.717000 0.016000 0.021000
0 0.061000 0.754000 0.016000 0.021000
0 0.108000 0.740000 0.016000 0.021000
0 0.461000 0.729000 0.016000 0.021000
0 0.503000 0.725000 0.016000 0.021000
0 0.514000 0.713000 0.016000 0.021000
0 0.967000 0.873000 0.016000 0.021000
0 0.925000 0.910000 0.016000 0.021000
0 0.922000 0.933000 0.016000 0.021000
0 0.911000 0.942000 0.016000 0.021000
0 0.863000 0.840000 0.016000 0.021000
0 0.817000 0.906000 0.016000 0.021000
0 0.803000 0.906000 0.016000 0.021000
0 0.805000 0.817000 0.016000 0.021000
0 0.791000 0.806000 0.016000 0.021000
0 0.780000 0.796000 0.016000 0.021000
0 0.733000 0.883000 0.016000 0.021000
0 0.730000 0.910000 0.016000 0.021000
0 0.722000 0.919000 0.016000 0.021000
0 0.697000 0.908000 0.016000 0.021000
0 0.727000 0.802000 0.016000 0.021000
0 0.739000 0.773000 0.016000 0.021000
0 0.756000 0.756000 0.016000 0.021000
0 0.752000 0.740000 0.016000 0.021000
0 0.739000 0.744000 0.016000 0.021000
0 0.727000 0.733000 0.016000 0.021000
0 0.727000 0.710000 0.016000 0.021000
0 0.664000 0.742000 0.016000 0.021000
0 0.666000 0.769000 0.016000 0.021000
0 0.628000 0.735000 0.016000 0.021000
0 0.631000 0.785000 0.016000 0.021000
0 0.623000 0.792000 0.016000 0.021000
0 0.609000 0.800000 0.016000 0.021000
0 0.609000 0.779000 0.016000 0.021000
0 0.591000 0.831000 0.016000 0.021000
0 0.617000 0.900000 0.016000 0.021000
0 0.628000 0.940000 0.016000 0.021000
0 0.636000 0.927000 0.016000 0.021000
0 0.545000 0.810000 0.016000 0.021000
0 0.539000 0.779000 0.016000 0.021000
0 0.519000 0.765000 0.016000 0.021000
0 0.528000 0.735000 0.016000 0.021000
0 0.500000 0.869000 0.016000 0.021000
0 0.423000 0.908000 0.016000 0.021000
0 0.472000 0.754000 0.016000 0.021000
0 0.255000 0.848000 0.016000 0.021000
0 0.202000 0.790000 0.016000 0.021000
0 0.150000 0.800000 0.016000 0.021000
0 0.142000 0.842000 0.016000 0.021000
0 0.153000 0.854000 0.016000 0.021000
0 0.119000 0.852000 0.016000 0.021000
0 0.128000 0.829000 0.016000 0.021000
0 0.053000 0.885000 0.016000 0.021000
0 0.064000 0.892000 0.016000 0.021000
0 0.078000 0.906000 0.016000 0.021000
0 0.098000 0.902000 0.016000 0.021000
0 0.117000 0.875000 0.016000 0.021000
0 0.095000 0.923000 0.016000 0.021000
0 0.092000 0.942000 0.016000 0.021000
0 0.083000 0.954000 0.016000 0.021000
0 0.172000 0.950000 0.016000 0.021000
0 0.658000 0.967000 0.016000 0.021000
0 0.988000 0.092000 0.016000 0.021000
0 0.973000 0.160000 0.016000 0.021000
0 0.986000 0.198000 0.016000 0.021000
0 0.977000 0.206000 0.016000 0.021000
0 0.969000 0.196000 0.016000 0.021000
0 0.973000 0.223000 0.016000 0.021000
0 0.989000 0.219000 0.016000 0.021000
0 0.944000 0.235000 0.016000 0.021000
0 0.977000 0.323000 0.016000 0.021000
0 0.927000 0.292000 0.016000 0.021000
0 0.980000 0.504000 0.016000 0.021000
0 0.986000 0.535000 0.016000 0.021000
0 0.981000 0.560000 0.016000 0.021000
0 0.981000 0.627000 0.016000 0.021000
0 0.986000 0.683000 0.016000 0.021000
0 0.980000 0.879000 0.016000 0.021000
0 0.872000 0.921000 0.016000 0.021000
0 0.723000 0.977000 0.016000 0.021000
0 0.589000 0.969000 0.016000 0.021000
0 0.245000 0.967000 0.016000 0.021000
0 0.011000 0.867000 0.016000 0.021000
0 0.014000 0.688000 0.016000 0.021000
0 0.027000 0.435000 0.016000 0.021000
0 0.034000 0.148000 0.016000 0.021000
0 0.019000 0.050000 0.016000 0.021000
0 0.020000 0.033000 0.016000 0.021000
0 0.047000 0.040000 0.016000 0.021000
0 0.066000 0.021000 0.016000 0.021000
0 0.106000 0.033000 0.016000 0.021000
0 0.167000 0.025000 0.016000 0.021000
0 0.141000 0.106000 0.016000 0.021000
0 0.269000 0.033000 0.016000 0.021000
0 0.717000 0.025000 0.016000 0.021000
0 0.825000 0.042000 0.016000 0.021000
0 0.788000 0.067000 0.016000 0.021000
0 0.794000 0.050000 0.016000 0.021000
0 0.825000 0.173000 0.016000 0.021000
0 0.811000 0.158000 0.016000 0.021000
0 0.792000 0.223000 0.016000 0.021000
0 0.680000 0.506000 0.016000 0.021000
0 0.664000 0.579000 0.016000 0.021000
0 0.511000 0.552000 0.016000 0.021000
0 0.717000 0.610000 0.016000 0.021000
0 0.334000 0.546000 0.016000 0.021000
0 0.214000 0.498000 0.016000 0.021000
0 0.270000 0.650000 0.016000 0.021000
0 0.281000 0.654000 0.016000 0.021000
0 0.464000 0.815000 0.016000 0.021000
0 0.702000 0.754000 0.016000 0.021000
0 0.848000 0.673000 0.016000 0.021000
0 0.823000 0.979000 0.016000 0.021000
0 0.188000 0.123000 0.016000 0.021000
0 0.577000 0.017000 0.016000 0.021000
0 0.992969 0.795139 0.012500 0.031944
0 0.992578 0.589583 0.013281 0.029167
0 0.470703 0.981250 0.017969 0.029167
0 0.320703 0.984722 0.021094 0.030556
0 0.005859 0.786111 0.011719 0.038889
0 0.707422 0.987500 0.017969 0.025000
0 0.400391 0.840972 0.019531 0.037500
0 0.580078 0.384028 0.016406 0.037500
0 0.674609 0.210417 0.014844 0.034722
0 0.715625 0.162500 0.014062 0.036111
0 0.801172 0.504167 0.011719 0.044444
0 0.786328 0.550694 0.008594 0.026389
0 0.776563 0.538889 0.009375 0.022222
0 0.392578 0.913889 0.014844 0.036111
0 0.470703 0.922917 0.019531 0.037500
0 0.176953 0.809028 0.014844 0.034722
0 0.276563 0.781250 0.015625 0.037500
0 0.159375 0.590972 0.017188 0.026389
0 0.057031 0.580556 0.018750 0.041667
0 0.018359 0.659028 0.016406 0.037500
0 0.061328 0.286111 0.022656 0.033333
0 0.237109 0.301389 0.017969 0.033333
0 0.262891 0.206250 0.017969 0.023611
0 0.571875 0.805556 0.012500 0.044444
0 0.565234 0.113889 0.013281 0.033333
0 0.403906 0.324306 0.012500 0.037500
0 0.426172 0.659028 0.019531 0.037500
0 0.777734 0.718056 0.011719 0.033333
0 0.844531 0.752778 0.015625 0.036111
0 0.894531 0.632639 0.012500 0.037500
0 0.459375 0.235417 0.012500 0.031944
0 0.438281 0.115278 0.012500 0.038889
0 0.290625 0.865972 0.018750 0.023611
0 0.583984 0.934028 0.013281 0.040278
0 0.020312 0.928472 0.015625 0.018056
0 0.019141 0.921528 0.016406 0.026389
0 0.332422 0.022222 0.016406 0.033333
0 0.796875 0.347917 0.018750 0.034722
0 0.734766 0.442361 0.014844 0.031944
0 0.728516 0.454167 0.011719 0.025000
0 0.898828 0.824306 0.017969 0.040278
0 0.695703 0.536111 0.014844 0.030556
0 0.722266 0.354861 0.014844 0.034722
0 0.250391 0.586111 0.024219 0.022222
0 0.136719 0.492361 0.015625 0.040278
0 0.989844 0.120139 0.015625 0.034722
0 0.484766 0.309722 0.016406 0.030556
0 0.251953 0.361111 0.014844 0.033333
0 0.089844 0.109722 0.014062 0.033333
0 0.016406 0.178472 0.018750 0.029167
0 0.515625 0.436111 0.015625 0.030556
0 0.705078 0.696528 0.016406 0.023611
0 0.650391 0.983333 0.016406 0.025000
0 0.992969 0.900000 0.010937 0.019444
0 0.939844 0.977778 0.010937 0.025000
0 0.501172 0.961806 0.016406 0.023611
0 0.678125 0.897222 0.012500 0.027778
0 0.676953 0.870139 0.016406 0.026389
0 0.891016 0.908333 0.011719 0.030556
0 0.842969 0.925694 0.012500 0.029167
0 0.855859 0.930556 0.011719 0.027778
0 0.840234 0.898611 0.013281 0.030556
0 0.834766 0.815972 0.011719 0.029167
0 0.825781 0.804167 0.010937 0.027778
0 0.922656 0.959028 0.009375 0.029167
0 0.956250 0.938194 0.009375 0.034722
0 0.951563 0.766667 0.015625 0.033333
0 0.909766 0.593056 0.010156 0.033333
0 0.974219 0.463889 0.017188 0.027778
0 0.983203 0.360417 0.014844 0.026389
0 0.981250 0.043750 0.012500 0.029167
0 0.969531 0.039583 0.010937 0.029167
0 0.953906 0.086111 0.014062 0.027778
0 0.987109 0.158333 0.013281 0.022222
0 0.906641 0.102778 0.010156 0.030556
0 0.903906 0.075694 0.014062 0.026389
0 0.868750 0.364583 0.012500 0.040278
0 0.968750 0.717361 0.015625 0.020833
0 0.840625 0.706250 0.012500 0.029167
0 0.833594 0.641667 0.010937 0.030556
0 0.833594 0.525694 0.015625 0.029167
0 0.843359 0.471528 0.016406 0.023611
0 0.847266 0.453472 0.019531 0.026389
0 0.829297 0.345833 0.013281 0.025000
0 0.821875 0.375694 0.018750 0.023611
0 0.837891 0.285417 0.011719 0.037500
0 0.820313 0.284028 0.017188 0.020833
0 0.818750 0.301389 0.015625 0.022222
0 0.811328 0.239583 0.010156 0.037500
0 0.809766 0.092361 0.010156 0.040278
0 0.812500 0.635417 0.009375 0.029167
0 0.792578 0.643056 0.010156 0.038889
0 0.877344 0.781250 0.015625 0.029167
0 0.649219 0.320139 0.017188 0.031944
0 0.650391 0.352083 0.016406 0.031944
0 0.645703 0.531944 0.014844 0.027778
0 0.627344 0.861111 0.015625 0.030556
0 0.608203 0.953472 0.013281 0.029167
0 0.523828 0.867361 0.013281 0.029167
0 0.538672 0.847222 0.011719 0.033333
0 0.360938 0.952083 0.017188 0.029167
0 0.304297 0.822917 0.014844 0.029167
0 0.307031 0.715278 0.015625 0.022222
0 0.308203 0.697917 0.013281 0.020833
0 0.309375 0.651389 0.010937 0.036111
0 0.275000 0.686111 0.012500 0.033333
0 0.247656 0.674306 0.018750 0.023611
0 0.267969 0.547917 0.015625 0.026389
0 0.311328 0.423611 0.019531 0.027778
0 0.310547 0.360417 0.014844 0.029167
0 0.362891 0.323611 0.019531 0.025000
0 0.424219 0.173611 0.012500 0.033333
0 0.412109 0.144444 0.019531 0.025000
0 0.430078 0.043750 0.013281 0.037500
0 0.035937 0.622222 0.017188 0.033333
0 0.083594 0.590972 0.018750 0.029167
0 0.094141 0.578472 0.011719 0.034722
0 0.044922 0.360417 0.014844 0.026389
0 0.085156 0.306944 0.015625 0.025000
0 0.099609 0.309028 0.011719 0.029167
0 0.128906 0.367361 0.010937 0.043056
0 0.106250 0.380556 0.017188 0.022222
0 0.109375 0.359028 0.015625 0.029167
0 0.149219 0.320139 0.017188 0.031944
0 0.157031 0.390278 0.014062 0.038889
0 0.232031 0.254861 0.010937 0.031944
0 0.053516 0.144444 0.011719 0.036111
0 0.073828 0.715278 0.016406 0.025000
0 0.030078 0.876389 0.011719 0.033333
0 0.064844 0.937500 0.012500 0.033333
0 0.258984 0.386806 0.016406 0.026389
0 0.392578 0.503472 0.014844 0.029167
0 0.428906 0.522222 0.014062 0.030556
0 0.456641 0.550000 0.017969 0.027778
0 0.446484 0.531944 0.010156 0.041667
0 0.571094 0.542361 0.010937 0.034722
0 0.560938 0.676389 0.015625 0.027778
0 0.545703 0.683333 0.014844 0.027778
0 0.534766 0.668056 0.011719 0.036111
0 0.362109 0.788889 0.019531 0.025000
0 0.403906 0.732639 0.012500 0.040278
0 0.496875 0.678472 0.015625 0.023611
0 0.491406 0.581944 0.010937 0.022222
0 0.490234 0.598611 0.010156 0.025000
0 0.448047 0.759028 0.010156 0.034722
0 0.409766 0.770139 0.019531 0.018056
0 0.494531 0.830556 0.018750 0.025000
0 0.753516 0.413194 0.011719 0.026389
0 0.586719 0.293056 0.012500 0.030556
0 0.574609 0.295139 0.013281 0.034722
0 0.435156 0.284028 0.010937 0.031944
0 0.434375 0.248611 0.009375 0.033333
0 0.278906 0.368056 0.012500 0.027778
0 0.862500 0.752778 0.015625 0.030556
0 0.418750 0.306944 0.018750 0.025000
0 0.289844 0.070139 0.010937 0.023611
0 0.287891 0.095139 0.010156 0.034722
0 0.303516 0.095139 0.013281 0.023611
0 0.097266 0.847222 0.011719 0.036111
0 0.170312 0.692361 0.020312 0.023611
0 0.224219 0.841667 0.012500 0.033333
0 0.222266 0.947917 0.013281 0.037500
0 0.366016 0.429167 0.011719 0.030556
0 0.367578 0.366667 0.010156 0.025000
0 0.372656 0.386111 0.009375 0.033333
0 0.393750 0.704861 0.014062 0.029167
0 0.641406 0.171528 0.010937 0.029167
0 0.630469 0.160417 0.017188 0.026389
0 0.650391 0.234028 0.013281 0.026389
0 0.641406 0.238889 0.012500 0.030556
0 0.656641 0.147917 0.014844 0.020833
0 0.124219 0.113889 0.015625 0.027778
0 0.257031 0.040278 0.009375 0.033333
0 0.372266 0.654167 0.016406 0.027778
0 0.228516 0.131250 0.013281 0.031944
0 0.492969 0.065278 0.017188 0.025000
0 0.448047 0.052778 0.016406 0.025000
0 0.462109 0.106944 0.016406 0.030556
0 0.809375 0.940278 0.010937 0.033333
0 0.749219 0.386111 0.009375 0.033333
0 0.968750 0.625694 0.010937 0.031944
0 0.856250 0.220833 0.012500 0.033333
0 0.664844 0.702083 0.009375 0.029167
0 0.655859 0.709722 0.008594 0.027778
0 0.748828 0.323611 0.013281 0.022222
0 0.867188 0.558333 0.010937 0.025000
0 0.860547 0.565278 0.017969 0.022222
0 0.869141 0.578472 0.013281 0.015278
0 0.815625 0.581944 0.010937 0.016667
0 0.826563 0.579167 0.014062 0.019444
