0 0.913000 0.073000 0.016000 0.021000
0 0.906000 0.098000 0.016000 0.021000
0 0.952000 0.204000 0.016000 0.021000
0 0.950000 0.223000 0.016000 0.021000
0 0.925000 0.235000 0.016000 0.021000
0 0.934000 0.244000 0.016000 0.021000
0 0.923000 0.287000 0.016000 0.021000
0 0.894000 0.271000 0.016000 0.021000
0 0.908000 0.315000 0.016000 0.021000
0 0.920000 0.331000 0.016000 0.021000
0 0.936000 0.344000 0.016000 0.021000
0 0.927000 0.379000 0.016000 0.021000
0 0.867000 0.333000 0.016000 0.021000
0 0.833000 0.267000 0.016000 0.021000
0 0.806000 0.317000 0.016000 0.021000
0 0.806000 0.335000 0.016000 0.021000
0 0.842000 0.365000 0.016000 0.021000
0 0.803000 0.371000 0.016000 0.021000
0 0.839000 0.417000 0.016000 0.021000
0 0.873000 0.421000 0.016000 0.021000
0 0.914000 0.458000 0.016000 0.021000
0 0.914000 0.473000 0.016000 0.021000
0 0.964000 0.375000 0.016000 0.021000
0 0.967000 0.508000 0.016000 0.021000
0 0.950000 0.490000 0.016000 0.021000
0 0.852000 0.631000 0.016000 0.021000
0 0.863000 0.577000 0.016000 0.021000
0 0.856000 0.590000 0.016000 0.021000
0 0.845000 0.565000 0.016000 0.021000
0 0.836000 0.644000 0.016000 0.021000
0 0.825000 0.669000 0.016000 0.021000
0 0.816000 0.623000 0.016000 0.021000
0 0.791000 0.623000 0.016000 0.021000
0 0.811000 0.600000 0.016000 0.021000
0 0.795000 0.596000 0.016000 0.021000
0 0.812000 0.573000 0.016000 0.021000
0 0.809000 0.708000 0.016000 0.021000
0 0.836000 0.725000 0.016000 0.021000
0 0.845000 0.738000 0.016000 0.021000
0 0.880000 0.754000 0.016000 0.021000
0 0.878000 0.785000 0.016000 0.021000
0 0.936000 0.892000 0.016000 0.021000
0 0.858000 0.898000 0.016000 0.021000
0 0.836000 0.879000 0.016000 0.021000
0 0.822000 0.890000 0.016000 0.021000
0 0.816000 0.917000 0.016000 0.021000
0 0.784000 0.896000 0.016000 0.021000
0 0.748000 0.877000 0.016000 0.021000
0 0.739000 0.927000 0.016000 0.021000
0 0.825000 0.827000 0.016000 0.021000
0 0.836000 0.790000 0.016000 0.021000
0 0.830000 0.802000 0.016000 0.021000
0 0.803000 0.796000 0.016000 0.021000
0 0.761000 0.812000 0.016000 0.021000
0 0.761000 0.790000 0.016000 0.021000
0 0.730000 0.804000 0.016000 0.021000
0 0.698000 0.871000 0.016000 0.021000
0 0.705000 0.894000 0.016000 0.021000
0 0.756000 0.729000 0.016000 0.021000
0 0.742000 0.725000 0.016000 0.021000
0 0.764000 0.717000 0.016000 0.021000
0 0.753000 0.683000 0.016000 0.021000
0 0.750000 0.658000 0.016000 0.021000
0 0.728000 0.742000 0.016000 0.021000
0 0.689000 0.767000 0.016000 0.021000
0 0.931000 0.219000 0.016000 0.021000
0 0.834000 0.173000 0.016000 0.021000
0 0.827000 0.127000 0.016000 0.021000
0 0.817000 0.131000 0.016000 0.021000
0 0.809000 0.113000 0.016000 0.021000
0 0.784000 0.171000 0.016000 0.021000
0 0.763000 0.192000 0.016000 0.021000
0 0.789000 0.260000 0.016000 0.021000
0 0.797000 0.248000 0.016000 0.021000
0 0.703000 0.294000 0.016000 0.021000
0 0.705000 0.271000 0.016000 0.021000
0 0.664000 0.242000 0.016000 0.021000
0 0.623000 0.227000 0.016000 0.021000
0 0.661000 0.167000 0.016000 0.021000
0 0.641000 0.146000 0.016000 0.021000
0 0.620000 0.098000 0.016000 0.021000
0 0.664000 0.113000 0.016000 0.021000
0 0.675000 0.092000 0.016000 0.021000
0 0.567000 0.181000 0.016000 0.021000
0 0.558000 0.158000 0.016000 0.021000
0 0.564000 0.119000 0.016000 0.021000
0 0.483000 0.102000 0.016000 0.021000
0 0.475000 0.073000 0.016000 0.021000
0 0.505000 0.135000 0.016000 0.021000
0 0.514000 0.210000 0.016000 0.021000
0 0.469000 0.208000 0.016000 0.021000
0 0.448000 0.185000 0.016000 0.021000
0 0.422000 0.146000 0.016000 0.021000
0 0.425000 0.127000 0.016000 0.021000
0 0.406000 0.113000 0.016000 0.021000
0 0.413000 0.085000 0.016000 0.021000
0 0.394000 0.060000 0.016000 0.021000
0 0.395000 0.044000 0.016000 0.021000
0 0.331000 0.090000 0.016000 0.021000
0 0.330000 0.121000 0.016000 0.021000
0 0.317000 0.133000 0.016000 0.021000
0 0.353000 0.156000 0.016000 0.021000
0 0.391000 0.179000 0.016000 0.021000
0 0.380000 0.202000 0.016000 0.021000
0 0.380000 0.212000 0.016000 0.021000
0 0.289000 0.148000 0.016000 0.021000
0 0.269000 0.131000 0.016000 0.021000
0 0.286000 0.121000 0.016000 0.021000
0 0.289000 0.113000 0.016000 0.021000
0 0.263000 0.069000 0.016000 0.021000
0 0.252000 0.125000 0.016000 0.021000
0 0.245000 0.144000 0.016000 0.021000
0 0.241000 0.160000 0.016000 0.021000
0 0.234000 0.144000 0.016000 0.021000
0 0.233000 0.117000 0.016000 0.021000
0 0.219000 0.104000 0.016000 0.021000
0 0.236000 0.098000 0.016000 0.021000
0 0.175000 0.113000 0.016000 0.021000
0 0.158000 0.100000 0.016000 0.021000
0 0.169000 0.081000 0.016000 0.021000
0 0.113000 0.100000 0.016000 0.021000
0 0.208000 0.148000 0.016000 0.021000
0 0.209000 0.171000 0.016000 0.021000
0 0.056000 0.158000 0.016000 0.021000
0 0.089000 0.344000 0.016000 0.021000
0 0.116000 0.379000 0.016000 0.021000
0 0.127000 0.398000 0.016000 0.021000
0 0.120000 0.506000 0.016000 0.021000
0 0.109000 0.510000 0.016000 0.021000
0 0.072000 0.560000 0.016000 0.021000
0 0.055000 0.637000 0.016000 0.021000
0 0.108000 0.660000 0.016000 0.021000
0 0.108000 0.675000 0.016000 0.021000
0 0.113000 0.688000 0.016000 0.021000
0 0.053000 0.758000 0.016000 0.021000
0 0.097000 0.767000 0.016000 0.021000
0 0.156000 0.787000 0.016000 0.021000
0 0.169000 0.792000 0.016000 0.021000
0 0.188000 0.798000 0.016000 0.021000
0 0.123000 0.833000 0.016000 0.021000
0 0.080000 0.856000 0.016000 0.021000
0 0.069000 0.848000 0.016000 0.021000
0 0.072000 0.904000 0.016000 0.021000
0 0.081000 0.906000 0.016000 0.021000
0 0.131000 0.873000 0.016000 0.021000
0 0.161000 0.854000 0.016000 0.021000
0 0.191000 0.944000 0.016000 0.021000
0 0.259000 0.867000 0.016000 0.021000
0 0.269000 0.881000 0.016000 0.021000
0 0.283000 0.800000 0.016000 0.021000
0 0.338000 0.777000 0.016000 0.021000
0 0.384000 0.787000 0.016000 0.021000
0 0.408000 0.904000 0.016000 0.021000
0 0.506000 0.831000 0.016000 0.021000
0 0.525000 0.804000 0.016000 0.021000
0 0.570000 0.825000 0.016000 0.021000
0 0.575000 0.835000 0.016000 0.021000
0 0.519000 0.896000 0.016000 0.021000
0 0.520000 0.956000 0.016000 0.021000
0 0.636000 0.908000 0.016000 0.021000
0 0.648000 0.892000 0.016000 0.021000
0 0.636000 0.879000 0.016000 0.021000
0 0.634000 0.929000 0.016000 0.021000
0 0.758000 0.365000 0.016000 0.021000
0 0.758000 0.381000 0.016000 0.021000
0 0.667000 0.338000 0.016000 0.021000
0 0.644000 0.338000 0.016000 0.021000
0 0.425000 0.235000 0.016000 0.021000
0 0.428000 0.296000 0.016000 0.021000
0 0.344000 0.273000 0.016000 0.021000
0 0.303000 0.267000 0.016000 0.021000
0 0.641000 0.383000 0.016000 0.021000
0 0.606000 0.402000 0.016000 0.021000
0 0.458000 0.388000 0.016000 0.021000
0 0.434000 0.340000 0.016000 0.021000
0 0.269000 0.373000 0.016000 0.021000
0 0.281000 0.338000 0.016000 0.021000
0 0.277000 0.394000 0.016000 0.021000
0 0.244000 0.396000 0.016000 0.021000
0 0.186000 0.400000 0.016000 0.021000
0 0.195000 0.454000 0.016000 0.021000
0 0.192000 0.479000 0.016000 0.021000
0 0.191000 0.433000 0.016000 0.021000
0 0.223000 0.492000 0.016000 0.021000
0 0.255000 0.444000 0.016000 0.021000
0 0.283000 0.471000 0.016000 0.021000
0 0.220000 0.535000 0.016000 0.021000
0 0.189000 0.562000 0.016000 0.021000
0 0.181000 0.569000 0.016000 0.021000
0 0.241000 0.500000 0.016000 0.021000
0 0.233000 0.575000 0.016000 0.021000
0 0.305000 0.458000 0.016000 0.021000
0 0.331000 0.419000 0.016000 0.021000
0 0.325000 0.527000 0.016000 0.021000
0 0.252000 0.669000 0.016000 0.021000
0 0.261000 0.685000 0.016000 0.021000
0 0.191000 0.696000 0.016000 0.021000
0 0.377000 0.454000 0.016000 0.021000
0 0.381000 0.448000 0.016000 0.021000
0 0.434000 0.410000 0.016000 0.021000
0 0.430000 0.492000 0.016000 0.021000
0 0.477000 0.381000 0.016000 0.021000
0 0.508000 0.400000 0.016000 0.021000
0 0.514000 0.419000 0.016000 0.021000
0 0.645000 0.427000 0.016000 0.021000
0 0.763000 0.423000 0.016000 0.021000
0 0.747000 0.496000 0.016000 0.021000
0 0.745000 0.510000 0.016000 0.021000
0 0.716000 0.517000 0.016000 0.021000
0 0.719000 0.554000 0.016000 0.021000
0 0.633000 0.494000 0.016000 0.021000
0 0.609000 0.454000 0.016000 0.021000
0 0.589000 0.483000 0.016000 0.021000
0 0.570000 0.477000 0.016000 0.021000
0 0.564000 0.494000 0.016000 0.021000
0 0.531000 0.529000 0.016000 0.021000
0 0.542000 0.529000 0.016000 0.021000
0 0.489000 0.523000 0.016000 0.021000
0 0.478000 0.540000 0.016000 0.021000
0 0.494000 0.562000 0.016000 0.021000
0 0.539000 0.577000 0.016000 0.021000
0 0.545000 0.604000 0.016000 0.021000
0 0.542000 0.644000 0.016000 0.021000
0 0.537000 0.667000 0.016000 0.021000
0 0.600000 0.637000 0.016000 0.021000
0 0.630000 0.625000 0.016000 0.021000
0 0.645000 0.604000 0.016000 0.021000
0 0.684000 0.621000 0.016000 0.021000
0 0.672000 0.671000 0.016000 0.021000
0 0.658000 0.723000 0.016000 0.021000
0 0.625000 0.658000 0.016000 0.021000
0 0.638000 0.758000 0.016000 0.021000
0 0.605000 0.756000 0.016000 0.021000
0 0.592000 0.798000 0.016000 0.021000
0 0.553000 0.775000 0.016000 0.021000
0 0.534000 0.762000 0.016000 0.021000
0 0.509000 0.756000 0.016000 0.021000
0 0.509000 0.731000 0.016000 0.021000
0 0.486000 0.746000 0.016000 0.021000
0 0.472000 0.740000 0.016000 0.021000
0 0.483000 0.721000 0.016000 0.021000
0 0.489000 0.700000 0.016000 0.021000
0 0.452000 0.746000 0.016000 0.021000
0 0.488000 0.621000 0.016000 0.021000
0 0.481000 0.610000 0.016000 0.021000
0 0.472000 0.590000 0.016000 0.021000
0 0.438000 0.569000 0.016000 0.021000
0 0.441000 0.556000 0.016000 0.021000
0 0.395000 0.590000 0.016000 0.021000
0 0.419000 0.615000 0.016000 0.021000
0 0.389000 0.679000 0.016000 0.021000
0 0.373000 0.679000 0.016000 0.021000
0 0.292000 0.706000 0.016000 0.021000
0 0.264000 0.708000 0.016000 0.021000
0 0.311000 0.733000 0.016000 0.021000
0 0.980000 0.154000 0.016000 0.021000
0 0.964000 0.192000 0.016000 0.021000
0 0.980000 0.188000 0.016000 0.021000
0 0.988000 0.231000 0.016000 0.021000
0 0.986000 0.254000 0.016000 0.021000
0 0.881000 0.321000 0.016000 0.021000
0 0.914000 0.427000 0.016000 0.021000
0 0.966000 0.533000 0.016000 0.021000
0 0.947000 0.535000 0.016000 0.021000
0 0.983000 0.579000 0.016000 0.021000
0 0.964000 0.783000 0.016000 0.021000
0 0.980000 0.887000 0.016000 0.021000
0 0.966000 0.915000 0.016000 0.021000
0 0.934000 0.948000 0.016000 0.021000
0 0.952000 0.963000 0.016000 0.021000
0 0.961000 0.975000 0.016000 0.021000
0 0.984000 0.954000 0.016000 0.021000
0 0.817000 0.975000 0.016000 0.021000
0 0.755000 0.960000 0.016000 0.021000
0 0.658000 0.965000 0.016000 0.021000
0 0.650000 0.950000 0.016000 0.021000
0 0.567000 0.969000 0.016000 0.021000
0 0.339000 0.977000 0.016000 0.021000
0 0.231000 0.960000 0.016000 0.021000
0 0.231000 0.983000 0.016000 0.021000
0 0.081000 0.963000 0.016000 0.021000
0 0.091000 0.921000 0.016000 0.021000
0 0.025000 0.783000 0.016000 0.021000
0 0.052000 0.419000 0.016000 0.021000
0 0.053000 0.433000 0.016000 0.021000
0 0.044000 0.429000 0.016000 0.021000
0 0.075000 0.125000 0.016000 0.021000
0 0.056000 0.121000 0.016000 0.021000
0 0.027000 0.075000 0.016000 0.021000
0 0.045000 0.058000 0.016000 0.021000
0 0.086000 0.060000 0.016000 0.021000
0 0.092000 0.033000 0.016000 0.021000
0 0.153000 0.019000 0.016000 0.021000
0 0.266000 0.042000 0.016000 0.021000
0 0.378000 0.117000 0.016000 0.021000
0 0.436000 0.027000 0.016000 0.021000
0 0.513000 0.023000 0.016000 0.021000
0 0.669000 0.056000 0.016000 0.021000
0 0.663000 0.079000 0.016000 0.021000
0 0.667000 0.037000 0.016000 0.021000
0 0.691000 0.042000 0.016000 0.021000
0 0.711000 0.048000 0.016000 0.021000
0 0.728000 0.031000 0.016000 0.021000
0 0.770000 0.125000 0.016000 0.021000
0 0.805000 0.033000 0.016000 0.021000
0 0.798000 0.031000 0.016000 0.021000
0 0.836000 0.033000 0.016000 0.021000
0 0.803000 0.142000 0.016000 0.021000
0 0.170000 0.392000 0.016000 0.021000
0 0.497000 0.406000 0.016000 0.021000
0 0.891000 0.569000 0.016000 0.021000
0 0.686000 0.540000 0.016000 0.021000
0 0.708000 0.596000 0.016000 0.021000
0 0.838000 0.685000 0.016000 0.021000
0 0.622000 0.794000 0.016000 0.021000
0 0.333000 0.506000 0.016000 0.021000
0 0.009000 0.152000 0.016000 0.021000
0 0.033000 0.017000 0.016000 0.021000
0 0.133000 0.094000 0.016000 0.021000
0 0.667000 0.015000 0.016000 0.021000
0 0.447656 0.745139 0.009375 0.045833
0 0.071875 0.547917 0.014062 0.020833
0 0.006250 0.306944 0.012500 0.033333
0 0.005469 0.209722 0.010937 0.022222
0 0.225391 0.012500 0.014844 0.016667
0 0.319141 0.014583 0.011719 0.023611
0 0.990625 0.377083 0.015625 0.020833
0 0.991016 0.473611 0.016406 0.022222
0 0.988672 0.507639 0.017969 0.020833
0 0.993359 0.729167 0.011719 0.041667
0 0.484375 0.984722 0.014062 0.030556
0 0.803516 0.490278 0.013281 0.033333
0 0.828516 0.500694 0.013281 0.034722
0 0.903906 0.654861 0.012500 0.037500
0 0.904297 0.786111 0.013281 0.036111
0 0.717188 0.378472 0.014062 0.040278
0 0.584375 0.252778 0.010937 0.036111
0 0.258203 0.331250 0.013281 0.034722
0 0.389062 0.824306 0.012500 0.029167
0 0.680078 0.985417 0.014844 0.029167
0 0.407422 0.299306 0.013281 0.037500
0 0.522266 0.483333 0.011719 0.033333
0 0.785937 0.691667 0.014062 0.036111
0 0.379297 0.352778 0.011719 0.033333
0 0.065234 0.488889 0.011719 0.036111
0 0.675000 0.190972 0.010937 0.031944
0 0.771484 0.086806 0.010156 0.034722
0 0.230078 0.285417 0.013281 0.037500
0 0.388281 0.884028 0.010937 0.043056
0 0.308594 0.793056 0.010937 0.044444
0 0.873438 0.365278 0.010937 0.030556
0 0.848437 0.250694 0.014062 0.034722
0 0.567969 0.562500 0.012500 0.036111
0 0.990625 0.169444 0.015625 0.022222
0 0.974219 0.985417 0.020312 0.018056
0 0.721875 0.981250 0.017188 0.020833
0 0.006250 0.918750 0.012500 0.018056
0 0.303125 0.856944 0.018750 0.027778
0 0.368359 0.931250 0.011719 0.029167
0 0.017578 0.890972 0.011719 0.034722
0 0.023828 0.849306 0.013281 0.029167
0 0.032422 0.888889 0.013281 0.038889
0 0.029687 0.695139 0.018750 0.018056
0 0.122656 0.075694 0.010937 0.037500
0 0.141797 0.296528 0.011719 0.034722
0 0.157422 0.266667 0.013281 0.025000
0 0.180859 0.202778 0.011719 0.030556
0 0.190625 0.181944 0.009375 0.030556
0 0.176953 0.034722 0.011719 0.033333
0 0.153125 0.423611 0.010937 0.030556
0 0.141797 0.469444 0.010156 0.038889
0 0.144141 0.575000 0.016406 0.022222
0 0.194922 0.542361 0.011719 0.034722
0 0.098047 0.295833 0.016406 0.022222
0 0.096875 0.322222 0.010937 0.036111
0 0.112891 0.325000 0.011719 0.027778
0 0.079687 0.468056 0.018750 0.022222
0 0.082422 0.575000 0.013281 0.033333
0 0.541016 0.088194 0.014844 0.023611
0 0.550781 0.077083 0.012500 0.023611
0 0.532422 0.168056 0.013281 0.036111
0 0.583594 0.029167 0.015625 0.036111
0 0.435937 0.070139 0.010937 0.034722
0 0.375000 0.303472 0.014062 0.026389
0 0.582812 0.313194 0.014062 0.040278
0 0.579297 0.359722 0.013281 0.030556
0 0.560938 0.362500 0.015625 0.027778
0 0.565234 0.427083 0.014844 0.026389
0 0.552734 0.430556 0.016406 0.019444
0 0.403906 0.718750 0.015625 0.029167
0 0.408984 0.691667 0.011719 0.036111
0 0.441016 0.841667 0.016406 0.025000
0 0.494922 0.852778 0.011719 0.033333
0 0.455078 0.907639 0.014844 0.026389
0 0.987109 0.619444 0.008594 0.041667
0 0.973437 0.606250 0.015625 0.023611
0 0.950781 0.611111 0.017188 0.025000
0 0.915234 0.923611 0.010156 0.038889
0 0.585938 0.643056 0.015625 0.027778
0 0.728906 0.579861 0.009375 0.037500
0 0.789063 0.535417 0.014062 0.031944
0 0.707031 0.072917 0.015625 0.026389
0 0.879297 0.058333 0.013281 0.022222
0 0.887500 0.062500 0.012500 0.027778
0 0.437500 0.375694 0.010937 0.037500
0 0.439844 0.245139 0.009375 0.037500
0 0.433594 0.156250 0.010937 0.034722
0 0.299609 0.174306 0.014844 0.023611
0 0.319922 0.224306 0.011719 0.040278
0 0.357812 0.354167 0.014062 0.027778
0 0.310937 0.677083 0.010937 0.037500
0 0.302734 0.384722 0.010156 0.041667
0 0.381250 0.645833 0.010937 0.036111
0 0.452344 0.566667 0.012500 0.030556
0 0.805859 0.938194 0.014844 0.031944
0 0.796875 0.900694 0.014062 0.026389
0 0.844922 0.852778 0.019531 0.022222
0 0.647656 0.197222 0.010937 0.036111
0 0.487500 0.491667 0.014062 0.027778
0 0.907422 0.988889 0.016406 0.022222
0 0.541797 0.352083 0.010156 0.037500
0 0.719141 0.112500 0.019531 0.027778
0 0.516406 0.546528 0.010937 0.034722
0 0.825781 0.096528 0.014062 0.026389
0 0.912500 0.120833 0.012500 0.036111
0 0.968750 0.074306 0.017188 0.023611
0 0.971484 0.025000 0.013281 0.025000
0 0.974609 0.014583 0.011719 0.023611
0 0.984766 0.536111 0.011719 0.033333
0 0.834375 0.906944 0.012500 0.030556
0 0.848047 0.911111 0.013281 0.025000
0 0.946875 0.920833 0.010937 0.047222
0 0.935156 0.610417 0.010937 0.034722
0 0.851563 0.437500 0.014062 0.022222
0 0.842969 0.454167 0.015625 0.027778
0 0.744141 0.440972 0.014844 0.026389
0 0.203516 0.289583 0.016406 0.031944
0 0.160938 0.140278 0.017188 0.033333
0 0.345313 0.056250 0.017188 0.029167
0 0.452734 0.220139 0.011719 0.031944
0 0.629687 0.118056 0.017188 0.027778
0 0.414844 0.509028 0.015625 0.029167
0 0.415625 0.408333 0.012500 0.027778
0 0.269922 0.588194 0.010156 0.037500
0 0.129297 0.810417 0.010156 0.034722
0 0.100781 0.813889 0.010937 0.033333
0 0.242578 0.224306 0.014844 0.029167
0 0.275781 0.196528 0.017188 0.023611
0 0.030859 0.345139 0.014844 0.029167
0 0.045703 0.477083 0.010156 0.034722
0 0.431641 0.646528 0.016406 0.023611
0 0.438281 0.623611 0.010937 0.033333
0 0.574219 0.690972 0.014062 0.031944
0 0.488672 0.263194 0.013281 0.020833
0 0.484375 0.280556 0.014062 0.025000
0 0.500781 0.290972 0.015625 0.026389
0 0.558984 0.225694 0.017969 0.023611
0 0.592969 0.959028 0.014062 0.026389
0 0.850781 0.013194 0.012500 0.023611
0 0.218750 0.420139 0.015625 0.023611
0 0.063281 0.304167 0.014062 0.030556
0 0.312500 0.531944 0.012500 0.033333
0 0.771875 0.445833 0.015625 0.027778
0 0.853516 0.331944 0.013281 0.027778
0 0.551562 0.859028 0.014062 0.031944
0 0.646484 0.697917 0.013281 0.031944
0 0.630859 0.957639 0.013281 0.040278
0 0.883594 0.952778 0.012500 0.030556
0 0.950781 0.715278 0.018750 0.025000
0 0.748438 0.316667 0.014062 0.025000
0 0.741016 0.307639 0.013281 0.029167
0 0.769141 0.254861 0.011719 0.034722
0 0.775000 0.221528 0.009375 0.029167
0 0.844141 0.184028 0.011719 0.023611
0 0.834766 0.061806 0.011719 0.029167
0 0.973828 0.691667 0.014844 0.033333
0 0.680859 0.910417 0.017969 0.023611
0 0.712109 0.822917 0.013281 0.034722
0 0.682031 0.691667 0.018750 0.022222
0 0.716406 0.744444 0.012500 0.036111
0 0.732813 0.687500 0.009375 0.030556
0 0.126172 0.700000 0.016406 0.027778
0 0.021484 0.660417 0.013281 0.031944
0 0.967188 0.840278 0.014062 0.033333
0 0.984766 0.290278 0.016406 0.027778
0 0.355078 0.646528 0.013281 0.034722
0 0.384375 0.484722 0.015625 0.033333
0 0.147266 0.170833 0.017969 0.025000
0 0.512891 0.231944 0.016406 0.025000
0 0.695703 0.088194 0.008594 0.029167
0 0.708594 0.134722 0.012500 0.022222
0 0.683203 0.153472 0.011719 0.026389
0 0.676562 0.144444 0.012500 0.027778
0 0.753125 0.526389 0.017188 0.019444
0 0.757813 0.537500 0.015625 0.019444
0 0.741797 0.536111 0.014844 0.022222
0 0.648047 0.515972 0.013281 0.026389
0 0.639453 0.520833 0.011719 0.030556
0 0.662500 0.683333 0.010937 0.030556
0 0.732031 0.920139 0.012500 0.026389
0 0.572656 0.988194 0.014062 0.015278
0 0.122656 0.863194 0.012500 0.031944
0 0.671094 0.480556 0.014062 0.030556
0 0.666406 0.486806 0.012500 0.031944
