0 0.958000 0.083000 0.016000 0.021000
0 0.958000 0.146000 0.016000 0.021000
0 0.908000 0.106000 0.016000 0.021000
0 0.892000 0.090000 0.016000 0.021000
0 0.894000 0.058000 0.016000 0.021000
0 0.831000 0.071000 0.016000 0.021000
0 0.827000 0.042000 0.016000 0.021000
0 0.823000 0.106000 0.016000 0.021000
0 0.841000 0.123000 0.016000 0.021000
0 0.852000 0.183000 0.016000 0.021000
0 0.941000 0.208000 0.016000 0.021000
0 0.933000 0.225000 0.016000 0.021000
0 0.919000 0.233000 0.016000 0.021000
0 0.916000 0.254000 0.016000 0.021000
0 0.920000 0.285000 0.016000 0.021000
0 0.927000 0.269000 0.016000 0.021000
0 0.942000 0.250000 0.016000 0.021000
0 0.866000 0.327000 0.016000 0.021000
0 0.891000 0.317000 0.016000 0.021000
0 0.909000 0.321000 0.016000 0.021000
0 0.927000 0.327000 0.016000 0.021000
0 0.913000 0.356000 0.016000 0.021000
0 0.877000 0.344000 0.016000 0.021000
0 0.866000 0.354000 0.016000 0.021000
0 0.873000 0.371000 0.016000 0.021000
0 0.831000 0.352000 0.016000 0.021000
0 0.819000 0.371000 0.016000 0.021000
0 0.758000 0.323000 0.016000 0.021000
0 0.723000 0.304000 0.016000 0.021000
0 0.781000 0.108000 0.016000 0.021000
0 0.738000 0.094000 0.016000 0.021000
0 0.713000 0.060000 0.016000 0.021000
0 0.695000 0.060000 0.016000 0.021000
0 0.700000 0.083000 0.016000 0.021000
0 0.652000 0.123000 0.016000 0.021000
0 0.634000 0.096000 0.016000 0.021000
0 0.659000 0.054000 0.016000 0.021000
0 0.669000 0.050000 0.016000 0.021000
0 0.675000 0.060000 0.016000 0.021000
0 0.661000 0.073000 0.016000 0.021000
0 0.661000 0.135000 0.016000 0.021000
0 0.680000 0.123000 0.016000 0.021000
0 0.641000 0.177000 0.016000 0.021000
0 0.573000 0.152000 0.016000 0.021000
0 0.545000 0.127000 0.016000 0.021000
0 0.545000 0.167000 0.016000 0.021000
0 0.564000 0.067000 0.016000 0.021000
0 0.486000 0.071000 0.016000 0.021000
0 0.442000 0.054000 0.016000 0.021000
0 0.428000 0.050000 0.016000 0.021000
0 0.383000 0.060000 0.016000 0.021000
0 0.384000 0.044000 0.016000 0.021000
0 0.653000 0.244000 0.016000 0.021000
0 0.644000 0.231000 0.016000 0.021000
0 0.744000 0.375000 0.016000 0.021000
0 0.752000 0.381000 0.016000 0.021000
0 0.752000 0.402000 0.016000 0.021000
0 0.772000 0.442000 0.016000 0.021000
0 0.742000 0.435000 0.016000 0.021000
0 0.733000 0.458000 0.016000 0.021000
0 0.781000 0.465000 0.016000 0.021000
0 0.847000 0.452000 0.016000 0.021000
0 0.859000 0.421000 0.016000 0.021000
0 0.889000 0.425000 0.016000 0.021000
0 0.914000 0.408000 0.016000 0.021000
0 0.647000 0.325000 0.016000 0.021000
0 0.653000 0.340000 0.016000 0.021000
0 0.645000 0.358000 0.016000 0.021000
0 0.553000 0.352000 0.016000 0.021000
0 0.519000 0.275000 0.016000 0.021000
0 0.505000 0.285000 0.016000 0.021000
0 0.416000 0.140000 0.016000 0.021000
0 0.395000 0.121000 0.016000 0.021000
0 0.363000 0.131000 0.016000 0.021000
0 0.373000 0.181000 0.016000 0.021000
0 0.383000 0.185000 0.016000 0.021000
0 0.395000 0.192000 0.016000 0.021000
0 0.339000 0.127000 0.016000 0.021000
0 0.339000 0.104000 0.016000 0.021000
0 0.355000 0.113000 0.016000 0.021000
0 0.263000 0.150000 0.016000 0.021000
0 0.267000 0.127000 0.016000 0.021000
0 0.250000 0.108000 0.016000 0.021000
0 0.231000 0.098000 0.016000 0.021000
0 0.217000 0.127000 0.016000 0.021000
0 0.206000 0.167000 0.016000 0.021000
0 0.197000 0.154000 0.016000 0.021000
0 0.169000 0.179000 0.016000 0.021000
0 0.169000 0.152000 0.016000 0.021000
0 0.161000 0.073000 0.016000 0.021000
0 0.108000 0.060000 0.016000 0.021000
0 0.070000 0.048000 0.016000 0.021000
0 0.052000 0.094000 0.016000 0.021000
0 0.064000 0.158000 0.016000 0.021000
0 0.083000 0.115000 0.016000 0.021000
0 0.973000 0.465000 0.016000 0.021000
0 0.905000 0.485000 0.016000 0.021000
0 0.905000 0.471000 0.016000 0.021000
0 0.945000 0.548000 0.016000 0.021000
0 0.905000 0.571000 0.016000 0.021000
0 0.866000 0.579000 0.016000 0.021000
0 0.858000 0.562000 0.016000 0.021000
0 0.828000 0.560000 0.016000 0.021000
0 0.819000 0.583000 0.016000 0.021000
0 0.783000 0.627000 0.016000 0.021000
0 0.759000 0.669000 0.016000 0.021000
0 0.750000 0.660000 0.016000 0.021000
0 0.734000 0.652000 0.016000 0.021000
0 0.788000 0.544000 0.016000 0.021000
0 0.773000 0.546000 0.016000 0.021000
0 0.755000 0.542000 0.016000 0.021000
0 0.763000 0.523000 0.016000 0.021000
0 0.700000 0.592000 0.016000 0.021000
0 0.694000 0.571000 0.016000 0.021000
0 0.702000 0.527000 0.016000 0.021000
0 0.731000 0.508000 0.016000 0.021000
0 0.722000 0.494000 0.016000 0.021000
0 0.659000 0.492000 0.016000 0.021000
0 0.644000 0.615000 0.016000 0.021000
0 0.661000 0.615000 0.016000 0.021000
0 0.658000 0.669000 0.016000 0.021000
0 0.641000 0.669000 0.016000 0.021000
0 0.600000 0.650000 0.016000 0.021000
0 0.591000 0.635000 0.016000 0.021000
0 0.580000 0.444000 0.016000 0.021000
0 0.572000 0.419000 0.016000 0.021000
0 0.517000 0.406000 0.016000 0.021000
0 0.583000 0.467000 0.016000 0.021000
0 0.578000 0.477000 0.016000 0.021000
0 0.573000 0.492000 0.016000 0.021000
0 0.559000 0.525000 0.016000 0.021000
0 0.537000 0.515000 0.016000 0.021000
0 0.517000 0.537000 0.016000 0.021000
0 0.506000 0.521000 0.016000 0.021000
0 0.498000 0.510000 0.016000 0.021000
0 0.463000 0.544000 0.016000 0.021000
0 0.428000 0.515000 0.016000 0.021000
0 0.452000 0.581000 0.016000 0.021000
0 0.431000 0.590000 0.016000 0.021000
0 0.406000 0.583000 0.016000 0.021000
0 0.422000 0.604000 0.016000 0.021000
0 0.441000 0.608000 0.016000 0.021000
0 0.384000 0.642000 0.016000 0.021000
0 0.380000 0.627000 0.016000 0.021000
0 0.375000 0.617000 0.016000 0.021000
0 0.489000 0.379000 0.016000 0.021000
0 0.448000 0.344000 0.016000 0.021000
0 0.483000 0.304000 0.016000 0.021000
0 0.286000 0.350000 0.016000 0.021000
0 0.266000 0.415000 0.016000 0.021000
0 0.317000 0.423000 0.016000 0.021000
0 0.316000 0.450000 0.016000 0.021000
0 0.273000 0.448000 0.016000 0.021000
0 0.273000 0.475000 0.016000 0.021000
0 0.205000 0.446000 0.016000 0.021000
0 0.203000 0.435000 0.016000 0.021000
0 0.189000 0.444000 0.016000 0.021000
0 0.228000 0.392000 0.016000 0.021000
0 0.225000 0.410000 0.016000 0.021000
0 0.206000 0.404000 0.016000 0.021000
0 0.166000 0.369000 0.016000 0.021000
0 0.111000 0.381000 0.016000 0.021000
0 0.108000 0.360000 0.016000 0.021000
0 0.819000 0.694000 0.016000 0.021000
0 0.839000 0.700000 0.016000 0.021000
0 0.827000 0.808000 0.016000 0.021000
0 0.834000 0.810000 0.016000 0.021000
0 0.859000 0.844000 0.016000 0.021000
0 0.811000 0.817000 0.016000 0.021000
0 0.794000 0.804000 0.016000 0.021000
0 0.786000 0.738000 0.016000 0.021000
0 0.778000 0.708000 0.016000 0.021000
0 0.742000 0.740000 0.016000 0.021000
0 0.728000 0.733000 0.016000 0.021000
0 0.730000 0.702000 0.016000 0.021000
0 0.755000 0.756000 0.016000 0.021000
0 0.670000 0.767000 0.016000 0.021000
0 0.658000 0.756000 0.016000 0.021000
0 0.656000 0.700000 0.016000 0.021000
0 0.664000 0.696000 0.016000 0.021000
0 0.542000 0.679000 0.016000 0.021000
0 0.513000 0.713000 0.016000 0.021000
0 0.497000 0.731000 0.016000 0.021000
0 0.494000 0.683000 0.016000 0.021000
0 0.461000 0.731000 0.016000 0.021000
0 0.470000 0.746000 0.016000 0.021000
0 0.400000 0.777000 0.016000 0.021000
0 0.358000 0.790000 0.016000 0.021000
0 0.398000 0.708000 0.016000 0.021000
0 0.377000 0.662000 0.016000 0.021000
0 0.239000 0.492000 0.016000 0.021000
0 0.230000 0.504000 0.016000 0.021000
0 0.217000 0.496000 0.016000 0.021000
0 0.181000 0.490000 0.016000 0.021000
0 0.109000 0.500000 0.016000 0.021000
0 0.097000 0.506000 0.016000 0.021000
0 0.039000 0.419000 0.016000 0.021000
0 0.041000 0.402000 0.016000 0.021000
0 0.044000 0.356000 0.016000 0.021000
0 0.120000 0.677000 0.016000 0.021000
0 0.127000 0.665000 0.016000 0.021000
0 0.120000 0.642000 0.016000 0.021000
0 0.155000 0.592000 0.016000 0.021000
0 0.167000 0.560000 0.016000 0.021000
0 0.175000 0.696000 0.016000 0.021000
0 0.273000 0.656000 0.016000 0.021000
0 0.930000 0.915000 0.016000 0.021000
0 0.913000 0.935000 0.016000 0.021000
0 0.838000 0.894000 0.016000 0.021000
0 0.800000 0.904000 0.016000 0.021000
0 0.812000 0.904000 0.016000 0.021000
0 0.730000 0.912000 0.016000 0.021000
0 0.723000 0.921000 0.016000 0.021000
0 0.734000 0.883000 0.016000 0.021000
0 0.689000 0.910000 0.016000 0.021000
0 0.628000 0.862000 0.016000 0.021000
0 0.630000 0.892000 0.016000 0.021000
0 0.617000 0.892000 0.016000 0.021000
0 0.589000 0.831000 0.016000 0.021000
0 0.572000 0.817000 0.016000 0.021000
0 0.522000 0.762000 0.016000 0.021000
0 0.525000 0.744000 0.016000 0.021000
0 0.544000 0.852000 0.016000 0.021000
0 0.527000 0.873000 0.016000 0.021000
0 0.470000 0.921000 0.016000 0.021000
0 0.150000 0.796000 0.016000 0.021000
0 0.145000 0.840000 0.016000 0.021000
0 0.148000 0.865000 0.016000 0.021000
0 0.117000 0.848000 0.016000 0.021000
0 0.095000 0.902000 0.016000 0.021000
0 0.584000 0.942000 0.016000 0.021000
0 0.631000 0.942000 0.016000 0.021000
0 0.638000 0.929000 0.016000 0.021000
0 0.613000 0.950000 0.016000 0.021000
0 0.967000 0.621000 0.016000 0.021000
0 0.980000 0.044000 0.016000 0.021000
0 0.973000 0.156000 0.016000 0.021000
0 0.977000 0.208000 0.016000 0.021000
0 0.970000 0.196000 0.016000 0.021000
0 0.988000 0.200000 0.016000 0.021000
0 0.978000 0.329000 0.016000 0.021000
0 0.978000 0.365000 0.016000 0.021000
0 0.978000 0.508000 0.016000 0.021000
0 0.988000 0.525000 0.016000 0.021000
0 0.841000 0.465000 0.016000 0.021000
0 0.967000 0.562000 0.016000 0.021000
0 0.980000 0.621000 0.016000 0.021000
0 0.978000 0.873000 0.016000 0.021000
0 0.967000 0.873000 0.016000 0.021000
0 0.925000 0.958000 0.016000 0.021000
0 0.925000 0.935000 0.016000 0.021000
0 0.820000 0.971000 0.016000 0.021000
0 0.727000 0.977000 0.016000 0.021000
0 0.677000 0.865000 0.016000 0.021000
0 0.584000 0.963000 0.016000 0.021000
0 0.506000 0.965000 0.016000 0.021000
0 0.242000 0.975000 0.016000 0.021000
0 0.077000 0.915000 0.016000 0.021000
0 0.020000 0.923000 0.016000 0.021000
0 0.116000 0.875000 0.016000 0.021000
0 0.030000 0.146000 0.016000 0.021000
0 0.020000 0.054000 0.016000 0.021000
0 0.025000 0.042000 0.016000 0.021000
0 0.048000 0.035000 0.016000 0.021000
0 0.066000 0.017000 0.016000 0.021000
0 0.108000 0.031000 0.016000 0.021000
0 0.167000 0.029000 0.016000 0.021000
0 0.159000 0.052000 0.016000 0.021000
0 0.186000 0.125000 0.016000 0.021000
0 0.562000 0.110000 0.016000 0.021000
0 0.631000 0.158000 0.016000 0.021000
0 0.775000 0.173000 0.016000 0.021000
0 0.483000 0.362000 0.016000 0.021000
0 0.480000 0.287000 0.016000 0.021000
0 0.667000 0.588000 0.016000 0.021000
0 0.700000 0.702000 0.016000 0.021000
0 0.738000 0.673000 0.016000 0.021000
0 0.739000 0.781000 0.016000 0.021000
0 0.806000 0.617000 0.016000 0.021000
0 0.578000 0.017000 0.016000 0.021000
0 0.325000 0.981000 0.016000 0.021000
0 0.594000 0.979000 0.016000 0.021000
0 0.993359 0.797917 0.011719 0.043056
0 0.987500 0.920139 0.001563 0.001389
0 0.993359 0.596528 0.011719 0.034722
0 0.993750 0.568750 0.010937 0.020833
0 0.993359 0.267360 0.011719 0.029167
0 0.990625 0.156944 0.014062 0.025000
0 0.992969 0.125694 0.012500 0.023611
0 0.992188 0.093750 0.014062 0.026389
0 0.467969 0.987500 0.017188 0.025000
0 0.708594 0.986806 0.017188 0.026389
0 0.844922 0.988194 0.021094 0.023611
0 0.007813 0.785417 0.015625 0.020833
0 0.501172 0.863889 0.016406 0.027778
0 0.364844 0.430556 0.010937 0.041667
0 0.155078 0.400000 0.013280 0.038889
0 0.231640 0.300694 0.013280 0.034722
0 0.799609 0.343750 0.014844 0.026389
0 0.139453 0.491667 0.014844 0.033333
0 0.821875 0.164583 0.010937 0.031944
0 0.752344 0.086806 0.009375 0.026389
0 0.900000 0.813194 0.010937 0.037500
0 0.018359 0.661806 0.014844 0.034722
0 0.710156 0.293750 0.014062 0.037500
0 0.939453 0.969444 0.016406 0.027778
0 0.978125 0.984722 0.012500 0.022222
0 0.719922 0.360417 0.011719 0.034722
0 0.405859 0.322222 0.014844 0.036111
0 0.540625 0.550694 0.010937 0.037500
0 0.554688 0.622222 0.014062 0.036111
0 0.405859 0.726389 0.014844 0.027778
0 0.277344 0.786110 0.017188 0.027778
0 0.530469 0.189583 0.014062 0.034722
0 0.437500 0.278472 0.012500 0.034722
0 0.437500 0.125000 0.015625 0.027778
0 0.841016 0.745139 0.013280 0.029167
0 0.983203 0.688194 0.010156 0.054167
0 0.497656 0.034028 0.015625 0.023611
0 0.566406 0.678472 0.015625 0.029167
0 0.727734 0.605556 0.013280 0.038889
0 0.650000 0.529167 0.015625 0.033333
0 0.606250 0.509722 0.020312 0.022222
0 0.294922 0.286806 0.016406 0.026389
0 0.847656 0.664583 0.018750 0.029167
0 0.858984 0.217360 0.016406 0.040278
0 0.512500 0.438194 0.010937 0.037500
0 0.492969 0.424306 0.010937 0.031944
0 0.495313 0.411806 0.012500 0.029167
0 0.991406 0.211806 0.010937 0.031944
0 0.989844 0.897222 0.018750 0.033333
0 0.812890 0.936110 0.013280 0.038889
0 0.889844 0.920139 0.012500 0.045833
0 0.362109 0.948610 0.014844 0.030556
0 0.065234 0.890278 0.016406 0.030556
0 0.156640 0.540278 0.014844 0.041667
0 0.230859 0.981944 0.011719 0.025000
0 0.015625 0.180556 0.017188 0.033333
0 0.063672 0.288194 0.011719 0.034722
0 0.089844 0.301389 0.017188 0.025000
0 0.101953 0.311806 0.013281 0.034722
0 0.150391 0.313194 0.013281 0.034722
0 0.172656 0.243750 0.018750 0.020833
0 0.182031 0.267361 0.014062 0.029167
0 0.251563 0.354861 0.014062 0.037500
0 0.161719 0.111111 0.018750 0.022222
0 0.122656 0.110417 0.017188 0.023611
0 0.137891 0.106944 0.016406 0.019444
0 0.253906 0.038194 0.010937 0.040278
0 0.271875 0.030556 0.010937 0.036111
0 0.301172 0.091667 0.013281 0.038889
0 0.289453 0.094444 0.010156 0.036111
0 0.287500 0.072222 0.009375 0.030556
0 0.272656 0.693056 0.015625 0.027778
0 0.307813 0.657639 0.014062 0.037500
0 0.392188 0.904861 0.012500 0.031944
0 0.422656 0.902778 0.018750 0.027778
0 0.397656 0.836806 0.018750 0.029167
0 0.291406 0.863889 0.021875 0.022222
0 0.223047 0.950000 0.013281 0.033333
0 0.125000 0.826389 0.009375 0.030556
0 0.052734 0.889583 0.013281 0.037500
0 0.030078 0.872917 0.014844 0.037500
0 0.064844 0.931944 0.009375 0.033333
0 0.076953 0.964583 0.011719 0.031944
0 0.093750 0.941667 0.020312 0.019444
0 0.093359 0.922917 0.011719 0.040278
0 0.011719 0.871528 0.010937 0.034722
0 0.030469 0.434028 0.017188 0.029167
0 0.066797 0.475000 0.016406 0.027778
0 0.059375 0.492361 0.014062 0.037500
0 0.048828 0.493056 0.011719 0.030556
0 0.041406 0.486806 0.012500 0.031944
0 0.192578 0.549306 0.013281 0.029167
0 0.200391 0.558333 0.016406 0.025000
0 0.262500 0.386806 0.020312 0.023611
0 0.277344 0.371528 0.012500 0.034722
0 0.307422 0.361806 0.011719 0.034722
0 0.265234 0.206250 0.019531 0.029167
0 0.286328 0.168056 0.014844 0.033333
0 0.310156 0.156944 0.015625 0.025000
0 0.317187 0.197222 0.014062 0.036111
0 0.325000 0.142361 0.015625 0.026389
0 0.333203 0.018056 0.014844 0.036111
0 0.356641 0.068750 0.014844 0.023611
0 0.398438 0.071528 0.018750 0.023611
0 0.426562 0.168750 0.010937 0.034722
0 0.456250 0.231250 0.015625 0.034722
0 0.441016 0.237500 0.011719 0.033333
0 0.436328 0.225694 0.017969 0.020833
0 0.437891 0.202778 0.013281 0.030556
0 0.494141 0.247917 0.022656 0.020833
0 0.503125 0.225694 0.017188 0.031944
0 0.419531 0.301389 0.018750 0.022222
0 0.428906 0.383333 0.015625 0.027778
0 0.432422 0.413889 0.017969 0.022222
0 0.435547 0.351389 0.010156 0.036111
0 0.455469 0.377778 0.015625 0.027778
0 0.528906 0.459028 0.014062 0.031944
0 0.545313 0.326389 0.014062 0.036111
0 0.579687 0.375000 0.015625 0.033333
0 0.488672 0.590278 0.013281 0.030556
0 0.494141 0.599306 0.014844 0.031944
0 0.606250 0.797917 0.015625 0.020833
0 0.609766 0.777778 0.017969 0.025000
0 0.617969 0.797222 0.017188 0.027778
0 0.718359 0.154167 0.011719 0.030556
0 0.703906 0.110417 0.010937 0.045833
0 0.712500 0.025000 0.012500 0.033333
0 0.668750 0.102083 0.009375 0.040278
0 0.771484 0.102083 0.011719 0.040278
0 0.794922 0.070139 0.013281 0.043056
0 0.809375 0.098611 0.012500 0.036111
0 0.839063 0.047917 0.010937 0.034722
0 0.916406 0.092361 0.014062 0.034722
0 0.876172 0.778472 0.011719 0.031944
0 0.969141 0.654167 0.011719 0.041667
0 0.570313 0.550000 0.012500 0.038889
0 0.677344 0.461806 0.015625 0.043056
0 0.702344 0.751389 0.017188 0.027778
0 0.682031 0.893056 0.012500 0.036111
0 0.851953 0.923611 0.010156 0.030556
0 0.839844 0.922917 0.010937 0.034722
0 0.868750 0.912500 0.015625 0.027778
0 0.954687 0.768750 0.017188 0.029167
0 0.966406 0.721528 0.017188 0.029167
0 0.945703 0.613889 0.013281 0.025000
0 0.934375 0.622917 0.010937 0.034722
0 0.271484 0.553472 0.011719 0.034722
0 0.306250 0.561806 0.015625 0.031944
0 0.331250 0.510417 0.014062 0.031944
0 0.333984 0.534028 0.014844 0.026389
0 0.951172 0.940972 0.010156 0.034722
0 0.661328 0.970139 0.014844 0.031944
0 0.652734 0.979167 0.011719 0.033333
0 0.675000 0.498611 0.012500 0.027778
0 0.575000 0.300694 0.015625 0.031944
0 0.584766 0.277778 0.014844 0.025000
0 0.497656 0.144444 0.015625 0.022222
0 0.674609 0.204861 0.011719 0.037500
0 0.304688 0.816667 0.014062 0.033333
0 0.249609 0.675694 0.017969 0.029167
0 0.246484 0.582639 0.017969 0.023611
0 0.084375 0.585417 0.012500 0.031944
0 0.057422 0.571528 0.017969 0.031944
0 0.035937 0.624306 0.015625 0.029167
0 0.014844 0.685417 0.017188 0.023611
0 0.101563 0.843056 0.010937 0.038889
0 0.173438 0.807639 0.015625 0.029167
0 0.203516 0.788889 0.013281 0.033333
0 0.174219 0.943750 0.020312 0.023611
0 0.233984 0.844444 0.013281 0.038889
0 0.054297 0.136111 0.014844 0.027778
0 0.770312 0.218750 0.012500 0.029167
0 0.792578 0.227083 0.013281 0.029167
0 0.806250 0.245139 0.012500 0.029167
0 0.819531 0.280556 0.012500 0.027778
0 0.816797 0.304861 0.014844 0.023611
0 0.746484 0.318750 0.011719 0.029167
0 0.535156 0.665278 0.012500 0.038889
0 0.402734 0.483333 0.017969 0.025000
0 0.391797 0.499306 0.016406 0.026389
0 0.387891 0.454861 0.017969 0.023611
0 0.445313 0.536111 0.012500 0.030556
0 0.509766 0.557639 0.013281 0.023611
0 0.495703 0.829861 0.016406 0.023611
0 0.541406 0.777778 0.015625 0.022222
0 0.814453 0.642361 0.011719 0.031944
0 0.830078 0.639583 0.013281 0.031944
0 0.866797 0.635417 0.019531 0.029167
0 0.896875 0.639583 0.010937 0.034722
0 0.460156 0.815278 0.015625 0.030556
0 0.228516 0.127083 0.010156 0.034722
0 0.059766 0.754167 0.019531 0.025000
0 0.071875 0.724306 0.014062 0.029167
0 0.106641 0.747222 0.016406 0.027778
0 0.114063 0.709722 0.017188 0.022222
0 0.307813 0.718056 0.012500 0.027778
0 0.308203 0.702083 0.013281 0.023611
0 0.630469 0.736806 0.018750 0.020833
0 0.232031 0.248611 0.010937 0.036111
0 0.569922 0.208333 0.014844 0.033333
0 0.968750 0.034722 0.009375 0.033333
0 0.255859 0.852778 0.014844 0.033333
0 0.777734 0.800694 0.016406 0.020833
0 0.722266 0.804861 0.016406 0.029167
0 0.425000 0.653472 0.018750 0.026389
0 0.543359 0.808333 0.014844 0.022222
0 0.840234 0.276389 0.013281 0.036111
0 0.464453 0.099306 0.019531 0.026389
0 0.793359 0.635417 0.011719 0.034722
0 0.802734 0.500694 0.011719 0.034722
0 0.180859 0.177778 0.010156 0.030556
0 0.125781 0.374306 0.012500 0.029167
0 0.626562 0.397917 0.017188 0.023611
0 0.625000 0.450694 0.015625 0.020833
0 0.622656 0.434028 0.014062 0.018056
0 0.315625 0.274306 0.015625 0.026389
0 0.365234 0.327083 0.016406 0.026389
0 0.370703 0.386111 0.010156 0.022222
0 0.369531 0.369444 0.012500 0.025000
0 0.866016 0.558333 0.008594 0.033333
0 0.902734 0.587500 0.011719 0.025000
0 0.834375 0.516667 0.014062 0.027778
0 0.097266 0.577778 0.011719 0.030556
