0 0.964000 0.113000 0.016000 0.021000
0 0.953000 0.092000 0.016000 0.021000
0 0.897000 0.077000 0.016000 0.021000
0 0.881000 0.054000 0.016000 0.021000
0 0.927000 0.129000 0.016000 0.021000
0 0.916000 0.140000 0.016000 0.021000
0 0.908000 0.150000 0.016000 0.021000
0 0.963000 0.177000 0.016000 0.021000
0 0.980000 0.204000 0.016000 0.021000
0 0.967000 0.206000 0.016000 0.021000
0 0.966000 0.242000 0.016000 0.021000
0 0.953000 0.229000 0.016000 0.021000
0 0.945000 0.227000 0.016000 0.021000
0 0.933000 0.237000 0.016000 0.021000
0 0.836000 0.040000 0.016000 0.021000
0 0.806000 0.077000 0.016000 0.021000
0 0.797000 0.081000 0.016000 0.021000
0 0.770000 0.025000 0.016000 0.021000
0 0.731000 0.069000 0.016000 0.021000
0 0.728000 0.104000 0.016000 0.021000
0 0.734000 0.115000 0.016000 0.021000
0 0.719000 0.175000 0.016000 0.021000
0 0.709000 0.146000 0.016000 0.021000
0 0.686000 0.058000 0.016000 0.021000
0 0.678000 0.044000 0.016000 0.021000
0 0.684000 0.023000 0.016000 0.021000
0 0.539000 0.075000 0.016000 0.021000
0 0.505000 0.192000 0.016000 0.021000
0 0.602000 0.154000 0.016000 0.021000
0 0.597000 0.235000 0.016000 0.021000
0 0.605000 0.256000 0.016000 0.021000
0 0.723000 0.269000 0.016000 0.021000
0 0.417000 0.056000 0.016000 0.021000
0 0.414000 0.079000 0.016000 0.021000
0 0.480000 0.117000 0.016000 0.021000
0 0.442000 0.171000 0.016000 0.021000
0 0.413000 0.144000 0.016000 0.021000
0 0.537000 0.223000 0.016000 0.021000
0 0.497000 0.237000 0.016000 0.021000
0 0.539000 0.246000 0.016000 0.021000
0 0.336000 0.054000 0.016000 0.021000
0 0.434000 0.254000 0.016000 0.021000
0 0.430000 0.275000 0.016000 0.021000
0 0.422000 0.281000 0.016000 0.021000
0 0.372000 0.185000 0.016000 0.021000
0 0.361000 0.167000 0.016000 0.021000
0 0.372000 0.148000 0.016000 0.021000
0 0.316000 0.115000 0.016000 0.021000
0 0.306000 0.106000 0.016000 0.021000
0 0.295000 0.090000 0.016000 0.021000
0 0.281000 0.073000 0.016000 0.021000
0 0.297000 0.069000 0.016000 0.021000
0 0.177000 0.052000 0.016000 0.021000
0 0.116000 0.058000 0.016000 0.021000
0 0.102000 0.031000 0.016000 0.021000
0 0.078000 0.040000 0.016000 0.021000
0 0.017000 0.023000 0.016000 0.021000
0 0.044000 0.110000 0.016000 0.021000
0 0.069000 0.142000 0.016000 0.021000
0 0.055000 0.154000 0.016000 0.021000
0 0.164000 0.210000 0.016000 0.021000
0 0.158000 0.090000 0.016000 0.021000
0 0.173000 0.094000 0.016000 0.021000
0 0.236000 0.108000 0.016000 0.021000
0 0.227000 0.110000 0.016000 0.021000
0 0.102000 0.246000 0.016000 0.021000
0 0.056000 0.260000 0.016000 0.021000
0 0.052000 0.283000 0.016000 0.021000
0 0.092000 0.325000 0.016000 0.021000
0 0.216000 0.408000 0.016000 0.021000
0 0.238000 0.415000 0.016000 0.021000
0 0.319000 0.346000 0.016000 0.021000
0 0.352000 0.321000 0.016000 0.021000
0 0.348000 0.348000 0.016000 0.021000
0 0.866000 0.310000 0.016000 0.021000
0 0.839000 0.310000 0.016000 0.021000
0 0.070000 0.492000 0.016000 0.021000
0 0.039000 0.506000 0.016000 0.021000
0 0.150000 0.910000 0.016000 0.021000
0 0.820000 0.302000 0.016000 0.021000
0 0.792000 0.327000 0.016000 0.021000
0 0.783000 0.335000 0.016000 0.021000
0 0.803000 0.356000 0.016000 0.021000
0 0.806000 0.344000 0.016000 0.021000
0 0.848000 0.360000 0.016000 0.021000
0 0.894000 0.394000 0.016000 0.021000
0 0.914000 0.385000 0.016000 0.021000
0 0.923000 0.377000 0.016000 0.021000
0 0.872000 0.456000 0.016000 0.021000
0 0.880000 0.550000 0.016000 0.021000
0 0.920000 0.554000 0.016000 0.021000
0 0.930000 0.573000 0.016000 0.021000
0 0.834000 0.433000 0.016000 0.021000
0 0.825000 0.440000 0.016000 0.021000
0 0.794000 0.377000 0.016000 0.021000
0 0.788000 0.402000 0.016000 0.021000
0 0.847000 0.519000 0.016000 0.021000
0 0.855000 0.502000 0.016000 0.021000
0 0.720000 0.398000 0.016000 0.021000
0 0.713000 0.390000 0.016000 0.021000
0 0.723000 0.458000 0.016000 0.021000
0 0.573000 0.365000 0.016000 0.021000
0 0.447000 0.371000 0.016000 0.021000
0 0.416000 0.392000 0.016000 0.021000
0 0.445000 0.402000 0.016000 0.021000
0 0.459000 0.404000 0.016000 0.021000
0 0.469000 0.404000 0.016000 0.021000
0 0.503000 0.419000 0.016000 0.021000
0 0.542000 0.438000 0.016000 0.021000
0 0.700000 0.444000 0.016000 0.021000
0 0.717000 0.517000 0.016000 0.021000
0 0.727000 0.548000 0.016000 0.021000
0 0.622000 0.444000 0.016000 0.021000
0 0.622000 0.487000 0.016000 0.021000
0 0.780000 0.623000 0.016000 0.021000
0 0.691000 0.583000 0.016000 0.021000
0 0.680000 0.592000 0.016000 0.021000
0 0.680000 0.615000 0.016000 0.021000
0 0.716000 0.621000 0.016000 0.021000
0 0.706000 0.646000 0.016000 0.021000
0 0.608000 0.556000 0.016000 0.021000
0 0.598000 0.562000 0.016000 0.021000
0 0.559000 0.490000 0.016000 0.021000
0 0.558000 0.517000 0.016000 0.021000
0 0.583000 0.479000 0.016000 0.021000
0 0.575000 0.473000 0.016000 0.021000
0 0.570000 0.487000 0.016000 0.021000
0 0.442000 0.448000 0.016000 0.021000
0 0.420000 0.450000 0.016000 0.021000
0 0.413000 0.460000 0.016000 0.021000
0 0.341000 0.471000 0.016000 0.021000
0 0.222000 0.452000 0.016000 0.021000
0 0.145000 0.473000 0.016000 0.021000
0 0.117000 0.533000 0.016000 0.021000
0 0.116000 0.552000 0.016000 0.021000
0 0.097000 0.742000 0.016000 0.021000
0 0.119000 0.704000 0.016000 0.021000
0 0.123000 0.652000 0.016000 0.021000
0 0.245000 0.608000 0.016000 0.021000
0 0.220000 0.656000 0.016000 0.021000
0 0.200000 0.621000 0.016000 0.021000
0 0.178000 0.648000 0.016000 0.021000
0 0.163000 0.652000 0.016000 0.021000
0 0.147000 0.652000 0.016000 0.021000
0 0.181000 0.785000 0.016000 0.021000
0 0.209000 0.738000 0.016000 0.021000
0 0.259000 0.740000 0.016000 0.021000
0 0.302000 0.621000 0.016000 0.021000
0 0.356000 0.515000 0.016000 0.021000
0 0.497000 0.512000 0.016000 0.021000
0 0.506000 0.521000 0.016000 0.021000
0 0.475000 0.602000 0.016000 0.021000
0 0.550000 0.615000 0.016000 0.021000
0 0.539000 0.642000 0.016000 0.021000
0 0.548000 0.648000 0.016000 0.021000
0 0.347000 0.665000 0.016000 0.021000
0 0.919000 0.856000 0.016000 0.021000
0 0.927000 0.887000 0.016000 0.021000
0 0.911000 0.883000 0.016000 0.021000
0 0.891000 0.890000 0.016000 0.021000
0 0.873000 0.865000 0.016000 0.021000
0 0.886000 0.854000 0.016000 0.021000
0 0.867000 0.767000 0.016000 0.021000
0 0.852000 0.765000 0.016000 0.021000
0 0.778000 0.652000 0.016000 0.021000
0 0.747000 0.675000 0.016000 0.021000
0 0.703000 0.804000 0.016000 0.021000
0 0.691000 0.798000 0.016000 0.021000
0 0.598000 0.746000 0.016000 0.021000
0 0.592000 0.771000 0.016000 0.021000
0 0.497000 0.702000 0.016000 0.021000
0 0.478000 0.756000 0.016000 0.021000
0 0.488000 0.771000 0.016000 0.021000
0 0.478000 0.781000 0.016000 0.021000
0 0.438000 0.867000 0.016000 0.021000
0 0.466000 0.898000 0.016000 0.021000
0 0.531000 0.906000 0.016000 0.021000
0 0.552000 0.787000 0.016000 0.021000
0 0.564000 0.783000 0.016000 0.021000
0 0.562000 0.756000 0.016000 0.021000
0 0.866000 0.540000 0.016000 0.021000
0 0.709000 0.875000 0.016000 0.021000
0 0.814000 0.894000 0.016000 0.021000
0 0.794000 0.908000 0.016000 0.021000
0 0.673000 0.890000 0.016000 0.021000
0 0.641000 0.879000 0.016000 0.021000
0 0.633000 0.869000 0.016000 0.021000
0 0.605000 0.852000 0.016000 0.021000
0 0.634000 0.806000 0.016000 0.021000
0 0.355000 0.917000 0.016000 0.021000
0 0.359000 0.942000 0.016000 0.021000
0 0.288000 0.933000 0.016000 0.021000
0 0.106000 0.906000 0.016000 0.021000
0 0.092000 0.917000 0.016000 0.021000
0 0.081000 0.908000 0.016000 0.021000
0 0.319000 0.623000 0.016000 0.021000
0 0.322000 0.600000 0.016000 0.021000
0 0.333000 0.579000 0.016000 0.021000
0 0.245000 0.919000 0.016000 0.021000
0 0.181000 0.925000 0.016000 0.021000
0 0.195000 0.917000 0.016000 0.021000
0 0.641000 0.929000 0.016000 0.021000
0 0.681000 0.931000 0.016000 0.021000
0 0.961000 0.869000 0.016000 0.021000
0 0.963000 0.879000 0.016000 0.021000
0 0.945000 0.892000 0.016000 0.021000
0 0.917000 0.917000 0.016000 0.021000
0 0.894000 0.910000 0.016000 0.021000
0 0.905000 0.935000 0.016000 0.021000
0 0.873000 0.931000 0.016000 0.021000
0 0.775000 0.585000 0.016000 0.021000
0 0.759000 0.069000 0.016000 0.021000
0 0.767000 0.087000 0.016000 0.021000
0 0.772000 0.060000 0.016000 0.021000
0 0.452000 0.960000 0.016000 0.021000
0 0.536000 0.965000 0.016000 0.021000
0 0.583000 0.954000 0.016000 0.021000
0 0.275000 0.956000 0.016000 0.021000
0 0.223000 0.977000 0.016000 0.021000
0 0.084000 0.963000 0.016000 0.021000
0 0.809000 0.954000 0.016000 0.021000
0 0.830000 0.954000 0.016000 0.021000
0 0.842000 0.973000 0.016000 0.021000
0 0.669000 0.969000 0.016000 0.021000
0 0.650000 0.960000 0.016000 0.021000
0 0.980000 0.604000 0.016000 0.021000
0 0.694000 0.971000 0.016000 0.021000
0 0.873000 0.973000 0.016000 0.021000
0 0.013000 0.944000 0.016000 0.021000
0 0.953000 0.196000 0.016000 0.021000
0 0.919000 0.977000 0.016000 0.021000
0 0.917000 0.942000 0.016000 0.021000
0 0.972000 0.556000 0.016000 0.021000
0 0.281000 0.029000 0.016000 0.021000
0 0.050000 0.944000 0.016000 0.021000
0 0.908000 0.744000 0.016000 0.021000
0 0.922000 0.160000 0.016000 0.021000
0 0.838000 0.229000 0.016000 0.021000
0 0.081000 0.925000 0.016000 0.021000
0 0.067000 0.960000 0.016000 0.021000
0 0.758000 0.688000 0.016000 0.021000
0 0.263000 0.987000 0.016000 0.021000
0 0.980859 0.981944 0.016406 0.019444
0 0.991797 0.733333 0.011719 0.022222
0 0.004297 0.545139 0.008594 0.026389
0 0.010547 0.562500 0.008594 0.027778
0 0.006250 0.034722 0.009375 0.025000
0 0.992188 0.178472 0.010937 0.020833
0 0.724219 0.233333 0.010937 0.033333
0 0.482422 0.499306 0.011719 0.029167
0 0.380078 0.538194 0.010156 0.034722
0 0.032812 0.550694 0.012500 0.031944
0 0.020312 0.568056 0.009375 0.036111
0 0.021875 0.623611 0.012500 0.030556
0 0.437891 0.111806 0.014844 0.015278
0 0.434375 0.125694 0.009375 0.026389
0 0.947656 0.971528 0.015625 0.020833
0 0.930469 0.477083 0.009375 0.026389
0 0.926953 0.472222 0.019531 0.016667
0 0.876953 0.494444 0.008594 0.027778
0 0.007031 0.422917 0.014062 0.029167
0 0.283984 0.985417 0.014844 0.015278
0 0.587109 0.980556 0.016406 0.019444
0 0.752344 0.602083 0.010937 0.031944
0 0.005859 0.659028 0.010156 0.020833
0 0.771484 0.183333 0.014844 0.022222
0 0.107031 0.010417 0.018750 0.020833
0 0.131641 0.038194 0.008594 0.026389
0 0.130859 0.061111 0.013281 0.027778
0 0.023047 0.124306 0.013281 0.029167
0 0.053906 0.094444 0.012500 0.022222
0 0.088672 0.138889 0.014844 0.022222
0 0.101563 0.143750 0.009375 0.026389
0 0.129297 0.173611 0.008594 0.030556
0 0.076563 0.413889 0.012500 0.025000
0 0.154687 0.503472 0.009375 0.026389
0 0.167969 0.578472 0.014062 0.023611
0 0.180469 0.539583 0.012500 0.023611
0 0.180078 0.330556 0.008594 0.030556
0 0.173438 0.344444 0.014062 0.022222
0 0.158594 0.327778 0.010937 0.038889
0 0.150391 0.316667 0.013281 0.027778
0 0.189844 0.238889 0.015625 0.025000
0 0.226172 0.224306 0.014844 0.018056
0 0.207813 0.190972 0.012500 0.029167
0 0.213672 0.202083 0.008594 0.023611
0 0.230859 0.187500 0.013281 0.030556
0 0.225781 0.166667 0.017188 0.016667
0 0.207813 0.140278 0.014062 0.025000
0 0.201953 0.127778 0.010156 0.025000
0 0.207031 0.038194 0.012500 0.023611
0 0.206641 0.052083 0.010156 0.026389
0 0.352344 0.232639 0.009375 0.037500
0 0.321484 0.200000 0.014844 0.019444
0 0.358203 0.110417 0.014844 0.018056
0 0.360938 0.088889 0.012500 0.027778
0 0.313281 0.039583 0.014062 0.026389
0 0.317187 0.286806 0.012500 0.029167
0 0.046875 0.331944 0.017188 0.025000
0 0.075781 0.290972 0.012500 0.029167
0 0.047656 0.227778 0.007813 0.025000
0 0.036328 0.227083 0.013281 0.023611
0 0.236719 0.320139 0.017188 0.020833
0 0.248047 0.357639 0.016406 0.026389
0 0.264062 0.370139 0.009375 0.034722
0 0.267578 0.394444 0.016406 0.022222
0 0.257422 0.409028 0.016406 0.023611
0 0.298828 0.411806 0.010156 0.029167
0 0.306641 0.431250 0.013281 0.020833
0 0.306641 0.413889 0.013281 0.022222
0 0.293359 0.135417 0.014844 0.029167
0 0.374609 0.342361 0.014844 0.020833
0 0.388672 0.459028 0.014844 0.023611
0 0.345313 0.411111 0.012500 0.030556
0 0.023047 0.732639 0.010156 0.026389
0 0.101563 0.674306 0.010937 0.034722
0 0.176172 0.375694 0.016406 0.026389
0 0.161719 0.378472 0.012500 0.031944
0 0.217969 0.555556 0.014062 0.022222
0 0.069531 0.736806 0.017188 0.020833
0 0.243359 0.527083 0.014844 0.026389
0 0.455859 0.159028 0.008594 0.031944
0 0.418750 0.176389 0.015625 0.022222
0 0.477734 0.411111 0.007031 0.033333
0 0.655469 0.463889 0.009375 0.025000
0 0.646875 0.447917 0.009375 0.031944
0 0.694531 0.475000 0.010937 0.030556
0 0.646094 0.559028 0.010937 0.034722
0 0.571094 0.580556 0.010937 0.030556
0 0.596875 0.536111 0.009375 0.030556
0 0.517969 0.536111 0.015625 0.019444
0 0.596094 0.711111 0.010937 0.033333
0 0.808594 0.534722 0.009375 0.036111
0 0.755859 0.452083 0.014844 0.026389
0 0.662109 0.420833 0.008594 0.027778
0 0.957031 0.378472 0.009375 0.029167
0 0.932031 0.347917 0.009375 0.031944
0 0.919531 0.259028 0.009375 0.026389
0 0.932813 0.296528 0.012500 0.023611
0 0.871094 0.258333 0.012500 0.027778
0 0.875781 0.297222 0.009375 0.033333
0 0.666406 0.286111 0.009375 0.033333
0 0.583203 0.188194 0.010156 0.026389
0 0.589063 0.168750 0.009375 0.026389
0 0.574219 0.176389 0.009375 0.036111
0 0.680469 0.284722 0.010937 0.030556
0 0.663672 0.263889 0.019531 0.025000
0 0.276563 0.542361 0.014062 0.029167
0 0.767969 0.134722 0.010937 0.041667
0 0.750391 0.126389 0.010156 0.027778
0 0.791016 0.127778 0.011719 0.030556
0 0.818750 0.129861 0.015625 0.020833
0 0.861719 0.169444 0.012500 0.027778
0 0.475000 0.265972 0.010937 0.029167
0 0.823047 0.534028 0.014844 0.023611
0 0.830078 0.553472 0.016406 0.026389
0 0.807813 0.481944 0.010937 0.030556
0 0.798828 0.511806 0.013281 0.029167
0 0.769531 0.267361 0.009375 0.031944
0 0.480469 0.549306 0.009375 0.031944
0 0.470313 0.552778 0.012500 0.022222
0 0.297266 0.662500 0.008594 0.033333
0 0.889063 0.193750 0.017188 0.023611
0 0.928516 0.172917 0.011719 0.029167
0 0.941797 0.256250 0.014844 0.026389
0 0.614062 0.086111 0.012500 0.016667
0 0.628906 0.085417 0.015625 0.018056
0 0.367578 0.465278 0.013281 0.027778
0 0.520703 0.403472 0.019531 0.020833
0 0.513281 0.440278 0.007813 0.027778
0 0.521484 0.452083 0.010156 0.020833
0 0.850000 0.255556 0.010937 0.030556
0 0.785156 0.695139 0.012500 0.026389
0 0.774219 0.743750 0.007813 0.029167
0 0.766406 0.726389 0.007813 0.025000
0 0.764453 0.796528 0.013281 0.026389
0 0.716797 0.810417 0.008594 0.029167
0 0.713672 0.769444 0.011719 0.030556
0 0.685938 0.833333 0.014062 0.025000
0 0.617969 0.822222 0.014062 0.025000
0 0.576953 0.870833 0.016406 0.022222
0 0.849219 0.801389 0.012500 0.025000
0 0.919922 0.745833 0.010156 0.027778
0 0.963281 0.699306 0.010937 0.029167
0 0.869922 0.818056 0.016406 0.019444
0 0.900000 0.799306 0.014062 0.029167
0 0.812891 0.736806 0.010156 0.034722
0 0.793750 0.717361 0.015625 0.015278
0 0.802734 0.737500 0.008594 0.025000
0 0.827734 0.722222 0.010156 0.036111
0 0.836328 0.740972 0.010156 0.031944
0 0.628516 0.143750 0.010156 0.031944
0 0.619922 0.161111 0.010156 0.041667
0 0.828125 0.337500 0.009375 0.030556
0 0.996094 0.490972 0.007813 0.031944
0 0.425000 0.652083 0.010937 0.023611
0 0.402344 0.718056 0.009375 0.033333
0 0.430859 0.756250 0.011719 0.029167
0 0.376563 0.835417 0.010937 0.029167
0 0.420312 0.809028 0.010937 0.026389
0 0.440625 0.821528 0.010937 0.026389
0 0.460156 0.924306 0.009375 0.029167
0 0.457812 0.801389 0.012500 0.027778
0 0.544141 0.750694 0.021094 0.023611
0 0.651563 0.793056 0.007813 0.027778
0 0.642969 0.770833 0.012500 0.036111
0 0.739453 0.931250 0.014844 0.018056
0 0.766406 0.941667 0.014062 0.019444
0 0.868359 0.686111 0.014844 0.022222
0 0.889453 0.683333 0.016406 0.022222
0 0.923437 0.657639 0.015625 0.023611
0 0.915625 0.674306 0.009375 0.029167
0 0.933594 0.690972 0.012500 0.026389
0 0.981641 0.685417 0.008594 0.029167
0 0.458984 0.011111 0.013281 0.022222
0 0.392188 0.530556 0.014062 0.022222
0 0.412109 0.520139 0.008594 0.026389
0 0.429297 0.522917 0.016406 0.020833
0 0.646094 0.233333 0.007813 0.027778
0 0.213281 0.809722 0.018750 0.025000
0 0.248828 0.452083 0.014844 0.020833
0 0.255859 0.469444 0.010156 0.030556
0 0.040234 0.861806 0.016406 0.018056
0 0.056250 0.859722 0.014062 0.025000
0 0.128516 0.838889 0.013281 0.025000
0 0.368359 0.575000 0.010156 0.025000
0 0.369922 0.545139 0.010156 0.026389
0 0.360156 0.543056 0.010937 0.022222
0 0.108984 0.365278 0.014844 0.019444
0 0.131250 0.756944 0.010937 0.025000
0 0.101172 0.566667 0.013281 0.025000
0 0.731641 0.486111 0.014844 0.027778
0 0.652734 0.357639 0.017969 0.023611
0 0.525781 0.320833 0.014062 0.022222
0 0.570703 0.327778 0.017969 0.019444
0 0.740625 0.646528 0.010937 0.026389
0 0.869531 0.345833 0.014062 0.025000
0 0.913672 0.090278 0.011719 0.030556
0 0.858594 0.084028 0.012500 0.023611
0 0.657812 0.069444 0.018750 0.022222
0 0.487500 0.088194 0.012500 0.023611
0 0.331641 0.022917 0.016406 0.018056
0 0.892969 0.265278 0.015625 0.019444
0 0.420703 0.612500 0.008594 0.033333
0 0.307031 0.572222 0.009375 0.030556
0 0.059766 0.368750 0.017969 0.023611
0 0.464453 0.293056 0.008594 0.019444
0 0.451562 0.308333 0.007813 0.027778
0 0.455859 0.327083 0.008594 0.023611
0 0.467969 0.313194 0.014062 0.015278
0 0.699609 0.043056 0.010156 0.033333
0 0.983594 0.095833 0.009375 0.025000
0 0.948047 0.032639 0.011719 0.029167
0 0.943750 0.067361 0.012500 0.020833
0 0.933203 0.075000 0.013281 0.019444
0 0.221484 0.925000 0.010156 0.030556
0 0.264062 0.889583 0.017188 0.023611
0 0.176953 0.724306 0.017969 0.020833
0 0.889453 0.501389 0.013281 0.027778
0 0.690625 0.409028 0.018750 0.023611
0 0.641406 0.675000 0.015625 0.019444
0 0.520312 0.604861 0.010937 0.029167
0 0.519141 0.640972 0.011719 0.023611
0 0.548047 0.463194 0.014844 0.023611
0 0.487500 0.408333 0.009375 0.025000
0 0.367969 0.645833 0.009375 0.027778
0 0.232031 0.856944 0.015625 0.025000
0 0.539063 0.672917 0.007813 0.029167
0 0.543750 0.690278 0.017188 0.022222
0 0.963672 0.518056 0.008594 0.030556
0 0.616406 0.113889 0.012500 0.027778
0 0.441406 0.038889 0.012500 0.027778
0 0.191016 0.126389 0.016406 0.022222
0 0.062109 0.116667 0.010156 0.030556
0 0.633984 0.431944 0.014844 0.025000
0 0.683203 0.717361 0.011719 0.029167
0 0.669531 0.727083 0.015625 0.020833
0 0.701563 0.673611 0.010937 0.030556
0 0.817187 0.158333 0.010937 0.025000
0 0.809375 0.173611 0.009375 0.030556
0 0.820703 0.176389 0.008594 0.027778
0 0.495703 0.378472 0.013281 0.029167
0 0.609375 0.011806 0.010937 0.018056
0 0.653906 0.106250 0.015625 0.023611
0 0.532812 0.273611 0.009375 0.030556
0 0.635547 0.966667 0.014844 0.022222
