0 0.939000 0.125000 0.016000 0.021000
0 0.927000 0.104000 0.016000 0.021000
0 0.934000 0.138000 0.016000 0.021000
0 0.928000 0.169000 0.016000 0.021000
0 0.919000 0.181000 0.016000 0.021000
0 0.952000 0.202000 0.016000 0.021000
0 0.958000 0.265000 0.016000 0.021000
0 0.861000 0.096000 0.016000 0.021000
0 0.795000 0.121000 0.016000 0.021000
0 0.758000 0.127000 0.016000 0.021000
0 0.748000 0.098000 0.016000 0.021000
0 0.802000 0.142000 0.016000 0.021000
0 0.784000 0.167000 0.016000 0.021000
0 0.817000 0.171000 0.016000 0.021000
0 0.833000 0.163000 0.016000 0.021000
0 0.822000 0.148000 0.016000 0.021000
0 0.728000 0.108000 0.016000 0.021000
0 0.852000 0.223000 0.016000 0.021000
0 0.795000 0.285000 0.016000 0.021000
0 0.753000 0.302000 0.016000 0.021000
0 0.845000 0.277000 0.016000 0.021000
0 0.897000 0.285000 0.016000 0.021000
0 0.958000 0.310000 0.016000 0.021000
0 0.938000 0.350000 0.016000 0.021000
0 0.861000 0.333000 0.016000 0.021000
0 0.830000 0.319000 0.016000 0.021000
0 0.803000 0.306000 0.016000 0.021000
0 0.781000 0.331000 0.016000 0.021000
0 0.769000 0.348000 0.016000 0.021000
0 0.783000 0.358000 0.016000 0.021000
0 0.755000 0.381000 0.016000 0.021000
0 0.764000 0.402000 0.016000 0.021000
0 0.775000 0.406000 0.016000 0.021000
0 0.802000 0.385000 0.016000 0.021000
0 0.863000 0.379000 0.016000 0.021000
0 0.878000 0.421000 0.016000 0.021000
0 0.922000 0.440000 0.016000 0.021000
0 0.945000 0.438000 0.016000 0.021000
0 0.834000 0.440000 0.016000 0.021000
0 0.831000 0.456000 0.016000 0.021000
0 0.806000 0.456000 0.016000 0.021000
0 0.778000 0.452000 0.016000 0.021000
0 0.769000 0.506000 0.016000 0.021000
0 0.742000 0.504000 0.016000 0.021000
0 0.788000 0.596000 0.016000 0.021000
0 0.781000 0.610000 0.016000 0.021000
0 0.772000 0.621000 0.016000 0.021000
0 0.766000 0.610000 0.016000 0.021000
0 0.752000 0.675000 0.016000 0.021000
0 0.741000 0.690000 0.016000 0.021000
0 0.769000 0.683000 0.016000 0.021000
0 0.780000 0.683000 0.016000 0.021000
0 0.802000 0.706000 0.016000 0.021000
0 0.800000 0.637000 0.016000 0.021000
0 0.822000 0.637000 0.016000 0.021000
0 0.814000 0.621000 0.016000 0.021000
0 0.808000 0.585000 0.016000 0.021000
0 0.816000 0.510000 0.016000 0.021000
0 0.809000 0.487000 0.016000 0.021000
0 0.838000 0.517000 0.016000 0.021000
0 0.842000 0.558000 0.016000 0.021000
0 0.863000 0.542000 0.016000 0.021000
0 0.944000 0.483000 0.016000 0.021000
0 0.930000 0.556000 0.016000 0.021000
0 0.923000 0.573000 0.016000 0.021000
0 0.908000 0.598000 0.016000 0.021000
0 0.850000 0.617000 0.016000 0.021000
0 0.948000 0.598000 0.016000 0.021000
0 0.953000 0.631000 0.016000 0.021000
0 0.927000 0.700000 0.016000 0.021000
0 0.892000 0.713000 0.016000 0.021000
0 0.888000 0.692000 0.016000 0.021000
0 0.880000 0.704000 0.016000 0.021000
0 0.834000 0.702000 0.016000 0.021000
0 0.836000 0.685000 0.016000 0.021000
0 0.942000 0.781000 0.016000 0.021000
0 0.952000 0.854000 0.016000 0.021000
0 0.933000 0.890000 0.016000 0.021000
0 0.919000 0.902000 0.016000 0.021000
0 0.842000 0.873000 0.016000 0.021000
0 0.831000 0.862000 0.016000 0.021000
0 0.817000 0.867000 0.016000 0.021000
0 0.794000 0.848000 0.016000 0.021000
0 0.789000 0.858000 0.016000 0.021000
0 0.770000 0.852000 0.016000 0.021000
0 0.770000 0.879000 0.016000 0.021000
0 0.781000 0.881000 0.016000 0.021000
0 0.781000 0.900000 0.016000 0.021000
0 0.797000 0.887000 0.016000 0.021000
0 0.784000 0.915000 0.016000 0.021000
0 0.767000 0.925000 0.016000 0.021000
0 0.797000 0.931000 0.016000 0.021000
0 0.747000 0.917000 0.016000 0.021000
0 0.725000 0.890000 0.016000 0.021000
0 0.722000 0.842000 0.016000 0.021000
0 0.716000 0.825000 0.016000 0.021000
0 0.686000 0.802000 0.016000 0.021000
0 0.703000 0.752000 0.016000 0.021000
0 0.791000 0.758000 0.016000 0.021000
0 0.698000 0.871000 0.016000 0.021000
0 0.702000 0.840000 0.016000 0.021000
0 0.688000 0.887000 0.016000 0.021000
0 0.678000 0.894000 0.016000 0.021000
0 0.656000 0.894000 0.016000 0.021000
0 0.650000 0.912000 0.016000 0.021000
0 0.700000 0.942000 0.016000 0.021000
0 0.739000 0.950000 0.016000 0.021000
0 0.584000 0.877000 0.016000 0.021000
0 0.592000 0.862000 0.016000 0.021000
0 0.628000 0.781000 0.016000 0.021000
0 0.611000 0.779000 0.016000 0.021000
0 0.591000 0.733000 0.016000 0.021000
0 0.578000 0.731000 0.016000 0.021000
0 0.559000 0.742000 0.016000 0.021000
0 0.564000 0.794000 0.016000 0.021000
0 0.539000 0.827000 0.016000 0.021000
0 0.548000 0.925000 0.016000 0.021000
0 0.528000 0.950000 0.016000 0.021000
0 0.506000 0.948000 0.016000 0.021000
0 0.481000 0.815000 0.016000 0.021000
0 0.472000 0.783000 0.016000 0.021000
0 0.497000 0.777000 0.016000 0.021000
0 0.470000 0.752000 0.016000 0.021000
0 0.472000 0.731000 0.016000 0.021000
0 0.483000 0.713000 0.016000 0.021000
0 0.467000 0.700000 0.016000 0.021000
0 0.431000 0.742000 0.016000 0.021000
0 0.384000 0.862000 0.016000 0.021000
0 0.373000 0.883000 0.016000 0.021000
0 0.386000 0.904000 0.016000 0.021000
0 0.413000 0.904000 0.016000 0.021000
0 0.336000 0.852000 0.016000 0.021000
0 0.353000 0.838000 0.016000 0.021000
0 0.311000 0.877000 0.016000 0.021000
0 0.330000 0.767000 0.016000 0.021000
0 0.336000 0.742000 0.016000 0.021000
0 0.275000 0.708000 0.016000 0.021000
0 0.256000 0.679000 0.016000 0.021000
0 0.231000 0.727000 0.016000 0.021000
0 0.225000 0.713000 0.016000 0.021000
0 0.219000 0.688000 0.016000 0.021000
0 0.211000 0.835000 0.016000 0.021000
0 0.166000 0.821000 0.016000 0.021000
0 0.072000 0.902000 0.016000 0.021000
0 0.070000 0.858000 0.016000 0.021000
0 0.044000 0.802000 0.016000 0.021000
0 0.030000 0.769000 0.016000 0.021000
0 0.023000 0.746000 0.016000 0.021000
0 0.106000 0.848000 0.016000 0.021000
0 0.094000 0.860000 0.016000 0.021000
0 0.100000 0.808000 0.016000 0.021000
0 0.106000 0.825000 0.016000 0.021000
0 0.170000 0.767000 0.016000 0.021000
0 0.075000 0.771000 0.016000 0.021000
0 0.059000 0.738000 0.016000 0.021000
0 0.023000 0.660000 0.016000 0.021000
0 0.072000 0.692000 0.016000 0.021000
0 0.086000 0.683000 0.016000 0.021000
0 0.095000 0.717000 0.016000 0.021000
0 0.091000 0.650000 0.016000 0.021000
0 0.122000 0.617000 0.016000 0.021000
0 0.225000 0.581000 0.016000 0.021000
0 0.191000 0.498000 0.016000 0.021000
0 0.173000 0.523000 0.016000 0.021000
0 0.156000 0.550000 0.016000 0.021000
0 0.138000 0.537000 0.016000 0.021000
0 0.114000 0.542000 0.016000 0.021000
0 0.139000 0.519000 0.016000 0.021000
0 0.208000 0.440000 0.016000 0.021000
0 0.213000 0.417000 0.016000 0.021000
0 0.242000 0.452000 0.016000 0.021000
0 0.266000 0.435000 0.016000 0.021000
0 0.200000 0.398000 0.016000 0.021000
0 0.191000 0.423000 0.016000 0.021000
0 0.134000 0.477000 0.016000 0.021000
0 0.128000 0.444000 0.016000 0.021000
0 0.100000 0.429000 0.016000 0.021000
0 0.097000 0.454000 0.016000 0.021000
0 0.078000 0.473000 0.016000 0.021000
0 0.067000 0.467000 0.016000 0.021000
0 0.070000 0.421000 0.016000 0.021000
0 0.084000 0.367000 0.016000 0.021000
0 0.122000 0.381000 0.016000 0.021000
0 0.122000 0.352000 0.016000 0.021000
0 0.275000 0.373000 0.016000 0.021000
0 0.280000 0.346000 0.016000 0.021000
0 0.248000 0.340000 0.016000 0.021000
0 0.253000 0.308000 0.016000 0.021000
0 0.281000 0.298000 0.016000 0.021000
0 0.144000 0.306000 0.016000 0.021000
0 0.134000 0.292000 0.016000 0.021000
0 0.120000 0.279000 0.016000 0.021000
0 0.123000 0.258000 0.016000 0.021000
0 0.056000 0.300000 0.016000 0.021000
0 0.048000 0.331000 0.016000 0.021000
0 0.036000 0.233000 0.016000 0.021000
0 0.036000 0.156000 0.016000 0.021000
0 0.052000 0.133000 0.016000 0.021000
0 0.069000 0.146000 0.016000 0.021000
0 0.055000 0.104000 0.016000 0.021000
0 0.061000 0.054000 0.016000 0.021000
0 0.088000 0.065000 0.016000 0.021000
0 0.113000 0.108000 0.016000 0.021000
0 0.119000 0.140000 0.016000 0.021000
0 0.144000 0.106000 0.016000 0.021000
0 0.141000 0.077000 0.016000 0.021000
0 0.144000 0.048000 0.016000 0.021000
0 0.209000 0.237000 0.016000 0.021000
0 0.222000 0.244000 0.016000 0.021000
0 0.225000 0.210000 0.016000 0.021000
0 0.219000 0.163000 0.016000 0.021000
0 0.198000 0.148000 0.016000 0.021000
0 0.172000 0.158000 0.016000 0.021000
0 0.200000 0.117000 0.016000 0.021000
0 0.188000 0.119000 0.016000 0.021000
0 0.198000 0.094000 0.016000 0.021000
0 0.205000 0.071000 0.016000 0.021000
0 0.192000 0.056000 0.016000 0.021000
0 0.211000 0.052000 0.016000 0.021000
0 0.294000 0.094000 0.016000 0.021000
0 0.302000 0.115000 0.016000 0.021000
0 0.266000 0.163000 0.016000 0.021000
0 0.309000 0.181000 0.016000 0.021000
0 0.325000 0.185000 0.016000 0.021000
0 0.342000 0.148000 0.016000 0.021000
0 0.364000 0.042000 0.016000 0.021000
0 0.363000 0.148000 0.016000 0.021000
0 0.345000 0.219000 0.016000 0.021000
0 0.381000 0.169000 0.016000 0.021000
0 0.419000 0.175000 0.016000 0.021000
0 0.464000 0.154000 0.016000 0.021000
0 0.439000 0.106000 0.016000 0.021000
0 0.422000 0.069000 0.016000 0.021000
0 0.428000 0.087000 0.016000 0.021000
0 0.484000 0.110000 0.016000 0.021000
0 0.488000 0.096000 0.016000 0.021000
0 0.588000 0.085000 0.016000 0.021000
0 0.562000 0.119000 0.016000 0.021000
0 0.584000 0.148000 0.016000 0.021000
0 0.606000 0.129000 0.016000 0.021000
0 0.542000 0.142000 0.016000 0.021000
0 0.517000 0.127000 0.016000 0.021000
0 0.517000 0.106000 0.016000 0.021000
0 0.616000 0.069000 0.016000 0.021000
0 0.631000 0.094000 0.016000 0.021000
0 0.664000 0.104000 0.016000 0.021000
0 0.681000 0.090000 0.016000 0.021000
0 0.695000 0.110000 0.016000 0.021000
0 0.705000 0.073000 0.016000 0.021000
0 0.692000 0.142000 0.016000 0.021000
0 0.683000 0.179000 0.016000 0.021000
0 0.641000 0.167000 0.016000 0.021000
0 0.669000 0.158000 0.016000 0.021000
0 0.677000 0.235000 0.016000 0.021000
0 0.684000 0.254000 0.016000 0.021000
0 0.678000 0.265000 0.016000 0.021000
0 0.591000 0.237000 0.016000 0.021000
0 0.548000 0.219000 0.016000 0.021000
0 0.548000 0.206000 0.016000 0.021000
0 0.525000 0.225000 0.016000 0.021000
0 0.530000 0.231000 0.016000 0.021000
0 0.533000 0.252000 0.016000 0.021000
0 0.489000 0.192000 0.016000 0.021000
0 0.497000 0.165000 0.016000 0.021000
0 0.445000 0.258000 0.016000 0.021000
0 0.422000 0.244000 0.016000 0.021000
0 0.395000 0.258000 0.016000 0.021000
0 0.369000 0.273000 0.016000 0.021000
0 0.305000 0.298000 0.016000 0.021000
0 0.397000 0.296000 0.016000 0.021000
0 0.431000 0.279000 0.016000 0.021000
0 0.416000 0.331000 0.016000 0.021000
0 0.398000 0.362000 0.016000 0.021000
0 0.414000 0.373000 0.016000 0.021000
0 0.445000 0.329000 0.016000 0.021000
0 0.686000 0.419000 0.016000 0.021000
0 0.677000 0.456000 0.016000 0.021000
0 0.703000 0.523000 0.016000 0.021000
0 0.731000 0.542000 0.016000 0.021000
0 0.728000 0.554000 0.016000 0.021000
0 0.706000 0.623000 0.016000 0.021000
0 0.703000 0.694000 0.016000 0.021000
0 0.723000 0.700000 0.016000 0.021000
0 0.673000 0.662000 0.016000 0.021000
0 0.661000 0.671000 0.016000 0.021000
0 0.653000 0.679000 0.016000 0.021000
0 0.656000 0.635000 0.016000 0.021000
0 0.664000 0.637000 0.016000 0.021000
0 0.616000 0.502000 0.016000 0.021000
0 0.620000 0.492000 0.016000 0.021000
0 0.589000 0.473000 0.016000 0.021000
0 0.609000 0.406000 0.016000 0.021000
0 0.620000 0.358000 0.016000 0.021000
0 0.586000 0.369000 0.016000 0.021000
0 0.575000 0.383000 0.016000 0.021000
0 0.575000 0.435000 0.016000 0.021000
0 0.559000 0.429000 0.016000 0.021000
0 0.537000 0.398000 0.016000 0.021000
0 0.547000 0.394000 0.016000 0.021000
0 0.522000 0.419000 0.016000 0.021000
0 0.508000 0.442000 0.016000 0.021000
0 0.447000 0.425000 0.016000 0.021000
0 0.433000 0.415000 0.016000 0.021000
0 0.450000 0.390000 0.016000 0.021000
0 0.423000 0.469000 0.016000 0.021000
0 0.392000 0.483000 0.016000 0.021000
0 0.391000 0.448000 0.016000 0.021000
0 0.350000 0.440000 0.016000 0.021000
0 0.350000 0.412000 0.016000 0.021000
0 0.288000 0.487000 0.016000 0.021000
0 0.280000 0.444000 0.016000 0.021000
0 0.297000 0.498000 0.016000 0.021000
0 0.367000 0.596000 0.016000 0.021000
0 0.384000 0.608000 0.016000 0.021000
0 0.331000 0.688000 0.016000 0.021000
0 0.383000 0.685000 0.016000 0.021000
0 0.450000 0.544000 0.016000 0.021000
0 0.467000 0.500000 0.016000 0.021000
0 0.456000 0.479000 0.016000 0.021000
0 0.519000 0.510000 0.016000 0.021000
0 0.509000 0.523000 0.016000 0.021000
0 0.530000 0.510000 0.016000 0.021000
0 0.544000 0.492000 0.016000 0.021000
0 0.522000 0.544000 0.016000 0.021000
0 0.503000 0.565000 0.016000 0.021000
0 0.495000 0.585000 0.016000 0.021000
0 0.467000 0.585000 0.016000 0.021000
0 0.453000 0.637000 0.016000 0.021000
0 0.466000 0.627000 0.016000 0.021000
0 0.452000 0.667000 0.016000 0.021000
0 0.486000 0.648000 0.016000 0.021000
0 0.505000 0.681000 0.016000 0.021000
0 0.514000 0.588000 0.016000 0.021000
0 0.539000 0.598000 0.016000 0.021000
0 0.555000 0.598000 0.016000 0.021000
0 0.583000 0.652000 0.016000 0.021000
0 0.597000 0.640000 0.016000 0.021000
0 0.617000 0.667000 0.016000 0.021000
0 0.631000 0.577000 0.016000 0.021000
0 0.597000 0.590000 0.016000 0.021000
0 0.467000 0.542000 0.016000 0.021000
0 0.467000 0.531000 0.016000 0.021000
0 0.936000 0.958000 0.016000 0.021000
0 0.950000 0.967000 0.016000 0.021000
0 0.970000 0.960000 0.016000 0.021000
0 0.977000 0.819000 0.016000 0.021000
0 0.964000 0.727000 0.016000 0.021000
0 0.966000 0.688000 0.016000 0.021000
0 0.980000 0.700000 0.016000 0.021000
0 0.812000 0.973000 0.016000 0.021000
0 0.758000 0.965000 0.016000 0.021000
0 0.694000 0.958000 0.016000 0.021000
0 0.681000 0.971000 0.016000 0.021000
0 0.673000 0.912000 0.016000 0.021000
0 0.619000 0.971000 0.016000 0.021000
0 0.359000 0.960000 0.016000 0.021000
0 0.336000 0.977000 0.016000 0.021000
0 0.267000 0.967000 0.016000 0.021000
0 0.217000 0.969000 0.016000 0.021000
0 0.191000 0.971000 0.016000 0.021000
0 0.102000 0.956000 0.016000 0.021000
0 0.022000 0.971000 0.016000 0.021000
0 0.384000 0.817000 0.016000 0.021000
0 0.311000 0.719000 0.016000 0.021000
0 0.808000 0.562000 0.016000 0.021000
0 0.755000 0.529000 0.016000 0.021000
0 0.023000 0.540000 0.016000 0.021000
0 0.019000 0.348000 0.016000 0.021000
0 0.134000 0.415000 0.016000 0.021000
0 0.116000 0.427000 0.016000 0.021000
0 0.169000 0.452000 0.016000 0.021000
0 0.248000 0.138000 0.016000 0.021000
0 0.245000 0.035000 0.016000 0.021000
0 0.428000 0.029000 0.016000 0.021000
0 0.441000 0.094000 0.016000 0.021000
0 0.448000 0.079000 0.016000 0.021000
0 0.450000 0.100000 0.016000 0.021000
0 0.634000 0.027000 0.016000 0.021000
0 0.605000 0.154000 0.016000 0.021000
0 0.713000 0.185000 0.016000 0.021000
0 0.716000 0.102000 0.016000 0.021000
0 0.698000 0.065000 0.016000 0.021000
0 0.663000 0.048000 0.016000 0.021000
0 0.855000 0.037000 0.016000 0.021000
0 0.875000 0.027000 0.016000 0.021000
0 0.969000 0.185000 0.016000 0.021000
0 0.980000 0.206000 0.016000 0.021000
0 0.977000 0.221000 0.016000 0.021000
0 0.977000 0.310000 0.016000 0.021000
0 0.970000 0.340000 0.016000 0.021000
0 0.961000 0.400000 0.016000 0.021000
0 0.944000 0.427000 0.016000 0.021000
0 0.931000 0.429000 0.016000 0.021000
0 0.931000 0.444000 0.016000 0.021000
0 0.961000 0.502000 0.016000 0.021000
0 0.959000 0.550000 0.016000 0.021000
0 0.956000 0.571000 0.016000 0.021000
0 0.981000 0.585000 0.016000 0.021000
0 0.964000 0.613000 0.016000 0.021000
0 0.503000 0.406000 0.016000 0.021000
0 0.791000 0.723000 0.016000 0.021000
0 0.989000 0.138000 0.016000 0.021000
0 0.291000 0.244000 0.016000 0.021000
0 0.448000 0.981000 0.016000 0.021000
0 0.077000 0.981000 0.016000 0.021000
0 0.355000 0.215000 0.016000 0.021000
0 0.006641 0.241667 0.013281 0.022222
0 0.006250 0.260417 0.012500 0.015278
0 0.008203 0.326389 0.016406 0.019444
0 0.244922 0.986111 0.014844 0.027778
0 0.007031 0.942361 0.014062 0.023611
0 0.175391 0.656944 0.013281 0.033333
0 0.135156 0.809028 0.014062 0.029167
0 0.296484 0.825000 0.013281 0.038889
0 0.644141 0.745139 0.013281 0.043056
0 0.342578 0.311111 0.016406 0.038889
0 0.232031 0.543750 0.012500 0.029167
0 0.893750 0.831944 0.017188 0.030556
0 0.833203 0.742361 0.011719 0.034722
0 0.572656 0.300000 0.012500 0.038889
0 0.370703 0.454861 0.014844 0.029167
0 0.461328 0.205556 0.011719 0.038889
0 0.767578 0.152083 0.011719 0.040278
0 0.875781 0.195833 0.012500 0.036111
0 0.916797 0.739583 0.010156 0.037500
0 0.587500 0.985417 0.026563 0.026389
0 0.626172 0.986111 0.017969 0.027778
0 0.829297 0.015278 0.019531 0.022222
0 0.682031 0.015278 0.017188 0.030556
0 0.766797 0.264583 0.010156 0.034722
0 0.084766 0.531944 0.013281 0.036111
0 0.656250 0.518750 0.012500 0.043056
0 0.669531 0.386111 0.015625 0.038889
0 0.188281 0.264583 0.014062 0.040278
0 0.992969 0.500000 0.012500 0.033333
0 0.992188 0.912500 0.012500 0.033333
0 0.132813 0.839583 0.012500 0.031944
0 0.031250 0.115278 0.012500 0.033333
0 0.004688 0.720139 0.009375 0.020833
0 0.743359 0.270833 0.010156 0.025000
0 0.737891 0.247917 0.014844 0.034722
0 0.557031 0.245139 0.012500 0.034722
0 0.327734 0.220833 0.010156 0.033333
0 0.300000 0.214583 0.012500 0.031944
0 0.275391 0.179861 0.011719 0.023611
0 0.288281 0.183333 0.009375 0.033333
0 0.131250 0.106944 0.010937 0.033333
0 0.030859 0.434722 0.011719 0.027778
0 0.048047 0.440278 0.010156 0.033333
0 0.104297 0.761111 0.013281 0.033333
0 0.128125 0.761806 0.012500 0.031944
0 0.046094 0.843750 0.014062 0.031944
0 0.079687 0.833333 0.010937 0.036111
0 0.299609 0.768750 0.013281 0.040278
0 0.278516 0.681944 0.011719 0.030556
0 0.317578 0.741667 0.010156 0.030556
0 0.390625 0.790278 0.012500 0.033333
0 0.424219 0.791667 0.014062 0.033333
0 0.596875 0.693056 0.010937 0.036111
0 0.569531 0.613194 0.014062 0.031944
0 0.541406 0.617361 0.012500 0.034722
0 0.528516 0.643056 0.011719 0.033333
0 0.670703 0.704861 0.013281 0.034722
0 0.923828 0.347917 0.011719 0.031944
0 0.857031 0.303472 0.012500 0.031944
0 0.665234 0.235417 0.013281 0.034722
0 0.596094 0.172917 0.014062 0.031944
0 0.516797 0.047222 0.014844 0.033333
0 0.776953 0.045833 0.010156 0.033333
0 0.321875 0.036111 0.014062 0.025000
0 0.323438 0.061806 0.014062 0.029167
0 0.242578 0.011806 0.016406 0.012500
0 0.169141 0.740278 0.014844 0.030556
0 0.137500 0.647917 0.015625 0.029167
0 0.173828 0.704167 0.016406 0.027778
0 0.717969 0.722222 0.015625 0.022222
0 0.876953 0.540278 0.016406 0.027778
0 0.940625 0.156250 0.010937 0.029167
0 0.959375 0.797917 0.012500 0.037500
0 0.933984 0.803472 0.014844 0.029167
0 0.314844 0.440278 0.012500 0.036111
0 0.327734 0.441667 0.013281 0.033333
0 0.315625 0.473611 0.012500 0.030556
0 0.585156 0.927778 0.009375 0.030556
0 0.860547 0.761806 0.013281 0.023611
0 0.714844 0.652083 0.015625 0.018056
0 0.701953 0.645139 0.014844 0.026389
0 0.721484 0.912500 0.014844 0.027778
0 0.425781 0.619444 0.014062 0.027778
0 0.280078 0.557639 0.014844 0.026389
0 0.206250 0.516667 0.012500 0.027778
0 0.141406 0.459028 0.010937 0.029167
0 0.673047 0.432639 0.011719 0.031944
