0 0.456500 0.068200 0.015700 0.021500
0 0.657400 0.843200 0.015600 0.024100
0 0.292100 0.629600 0.014300 0.023600
0 0.567100 0.642300 0.015400 0.022600
0 0.844700 0.042700 0.016300 0.024400
0 0.655900 0.305000 0.014900 0.021900
0 0.869700 0.071000 0.016200 0.021400
0 0.681900 0.608800 0.015700 0.022900
0 0.507200 0.066200 0.015900 0.022000
0 0.233900 0.818800 0.016400 0.024200
0 0.844500 0.656200 0.015300 0.024400
0 0.046100 0.595200 0.015300 0.024100
0 0.172000 0.842400 0.016800 0.022100
0 0.143300 0.656000 0.015200 0.022200
0 0.209000 0.770700 0.016000 0.023900
0 0.883500 0.644300 0.013800 0.024400
0 0.284400 0.667000 0.014100 0.024300
0 0.916700 0.206300 0.015900 0.023300
0 0.144900 0.369800 0.015400 0.022500
0 0.183300 0.827700 0.015100 0.022000
0 0.659100 0.555200 0.015100 0.020900
0 0.668100 0.105400 0.015900 0.023800
0 0.253800 0.478700 0.017200 0.022700
0 0.942200 0.756300 0.015300 0.025900
0 0.884100 0.182300 0.015600 0.021700
0 0.757800 0.704900 0.015200 0.022500
0 0.255900 0.507700 0.014600 0.024300
0 0.527900 0.508300 0.014800 0.027300
0 0.120600 0.895600 0.016900 0.022400
0 0.277500 0.130100 0.017600 0.021400
0 0.383900 0.081100 0.014500 0.023700
0 0.207200 0.380300 0.015700 0.023400
0 0.521000 0.208900 0.014800 0.024700
0 0.592000 0.406300 0.016200 0.020600
0 0.210700 0.106500 0.015000 0.023500
0 0.655600 0.807800 0.014300 0.025000
0 0.891700 0.570500 0.014800 0.023800
0 0.341900 0.656300 0.014700 0.022600
0 0.846200 0.444300 0.017000 0.019700
0 0.877700 0.557300 0.015800 0.023200
0 0.544500 0.669600 0.014600 0.022500
0 0.291300 0.141600 0.017000 0.020100
0 0.384200 0.681900 0.015100 0.023800
0 0.804900 0.506200 0.015100 0.022700
0 0.692500 0.531100 0.014600 0.022100
0 0.584800 0.181400 0.015600 0.023200
0 0.194300 0.492900 0.015400 0.022800
0 0.448200 0.094300 0.016500 0.021800
0 0.647000 0.595700 0.016200 0.021700
0 0.664300 0.719800 0.015000 0.022100
0 0.808700 0.295700 0.015500 0.022500
0 0.683600 0.066300 0.014500 0.024200
0 0.453300 0.769500 0.016100 0.022600
0 0.654700 0.681300 0.016900 0.022000
0 0.702500 0.108900 0.015100 0.025100
0 0.071400 0.509300 0.015300 0.022600
0 0.307700 0.670500 0.015000 0.024300
0 0.870700 0.309900 0.014800 0.022500
0 0.684700 0.743000 0.014700 0.022600
0 0.842200 0.379500 0.016400 0.023000
0 0.397500 0.766900 0.016300 0.024900
0 0.671300 0.643100 0.014700 0.024800
0 0.671200 0.229900 0.016400 0.024600
0 0.529900 0.172300 0.014300 0.023600
0 0.321300 0.341800 0.015000 0.022600
0 0.357700 0.042700 0.016600 0.020600
0 0.656600 0.734000 0.015500 0.020400
0 0.870700 0.767000 0.014400 0.024700
0 0.581100 0.065600 0.015100 0.022800
0 0.859800 0.058100 0.016100 0.021000
0 0.044700 0.040900 0.015500 0.025400
0 0.904600 0.252900 0.015800 0.023300
0 0.229600 0.408500 0.013900 0.021500
0 0.557400 0.689700 0.014700 0.021800
0 0.447400 0.116300 0.016200 0.022500
0 0.520600 0.134000 0.013900 0.022600
0 0.404600 0.520000 0.014000 0.024000
0 0.894000 0.484200 0.014600 0.025700
0 0.929800 0.291100 0.014500 0.022000
0 0.691700 0.433800 0.015000 0.022900
0 0.396900 0.156300 0.015400 0.022100
0 0.381900 0.116200 0.015700 0.022000
0 0.382800 0.484100 0.014000 0.024500
0 0.134100 0.722300 0.014900 0.022000
0 0.432900 0.241200 0.014600 0.026300
0 0.141000 0.557400 0.015800 0.024000
0 0.546300 0.491600 0.014800 0.022800
0 0.641500 0.943200 0.015000 0.025300
0 0.653200 0.570500 0.016600 0.019400
0 0.671800 0.253100 0.016000 0.023600
0 0.915400 0.153400 0.015100 0.022000
0 0.072600 0.157800 0.017000 0.022200
0 0.122000 0.868000 0.015400 0.023500
0 0.770300 0.693500 0.015100 0.022600
0 0.844400 0.918300 0.015700 0.025300
0 0.482800 0.390700 0.014900 0.023600
0 0.181400 0.554300 0.016500 0.021400
0 0.845700 0.556500 0.015000 0.020900
0 0.340600 0.045000 0.015300 0.022900
0 0.909100 0.229000 0.015300 0.024400
0 0.744100 0.707700 0.014700 0.025300
0 0.243400 0.127700 0.016300 0.022400
0 0.289600 0.580400 0.015400 0.022700
0 0.829800 0.741500 0.014800 0.023900
0 0.829400 0.772200 0.015500 0.023500
0 0.008700 0.170600 0.012700 0.021500
0 0.246500 0.418200 0.016300 0.022100
0 0.844500 0.343300 0.016100 0.022700
0 0.708000 0.495600 0.016100 0.022800
0 0.509200 0.659300 0.014800 0.023200
0 0.883800 0.841100 0.016500 0.023200
0 0.628200 0.792700 0.015500 0.024100
0 0.278900 0.254300 0.018600 0.022300
0 0.347000 0.342500 0.015500 0.022600
0 0.656300 0.079100 0.015500 0.024300
0 0.281700 0.034000 0.015100 0.025600
0 0.857100 0.944400 0.017500 0.023800
0 0.265200 0.393700 0.014700 0.024600
0 0.296800 0.845900 0.017300 0.024300
0 0.498500 0.568600 0.014700 0.024500
0 0.271400 0.769800 0.016400 0.024900
0 0.595600 0.421200 0.015500 0.019300
0 0.756800 0.720100 0.014900 0.024000
0 0.478600 0.716600 0.015300 0.022800
0 0.692400 0.083900 0.014400 0.024600
0 0.840500 0.069400 0.014600 0.022400
0 0.969200 0.240500 0.015800 0.021000
0 0.156800 0.340800 0.013800 0.025600
0 0.645400 0.103200 0.016800 0.023500
0 0.946800 0.872400 0.016300 0.022000
0 0.777900 0.083300 0.014800 0.024700
0 0.353500 0.120200 0.017100 0.021100
0 0.177800 0.039900 0.017100 0.022400
0 0.767900 0.184300 0.015200 0.024800
0 0.241500 0.666600 0.016000 0.024000
0 0.409000 0.180800 0.014700 0.024600
0 0.443800 0.410100 0.014100 0.021300
0 0.819100 0.490300 0.015600 0.020700
0 0.466500 0.353000 0.013300 0.024400
0 0.095300 0.497600 0.014800 0.022200
0 0.706900 0.731600 0.015500 0.024500
0 0.154000 0.695800 0.015500 0.022900
0 0.759000 0.084300 0.015600 0.024600
0 0.559400 0.744100 0.016200 0.020800
0 0.590800 0.479400 0.015800 0.023300
0 0.814700 0.758800 0.016000 0.023100
0 0.543900 0.339900 0.016000 0.020900
0 0.631100 0.240100 0.015200 0.023400
0 0.966600 0.483200 0.016300 0.023900
0 0.435600 0.270900 0.014600 0.026400
0 0.741700 0.040600 0.016600 0.022300
0 0.681100 0.128400 0.014300 0.024700
0 0.651700 0.330000 0.015500 0.022500
0 0.439700 0.530400 0.015600 0.023500
0 0.760300 0.805400 0.016000 0.022400
0 0.035500 0.903000 0.015800 0.023000
0 0.116600 0.039700 0.015400 0.022700
0 0.590700 0.432200 0.016200 0.020800
0 0.507800 0.335600 0.016900 0.021900
0 0.220000 0.445000 0.015900 0.020600
0 0.284000 0.077400 0.014100 0.023900
0 0.582000 0.777100 0.014700 0.021400
0 0.871200 0.540100 0.015500 0.023100
0 0.959300 0.910400 0.014900 0.023600
0 0.877600 0.505100 0.015900 0.023100
0 0.705000 0.434800 0.014600 0.022200
0 0.101800 0.091400 0.016900 0.022700
0 0.071700 0.748000 0.015300 0.026100
0 0.156200 0.116000 0.015000 0.022100
0 0.120600 0.815300 0.015000 0.024400
0 0.439100 0.510100 0.015100 0.023300
0 0.376700 0.066400 0.014500 0.023200
0 0.740200 0.768200 0.014700 0.020600
0 0.226300 0.292800 0.015300 0.023500
0 0.771200 0.344100 0.014400 0.025100
0 0.890200 0.420800 0.016700 0.022700
0 0.334100 0.683700 0.014800 0.024500
0 0.219700 0.434000 0.016800 0.021000
0 0.576600 0.629300 0.015500 0.022900
0 0.404100 0.452500 0.014800 0.023500
0 0.135400 0.669800 0.014800 0.022500
0 0.648100 0.042200 0.014700 0.021600
0 0.681100 0.759300 0.015400 0.025200
0 0.818500 0.954500 0.017100 0.028100
0 0.931800 0.565000 0.015700 0.022500
0 0.893700 0.297800 0.013400 0.022700
0 0.185900 0.120900 0.014400 0.023300
0 0.348200 0.495200 0.014900 0.023400
0 0.885700 0.605400 0.015800 0.021400
0 0.218300 0.547600 0.015600 0.021800
0 0.832700 0.554900 0.015100 0.021900
0 0.479500 0.823200 0.015700 0.021800
0 0.505300 0.760100 0.014000 0.023800
0 0.845600 0.980500 0.014900 0.021800
0 0.071200 0.890900 0.016500 0.024600
0 0.652100 0.177700 0.015500 0.023500
0 0.860300 0.115000 0.016200 0.022100
0 0.719900 0.389600 0.014700 0.025400
0 0.908500 0.401800 0.015600 0.022500
0 0.742300 0.297900 0.016800 0.022500
0 0.365000 0.968600 0.015000 0.022400
0 0.608400 0.958900 0.018200 0.025500
0 0.930400 0.958600 0.014600 0.024100
0 0.847800 0.680200 0.014700 0.026800
0 0.264100 0.958000 0.016600 0.022400
0 0.039100 0.067200 0.016000 0.022800
0 0.656400 0.447800 0.015100 0.022200
0 0.183600 0.565100 0.015700 0.022200
0 0.769000 0.095600 0.014400 0.022800
0 0.578700 0.542300 0.017600 0.023600
0 0.682200 0.965700 0.013000 0.023300
0 0.621700 0.916700 0.014500 0.026300
0 0.752000 0.765200 0.014000 0.022700
0 0.027600 0.397700 0.016100 0.022800
0 0.870100 0.971800 0.015500 0.021100
0 0.101600 0.133900 0.016600 0.022400
0 0.245700 0.402300 0.016700 0.020500
0 0.984100 0.821600 0.014600 0.027000
0 0.623400 0.847500 0.015200 0.024100
0 0.144000 0.811100 0.015700 0.021100
0 0.314800 0.165400 0.017000 0.021500
0 0.867200 0.376500 0.015800 0.021200
0 0.080700 0.022700 0.014700 0.024700
0 0.771600 0.333800 0.015300 0.024200
0 0.643200 0.151900 0.014400 0.023800
0 0.423600 0.206200 0.015200 0.023700
0 0.135700 0.521900 0.014700 0.023900
0 0.769300 0.108900 0.014400 0.023500
0 0.291500 0.335500 0.015000 0.024700
0 0.342800 0.161400 0.015400 0.021500
0 0.564000 0.784700 0.014500 0.024500
0 0.469800 0.148400 0.015000 0.019600
0 0.856300 0.546600 0.015900 0.022100
0 0.985100 0.235200 0.014100 0.023800
0 0.022000 0.410800 0.015800 0.022400
0 0.852900 0.723200 0.015700 0.022300
0 0.817300 0.021700 0.014700 0.024800
0 0.217400 0.935700 0.017000 0.020900
0 0.438900 0.906400 0.016500 0.023500
0 0.410700 0.847200 0.016700 0.023100
0 0.273500 0.302700 0.015100 0.024000
0 0.519900 0.785600 0.014200 0.023600
0 0.890400 0.940000 0.016600 0.020200
0 0.618300 0.827500 0.015100 0.021700
0 0.577200 0.520000 0.016300 0.022200
0 0.886000 0.355800 0.015200 0.023500
0 0.148600 0.619600 0.015900 0.022000
0 0.614900 0.139500 0.014400 0.022700
0 0.054400 0.061100 0.015900 0.022500
0 0.792100 0.659900 0.014700 0.026300
0 0.472600 0.052100 0.016900 0.022100
0 0.919500 0.301500 0.014600 0.022800
0 0.268400 0.077200 0.013500 0.022300
0 0.297600 0.423500 0.013800 0.025000
0 0.240400 0.117200 0.016000 0.023200
0 0.093000 0.689200 0.014600 0.023500
0 0.966900 0.069900 0.016500 0.022400
0 0.156500 0.964800 0.015500 0.023100
0 0.459700 0.785300 0.016600 0.021100
0 0.801300 0.779600 0.015800 0.023500
0 0.257500 0.152100 0.014800 0.021200
0 0.872100 0.909100 0.016500 0.021000
0 0.677700 0.048100 0.014600 0.023300
0 0.376800 0.104400 0.016800 0.022100
0 0.548600 0.531800 0.015200 0.024200
0 0.498400 0.389300 0.015100 0.023300
0 0.516800 0.435400 0.015900 0.023000
0 0.955700 0.290700 0.015700 0.023500
0 0.098300 0.731600 0.015300 0.023500
0 0.214100 0.073000 0.015200 0.022300
0 0.976800 0.102400 0.015400 0.024100
0 0.905000 0.936000 0.014900 0.021100
0 0.332200 0.098400 0.017100 0.022000
0 0.631000 0.902500 0.015300 0.028300
0 0.851100 0.768500 0.015800 0.023800
0 0.730900 0.573600 0.014300 0.023200
0 0.016000 0.352700 0.015300 0.022600
0 0.847300 0.081600 0.015400 0.022000
0 0.905900 0.289400 0.014200 0.022900
0 0.978500 0.184600 0.015700 0.023400
0 0.392900 0.177200 0.015200 0.022500
0 0.816200 0.336300 0.015100 0.022700
0 0.272400 0.479600 0.016000 0.022700
0 0.105300 0.877500 0.015000 0.023000
0 0.985200 0.456900 0.014300 0.021700
0 0.241500 0.960800 0.015900 0.022300
0 0.447200 0.257200 0.014500 0.027700
0 0.609200 0.889400 0.014800 0.026600
0 0.014400 0.116600 0.018200 0.023300
0 0.626800 0.560300 0.016200 0.020500
0 0.003800 0.852300 0.007800 0.023400
0 0.783300 0.689200 0.015400 0.023400
0 0.011300 0.970500 0.014400 0.024900
0 0.056000 0.376600 0.015700 0.023000
0 0.482300 0.410900 0.014700 0.023600
0 0.121100 0.034200 0.015000 0.022300
0 0.695300 0.490300 0.015200 0.022900
0 0.922000 0.539100 0.015400 0.022400
0 0.889500 0.332200 0.015000 0.025400
0 0.851200 0.702200 0.014500 0.026500
0 0.823600 0.286000 0.015000 0.021900
0 0.710700 0.723400 0.015000 0.022000
0 0.793100 0.901700 0.014300 0.023000
0 0.302200 0.448200 0.015900 0.024900
0 0.618500 0.163800 0.014100 0.023200
0 0.902000 0.439400 0.016600 0.022400
0 0.098000 0.339100 0.016400 0.021800
0 0.610400 0.664000 0.014800 0.023700
0 0.006800 0.022700 0.012800 0.024300
0 0.368100 0.085500 0.014900 0.023900
0 0.141200 0.076200 0.016200 0.021800
0 0.498200 0.407800 0.015200 0.024100
0 0.983900 0.942500 0.013900 0.027300
0 0.797100 0.461300 0.015600 0.021200
0 0.235600 0.214100 0.015500 0.023200
0 0.272000 0.098600 0.014500 0.023400
0 0.167300 0.576600 0.014800 0.021700
0 0.594600 0.978000 0.015500 0.022500
0 0.406600 0.313900 0.015600 0.026000
0 0.424000 0.022100 0.015700 0.023400
0 0.689100 0.551900 0.015400 0.022400
0 0.665900 0.423900 0.015600 0.021700
0 0.311500 0.635100 0.014700 0.022000
0 0.518500 0.689000 0.015700 0.022500
0 0.322100 0.438900 0.015800 0.023600
0 0.385700 0.791600 0.016900 0.028300
0 0.253600 0.073700 0.014200 0.022300
0 0.972900 0.059800 0.014800 0.024300
0 0.019600 0.601600 0.013900 0.021900
0 0.598800 0.322500 0.015200 0.020700
0 0.435200 0.776300 0.016300 0.019700
0 0.554700 0.473800 0.014700 0.022900
0 0.132422 0.013194 0.016406 0.020833
0 0.147266 0.017361 0.010156 0.029167
0 0.029297 0.159028 0.011719 0.029167
0 0.041016 0.168750 0.011719 0.034722
0 0.050391 0.144444 0.017969 0.022222
0 0.130859 0.111806 0.019531 0.023611
0 0.063672 0.263194 0.010156 0.037500
0 0.075000 0.313889 0.017188 0.019444
0 0.077344 0.297917 0.014062 0.020833
0 0.088672 0.293056 0.014844 0.030556
0 0.103125 0.286111 0.010937 0.030556
0 0.132031 0.361806 0.017188 0.034722
0 0.175391 0.423611 0.014844 0.027778
0 0.181641 0.368750 0.011719 0.034722
0 0.219141 0.162500 0.011719 0.030556
0 0.182422 0.146528 0.010156 0.034722
0 0.182031 0.172917 0.015625 0.023611
0 0.192969 0.177778 0.017188 0.019444
0 0.191406 0.196528 0.014062 0.023611
0 0.193750 0.225694 0.015625 0.023611
0 0.201562 0.154167 0.009375 0.030556
0 0.200000 0.125694 0.012500 0.029167
0 0.245703 0.327083 0.011719 0.037500
0 0.157422 0.371528 0.010156 0.034722
0 0.331250 0.181944 0.017188 0.027778
0 0.454297 0.202083 0.011719 0.034722
0 0.402344 0.354167 0.009375 0.030556
0 0.357031 0.399306 0.010937 0.034722
0 0.373437 0.407639 0.010937 0.029167
0 0.385156 0.395139 0.012500 0.026389
0 0.437109 0.313889 0.008594 0.027778
0 0.432813 0.337500 0.012500 0.027778
0 0.484766 0.323611 0.010156 0.036111
0 0.491797 0.444444 0.010156 0.033333
0 0.277734 0.602083 0.017969 0.020833
0 0.111328 0.936111 0.014844 0.025000
0 0.069922 0.962500 0.010156 0.033333
0 0.093750 0.947917 0.010937 0.031944
0 0.048828 0.988889 0.016406 0.022222
0 0.059375 0.917361 0.007813 0.029167
0 0.047656 0.930556 0.012500 0.027778
0 0.015234 0.656944 0.013281 0.036111
0 0.030078 0.509028 0.013281 0.029167
0 0.041797 0.513889 0.014844 0.033333
0 0.592188 0.125694 0.015625 0.026389
0 0.579687 0.135417 0.012500 0.029167
0 0.800391 0.060417 0.013281 0.034722
0 0.900000 0.086111 0.014062 0.041667
0 0.922656 0.111806 0.010937 0.040278
0 0.949609 0.150694 0.017969 0.031944
0 0.943359 0.125000 0.011719 0.030556
0 0.939453 0.100000 0.011719 0.033333
0 0.993359 0.064583 0.011719 0.031944
0 0.868750 0.247222 0.010937 0.041667
0 0.788672 0.256250 0.013281 0.034722
0 0.784375 0.367361 0.012500 0.037500
0 0.845312 0.305556 0.010937 0.033333
0 0.876562 0.395139 0.012500 0.029167
0 0.993359 0.556944 0.011719 0.030556
0 0.731250 0.984722 0.020312 0.030556
0 0.586328 0.727778 0.014844 0.027778
0 0.513281 0.711806 0.015625 0.026389
0 0.535156 0.693056 0.010937 0.033333
0 0.439063 0.562500 0.014062 0.027778
0 0.413281 0.576389 0.014062 0.025000
0 0.400781 0.579167 0.010937 0.019444
0 0.400000 0.601389 0.012500 0.027778
0 0.391797 0.579167 0.011719 0.025000
0 0.431641 0.614583 0.016406 0.026389
0 0.272266 0.878472 0.014844 0.031944
0 0.345703 0.980556 0.016406 0.038889
0 0.936719 0.617361 0.014062 0.031944
0 0.993359 0.853472 0.011719 0.023611
0 0.930469 0.690278 0.010937 0.036111
0 0.942187 0.652778 0.012500 0.033333
0 0.968750 0.654167 0.010937 0.038889
0 0.979297 0.645139 0.007031 0.031944
0 0.990625 0.655556 0.010937 0.033333
0 0.719922 0.479861 0.010156 0.040278
0 0.744531 0.415972 0.007813 0.043056
0 0.747656 0.443750 0.014062 0.031944
0 0.534766 0.823611 0.011719 0.025000
0 0.535156 0.840278 0.012500 0.022222
0 0.345703 0.596528 0.016406 0.031944
0 0.370703 0.607639 0.011719 0.031944
0 0.164063 0.506250 0.012500 0.023611
0 0.157031 0.517361 0.014062 0.029167
0 0.773438 0.161806 0.012500 0.031944
0 0.679297 0.918056 0.010156 0.038889
0 0.583203 0.913889 0.011719 0.041667
0 0.407422 0.949306 0.013281 0.034722
0 0.489844 0.943056 0.012500 0.027778
0 0.485938 0.962500 0.015625 0.022222
0 0.467969 0.964583 0.010937 0.031944
0 0.416406 0.676389 0.015625 0.030556
0 0.287500 0.509028 0.009375 0.034722
0 0.091797 0.612500 0.016406 0.027778
0 0.104297 0.613194 0.010156 0.040278
0 0.302734 0.054861 0.013281 0.029167
0 0.600781 0.450000 0.017188 0.022222
0 0.298828 0.694444 0.011719 0.030556
0 0.709375 0.637500 0.015625 0.019444
0 0.717578 0.645139 0.010156 0.026389
0 0.893359 0.872917 0.010156 0.031944
0 0.510938 0.886111 0.014062 0.033333
0 0.486719 0.777083 0.009375 0.034722
0 0.513281 0.547917 0.009375 0.031944
0 0.467578 0.588194 0.013281 0.031944
0 0.829687 0.846528 0.014062 0.026389
0 0.946875 0.320833 0.010937 0.030556
0 0.791406 0.200694 0.009375 0.034722
0 0.817187 0.210417 0.010937 0.040278
0 0.835938 0.201389 0.012500 0.027778
0 0.912500 0.626389 0.009375 0.030556
0 0.765625 0.650694 0.012500 0.023611
0 0.750000 0.637500 0.010937 0.038889
0 0.779688 0.576389 0.009375 0.033333
0 0.812109 0.531944 0.010156 0.033333
0 0.787891 0.540972 0.022656 0.023611
0 0.785156 0.523611 0.015625 0.022222
0 0.512891 0.469444 0.010156 0.030556
0 0.468750 0.267361 0.010937 0.040278
0 0.478906 0.261111 0.012500 0.033333
0 0.534375 0.257639 0.012500 0.029167
0 0.555859 0.280556 0.011719 0.030556
0 0.568359 0.274306 0.013281 0.026389
0 0.214844 0.812500 0.012500 0.036111
0 0.153906 0.238194 0.010937 0.034722
0 0.572266 0.826389 0.014844 0.030556
0 0.728125 0.770833 0.010937 0.036111
0 0.769922 0.741667 0.011719 0.030556
0 0.683594 0.475000 0.015625 0.027778
0 0.530859 0.306250 0.016406 0.026389
0 0.295703 0.371528 0.013281 0.029167
0 0.797266 0.113194 0.011719 0.037500
0 0.797656 0.114583 0.017188 0.023611
0 0.704687 0.147917 0.012500 0.031944
0 0.711719 0.141667 0.012500 0.033333
0 0.714063 0.327083 0.010937 0.034722
0 0.726172 0.329167 0.010156 0.033333
0 0.355469 0.188194 0.018750 0.023611
0 0.086719 0.369444 0.017188 0.025000
0 0.956641 0.206250 0.014844 0.031944
0 0.721094 0.025000 0.012500 0.036111
0 0.709766 0.916667 0.013281 0.025000
0 0.721484 0.894444 0.013281 0.030556
0 0.708594 0.901389 0.015625 0.027778
0 0.677734 0.113194 0.014844 0.020833
0 0.032812 0.525694 0.010937 0.026389
0 0.078516 0.930556 0.014844 0.022222
