0 0.718000 0.907200 0.015200 0.020900
0 0.881300 0.808400 0.016400 0.019100
0 0.692200 0.807200 0.016900 0.022600
0 0.766700 0.557900 0.015500 0.019700
0 0.944700 0.605400 0.017200 0.019700
0 0.445700 0.317000 0.012700 0.018900
0 0.558100 0.757400 0.015100 0.019400
0 0.754300 0.765900 0.014300 0.023700
0 0.302300 0.646000 0.016600 0.020300
0 0.852000 0.608400 0.017200 0.019600
0 0.691600 0.719400 0.017200 0.021500
0 0.510500 0.680700 0.014100 0.020900
0 0.842700 0.432000 0.015400 0.022100
0 0.871500 0.903700 0.018600 0.020900
0 0.797900 0.505800 0.015100 0.021200
0 0.264500 0.921900 0.013900 0.022400
0 0.902700 0.628600 0.014900 0.023200
0 0.696100 0.421100 0.015800 0.021600
0 0.505800 0.467300 0.012700 0.021000
0 0.619400 0.583000 0.015100 0.023300
0 0.268400 0.607400 0.013000 0.021200
0 0.904300 0.134200 0.015000 0.020500
0 0.283800 0.755500 0.015000 0.020200
0 0.771600 0.280800 0.015300 0.021300
0 0.873400 0.831800 0.016800 0.019500
0 0.568200 0.543500 0.013200 0.025500
0 0.691100 0.955600 0.017300 0.016900
0 0.934000 0.723000 0.017800 0.018800
0 0.918500 0.906100 0.018700 0.016800
0 0.746300 0.945400 0.015300 0.019300
0 0.556700 0.822300 0.016700 0.018500
0 0.730000 0.552700 0.015300 0.021700
0 0.660000 0.871700 0.014900 0.026400
0 0.646300 0.120100 0.015900 0.021200
0 0.230700 0.592200 0.013200 0.019000
0 0.881300 0.328700 0.017200 0.021800
0 0.215200 0.978100 0.016600 0.021500
0 0.566800 0.909600 0.014000 0.020100
0 0.253300 0.883200 0.012700 0.025000
0 0.919900 0.465300 0.016300 0.021200
0 0.169900 0.770100 0.017100 0.020300
0 0.859300 0.170500 0.015300 0.024900
0 0.845100 0.327200 0.015300 0.017800
0 0.804200 0.646300 0.014400 0.023600
0 0.222100 0.668500 0.014700 0.020100
0 0.945800 0.454900 0.016400 0.020100
0 0.581800 0.710000 0.013300 0.023600
0 0.667400 0.757800 0.016400 0.026800
0 0.970300 0.544600 0.014900 0.026900
0 0.472600 0.409200 0.016400 0.019600
0 0.267300 0.717800 0.014900 0.019700
0 0.744100 0.877500 0.013100 0.024300
0 0.118100 0.809200 0.017700 0.020200
0 0.819900 0.671900 0.013400 0.025100
0 0.696600 0.571500 0.016400 0.021700
0 0.183500 0.542400 0.014500 0.018800
0 0.507500 0.509200 0.013300 0.024800
0 0.771800 0.103600 0.017600 0.026700
0 0.259300 0.532200 0.013100 0.020400
0 0.259800 0.596000 0.013000 0.020000
0 0.897200 0.114800 0.015200 0.021400
0 0.476800 0.491300 0.014200 0.022700
0 0.764300 0.777100 0.016400 0.020100
0 0.256500 0.831000 0.011400 0.032800
0 0.902200 0.516500 0.016400 0.022900
0 0.657800 0.821800 0.016000 0.026400
0 0.444700 0.444400 0.013900 0.019300
0 0.506900 0.639600 0.015300 0.021000
0 0.756600 0.346100 0.013500 0.024800
0 0.946100 0.090300 0.015700 0.022900
0 0.811300 0.416500 0.013400 0.028200
0 0.289800 0.777600 0.011800 0.024600
0 0.823600 0.191200 0.015900 0.021600
0 0.491600 0.401700 0.017000 0.018900
0 0.221700 0.145800 0.019400 0.019700
0 0.609000 0.483200 0.015600 0.020200
0 0.534300 0.813800 0.017000 0.018300
0 0.144800 0.305500 0.014300 0.025700
0 0.473500 0.523200 0.014900 0.022400
0 0.452200 0.642800 0.012400 0.031800
0 0.177900 0.482800 0.015600 0.019600
0 0.265400 0.165400 0.014600 0.023400
0 0.964300 0.602500 0.018700 0.020000
0 0.839200 0.565900 0.015700 0.020000
0 0.316200 0.415100 0.018000 0.022200
0 0.622700 0.527500 0.014700 0.019000
0 0.392800 0.409800 0.018900 0.018500
0 0.207400 0.245000 0.016500 0.026800
0 0.627300 0.178700 0.013900 0.028200
0 0.548500 0.983800 0.014500 0.020800
0 0.440900 0.380500 0.014000 0.019900
0 0.651400 0.430100 0.016300 0.020700
0 0.234900 0.343400 0.014800 0.026000
0 0.666400 0.784800 0.017200 0.027200
0 0.761400 0.655000 0.014000 0.023300
0 0.454900 0.228000 0.017000 0.020500
0 0.551300 0.465900 0.014400 0.022500
0 0.823500 0.165700 0.015500 0.021000
0 0.638900 0.482500 0.015700 0.022500
0 0.897000 0.227100 0.016700 0.021700
0 0.798400 0.332000 0.015800 0.019600
0 0.460700 0.473100 0.013300 0.022400
0 0.171000 0.614400 0.014500 0.020300
0 0.451800 0.509900 0.015000 0.020800
0 0.511300 0.395300 0.016900 0.020400
0 0.632700 0.605200 0.015200 0.027100
0 0.470800 0.373200 0.015100 0.018600
0 0.536400 0.897500 0.014800 0.017700
0 0.848200 0.801200 0.017300 0.018400
0 0.542400 0.634200 0.013800 0.020600
0 0.196500 0.939300 0.015200 0.020300
0 0.871900 0.385800 0.016800 0.020000
0 0.209375 0.171528 0.010937 0.026389
0 0.166797 0.326389 0.017969 0.027778
0 0.178516 0.285417 0.016406 0.031944
0 0.216016 0.279167 0.016406 0.027778
0 0.082031 0.386111 0.012500 0.030556
0 0.078516 0.574306 0.011719 0.029167
0 0.032031 0.585417 0.012500 0.029167
0 0.312500 0.174306 0.009375 0.031944
0 0.257813 0.420139 0.017188 0.029167
0 0.209375 0.375000 0.017188 0.025000
0 0.253906 0.363889 0.014062 0.033333
0 0.359375 0.383333 0.012500 0.027778
0 0.362891 0.622222 0.013281 0.030556
0 0.328125 0.282639 0.012500 0.026389
0 0.300781 0.106250 0.010937 0.023611
0 0.360938 0.094444 0.012500 0.036111
0 0.398047 0.034722 0.011719 0.033333
0 0.440625 0.127083 0.014062 0.034722
0 0.614844 0.101389 0.012500 0.027778
0 0.635547 0.081250 0.011719 0.031944
0 0.989844 0.864583 0.010937 0.029167
0 0.018750 0.043056 0.015625 0.027778
0 0.007031 0.016667 0.014062 0.019444
0 0.091406 0.124306 0.012500 0.037500
0 0.151953 0.150694 0.019531 0.023611
0 0.189453 0.184722 0.016406 0.022222
0 0.186719 0.131250 0.012500 0.026389
0 0.139062 0.045833 0.014062 0.027778
0 0.018750 0.409028 0.012500 0.023611
0 0.023438 0.415278 0.015625 0.022222
0 0.185937 0.220833 0.012500 0.033333
0 0.987891 0.616667 0.014844 0.030556
0 0.980859 0.643056 0.014844 0.019444
0 0.970703 0.636806 0.013281 0.029167
0 0.977734 0.616667 0.011719 0.030556
0 0.760547 0.972222 0.016406 0.027778
0 0.814062 0.859028 0.015625 0.023611
0 0.780859 0.825694 0.014844 0.029167
0 0.771094 0.717361 0.018750 0.020833
0 0.860156 0.016667 0.015625 0.019444
0 0.874609 0.037500 0.016406 0.022222
0 0.882812 0.058333 0.015625 0.022222
0 0.862500 0.193750 0.010937 0.029167
0 0.761328 0.198611 0.016406 0.027778
0 0.736719 0.195139 0.015625 0.023611
0 0.690234 0.233333 0.014844 0.030556
0 0.630078 0.286806 0.016406 0.029167
0 0.387109 0.321528 0.017969 0.026389
0 0.404687 0.311111 0.014062 0.022222
0 0.437109 0.295139 0.014844 0.023611
0 0.369922 0.476389 0.013281 0.027778
0 0.428125 0.377083 0.014062 0.023611
0 0.098047 0.581944 0.014844 0.022222
0 0.090234 0.560417 0.014844 0.029167
0 0.103125 0.690972 0.012500 0.034722
0 0.071094 0.691667 0.014062 0.036111
0 0.022266 0.684028 0.013281 0.029167
0 0.064062 0.038889 0.014062 0.025000
0 0.041797 0.023611 0.013281 0.025000
0 0.262500 0.053472 0.014062 0.031944
0 0.269141 0.015972 0.011719 0.020833
0 0.410156 0.594444 0.015625 0.025000
0 0.495313 0.882639 0.015625 0.029167
0 0.489062 0.911806 0.014062 0.023611
0 0.470313 0.864583 0.015625 0.026389
0 0.289062 0.976389 0.014062 0.030556
0 0.305078 0.976389 0.011719 0.030556
0 0.150391 0.903472 0.013281 0.029167
0 0.062109 0.867361 0.014844 0.026389
0 0.033984 0.847917 0.014844 0.023611
0 0.346094 0.854861 0.015625 0.026389
0 0.375000 0.825000 0.015625 0.025000
0 0.378125 0.768750 0.015625 0.026389
0 0.317969 0.804167 0.014062 0.030556
0 0.486328 0.747917 0.014844 0.029167
0 0.638281 0.737500 0.012500 0.030556
0 0.051953 0.862500 0.013281 0.022222
0 0.765625 0.731250 0.010937 0.037500
0 0.610547 0.025000 0.016406 0.025000
0 0.963281 0.264583 0.014062 0.023611
0 0.980859 0.293056 0.013281 0.022222
0 0.975781 0.301389 0.012500 0.025000
0 0.884766 0.213194 0.014844 0.029167
0 0.697656 0.445139 0.017188 0.026389
0 0.653516 0.477778 0.013281 0.027778
0 0.543750 0.296528 0.017188 0.020833
0 0.558203 0.285417 0.011719 0.031944
0 0.437500 0.618056 0.010937 0.027778
0 0.701953 0.580556 0.011719 0.027778
0 0.284766 0.143750 0.011719 0.031944
0 0.116016 0.088194 0.016406 0.026389
