0 0.022000 0.027000 0.016000 0.021000
0 0.098000 0.027000 0.016000 0.021000
0 0.119000 0.062000 0.016000 0.021000
0 0.072000 0.267000 0.016000 0.021000
0 0.056000 0.287000 0.016000 0.021000
0 0.081000 0.308000 0.016000 0.021000
0 0.053000 0.327000 0.016000 0.021000
0 0.072000 0.333000 0.016000 0.021000
0 0.045000 0.506000 0.016000 0.021000
0 0.075000 0.733000 0.016000 0.021000
0 0.091000 0.744000 0.016000 0.021000
0 0.125000 0.769000 0.016000 0.021000
0 0.128000 0.704000 0.016000 0.021000
0 0.105000 0.662000 0.016000 0.021000
0 0.167000 0.725000 0.016000 0.021000
0 0.206000 0.815000 0.016000 0.021000
0 0.188000 0.787000 0.016000 0.021000
0 0.139000 0.912000 0.016000 0.021000
0 0.203000 0.925000 0.016000 0.021000
0 0.252000 0.908000 0.016000 0.021000
0 0.216000 0.854000 0.016000 0.021000
0 0.064000 0.877000 0.016000 0.021000
0 0.044000 0.869000 0.016000 0.021000
0 0.023000 0.948000 0.016000 0.021000
0 0.223000 0.981000 0.016000 0.021000
0 0.273000 0.965000 0.016000 0.021000
0 0.223000 0.660000 0.016000 0.021000
0 0.189000 0.615000 0.016000 0.021000
0 0.170000 0.650000 0.016000 0.021000
0 0.156000 0.654000 0.016000 0.021000
0 0.136000 0.654000 0.016000 0.021000
0 0.119000 0.648000 0.016000 0.021000
0 0.169000 0.371000 0.016000 0.021000
0 0.161000 0.352000 0.016000 0.021000
0 0.156000 0.331000 0.016000 0.021000
0 0.169000 0.208000 0.016000 0.021000
0 0.198000 0.235000 0.016000 0.021000
0 0.084000 0.140000 0.016000 0.021000
0 0.066000 0.140000 0.016000 0.021000
0 0.056000 0.152000 0.016000 0.021000
0 0.180000 0.054000 0.016000 0.021000
0 0.197000 0.042000 0.016000 0.021000
0 0.164000 0.087000 0.016000 0.021000
0 0.184000 0.121000 0.016000 0.021000
0 0.327000 0.198000 0.016000 0.021000
0 0.208000 0.123000 0.016000 0.021000
0 0.217000 0.135000 0.016000 0.021000
0 0.242000 0.321000 0.016000 0.021000
0 0.245000 0.348000 0.016000 0.021000
0 0.263000 0.398000 0.016000 0.021000
0 0.264000 0.410000 0.016000 0.021000
0 0.220000 0.410000 0.016000 0.021000
0 0.231000 0.462000 0.016000 0.021000
0 0.175000 0.548000 0.016000 0.021000
0 0.170000 0.579000 0.016000 0.021000
0 0.213000 0.556000 0.016000 0.021000
0 0.238000 0.540000 0.016000 0.021000
0 0.314000 0.629000 0.016000 0.021000
0 0.331000 0.465000 0.016000 0.021000
0 0.298000 0.446000 0.016000 0.021000
0 0.297000 0.425000 0.016000 0.021000
0 0.339000 0.419000 0.016000 0.021000
0 0.320000 0.348000 0.016000 0.021000
0 0.342000 0.325000 0.016000 0.021000
0 0.300000 0.119000 0.016000 0.021000
0 0.283000 0.100000 0.016000 0.021000
0 0.288000 0.075000 0.016000 0.021000
0 0.278000 0.067000 0.016000 0.021000
0 0.314000 0.046000 0.016000 0.021000
0 0.336000 0.025000 0.016000 0.021000
0 0.356000 0.079000 0.016000 0.021000
0 0.370000 0.148000 0.016000 0.021000
0 0.370000 0.177000 0.016000 0.021000
0 0.413000 0.177000 0.016000 0.021000
0 0.380000 0.335000 0.016000 0.021000
0 0.413000 0.388000 0.016000 0.021000
0 0.445000 0.369000 0.016000 0.021000
0 0.486000 0.123000 0.016000 0.021000
0 0.481000 0.085000 0.016000 0.021000
0 0.442000 0.046000 0.016000 0.021000
0 0.411000 0.062000 0.016000 0.021000
0 0.405000 0.079000 0.016000 0.021000
0 0.447000 0.098000 0.016000 0.021000
0 0.427000 0.148000 0.016000 0.021000
0 0.419000 0.138000 0.016000 0.021000
0 0.544000 0.250000 0.016000 0.021000
0 0.528000 0.325000 0.016000 0.021000
0 0.559000 0.325000 0.016000 0.021000
0 0.450000 0.406000 0.016000 0.021000
0 0.517000 0.400000 0.016000 0.021000
0 0.530000 0.458000 0.016000 0.021000
0 0.545000 0.473000 0.016000 0.021000
0 0.422000 0.467000 0.016000 0.021000
0 0.416000 0.444000 0.016000 0.021000
0 0.386000 0.454000 0.016000 0.021000
0 0.361000 0.510000 0.016000 0.021000
0 0.395000 0.540000 0.016000 0.021000
0 0.358000 0.956000 0.016000 0.021000
0 0.481000 0.758000 0.016000 0.021000
0 0.492000 0.777000 0.016000 0.021000
0 0.461000 0.806000 0.016000 0.021000
0 0.433000 0.862000 0.016000 0.021000
0 0.461000 0.904000 0.016000 0.021000
0 0.461000 0.935000 0.016000 0.021000
0 0.456000 0.960000 0.016000 0.021000
0 0.525000 0.908000 0.016000 0.021000
0 0.533000 0.969000 0.016000 0.021000
0 0.463000 0.590000 0.016000 0.021000
0 0.431000 0.450000 0.016000 0.021000
0 0.550000 0.525000 0.016000 0.021000
0 0.530000 0.535000 0.016000 0.021000
0 0.509000 0.508000 0.016000 0.021000
0 0.523000 0.646000 0.016000 0.021000
0 0.541000 0.650000 0.016000 0.021000
0 0.536000 0.694000 0.016000 0.021000
0 0.530000 0.713000 0.016000 0.021000
0 0.534000 0.738000 0.016000 0.021000
0 0.595000 0.769000 0.016000 0.021000
0 0.553000 0.765000 0.016000 0.021000
0 0.584000 0.873000 0.016000 0.021000
0 0.636000 0.677000 0.016000 0.021000
0 0.639000 0.356000 0.016000 0.021000
0 0.669000 0.258000 0.016000 0.021000
0 0.659000 0.067000 0.016000 0.021000
0 0.683000 0.027000 0.016000 0.021000
0 0.717000 0.173000 0.016000 0.021000
0 0.723000 0.079000 0.016000 0.021000
0 0.714000 0.379000 0.016000 0.021000
0 0.711000 0.402000 0.016000 0.021000
0 0.692000 0.404000 0.016000 0.021000
0 0.620000 0.440000 0.016000 0.021000
0 0.616000 0.490000 0.016000 0.021000
0 0.650000 0.475000 0.016000 0.021000
0 0.681000 0.619000 0.016000 0.021000
0 0.684000 0.583000 0.016000 0.021000
0 0.720000 0.546000 0.016000 0.021000
0 0.734000 0.475000 0.016000 0.021000
0 0.716000 0.460000 0.016000 0.021000
0 0.689000 0.444000 0.016000 0.021000
0 0.655000 0.456000 0.016000 0.021000
0 0.678000 0.706000 0.016000 0.021000
0 0.702000 0.642000 0.016000 0.021000
0 0.708000 0.765000 0.016000 0.021000
0 0.669000 0.971000 0.016000 0.021000
0 0.677000 0.890000 0.016000 0.021000
0 0.683000 0.827000 0.016000 0.021000
0 0.669000 0.794000 0.016000 0.021000
0 0.584000 0.738000 0.016000 0.021000
0 0.548000 0.685000 0.016000 0.021000
0 0.736000 0.929000 0.016000 0.021000
0 0.680000 0.925000 0.016000 0.021000
0 0.688000 0.954000 0.016000 0.021000
0 0.756000 0.952000 0.016000 0.021000
0 0.795000 0.908000 0.016000 0.021000
0 0.817000 0.892000 0.016000 0.021000
0 0.789000 0.694000 0.016000 0.021000
0 0.756000 0.729000 0.016000 0.021000
0 0.775000 0.658000 0.016000 0.021000
0 0.766000 0.588000 0.016000 0.021000
0 0.750000 0.671000 0.016000 0.021000
0 0.752000 0.442000 0.016000 0.021000
0 0.791000 0.369000 0.016000 0.021000
0 0.797000 0.348000 0.016000 0.021000
0 0.814000 0.294000 0.016000 0.021000
0 0.833000 0.958000 0.016000 0.021000
0 0.845000 0.960000 0.016000 0.021000
0 0.870000 0.969000 0.016000 0.021000
0 0.883000 0.979000 0.016000 0.021000
0 0.919000 0.963000 0.016000 0.021000
0 0.920000 0.925000 0.016000 0.021000
0 0.880000 0.931000 0.016000 0.021000
0 0.902000 0.929000 0.016000 0.021000
0 0.884000 0.898000 0.016000 0.021000
0 0.875000 0.865000 0.016000 0.021000
0 0.894000 0.858000 0.016000 0.021000
0 0.967000 0.873000 0.016000 0.021000
0 0.923000 0.883000 0.016000 0.021000
0 0.917000 0.852000 0.016000 0.021000
0 0.938000 0.967000 0.016000 0.021000
0 0.970000 0.977000 0.016000 0.021000
0 0.878000 0.823000 0.016000 0.021000
0 0.852000 0.750000 0.016000 0.021000
0 0.863000 0.679000 0.016000 0.021000
0 0.880000 0.685000 0.016000 0.021000
0 0.911000 0.744000 0.016000 0.021000
0 0.925000 0.575000 0.016000 0.021000
0 0.911000 0.556000 0.016000 0.021000
0 0.978000 0.573000 0.016000 0.021000
0 0.988000 0.610000 0.016000 0.021000
0 0.872000 0.560000 0.016000 0.021000
0 0.864000 0.540000 0.016000 0.021000
0 0.902000 0.404000 0.016000 0.021000
0 0.920000 0.392000 0.016000 0.021000
0 0.909000 0.377000 0.016000 0.021000
0 0.870000 0.312000 0.016000 0.021000
0 0.897000 0.252000 0.016000 0.021000
0 0.853000 0.260000 0.016000 0.021000
0 0.894000 0.198000 0.016000 0.021000
0 0.869000 0.165000 0.016000 0.021000
0 0.816000 0.131000 0.016000 0.021000
0 0.741000 0.113000 0.016000 0.021000
0 0.844000 0.346000 0.016000 0.021000
0 0.927000 0.163000 0.016000 0.021000
0 0.917000 0.165000 0.016000 0.021000
0 0.969000 0.119000 0.016000 0.021000
0 0.980000 0.092000 0.016000 0.021000
0 0.956000 0.094000 0.016000 0.021000
0 0.952000 0.069000 0.016000 0.021000
0 0.952000 0.044000 0.016000 0.021000
0 0.902000 0.096000 0.016000 0.021000
0 0.938000 0.263000 0.016000 0.021000
0 0.945000 0.279000 0.016000 0.021000
0 0.956000 0.215000 0.016000 0.021000
0 0.584000 0.956000 0.016000 0.021000
0 0.888000 0.062000 0.016000 0.021000
0 0.175000 0.102000 0.016000 0.021000
0 0.641000 0.771000 0.016000 0.021000
0 0.656000 0.765000 0.016000 0.021000
0 0.464000 0.404000 0.016000 0.021000
0 0.827000 0.721000 0.016000 0.021000
0 0.820000 0.717000 0.016000 0.021000
0 0.875000 0.506000 0.016000 0.021000
0 0.833000 0.331000 0.016000 0.021000
0 0.767000 0.075000 0.016000 0.021000
0 0.019000 0.246000 0.016000 0.021000
0 0.305000 0.629000 0.016000 0.021000
0 0.236000 0.412000 0.016000 0.021000
0 0.205000 0.062000 0.016000 0.021000
0 0.281000 0.042000 0.016000 0.021000
0 0.806000 0.727000 0.016000 0.021000
0 0.797000 0.723000 0.016000 0.021000
0 0.959000 0.877000 0.016000 0.021000
0 0.681000 0.767000 0.016000 0.021000
0 0.823000 0.188000 0.016000 0.021000
0 0.448000 0.794000 0.016000 0.021000
0 0.170000 0.910000 0.016000 0.021000
0 0.817000 0.342000 0.016000 0.021000
0 0.711000 0.623000 0.016000 0.021000
0 0.645000 0.958000 0.016000 0.021000
0 0.556000 0.498000 0.016000 0.021000
0 0.236000 0.200000 0.016000 0.021000
0 0.975000 0.231000 0.016000 0.021000
0 0.983000 0.200000 0.016000 0.021000
0 0.967000 0.202000 0.016000 0.021000
0 0.344000 0.056000 0.016000 0.021000
0 0.561000 0.760000 0.016000 0.021000
0 0.600000 0.862000 0.016000 0.021000
0 0.614000 0.860000 0.016000 0.021000
0 0.594000 0.744000 0.016000 0.021000
0 0.428000 0.987000 0.016000 0.021000
0 0.498000 0.987000 0.016000 0.021000
0 0.909000 0.940000 0.016000 0.021000
0 0.903000 0.948000 0.016000 0.021000
0 0.944000 0.856000 0.016000 0.021000
0 0.948000 0.887000 0.016000 0.021000
0 0.642000 0.606000 0.016000 0.021000
0 0.836000 0.744000 0.016000 0.021000
0 0.833000 0.754000 0.016000 0.021000
0 0.841000 0.760000 0.016000 0.021000
0 0.478000 0.408000 0.016000 0.021000
0 0.492000 0.412000 0.016000 0.021000
0 0.536000 0.650000 0.016000 0.021000
0 0.675000 0.727000 0.016000 0.021000
0 0.650000 0.802000 0.016000 0.021000
0 0.945000 0.427000 0.016000 0.021000
0 0.891000 0.075000 0.016000 0.021000
0 0.628000 0.171000 0.016000 0.021000
0 0.316000 0.119000 0.016000 0.021000
0 0.942000 0.071000 0.016000 0.021000
0 0.934000 0.077000 0.016000 0.021000
0 0.664000 0.467000 0.016000 0.021000
0 0.012109 0.550000 0.008594 0.027778
0 0.020312 0.565972 0.009375 0.034722
0 0.004688 0.555556 0.009375 0.030556
0 0.004688 0.021528 0.007813 0.026389
0 0.832812 0.983333 0.014062 0.016667
0 0.630078 0.966667 0.013281 0.022222
0 0.633203 0.014583 0.014844 0.023611
0 0.698047 0.012500 0.014844 0.025000
0 0.930078 0.339583 0.010156 0.029167
0 0.454688 0.170139 0.009375 0.040278
0 0.811328 0.959028 0.010156 0.029167
0 0.261719 0.361111 0.012500 0.030556
0 0.664453 0.287500 0.011719 0.038889
0 0.600781 0.550000 0.014062 0.019444
0 0.604688 0.569444 0.012500 0.027778
0 0.617969 0.822222 0.010937 0.038889
0 0.519531 0.590972 0.010937 0.037500
0 0.723437 0.223611 0.010937 0.030556
0 0.177344 0.329861 0.010937 0.031944
0 0.183984 0.345833 0.013281 0.025000
0 0.645312 0.225694 0.010937 0.034722
0 0.992969 0.728472 0.014062 0.026389
0 0.084375 0.959028 0.012500 0.026389
0 0.307031 0.013889 0.012500 0.027778
0 0.609766 0.085417 0.013281 0.018056
0 0.621484 0.086806 0.013281 0.020833
0 0.658203 0.105556 0.016406 0.025000
0 0.622656 0.115278 0.012500 0.025000
0 0.616016 0.122222 0.011719 0.019444
0 0.873047 0.010417 0.017969 0.020833
0 0.845703 0.316667 0.016406 0.027778
0 0.109375 0.013194 0.018750 0.026389
0 0.765234 0.179861 0.014844 0.020833
0 0.768750 0.094444 0.015625 0.027778
0 0.573828 0.481250 0.011719 0.029167
0 0.071484 0.031944 0.014844 0.022222
0 0.014062 0.118056 0.015625 0.025000
0 0.060547 0.107639 0.010156 0.029167
0 0.046484 0.102778 0.013281 0.030556
0 0.042188 0.120139 0.012500 0.026389
0 0.104687 0.136806 0.010937 0.031944
0 0.132031 0.180556 0.014062 0.033333
0 0.229297 0.111111 0.014844 0.022222
0 0.233203 0.115972 0.013281 0.020833
0 0.214844 0.192361 0.009375 0.031944
0 0.207031 0.186111 0.009375 0.033333
0 0.218750 0.170833 0.012500 0.025000
0 0.219531 0.221528 0.017188 0.023611
0 0.036328 0.223611 0.013281 0.030556
0 0.051562 0.230556 0.010937 0.030556
0 0.100781 0.252778 0.010937 0.030556
0 0.073828 0.407639 0.010156 0.026389
0 0.115625 0.368056 0.015625 0.025000
0 0.064844 0.368056 0.017188 0.025000
0 0.075000 0.491667 0.015625 0.025000
0 0.033984 0.543056 0.011719 0.033333
0 0.146875 0.480556 0.015625 0.030556
0 0.161719 0.502083 0.014062 0.029167
0 0.123047 0.530556 0.016406 0.019444
0 0.119141 0.548611 0.014844 0.022222
0 0.106250 0.563889 0.014062 0.027778
0 0.023047 0.627778 0.011719 0.027778
0 0.019141 0.622222 0.011719 0.025000
0 0.014844 0.740972 0.014062 0.026389
0 0.049219 0.943056 0.014062 0.030556
0 0.085938 0.913889 0.012500 0.025000
0 0.103125 0.899306 0.010937 0.029167
0 0.129688 0.832639 0.012500 0.026389
0 0.212500 0.738889 0.009375 0.027778
0 0.275781 0.535417 0.010937 0.031944
0 0.228125 0.931250 0.010937 0.029167
0 0.319531 0.599306 0.012500 0.029167
0 0.306641 0.580556 0.011719 0.033333
0 0.404687 0.711111 0.009375 0.033333
0 0.351172 0.225000 0.008594 0.036111
0 0.313672 0.295139 0.013281 0.026389
0 0.350781 0.359722 0.009375 0.033333
0 0.458203 0.309722 0.014844 0.019444
0 0.457031 0.323611 0.007813 0.033333
0 0.464844 0.290278 0.012500 0.019444
0 0.435547 0.268750 0.013281 0.026389
0 0.432031 0.246528 0.009375 0.026389
0 0.426562 0.272222 0.009375 0.025000
0 0.422266 0.286111 0.014844 0.027778
0 0.541016 0.228472 0.011719 0.037500
0 0.499219 0.236111 0.018750 0.022222
0 0.507422 0.189583 0.014844 0.026389
0 0.286719 0.933333 0.012500 0.027778
0 0.297266 0.670833 0.010156 0.033333
0 0.260547 0.740972 0.013281 0.026389
0 0.345703 0.648611 0.011719 0.027778
0 0.360547 0.656944 0.010156 0.025000
0 0.369531 0.652778 0.012500 0.025000
0 0.370313 0.547917 0.014062 0.020833
0 0.380078 0.543056 0.008594 0.033333
0 0.411719 0.535417 0.009375 0.029167
0 0.423438 0.524306 0.017188 0.020833
0 0.421094 0.601389 0.010937 0.027778
0 0.425391 0.761806 0.014844 0.029167
0 0.426562 0.802083 0.010937 0.026389
0 0.443359 0.814583 0.010156 0.026389
0 0.496875 0.718056 0.010937 0.027778
0 0.595312 0.697917 0.010937 0.031944
0 0.596484 0.527083 0.010156 0.034722
0 0.577734 0.570833 0.011719 0.025000
0 0.554297 0.619444 0.014844 0.025000
0 0.705469 0.668750 0.010937 0.029167
0 0.609375 0.254167 0.014062 0.027778
0 0.586328 0.241667 0.017969 0.022222
0 0.600781 0.154167 0.015625 0.022222
0 0.579297 0.169444 0.011719 0.027778
0 0.585156 0.177778 0.012500 0.030556
0 0.536328 0.071528 0.017969 0.023611
0 0.529297 0.282639 0.008594 0.029167
0 0.512891 0.430556 0.010156 0.033333
0 0.678125 0.277778 0.012500 0.036111
0 0.673437 0.054167 0.010937 0.027778
0 0.678516 0.063194 0.014844 0.026389
0 0.721094 0.107639 0.018750 0.020833
0 0.753516 0.120833 0.010156 0.027778
0 0.766406 0.119444 0.009375 0.027778
0 0.789453 0.143056 0.010156 0.033333
0 0.760938 0.041667 0.009375 0.027778
0 0.774609 0.034722 0.013281 0.025000
0 0.790234 0.079167 0.016406 0.019444
0 0.805859 0.155556 0.010156 0.030556
0 0.815234 0.160417 0.011719 0.029167
0 0.818750 0.071528 0.015625 0.023611
0 0.841797 0.048611 0.013281 0.027778
0 0.855469 0.082639 0.014062 0.029167
0 0.910547 0.128472 0.010156 0.031944
0 0.962109 0.165278 0.010156 0.030556
0 0.922656 0.268750 0.010937 0.031944
0 0.872266 0.257639 0.013281 0.023611
0 0.872656 0.282639 0.010937 0.026389
0 0.805078 0.492361 0.011719 0.031944
0 0.826563 0.447222 0.010937 0.025000
0 0.837891 0.433333 0.014844 0.025000
0 0.956641 0.365972 0.010156 0.037500
0 0.927344 0.472917 0.009375 0.031944
0 0.936328 0.472917 0.011719 0.018056
0 0.871875 0.453472 0.012500 0.031944
0 0.850391 0.511111 0.013281 0.022222
0 0.862109 0.502083 0.010156 0.020833
0 0.796875 0.525694 0.010937 0.031944
0 0.809375 0.531944 0.007813 0.038889
0 0.820313 0.530556 0.014062 0.019444
0 0.913672 0.656250 0.013281 0.020833
0 0.916016 0.669444 0.008594 0.030556
0 0.933984 0.684028 0.011719 0.026389
0 0.962891 0.688194 0.010156 0.031944
0 0.980469 0.677778 0.010937 0.027778
0 0.924609 0.138889 0.014844 0.025000
0 0.938281 0.231944 0.015625 0.025000
0 0.630859 0.433333 0.014844 0.025000
0 0.742188 0.657639 0.010937 0.026389
0 0.549219 0.794444 0.014062 0.025000
0 0.559375 0.789583 0.009375 0.037500
0 0.863672 0.759722 0.010156 0.030556
0 0.924219 0.740278 0.010937 0.027778
0 0.961719 0.524306 0.009375 0.040278
0 0.823828 0.547222 0.016406 0.025000
0 0.909375 0.889583 0.012500 0.023611
0 0.774219 0.738194 0.009375 0.031944
0 0.716016 0.800000 0.010156 0.030556
0 0.642969 0.936111 0.012500 0.022222
0 0.893750 0.794444 0.012500 0.025000
0 0.717578 0.510417 0.011719 0.029167
0 0.755859 0.611111 0.011719 0.030556
0 0.248047 0.608333 0.016406 0.022222
0 0.299219 0.405556 0.010937 0.025000
0 0.436719 0.169444 0.017188 0.022222
0 0.778516 0.617361 0.011719 0.034722
0 0.893750 0.512500 0.014062 0.033333
0 0.382422 0.825000 0.011719 0.030556
0 0.271484 0.884722 0.016406 0.025000
0 0.640234 0.886806 0.010156 0.031944
0 0.626953 0.875000 0.011719 0.030556
0 0.148438 0.323611 0.012500 0.027778
0 0.475391 0.281250 0.011719 0.026389
0 0.207422 0.753472 0.010156 0.031944
0 0.503906 0.525000 0.012500 0.033333
0 0.546875 0.433333 0.018750 0.025000
0 0.692578 0.465972 0.013281 0.031944
0 0.645312 0.565972 0.010937 0.031944
0 0.659766 0.430556 0.010156 0.030556
0 0.480469 0.497222 0.012500 0.030556
0 0.480469 0.558333 0.012500 0.027778
0 0.469141 0.545833 0.014844 0.027778
0 0.426562 0.647917 0.014062 0.029167
0 0.131250 0.056250 0.010937 0.031944
0 0.578125 0.363889 0.012500 0.025000
0 0.492578 0.372222 0.014844 0.030556
0 0.692187 0.197917 0.010937 0.034722
0 0.847656 0.793750 0.010937 0.029167
0 0.709766 0.879167 0.016406 0.025000
0 0.250391 0.465278 0.011719 0.027778
0 0.241797 0.440278 0.010156 0.027778
0 0.296484 0.141667 0.013281 0.027778
0 0.362891 0.108333 0.017969 0.022222
0 0.994922 0.481250 0.010156 0.029167
0 0.769531 0.786111 0.012500 0.027778
0 0.788281 0.734028 0.012500 0.023611
0 0.783984 0.394444 0.010156 0.027778
0 0.793750 0.328472 0.014062 0.020833
0 0.782812 0.333333 0.012500 0.022222
0 0.723047 0.276389 0.013281 0.033333
0 0.766016 0.275000 0.013281 0.030556
0 0.834375 0.249306 0.010937 0.031944
0 0.863672 0.355556 0.016406 0.025000
0 0.696094 0.054861 0.010937 0.029167
0 0.707422 0.140278 0.016406 0.025000
0 0.363672 0.474306 0.011719 0.029167
0 0.627344 0.138889 0.007813 0.027778
0 0.620313 0.147917 0.007813 0.034722
0 0.165625 0.394444 0.012500 0.027778
0 0.370703 0.581250 0.011719 0.029167
0 0.423047 0.104167 0.010156 0.030556
0 0.359375 0.931250 0.010937 0.029167
0 0.471875 0.782639 0.017188 0.023611
0 0.059766 0.947222 0.014844 0.025000
0 0.634766 0.809028 0.013281 0.020833
0 0.581250 0.985417 0.017188 0.018056
