0 0.881000 0.123000 0.016000 0.021000
0 0.852000 0.052000 0.016000 0.021000
0 0.925000 0.133000 0.016000 0.021000
0 0.952000 0.158000 0.016000 0.021000
0 0.945000 0.175000 0.016000 0.021000
0 0.961000 0.188000 0.016000 0.021000
0 0.933000 0.267000 0.016000 0.021000
0 0.922000 0.208000 0.016000 0.021000
0 0.908000 0.165000 0.016000 0.021000
0 0.884000 0.160000 0.016000 0.021000
0 0.867000 0.194000 0.016000 0.021000
0 0.847000 0.200000 0.016000 0.021000
0 0.841000 0.165000 0.016000 0.021000
0 0.830000 0.171000 0.016000 0.021000
0 0.812000 0.133000 0.016000 0.021000
0 0.875000 0.242000 0.016000 0.021000
0 0.858000 0.260000 0.016000 0.021000
0 0.858000 0.321000 0.016000 0.021000
0 0.956000 0.304000 0.016000 0.021000
0 0.956000 0.342000 0.016000 0.021000
0 0.941000 0.396000 0.016000 0.021000
0 0.945000 0.419000 0.016000 0.021000
0 0.933000 0.431000 0.016000 0.021000
0 0.905000 0.412000 0.016000 0.021000
0 0.889000 0.400000 0.016000 0.021000
0 0.875000 0.404000 0.016000 0.021000
0 0.819000 0.304000 0.016000 0.021000
0 0.808000 0.292000 0.016000 0.021000
0 0.797000 0.300000 0.016000 0.021000
0 0.764000 0.292000 0.016000 0.021000
0 0.734000 0.315000 0.016000 0.021000
0 0.750000 0.300000 0.016000 0.021000
0 0.764000 0.317000 0.016000 0.021000
0 0.778000 0.302000 0.016000 0.021000
0 0.792000 0.340000 0.016000 0.021000
0 0.811000 0.335000 0.016000 0.021000
0 0.786000 0.369000 0.016000 0.021000
0 0.766000 0.352000 0.016000 0.021000
0 0.758000 0.340000 0.016000 0.021000
0 0.811000 0.438000 0.016000 0.021000
0 0.841000 0.440000 0.016000 0.021000
0 0.812000 0.458000 0.016000 0.021000
0 0.827000 0.458000 0.016000 0.021000
0 0.836000 0.471000 0.016000 0.021000
0 0.789000 0.154000 0.016000 0.021000
0 0.763000 0.179000 0.016000 0.021000
0 0.741000 0.223000 0.016000 0.021000
0 0.752000 0.235000 0.016000 0.021000
0 0.769000 0.113000 0.016000 0.021000
0 0.773000 0.096000 0.016000 0.021000
0 0.734000 0.121000 0.016000 0.021000
0 0.722000 0.125000 0.016000 0.021000
0 0.714000 0.142000 0.016000 0.021000
0 0.730000 0.081000 0.016000 0.021000
0 0.698000 0.081000 0.016000 0.021000
0 0.661000 0.140000 0.016000 0.021000
0 0.672000 0.171000 0.016000 0.021000
0 0.661000 0.206000 0.016000 0.021000
0 0.702000 0.194000 0.016000 0.021000
0 0.722000 0.217000 0.016000 0.021000
0 0.686000 0.402000 0.016000 0.021000
0 0.714000 0.417000 0.016000 0.021000
0 0.672000 0.433000 0.016000 0.021000
0 0.644000 0.096000 0.016000 0.021000
0 0.631000 0.060000 0.016000 0.021000
0 0.638000 0.044000 0.016000 0.021000
0 0.614000 0.100000 0.016000 0.021000
0 0.598000 0.119000 0.016000 0.021000
0 0.608000 0.133000 0.016000 0.021000
0 0.627000 0.131000 0.016000 0.021000
0 0.600000 0.169000 0.016000 0.021000
0 0.584000 0.192000 0.016000 0.021000
0 0.586000 0.208000 0.016000 0.021000
0 0.581000 0.221000 0.016000 0.021000
0 0.577000 0.260000 0.016000 0.021000
0 0.584000 0.263000 0.016000 0.021000
0 0.550000 0.208000 0.016000 0.021000
0 0.566000 0.198000 0.016000 0.021000
0 0.569000 0.150000 0.016000 0.021000
0 0.548000 0.106000 0.016000 0.021000
0 0.530000 0.100000 0.016000 0.021000
0 0.525000 0.079000 0.016000 0.021000
0 0.513000 0.092000 0.016000 0.021000
0 0.502000 0.104000 0.016000 0.021000
0 0.498000 0.123000 0.016000 0.021000
0 0.492000 0.123000 0.016000 0.021000
0 0.483000 0.131000 0.016000 0.021000
0 0.461000 0.113000 0.016000 0.021000
0 0.475000 0.067000 0.016000 0.021000
0 0.444000 0.081000 0.016000 0.021000
0 0.431000 0.067000 0.016000 0.021000
0 0.448000 0.142000 0.016000 0.021000
0 0.455000 0.175000 0.016000 0.021000
0 0.484000 0.177000 0.016000 0.021000
0 0.525000 0.196000 0.016000 0.021000
0 0.502000 0.271000 0.016000 0.021000
0 0.458000 0.231000 0.016000 0.021000
0 0.431000 0.219000 0.016000 0.021000
0 0.420000 0.221000 0.016000 0.021000
0 0.406000 0.212000 0.016000 0.021000
0 0.373000 0.192000 0.016000 0.021000
0 0.386000 0.167000 0.016000 0.021000
0 0.400000 0.037000 0.016000 0.021000
0 0.353000 0.152000 0.016000 0.021000
0 0.339000 0.135000 0.016000 0.021000
0 0.320000 0.131000 0.016000 0.021000
0 0.327000 0.154000 0.016000 0.021000
0 0.311000 0.110000 0.016000 0.021000
0 0.233000 0.087000 0.016000 0.021000
0 0.220000 0.125000 0.016000 0.021000
0 0.227000 0.135000 0.016000 0.021000
0 0.291000 0.140000 0.016000 0.021000
0 0.300000 0.154000 0.016000 0.021000
0 0.305000 0.171000 0.016000 0.021000
0 0.305000 0.192000 0.016000 0.021000
0 0.325000 0.212000 0.016000 0.021000
0 0.334000 0.240000 0.016000 0.021000
0 0.344000 0.260000 0.016000 0.021000
0 0.338000 0.279000 0.016000 0.021000
0 0.302000 0.273000 0.016000 0.021000
0 0.311000 0.327000 0.016000 0.021000
0 0.314000 0.229000 0.016000 0.021000
0 0.288000 0.223000 0.016000 0.021000
0 0.269000 0.204000 0.016000 0.021000
0 0.230000 0.240000 0.016000 0.021000
0 0.220000 0.267000 0.016000 0.021000
0 0.236000 0.294000 0.016000 0.021000
0 0.220000 0.219000 0.016000 0.021000
0 0.214000 0.200000 0.016000 0.021000
0 0.181000 0.188000 0.016000 0.021000
0 0.175000 0.150000 0.016000 0.021000
0 0.175000 0.135000 0.016000 0.021000
0 0.169000 0.121000 0.016000 0.021000
0 0.183000 0.104000 0.016000 0.021000
0 0.152000 0.092000 0.016000 0.021000
0 0.123000 0.058000 0.016000 0.021000
0 0.052000 0.075000 0.016000 0.021000
0 0.033000 0.158000 0.016000 0.021000
0 0.081000 0.185000 0.016000 0.021000
0 0.077000 0.125000 0.016000 0.021000
0 0.100000 0.123000 0.016000 0.021000
0 0.128000 0.146000 0.016000 0.021000
0 0.141000 0.263000 0.016000 0.021000
0 0.158000 0.294000 0.016000 0.021000
0 0.056000 0.256000 0.016000 0.021000
0 0.033000 0.217000 0.016000 0.021000
0 0.031000 0.323000 0.016000 0.021000
0 0.033000 0.362000 0.016000 0.021000
0 0.025000 0.367000 0.016000 0.021000
0 0.078000 0.385000 0.016000 0.021000
0 0.117000 0.381000 0.016000 0.021000
0 0.134000 0.375000 0.016000 0.021000
0 0.105000 0.323000 0.016000 0.021000
0 0.263000 0.362000 0.016000 0.021000
0 0.291000 0.346000 0.016000 0.021000
0 0.288000 0.329000 0.016000 0.021000
0 0.380000 0.362000 0.016000 0.021000
0 0.397000 0.344000 0.016000 0.021000
0 0.420000 0.331000 0.016000 0.021000
0 0.402000 0.306000 0.016000 0.021000
0 0.408000 0.285000 0.016000 0.021000
0 0.523000 0.394000 0.016000 0.021000
0 0.575000 0.394000 0.016000 0.021000
0 0.586000 0.402000 0.016000 0.021000
0 0.594000 0.392000 0.016000 0.021000
0 0.603000 0.367000 0.016000 0.021000
0 0.594000 0.417000 0.016000 0.021000
0 0.580000 0.452000 0.016000 0.021000
0 0.562000 0.467000 0.016000 0.021000
0 0.639000 0.504000 0.016000 0.021000
0 0.680000 0.506000 0.016000 0.021000
0 0.794000 0.506000 0.016000 0.021000
0 0.850000 0.519000 0.016000 0.021000
0 0.858000 0.546000 0.016000 0.021000
0 0.934000 0.521000 0.016000 0.021000
0 0.952000 0.527000 0.016000 0.021000
0 0.941000 0.494000 0.016000 0.021000
0 0.944000 0.558000 0.016000 0.021000
0 0.953000 0.571000 0.016000 0.021000
0 0.916000 0.583000 0.016000 0.021000
0 0.931000 0.610000 0.016000 0.021000
0 0.966000 0.615000 0.016000 0.021000
0 0.959000 0.646000 0.016000 0.021000
0 0.948000 0.654000 0.016000 0.021000
0 0.911000 0.671000 0.016000 0.021000
0 0.919000 0.694000 0.016000 0.021000
0 0.939000 0.704000 0.016000 0.021000
0 0.952000 0.746000 0.016000 0.021000
0 0.869000 0.708000 0.016000 0.021000
0 0.836000 0.704000 0.016000 0.021000
0 0.817000 0.685000 0.016000 0.021000
0 0.841000 0.642000 0.016000 0.021000
0 0.770000 0.590000 0.016000 0.021000
0 0.778000 0.615000 0.016000 0.021000
0 0.491000 0.454000 0.016000 0.021000
0 0.470000 0.417000 0.016000 0.021000
0 0.438000 0.406000 0.016000 0.021000
0 0.436000 0.392000 0.016000 0.021000
0 0.427000 0.429000 0.016000 0.021000
0 0.458000 0.460000 0.016000 0.021000
0 0.422000 0.483000 0.016000 0.021000
0 0.441000 0.540000 0.016000 0.021000
0 0.469000 0.569000 0.016000 0.021000
0 0.475000 0.506000 0.016000 0.021000
0 0.456000 0.510000 0.016000 0.021000
0 0.453000 0.590000 0.016000 0.021000
0 0.489000 0.602000 0.016000 0.021000
0 0.503000 0.613000 0.016000 0.021000
0 0.513000 0.567000 0.016000 0.021000
0 0.503000 0.492000 0.016000 0.021000
0 0.519000 0.477000 0.016000 0.021000
0 0.545000 0.500000 0.016000 0.021000
0 0.547000 0.521000 0.016000 0.021000
0 0.517000 0.635000 0.016000 0.021000
0 0.695000 0.575000 0.016000 0.021000
0 0.745000 0.640000 0.016000 0.021000
0 0.734000 0.656000 0.016000 0.021000
0 0.730000 0.642000 0.016000 0.021000
0 0.730000 0.679000 0.016000 0.021000
0 0.759000 0.650000 0.016000 0.021000
0 0.763000 0.669000 0.016000 0.021000
0 0.781000 0.660000 0.016000 0.021000
0 0.798000 0.656000 0.016000 0.021000
0 0.788000 0.646000 0.016000 0.021000
0 0.806000 0.708000 0.016000 0.021000
0 0.805000 0.752000 0.016000 0.021000
0 0.778000 0.794000 0.016000 0.021000
0 0.781000 0.825000 0.016000 0.021000
0 0.838000 0.827000 0.016000 0.021000
0 0.842000 0.846000 0.016000 0.021000
0 0.856000 0.862000 0.016000 0.021000
0 0.886000 0.869000 0.016000 0.021000
0 0.898000 0.810000 0.016000 0.021000
0 0.820000 0.912000 0.016000 0.021000
0 0.827000 0.929000 0.016000 0.021000
0 0.797000 0.915000 0.016000 0.021000
0 0.781000 0.908000 0.016000 0.021000
0 0.788000 0.873000 0.016000 0.021000
0 0.766000 0.917000 0.016000 0.021000
0 0.778000 0.931000 0.016000 0.021000
0 0.784000 0.946000 0.016000 0.021000
0 0.742000 0.902000 0.016000 0.021000
0 0.745000 0.840000 0.016000 0.021000
0 0.711000 0.923000 0.016000 0.021000
0 0.702000 0.912000 0.016000 0.021000
0 0.709000 0.894000 0.016000 0.021000
0 0.688000 0.896000 0.016000 0.021000
0 0.666000 0.900000 0.016000 0.021000
0 0.681000 0.862000 0.016000 0.021000
0 0.670000 0.856000 0.016000 0.021000
0 0.605000 0.877000 0.016000 0.021000
0 0.675000 0.812000 0.016000 0.021000
0 0.692000 0.775000 0.016000 0.021000
0 0.717000 0.796000 0.016000 0.021000
0 0.656000 0.783000 0.016000 0.021000
0 0.681000 0.660000 0.016000 0.021000
0 0.670000 0.627000 0.016000 0.021000
0 0.644000 0.613000 0.016000 0.021000
0 0.630000 0.606000 0.016000 0.021000
0 0.623000 0.627000 0.016000 0.021000
0 0.653000 0.681000 0.016000 0.021000
0 0.627000 0.683000 0.016000 0.021000
0 0.580000 0.610000 0.016000 0.021000
0 0.570000 0.573000 0.016000 0.021000
0 0.559000 0.581000 0.016000 0.021000
0 0.561000 0.654000 0.016000 0.021000
0 0.530000 0.677000 0.016000 0.021000
0 0.592000 0.796000 0.016000 0.021000
0 0.550000 0.821000 0.016000 0.021000
0 0.547000 0.775000 0.016000 0.021000
0 0.519000 0.808000 0.016000 0.021000
0 0.523000 0.933000 0.016000 0.021000
0 0.469000 0.954000 0.016000 0.021000
0 0.383000 0.467000 0.016000 0.021000
0 0.394000 0.435000 0.016000 0.021000
0 0.370000 0.404000 0.016000 0.021000
0 0.331000 0.427000 0.016000 0.021000
0 0.325000 0.408000 0.016000 0.021000
0 0.297000 0.410000 0.016000 0.021000
0 0.289000 0.423000 0.016000 0.021000
0 0.333000 0.456000 0.016000 0.021000
0 0.317000 0.485000 0.016000 0.021000
0 0.264000 0.494000 0.016000 0.021000
0 0.264000 0.442000 0.016000 0.021000
0 0.242000 0.510000 0.016000 0.021000
0 0.177000 0.425000 0.016000 0.021000
0 0.158000 0.462000 0.016000 0.021000
0 0.147000 0.467000 0.016000 0.021000
0 0.133000 0.460000 0.016000 0.021000
0 0.128000 0.440000 0.016000 0.021000
0 0.120000 0.419000 0.016000 0.021000
0 0.091000 0.421000 0.016000 0.021000
0 0.033000 0.404000 0.016000 0.021000
0 0.127000 0.523000 0.016000 0.021000
0 0.139000 0.492000 0.016000 0.021000
0 0.163000 0.512000 0.016000 0.021000
0 0.159000 0.542000 0.016000 0.021000
0 0.145000 0.544000 0.016000 0.021000
0 0.138000 0.552000 0.016000 0.021000
0 0.253000 0.565000 0.016000 0.021000
0 0.366000 0.577000 0.016000 0.021000
0 0.344000 0.571000 0.016000 0.021000
0 0.495000 0.698000 0.016000 0.021000
0 0.438000 0.665000 0.016000 0.021000
0 0.483000 0.787000 0.016000 0.021000
0 0.491000 0.808000 0.016000 0.021000
0 0.469000 0.819000 0.016000 0.021000
0 0.459000 0.831000 0.016000 0.021000
0 0.447000 0.767000 0.016000 0.021000
0 0.355000 0.777000 0.016000 0.021000
0 0.314000 0.744000 0.016000 0.021000
0 0.302000 0.740000 0.016000 0.021000
0 0.281000 0.719000 0.016000 0.021000
0 0.308000 0.696000 0.016000 0.021000
0 0.236000 0.669000 0.016000 0.021000
0 0.242000 0.635000 0.016000 0.021000
0 0.247000 0.708000 0.016000 0.021000
0 0.189000 0.690000 0.016000 0.021000
0 0.120000 0.654000 0.016000 0.021000
0 0.100000 0.635000 0.016000 0.021000
0 0.033000 0.635000 0.016000 0.021000
0 0.067000 0.677000 0.016000 0.021000
0 0.048000 0.700000 0.016000 0.021000
0 0.067000 0.710000 0.016000 0.021000
0 0.088000 0.725000 0.016000 0.021000
0 0.083000 0.748000 0.016000 0.021000
0 0.073000 0.765000 0.016000 0.021000
0 0.069000 0.785000 0.016000 0.021000
0 0.125000 0.765000 0.016000 0.021000
0 0.116000 0.790000 0.016000 0.021000
0 0.138000 0.779000 0.016000 0.021000
0 0.147000 0.825000 0.016000 0.021000
0 0.131000 0.823000 0.016000 0.021000
0 0.134000 0.812000 0.016000 0.021000
0 0.113000 0.842000 0.016000 0.021000
0 0.086000 0.842000 0.016000 0.021000
0 0.066000 0.906000 0.016000 0.021000
0 0.209000 0.731000 0.016000 0.021000
0 0.189000 0.752000 0.016000 0.021000
0 0.163000 0.710000 0.016000 0.021000
0 0.308000 0.787000 0.016000 0.021000
0 0.356000 0.858000 0.016000 0.021000
0 0.344000 0.896000 0.016000 0.021000
0 0.328000 0.944000 0.016000 0.021000
0 0.370000 0.894000 0.016000 0.021000
0 0.388000 0.931000 0.016000 0.021000
0 0.569000 0.487000 0.016000 0.021000
0 0.566000 0.446000 0.016000 0.021000
0 0.956000 0.879000 0.016000 0.021000
0 0.973000 0.846000 0.016000 0.021000
0 0.983000 0.854000 0.016000 0.021000
0 0.986000 0.835000 0.016000 0.021000
0 0.933000 0.946000 0.016000 0.021000
0 0.750000 0.869000 0.016000 0.021000
0 0.766000 0.508000 0.016000 0.021000
0 0.814000 0.550000 0.016000 0.021000
0 0.620000 0.890000 0.016000 0.021000
0 0.169000 0.948000 0.016000 0.021000
0 0.130000 0.973000 0.016000 0.021000
0 0.103000 0.952000 0.016000 0.021000
0 0.047000 0.942000 0.016000 0.021000
0 0.022000 0.885000 0.016000 0.021000
0 0.020000 0.727000 0.016000 0.021000
0 0.013000 0.779000 0.016000 0.021000
0 0.022000 0.431000 0.016000 0.021000
0 0.100000 0.019000 0.016000 0.021000
0 0.156000 0.021000 0.016000 0.021000
0 0.184000 0.021000 0.016000 0.021000
0 0.264000 0.042000 0.016000 0.021000
0 0.306000 0.025000 0.016000 0.021000
0 0.445000 0.033000 0.016000 0.021000
0 0.641000 0.058000 0.016000 0.021000
0 0.670000 0.035000 0.016000 0.021000
0 0.766000 0.033000 0.016000 0.021000
0 0.713000 0.023000 0.016000 0.021000
0 0.664000 0.021000 0.016000 0.021000
0 0.975000 0.106000 0.016000 0.021000
0 0.983000 0.160000 0.016000 0.021000
0 0.972000 0.227000 0.016000 0.021000
0 0.980000 0.244000 0.016000 0.021000
0 0.934000 0.321000 0.016000 0.021000
0 0.717000 0.969000 0.016000 0.021000
0 0.741000 0.973000 0.016000 0.021000
0 0.783000 0.975000 0.016000 0.021000
0 0.305000 0.296000 0.016000 0.021000
0 0.766000 0.371000 0.016000 0.021000
0 0.777000 0.373000 0.016000 0.021000
0 0.516000 0.506000 0.016000 0.021000
0 0.020000 0.263000 0.016000 0.021000
0 0.591000 0.983000 0.016000 0.021000
0 0.400000 0.765000 0.016000 0.021000
0 0.450000 0.025000 0.016000 0.021000
0 0.267000 0.015000 0.016000 0.021000
0 0.017000 0.610000 0.016000 0.021000
0 0.992578 0.382639 0.013281 0.020833
0 0.988672 0.332639 0.014844 0.020833
0 0.899609 0.021528 0.010156 0.029167
0 0.530859 0.979861 0.011719 0.020833
0 0.828906 0.015278 0.012500 0.019444
0 0.563672 0.290278 0.010156 0.033333
0 0.213281 0.497917 0.012500 0.037500
0 0.991016 0.945833 0.013281 0.022222
0 0.932031 0.983333 0.017188 0.022222
0 0.233594 0.984722 0.018750 0.022222
0 0.006250 0.402083 0.012500 0.034722
0 0.006250 0.358333 0.012500 0.019444
0 0.006641 0.297917 0.013281 0.034722
0 0.008594 0.150000 0.017188 0.030556
0 0.358594 0.015278 0.014062 0.027778
0 0.960156 0.698611 0.014062 0.025000
0 0.668359 0.260417 0.010156 0.029167
0 0.367969 0.939583 0.010937 0.040278
0 0.830469 0.902778 0.012500 0.027778
0 0.920313 0.749306 0.010937 0.040278
0 0.934766 0.759028 0.011719 0.040278
0 0.783203 0.575694 0.013281 0.037500
0 0.658984 0.531944 0.000781 0.002778
0 0.655859 0.527083 0.000781 0.004167
0 0.667188 0.561111 0.014062 0.041667
0 0.678516 0.347917 0.010156 0.034722
0 0.784375 0.418750 0.010937 0.037500
0 0.552734 0.881944 0.013281 0.036111
0 0.226563 0.800000 0.014062 0.038889
0 0.171875 0.681250 0.012500 0.034722
0 0.118750 0.634028 0.012500 0.037500
0 0.110937 0.723611 0.012500 0.030556
0 0.079297 0.868750 0.014844 0.040278
0 0.030469 0.654861 0.010937 0.034722
0 0.067188 0.493750 0.012500 0.040278
0 0.149609 0.342361 0.010156 0.037500
0 0.120312 0.207639 0.015625 0.034722
0 0.303516 0.836806 0.011719 0.040278
0 0.421875 0.686806 0.021875 0.031944
0 0.417578 0.570139 0.013281 0.034722
0 0.291797 0.060417 0.011719 0.031944
0 0.600391 0.051389 0.013281 0.044444
0 0.335938 0.013194 0.012500 0.026389
0 0.991016 0.221528 0.014844 0.026389
0 0.931641 0.650000 0.014844 0.025000
0 0.397656 0.711806 0.014062 0.020833
0 0.005859 0.611111 0.011719 0.030556
0 0.054688 0.418750 0.012500 0.037500
0 0.202344 0.977083 0.009375 0.029167
0 0.292578 0.790972 0.014844 0.031944
0 0.320703 0.711111 0.010156 0.027778
0 0.318750 0.680556 0.012500 0.036111
0 0.419531 0.844444 0.014062 0.036111
0 0.356250 0.884028 0.012500 0.034722
0 0.343750 0.844444 0.012500 0.030556
0 0.366797 0.852083 0.013281 0.037500
0 0.594531 0.761806 0.009375 0.034722
0 0.611719 0.793056 0.012500 0.033333
0 0.587500 0.702083 0.014062 0.026389
0 0.577344 0.693056 0.009375 0.030556
0 0.604297 0.661806 0.010156 0.031944
0 0.542578 0.568056 0.010156 0.022222
0 0.512109 0.525694 0.010156 0.031944
0 0.369922 0.426389 0.010156 0.025000
0 0.285156 0.487500 0.010937 0.033333
0 0.192188 0.406250 0.012500 0.026389
0 0.326172 0.029861 0.011719 0.031944
0 0.197656 0.027778 0.010937 0.030556
0 0.173828 0.023611 0.008594 0.027778
0 0.137500 0.128472 0.012500 0.031944
0 0.133594 0.087500 0.014062 0.027778
0 0.602344 0.475000 0.012500 0.027778
0 0.818359 0.652778 0.011719 0.027778
0 0.702734 0.269444 0.013281 0.033333
0 0.672656 0.225694 0.009375 0.029167
0 0.691406 0.026389 0.012500 0.027778
0 0.902344 0.242361 0.012500 0.031944
0 0.916406 0.547917 0.014062 0.029167
0 0.901172 0.865972 0.010156 0.029167
0 0.951953 0.459722 0.011719 0.036111
0 0.934375 0.372222 0.010937 0.033333
0 0.535547 0.958333 0.010156 0.036111
0 0.531250 0.618056 0.010937 0.036111
0 0.532422 0.430556 0.013281 0.030556
0 0.449609 0.119444 0.010156 0.025000
0 0.919531 0.121528 0.009375 0.026389
0 0.617578 0.679167 0.011719 0.019444
0 0.473047 0.759722 0.010156 0.027778
0 0.046484 0.272222 0.010156 0.033333
0 0.044141 0.170139 0.013281 0.029167
0 0.035547 0.136111 0.011719 0.030556
0 0.085547 0.513889 0.010156 0.027778
0 0.088281 0.500000 0.014062 0.022222
0 0.183594 0.308333 0.010937 0.033333
0 0.224219 0.382639 0.014062 0.015278
0 0.217578 0.389583 0.010156 0.034722
0 0.006250 0.261806 0.012500 0.023611
0 0.830859 0.716667 0.010156 0.022222
0 0.894141 0.710417 0.011719 0.026389
0 0.706250 0.506250 0.012500 0.026389
0 0.820703 0.575694 0.014844 0.026389
0 0.750000 0.724306 0.010937 0.029167
0 0.139453 0.616667 0.013281 0.030556
0 0.471094 0.762500 0.023438 0.022222
0 0.300391 0.425694 0.011719 0.029167
0 0.389844 0.771528 0.010937 0.029167
0 0.771484 0.806944 0.010156 0.030556
