0 0.654100 0.730200 0.015100 0.024700
0 0.381300 0.392900 0.015900 0.021100
0 0.920400 0.306600 0.014700 0.024500
0 0.843200 0.041900 0.015300 0.024400
0 0.284500 0.078000 0.015800 0.022200
0 0.243200 0.317200 0.015300 0.025000
0 0.407200 0.181100 0.013500 0.026100
0 0.079700 0.932500 0.015700 0.023600
0 0.434300 0.530200 0.015200 0.024000
0 0.383200 0.120100 0.016100 0.021000
0 0.578200 0.131600 0.015300 0.021200
0 0.756800 0.082600 0.015100 0.022700
0 0.522600 0.206600 0.015300 0.024500
0 0.931100 0.567900 0.016600 0.021800
0 0.893700 0.481900 0.015600 0.023500
0 0.406300 0.581500 0.013600 0.024500
0 0.347600 0.495600 0.016500 0.023100
0 0.578300 0.066400 0.015800 0.022900
0 0.665000 0.718300 0.015100 0.023800
0 0.053900 0.058300 0.014700 0.023700
0 0.455700 0.069100 0.015200 0.021500
0 0.532500 0.259800 0.015300 0.021600
0 0.269000 0.094500 0.017000 0.021700
0 0.255300 0.478900 0.015600 0.022700
0 0.293600 0.580400 0.015300 0.022500
0 0.217700 0.445400 0.015000 0.021300
0 0.143500 0.657600 0.015200 0.023600
0 0.131200 0.720600 0.015700 0.021200
0 0.254400 0.504800 0.016800 0.022400
0 0.093800 0.940900 0.015500 0.022400
0 0.668600 0.643300 0.015400 0.023300
0 0.792200 0.657400 0.014400 0.023500
0 0.702900 0.105500 0.015300 0.024400
0 0.868700 0.541700 0.014500 0.020600
0 0.504900 0.067600 0.015400 0.022000
0 0.190800 0.231400 0.015100 0.022800
0 0.282200 0.668900 0.015200 0.025600
0 0.842000 0.654800 0.015000 0.024200
0 0.795800 0.782200 0.014300 0.023200
0 0.433500 0.608500 0.014600 0.024700
0 0.632000 0.557600 0.015800 0.022300
0 0.529800 0.169900 0.015200 0.024400
0 0.520600 0.693900 0.015400 0.021700
0 0.545000 0.490800 0.014500 0.024000
0 0.168900 0.843500 0.016500 0.022600
0 0.778300 0.169400 0.015500 0.023200
0 0.218100 0.432500 0.015300 0.021000
0 0.808100 0.757200 0.013700 0.024300
0 0.880500 0.641700 0.013900 0.025300
0 0.868300 0.816700 0.015600 0.023200
0 0.197500 0.495600 0.016100 0.022800
0 0.331500 0.684500 0.014400 0.025100
0 0.768100 0.644300 0.015800 0.024300
0 0.143700 0.809100 0.015700 0.021900
0 0.096000 0.869300 0.015200 0.023500
0 0.319800 0.346200 0.015400 0.021700
0 0.616400 0.828600 0.016500 0.020000
0 0.508200 0.882600 0.016500 0.022700
0 0.845800 0.445400 0.016000 0.019400
0 0.372000 0.402800 0.014800 0.021400
0 0.883500 0.504900 0.015700 0.023600
0 0.346500 0.656200 0.014200 0.022400
0 0.630700 0.906000 0.014400 0.024500
0 0.718700 0.641900 0.015800 0.021600
0 0.880900 0.841000 0.015900 0.023800
0 0.102900 0.291700 0.015500 0.023900
0 0.832500 0.778300 0.015400 0.022100
0 0.654900 0.308600 0.015400 0.023400
0 0.597500 0.318300 0.015200 0.023100
0 0.855600 0.115400 0.015100 0.022600
0 0.042300 0.070300 0.015100 0.024000
0 0.321800 0.441000 0.016400 0.021700
0 0.091200 0.369300 0.016700 0.023600
0 0.007800 0.457200 0.014000 0.020500
0 0.806600 0.594600 0.016600 0.023100
0 0.023200 0.605300 0.013500 0.022400
0 0.008000 0.118800 0.014000 0.021700
0 0.516000 0.457900 0.015200 0.023300
0 0.167600 0.505900 0.016100 0.022300
0 0.554900 0.746200 0.015500 0.021500
0 0.919000 0.207600 0.016000 0.023700
0 0.832900 0.745100 0.014400 0.023300
0 0.685100 0.757800 0.014900 0.025700
0 0.902600 0.856900 0.017000 0.022300
0 0.556700 0.684900 0.015900 0.020700
0 0.545800 0.340800 0.014700 0.022600
0 0.634100 0.240900 0.015600 0.023400
0 0.358100 0.184900 0.015100 0.023100
0 0.097400 0.496600 0.015300 0.021900
0 0.441300 0.516400 0.016100 0.024200
0 0.155600 0.522400 0.017100 0.023100
0 0.754800 0.707400 0.015700 0.022300
0 0.568400 0.822300 0.016300 0.022100
0 0.284400 0.142600 0.017200 0.019900
0 0.289900 0.343700 0.015600 0.022400
0 0.608300 0.659200 0.016400 0.020800
0 0.832200 0.556500 0.015600 0.021700
0 0.464900 0.593700 0.014800 0.023900
0 0.721300 0.030100 0.015100 0.022600
0 0.133600 0.670900 0.014100 0.023300
0 0.031400 0.505800 0.015500 0.029400
0 0.190300 0.122100 0.015100 0.023500
0 0.898000 0.434800 0.016300 0.023500
0 0.594500 0.433300 0.015400 0.023900
0 0.069300 0.957700 0.014700 0.022900
0 0.851600 0.543100 0.015400 0.021200
0 0.907800 0.252500 0.014600 0.025600
0 0.640600 0.156700 0.015500 0.022400
0 0.402600 0.453600 0.015900 0.022400
0 0.409100 0.843200 0.015100 0.023800
0 0.909300 0.278900 0.015200 0.024900
0 0.243500 0.118200 0.016600 0.022300
0 0.381300 0.080500 0.015200 0.020600
0 0.858700 0.942700 0.015400 0.025300
0 0.846200 0.695100 0.015300 0.025500
0 0.154400 0.370900 0.016400 0.023900
0 0.480400 0.256700 0.016300 0.023100
0 0.707100 0.734300 0.014600 0.022600
0 0.042000 0.930800 0.015000 0.023800
0 0.952700 0.154800 0.016300 0.022700
0 0.657900 0.845600 0.015600 0.022200
0 0.544200 0.670800 0.015900 0.020500
0 0.915800 0.930500 0.014500 0.021100
0 0.844100 0.080600 0.014500 0.021200
0 0.817700 0.221000 0.014900 0.024800
0 0.222400 0.407200 0.014700 0.022100
0 0.818600 0.957700 0.013500 0.023500
0 0.743900 0.044200 0.015300 0.021200
0 0.508600 0.760100 0.014600 0.022100
0 0.418500 0.578800 0.013900 0.023300
0 0.832000 0.840000 0.015500 0.023000
0 0.751900 0.756300 0.016300 0.022900
0 0.408800 0.315900 0.016000 0.024300
0 0.435100 0.903500 0.016500 0.022400
0 0.971600 0.056600 0.016400 0.022800
0 0.792400 0.459000 0.015800 0.022000
0 0.678700 0.610500 0.014100 0.021400
0 0.266800 0.145800 0.015700 0.020800
0 0.117400 0.893600 0.016000 0.024600
0 0.297800 0.427200 0.014900 0.022800
0 0.970000 0.483700 0.014900 0.022600
0 0.943700 0.759100 0.014900 0.021500
0 0.621100 0.159900 0.014900 0.025400
0 0.430500 0.777500 0.016300 0.023300
0 0.618300 0.133500 0.015000 0.021600
0 0.578800 0.628400 0.016100 0.022900
0 0.767200 0.184700 0.014200 0.024900
0 0.127000 0.865700 0.016600 0.022300
0 0.681000 0.743500 0.014800 0.024000
0 0.496200 0.389500 0.015600 0.023000
0 0.279700 0.258900 0.015800 0.021900
0 0.443300 0.409000 0.013300 0.021700
0 0.589400 0.404200 0.015900 0.020600
0 0.719900 0.472500 0.014600 0.022900
0 0.622400 0.918000 0.014700 0.024000
0 0.481200 0.784800 0.015300 0.024200
0 0.206600 0.772800 0.015900 0.022400
0 0.631800 0.795600 0.015800 0.022000
0 0.289200 0.632400 0.015500 0.023100
0 0.177000 0.429000 0.014900 0.022100
0 0.844800 0.680600 0.015200 0.023700
0 0.894800 0.877700 0.016000 0.021100
0 0.876400 0.554600 0.015400 0.021600
0 0.522200 0.135500 0.014000 0.022900
0 0.689900 0.546100 0.016400 0.023300
0 0.535200 0.685000 0.015300 0.021600
0 0.866500 0.373100 0.015400 0.021400
0 0.984300 0.457800 0.014100 0.023700
0 0.479000 0.046600 0.015600 0.025000
0 0.129700 0.367400 0.015000 0.020700
0 0.244200 0.665900 0.016000 0.023300
0 0.378800 0.790500 0.016700 0.023200
0 0.885600 0.353600 0.015400 0.022200
0 0.568800 0.272700 0.015700 0.020400
0 0.371200 0.109400 0.015500 0.020000
0 0.427200 0.232200 0.014300 0.027800
0 0.254000 0.081500 0.017500 0.022500
0 0.466600 0.347400 0.014400 0.024200
0 0.941100 0.309900 0.014900 0.026300
0 0.771800 0.093500 0.015000 0.021600
0 0.796100 0.118000 0.015200 0.020300
0 0.651900 0.681500 0.016600 0.022700
0 0.596800 0.451700 0.016900 0.022000
0 0.870300 0.910100 0.014400 0.020900
0 0.681000 0.477800 0.016100 0.023800
0 0.980300 0.104900 0.015800 0.023100
0 0.780200 0.684300 0.015200 0.024400
0 0.296900 0.444400 0.014600 0.023200
0 0.689400 0.433000 0.017100 0.021900
0 0.047100 0.509600 0.016200 0.026200
0 0.079200 0.021600 0.015900 0.023800
0 0.180400 0.168700 0.014700 0.026300
0 0.210000 0.379500 0.015500 0.023700
0 0.842300 0.065300 0.014500 0.022100
0 0.048300 0.908500 0.015500 0.023200
0 0.390700 0.177300 0.015300 0.022800
0 0.183200 0.822900 0.015000 0.021100
0 0.478300 0.390300 0.015300 0.022900
0 0.098400 0.343300 0.015300 0.021700
0 0.341200 0.591500 0.014200 0.022100
0 0.657100 0.553600 0.014000 0.022300
0 0.090400 0.689300 0.015500 0.022900
0 0.765600 0.690300 0.015300 0.023000
0 0.589900 0.421100 0.016000 0.021100
0 0.235200 0.969300 0.013600 0.022800
0 0.905700 0.934200 0.014900 0.020900
0 0.509800 0.540800 0.016000 0.024400
0 0.153700 0.339700 0.015600 0.023200
0 0.734000 0.178200 0.013800 0.025700
0 0.778000 0.080600 0.015400 0.022400
0 0.881600 0.185600 0.015400 0.021900
0 0.647200 0.753900 0.015000 0.024900
0 0.358800 0.045800 0.017300 0.021900
0 0.566000 0.639500 0.016700 0.021200
0 0.834100 0.907700 0.014100 0.020800
0 0.010200 0.168500 0.015000 0.021800
0 0.101400 0.096100 0.016300 0.022000
0 0.622700 0.794800 0.014300 0.021000
0 0.573100 0.546700 0.016600 0.021500
0 0.219600 0.939600 0.014500 0.024000
0 0.421500 0.203200 0.013800 0.026900
0 0.109000 0.870600 0.016800 0.024300
0 0.706600 0.140900 0.014500 0.027600
0 0.501400 0.567900 0.015000 0.024600
0 0.847600 0.339600 0.016200 0.021400
0 0.782100 0.528700 0.015000 0.024400
0 0.439700 0.558900 0.014700 0.026900
0 0.335900 0.040600 0.016100 0.021500
0 0.748600 0.643500 0.015900 0.022100
0 0.180700 0.373500 0.015200 0.022700
0 0.114500 0.041000 0.015800 0.021400
0 0.532900 0.833900 0.016200 0.027000
0 0.194500 0.190500 0.014000 0.027200
0 0.209800 0.110200 0.014800 0.023600
0 0.659800 0.103000 0.016100 0.021900
0 0.380000 0.064600 0.015700 0.020000
0 0.927100 0.540100 0.015900 0.022400
0 0.622900 0.847800 0.016000 0.023100
0 0.772100 0.110800 0.015600 0.022900
0 0.070100 0.748000 0.014100 0.025400
0 0.431300 0.347900 0.015200 0.023200
0 0.596000 0.968200 0.014900 0.025000
0 0.677200 0.128800 0.016300 0.024100
0 0.864600 0.057200 0.017100 0.022000
0 0.585100 0.185100 0.014600 0.024400
0 0.797900 0.107400 0.014900 0.021300
0 0.821800 0.941500 0.014200 0.022600
0 0.079700 0.314400 0.016200 0.022500
0 0.506800 0.660800 0.014900 0.024700
0 0.776900 0.820700 0.015100 0.022300
0 0.572400 0.529700 0.015800 0.021600
0 0.160500 0.960000 0.015500 0.023900
0 0.196700 0.143800 0.015700 0.027300
0 0.158700 0.697600 0.015500 0.021800
0 0.148300 0.560500 0.017000 0.023200
0 0.216200 0.073100 0.016500 0.021600
0 0.103400 0.726900 0.015700 0.022200
0 0.589500 0.472500 0.016400 0.021100
0 0.867900 0.977400 0.014200 0.021900
0 0.481100 0.826800 0.015500 0.022600
0 0.504600 0.339500 0.014800 0.022700
0 0.142900 0.076400 0.016200 0.020600
0 0.134000 0.358900 0.014400 0.020300
0 0.301700 0.697500 0.014900 0.025100
0 0.732000 0.768200 0.015900 0.022300
0 0.609400 0.892500 0.014400 0.022400
0 0.928900 0.942200 0.014900 0.020800
0 0.277700 0.298100 0.016300 0.024400
0 0.971400 0.234400 0.015400 0.024500
0 0.073100 0.508100 0.015900 0.023300
0 0.742300 0.710400 0.015100 0.024500
0 0.502600 0.408700 0.017000 0.023700
0 0.606600 0.957800 0.015200 0.025900
0 0.509900 0.714000 0.015000 0.021700
0 0.146300 0.626800 0.014600 0.026100
0 0.519500 0.439900 0.015800 0.021800
0 0.851500 0.721400 0.017500 0.023100
0 0.652700 0.076900 0.015100 0.025200
0 0.898100 0.298300 0.014000 0.023900
0 0.027900 0.407500 0.016900 0.022000
0 0.979100 0.170700 0.014100 0.027100
0 0.109300 0.936200 0.015900 0.022300
0 0.552900 0.285600 0.014500 0.024600
0 0.483400 0.414600 0.015800 0.023900
0 0.476700 0.154900 0.014800 0.022400
0 0.582500 0.514600 0.016200 0.022600
0 0.980400 0.234400 0.014500 0.024200
0 0.057700 0.914400 0.015000 0.025500
0 0.181800 0.156600 0.015900 0.023700
0 0.008900 0.365500 0.013500 0.025300
0 0.843600 0.564400 0.014700 0.021600
0 0.753600 0.722300 0.016300 0.023200
0 0.048100 0.041000 0.015900 0.023700
0 0.089000 0.610200 0.016700 0.023600
0 0.891100 0.339900 0.015900 0.021700
0 0.089300 0.296800 0.015500 0.025000
0 0.492100 0.435500 0.015600 0.025200
0 0.278200 0.873200 0.018700 0.024100
0 0.589200 0.126800 0.014700 0.022300
0 0.285400 0.035600 0.016200 0.023100
0 0.005200 0.852200 0.011600 0.023800
0 0.871400 0.073000 0.016400 0.020600
0 0.728800 0.573500 0.013700 0.023800
0 0.270300 0.601400 0.015400 0.023000
0 0.401400 0.516900 0.015600 0.024000
0 0.436300 0.306800 0.014800 0.023500
0 0.595700 0.726600 0.016300 0.021600
0 0.802300 0.073600 0.015800 0.021700
0 0.029900 0.016800 0.016000 0.020500
0 0.782600 0.539700 0.015100 0.025200
0 0.606700 0.883700 0.013800 0.023800
0 0.256900 0.022900 0.017500 0.021600
0 0.276200 0.132700 0.016800 0.020400
0 0.261100 0.960400 0.014800 0.021600
0 0.792800 0.903900 0.013100 0.022200
0 0.908300 0.401500 0.015300 0.022500
0 0.473500 0.718900 0.015300 0.020300
0 0.648600 0.172700 0.015300 0.023800
0 0.451100 0.207200 0.015500 0.022800
0 0.445900 0.098300 0.015400 0.020900
0 0.710400 0.502700 0.014800 0.022400
0 0.927000 0.289400 0.014600 0.025100
0 0.715000 0.444900 0.014600 0.023900
0 0.365000 0.085900 0.015300 0.021700
0 0.981500 0.946700 0.014700 0.027400
0 0.817400 0.027100 0.015100 0.023000
0 0.844800 0.914900 0.014400 0.022900
0 0.034200 0.901900 0.015400 0.023300
0 0.642200 0.948300 0.015400 0.024000
0 0.710900 0.721100 0.015300 0.022900
0 0.870100 0.764200 0.016300 0.021900
0 0.302700 0.064200 0.016200 0.020800
0 0.910900 0.228200 0.014800 0.024700
0 0.846200 0.984000 0.013200 0.021800
0 0.523400 0.784500 0.014700 0.024000
0 0.889200 0.571000 0.017500 0.021600
0 0.651400 0.047800 0.016100 0.024500
0 0.030200 0.398400 0.016500 0.021800
0 0.723500 0.389300 0.015300 0.024300
0 0.668900 0.252000 0.014700 0.026200
0 0.739200 0.301400 0.015200 0.023700
0 0.951600 0.870200 0.017900 0.022900
0 0.245500 0.126600 0.015900 0.022900
0 0.298400 0.843400 0.016900 0.022400
0 0.991300 0.656600 0.012900 0.026300
0 0.235800 0.210100 0.016300 0.023300
0 0.670500 0.097500 0.015600 0.024100
0 0.072600 0.892200 0.015500 0.023400
0 0.214700 0.548100 0.016200 0.024200
0 0.350900 0.339300 0.015600 0.021600
0 0.945300 0.685000 0.015300 0.026000
0 0.648500 0.447300 0.016000 0.020600
0 0.986300 0.818700 0.014500 0.027700
0 0.401100 0.154000 0.015100 0.022300
0 0.836000 0.378200 0.016000 0.023000
0 0.647900 0.601700 0.016200 0.021900
0 0.738800 0.773400 0.016500 0.023000
0 0.818200 0.336100 0.015000 0.023300
0 0.041300 0.440100 0.015500 0.017700
0 0.423100 0.023200 0.016400 0.023900
0 0.873100 0.308400 0.014800 0.023500
0 0.673200 0.226900 0.016100 0.025100
0 0.451200 0.119600 0.016600 0.023800
0 0.981300 0.639800 0.014800 0.023200
0 0.652000 0.427900 0.016900 0.019700
0 0.728300 0.708800 0.015800 0.024700
0 0.558800 0.473700 0.014500 0.022500
0 0.306600 0.676500 0.014400 0.024100
0 0.106800 0.123700 0.016600 0.023000
0 0.918400 0.948200 0.014700 0.019700
0 0.659100 0.573300 0.013900 0.024500
0 0.690800 0.967100 0.016300 0.022200
0 0.235900 0.819800 0.017300 0.021600
0 0.940800 0.611100 0.014000 0.022300
0 0.135100 0.514500 0.015800 0.022700
0 0.889300 0.421100 0.015900 0.023500
0 0.973500 0.172000 0.014100 0.025600
0 0.135156 0.011111 0.018750 0.022222
0 0.177734 0.036806 0.019531 0.023611
0 0.007031 0.024306 0.014062 0.026389
0 0.050391 0.144444 0.021094 0.022222
0 0.070313 0.156944 0.018750 0.022222
0 0.041406 0.165278 0.010937 0.036111
0 0.026563 0.159028 0.012500 0.031944
0 0.135156 0.113194 0.018750 0.020833
0 0.156641 0.110417 0.016406 0.015278
0 0.063281 0.268056 0.010937 0.030556
0 0.161328 0.242361 0.013281 0.034722
0 0.226563 0.289583 0.009375 0.034722
0 0.275000 0.015972 0.010937 0.029167
0 0.334766 0.097917 0.016406 0.029167
0 0.350391 0.118056 0.014844 0.027778
0 0.314453 0.170139 0.016406 0.026389
0 0.326172 0.182639 0.011719 0.031944
0 0.340234 0.159722 0.014844 0.025000
0 0.221094 0.155556 0.010937 0.036111
0 0.296484 0.368750 0.010156 0.034722
0 0.263281 0.391667 0.014062 0.033333
0 0.250391 0.394444 0.013281 0.027778
0 0.240234 0.410417 0.013281 0.023611
0 0.250000 0.423611 0.014062 0.019444
0 0.278906 0.515972 0.015625 0.029167
0 0.161719 0.577778 0.015625 0.027778
0 0.105469 0.609028 0.010937 0.034722
0 0.047266 0.596528 0.014844 0.031944
0 0.014453 0.652083 0.014844 0.034722
0 0.120703 0.818750 0.011719 0.031944
0 0.013281 0.961806 0.010937 0.031944
0 0.052344 0.986806 0.012500 0.026389
0 0.272656 0.769444 0.014062 0.038889
0 0.216016 0.819444 0.013281 0.027778
0 0.311328 0.634028 0.011719 0.037500
0 0.373047 0.605556 0.010156 0.033333
0 0.389453 0.583333 0.008594 0.033333
0 0.393750 0.602083 0.012500 0.029167
0 0.387109 0.486806 0.016406 0.026389
0 0.401172 0.347917 0.013281 0.040278
0 0.526953 0.304861 0.016406 0.023611
0 0.624219 0.359722 0.018750 0.022222
0 0.660156 0.333333 0.010937 0.027778
0 0.526563 0.507639 0.017188 0.034722
0 0.521484 0.534028 0.017969 0.018056
0 0.435547 0.268750 0.010156 0.037500
0 0.451953 0.255556 0.013281 0.033333
0 0.645312 0.102778 0.010937 0.030556
0 0.899609 0.088889 0.014844 0.033333
0 0.983203 0.013194 0.010156 0.020833
0 0.992578 0.061806 0.013281 0.031944
0 0.982813 0.072917 0.014062 0.026389
0 0.967969 0.073611 0.017188 0.027778
0 0.959766 0.202083 0.013281 0.031944
0 0.974609 0.192361 0.014844 0.023611
0 0.745703 0.406250 0.010156 0.040278
0 0.801172 0.511806 0.011719 0.034722
0 0.716016 0.325000 0.010156 0.038889
0 0.727344 0.331944 0.012500 0.038889
0 0.791406 0.201389 0.009375 0.033333
0 0.785937 0.248611 0.012500 0.030556
0 0.807422 0.295833 0.014844 0.033333
0 0.823438 0.289583 0.012500 0.023611
0 0.841797 0.302778 0.010156 0.030556
0 0.867969 0.246528 0.010937 0.037500
0 0.888672 0.609028 0.010156 0.029167
0 0.992969 0.552778 0.012500 0.033333
0 0.988672 0.731250 0.019531 0.023611
0 0.993359 0.846528 0.011719 0.034722
0 0.887891 0.938889 0.014844 0.019444
0 0.931250 0.959028 0.012500 0.037500
0 0.957031 0.915972 0.012500 0.034722
0 0.403125 0.940972 0.017188 0.029167
0 0.347266 0.970833 0.021094 0.027778
0 0.362891 0.971528 0.010156 0.026389
0 0.487109 0.942361 0.010156 0.031944
0 0.489453 0.960417 0.017969 0.034722
0 0.466016 0.968056 0.014844 0.036111
0 0.615625 0.984028 0.015625 0.031944
0 0.580469 0.920833 0.012500 0.036111
0 0.759766 0.802083 0.017969 0.023611
0 0.586719 0.773611 0.017188 0.022222
0 0.817187 0.180556 0.012500 0.033333
0 0.950391 0.298611 0.013281 0.030556
0 0.779688 0.572917 0.010937 0.037500
0 0.691016 0.524306 0.016406 0.026389
0 0.700781 0.486806 0.015625 0.026389
0 0.748828 0.440972 0.013281 0.037500
0 0.967969 0.645139 0.007813 0.034722
0 0.920313 0.104861 0.012500 0.034722
0 0.382422 0.686111 0.013281 0.033333
0 0.415625 0.673611 0.012500 0.036111
0 0.394922 0.761111 0.010156 0.033333
0 0.449219 0.767361 0.009375 0.029167
0 0.458203 0.777778 0.014844 0.025000
0 0.546094 0.531944 0.014062 0.041667
0 0.771875 0.737500 0.009375 0.033333
0 0.851563 0.771528 0.009375 0.037500
0 0.813281 0.536806 0.009375 0.034722
0 0.876172 0.385417 0.011719 0.029167
0 0.942578 0.119444 0.013281 0.030556
0 0.942187 0.100000 0.012500 0.025000
0 0.562109 0.789583 0.011719 0.034722
0 0.358594 0.403472 0.010937 0.037500
0 0.914844 0.621528 0.009375 0.034722
0 0.822656 0.488194 0.010937 0.034722
0 0.722266 0.900694 0.013281 0.029167
0 0.709766 0.900000 0.017969 0.022222
0 0.709375 0.918056 0.015625 0.027778
0 0.732422 0.986806 0.016406 0.026389
0 0.676953 0.911806 0.010156 0.034722
0 0.945313 0.650000 0.010937 0.036111
0 0.835938 0.197917 0.010937 0.034722
0 0.768750 0.343750 0.014062 0.031944
0 0.771875 0.329167 0.015625 0.022222
0 0.784375 0.361806 0.012500 0.026389
0 0.174609 0.558333 0.010156 0.022222
0 0.182812 0.564583 0.012500 0.034722
0 0.055469 0.375694 0.015625 0.034722
0 0.689844 0.086806 0.010937 0.029167
0 0.685938 0.062500 0.014062 0.019444
0 0.679688 0.048611 0.014062 0.027778
0 0.485938 0.322917 0.009375 0.034722
0 0.479688 0.325694 0.012500 0.020833
