0 0.640000 0.429900 0.015100 0.019800
0 0.769000 0.781000 0.017400 0.019700
0 0.630500 0.054800 0.013100 0.024200
0 0.871000 0.893400 0.017100 0.019700
0 0.872000 0.808800 0.018800 0.019800
0 0.957300 0.621300 0.016400 0.021400
0 0.507200 0.403800 0.016000 0.018500
0 0.252300 0.606600 0.016300 0.019400
0 0.318300 0.421500 0.015400 0.021800
0 0.130800 0.604800 0.014800 0.017300
0 0.390600 0.404500 0.015600 0.018300
0 0.403900 0.308100 0.016800 0.016800
0 0.620400 0.756900 0.015400 0.021200
0 0.630300 0.568900 0.013100 0.023200
0 0.829100 0.607100 0.015800 0.020700
0 0.683800 0.342600 0.014700 0.018500
0 0.069400 0.456500 0.015000 0.017400
0 0.444400 0.055300 0.014900 0.020200
0 0.754400 0.609700 0.015700 0.020200
0 0.403700 0.334500 0.015100 0.019300
0 0.122400 0.469000 0.014600 0.016400
0 0.323400 0.182000 0.014600 0.022200
0 0.473200 0.379500 0.015500 0.021400
0 0.876800 0.408800 0.015700 0.017900
0 0.178900 0.597200 0.015700 0.017600
0 0.159900 0.768900 0.015000 0.019400
0 0.841100 0.792400 0.019200 0.018500
0 0.405900 0.293600 0.015100 0.018200
0 0.552100 0.296500 0.015500 0.018300
0 0.439900 0.292900 0.016200 0.019800
0 0.495700 0.878600 0.014100 0.019400
0 0.892100 0.821200 0.016100 0.021200
0 0.769800 0.084700 0.014500 0.021600
0 0.429400 0.841300 0.015100 0.019500
0 0.421300 0.472500 0.013700 0.020300
0 0.695100 0.055300 0.013900 0.022300
0 0.458200 0.141100 0.013500 0.022900
0 0.843300 0.440800 0.014800 0.022000
0 0.667600 0.780600 0.014700 0.027800
0 0.558600 0.610100 0.014600 0.018900
0 0.669200 0.756500 0.014700 0.028300
0 0.718600 0.957100 0.014700 0.020500
0 0.358700 0.580800 0.015400 0.021200
0 0.856700 0.834500 0.017300 0.018700
0 0.167700 0.156300 0.014700 0.017800
0 0.468500 0.492100 0.012300 0.021200
0 0.254300 0.929200 0.014100 0.021800
0 0.285200 0.753800 0.017100 0.019200
0 0.530200 0.369100 0.014800 0.018100
0 0.705200 0.906500 0.017100 0.022700
0 0.780000 0.807100 0.016100 0.018400
0 0.072300 0.593500 0.014600 0.020900
0 0.669500 0.152400 0.014200 0.019700
0 0.947100 0.921900 0.015900 0.024000
0 0.084300 0.042800 0.013300 0.023800
0 0.140700 0.159700 0.016000 0.018500
0 0.892900 0.116800 0.014500 0.022300
0 0.329300 0.482600 0.017500 0.021000
0 0.117400 0.882400 0.015100 0.022700
0 0.303000 0.643900 0.016200 0.022100
0 0.893300 0.592300 0.015000 0.020500
0 0.480800 0.083500 0.013800 0.021800
0 0.609700 0.480400 0.011400 0.023000
0 0.071000 0.058700 0.014600 0.023000
0 0.222100 0.955500 0.016500 0.019000
0 0.673200 0.435400 0.014100 0.020800
0 0.120000 0.728900 0.013400 0.019500
0 0.902200 0.131300 0.016100 0.020900
0 0.119700 0.921800 0.013900 0.021700
0 0.784800 0.509300 0.012700 0.024600
0 0.542400 0.464900 0.013200 0.022500
0 0.117900 0.614600 0.014500 0.018000
0 0.431300 0.740300 0.014200 0.022500
0 0.103800 0.771100 0.013700 0.020000
0 0.776500 0.129300 0.013700 0.023500
0 0.891900 0.634000 0.013700 0.022200
0 0.944100 0.602500 0.016800 0.022500
0 0.159300 0.722400 0.016500 0.017400
0 0.530200 0.030400 0.015100 0.022800
0 0.629900 0.302600 0.013600 0.021600
0 0.918200 0.428600 0.015400 0.018200
0 0.844000 0.376700 0.014700 0.022500
0 0.160800 0.335500 0.016400 0.018900
0 0.668500 0.727400 0.014700 0.027600
0 0.822600 0.857000 0.016900 0.018300
0 0.103800 0.085300 0.013500 0.021100
0 0.697300 0.032100 0.014500 0.020300
0 0.568400 0.542100 0.011800 0.024900
0 0.659400 0.821500 0.013300 0.030500
0 0.370800 0.546400 0.015800 0.021200
0 0.218700 0.760500 0.014900 0.021400
0 0.145300 0.409600 0.013700 0.020100
0 0.639100 0.482100 0.011700 0.026000
0 0.744400 0.184700 0.015000 0.026400
0 0.077600 0.442000 0.012900 0.019500
0 0.214800 0.148100 0.016800 0.017900
0 0.189000 0.180900 0.015100 0.018300
0 0.445600 0.315100 0.014300 0.019900
0 0.698800 0.583500 0.013500 0.020600
0 0.490500 0.421200 0.011700 0.023700
0 0.441400 0.157300 0.011000 0.029900
0 0.885300 0.210300 0.013700 0.018600
0 0.244300 0.884800 0.011800 0.028600
0 0.503500 0.466200 0.011000 0.029200
0 0.260300 0.596500 0.012900 0.025900
0 0.543300 0.631500 0.012700 0.024100
0 0.907700 0.942400 0.014400 0.024200
0 0.473500 0.753900 0.014600 0.019500
0 0.069400 0.610700 0.014000 0.019200
0 0.010700 0.033800 0.015400 0.018700
0 0.977500 0.293700 0.012900 0.020400
0 0.905000 0.459300 0.012600 0.025300
0 0.760800 0.553200 0.014800 0.018700
0 0.208500 0.244200 0.011400 0.031400
0 0.776800 0.715300 0.016000 0.021300
0 0.760600 0.195300 0.016700 0.021300
0 0.859300 0.166300 0.011600 0.030100
0 0.579700 0.726800 0.013600 0.022500
0 0.846800 0.402300 0.015800 0.020400
0 0.884300 0.053200 0.013700 0.019600
0 0.160300 0.969700 0.015100 0.020700
0 0.176000 0.290600 0.016300 0.021200
0 0.161100 0.489900 0.015700 0.019200
0 0.883300 0.331300 0.015100 0.022300
0 0.901300 0.497700 0.014700 0.021100
0 0.348200 0.865200 0.012900 0.027200
0 0.022100 0.677600 0.014200 0.023800
0 0.510700 0.678000 0.014300 0.020200
0 0.970500 0.542100 0.012100 0.029600
0 0.532800 0.916300 0.012600 0.031000
0 0.671600 0.290300 0.014800 0.020500
0 0.561000 0.634400 0.015200 0.023000
0 0.990300 0.407400 0.010300 0.022900
0 0.426500 0.533900 0.011700 0.029900
0 0.464300 0.819600 0.016700 0.019500
0 0.417700 0.889200 0.014200 0.022800
0 0.974000 0.066200 0.013500 0.026900
0 0.670500 0.051600 0.015300 0.019600
0 0.760000 0.733000 0.010700 0.034200
0 0.764600 0.209200 0.014100 0.024300
0 0.928200 0.926900 0.015800 0.022600
0 0.602800 0.332700 0.014500 0.021200
0 0.829900 0.543900 0.010900 0.033900
0 0.646100 0.443500 0.014400 0.020100
0 0.947800 0.435600 0.015500 0.021900
0 0.473700 0.522200 0.012900 0.024500
0 0.283100 0.519100 0.011400 0.034900
0 0.823900 0.172800 0.012100 0.027300
0 0.031500 0.815100 0.015700 0.023900
0 0.940200 0.891100 0.015700 0.025500
0 0.626100 0.169600 0.010900 0.034800
0 0.880200 0.322700 0.014900 0.022000
0 0.611400 0.268600 0.015000 0.019100
0 0.377100 0.282900 0.016200 0.018500
0 0.194700 0.570800 0.013900 0.017900
0 0.681200 0.073700 0.014000 0.020600
0 0.373500 0.565900 0.015000 0.023700
0 0.127900 0.973300 0.012800 0.018900
0 0.576500 0.871800 0.011700 0.031400
0 0.475700 0.477900 0.011900 0.027300
0 0.904500 0.435000 0.014300 0.017800
0 0.517500 0.535300 0.011700 0.025500
0 0.684200 0.811300 0.017800 0.021300
0 0.769700 0.688900 0.013600 0.021200
0 0.220500 0.977400 0.014400 0.019700
0 0.695900 0.947600 0.015600 0.022200
0 0.143200 0.784900 0.011900 0.028900
0 0.452400 0.523800 0.013500 0.022400
0 0.954200 0.346800 0.011900 0.031900
0 0.086800 0.604200 0.012200 0.026500
0 0.360000 0.286000 0.015500 0.017600
0 0.472000 0.207400 0.012200 0.026400
0 0.563600 0.285100 0.013400 0.019200
0 0.440900 0.223600 0.013200 0.023900
0 0.348300 0.228100 0.013100 0.022100
0 0.440300 0.028700 0.017300 0.020500
0 0.428700 0.316200 0.013800 0.017700
0 0.263700 0.439700 0.017200 0.020500
0 0.725500 0.491800 0.011500 0.027300
0 0.159300 0.077500 0.010700 0.031300
0 0.117800 0.348300 0.014400 0.021000
0 0.113500 0.706100 0.014700 0.019300
0 0.249200 0.181200 0.013700 0.024800
0 0.236000 0.340200 0.011000 0.031200
0 0.488700 0.390400 0.016200 0.019500
0 0.897300 0.226500 0.012900 0.022500
0 0.081500 0.388900 0.013300 0.018600
0 0.428600 0.372600 0.011100 0.031700
0 0.861600 0.190700 0.014900 0.023300
0 0.793400 0.560700 0.010400 0.030500
0 0.889800 0.017200 0.014600 0.026100
0 0.946300 0.086200 0.012900 0.020400
0 0.513700 0.811400 0.014000 0.020000
0 0.468800 0.863700 0.014300 0.018800
0 0.477300 0.414000 0.013100 0.023700
0 0.861700 0.304800 0.013000 0.030200
0 0.063900 0.863600 0.014900 0.019600
0 0.938900 0.652200 0.013200 0.023600
0 0.638600 0.055000 0.014700 0.021000
0 0.984600 0.622300 0.014100 0.025100
0 0.643359 0.176389 0.010156 0.025000
0 0.759375 0.274306 0.010937 0.031944
0 0.915234 0.726389 0.016406 0.022222
0 0.434375 0.641667 0.009375 0.033333
0 0.091016 0.125694 0.010156 0.026389
0 0.694141 0.426389 0.010156 0.025000
0 0.760938 0.647917 0.012500 0.020833
0 0.292578 0.670139 0.011719 0.023611
0 0.081641 0.950694 0.013281 0.026389
0 0.171875 0.616667 0.010937 0.019444
0 0.454297 0.168056 0.013281 0.033333
0 0.016797 0.976389 0.013281 0.022222
0 0.005859 0.015278 0.011719 0.019444
0 0.169141 0.200000 0.014844 0.019444
0 0.135156 0.066667 0.010937 0.038889
0 0.290234 0.126389 0.011719 0.033333
0 0.344922 0.209028 0.013281 0.031944
0 0.544531 0.763194 0.012500 0.037500
0 0.607031 0.943056 0.015625 0.027778
0 0.157813 0.668750 0.012500 0.023611
0 0.017578 0.406250 0.011719 0.018056
0 0.020703 0.414583 0.013281 0.020833
0 0.035156 0.018056 0.009375 0.025000
0 0.982031 0.270139 0.010937 0.018056
0 0.255859 0.014583 0.011719 0.029167
0 0.546875 0.496528 0.010937 0.015278
0 0.643359 0.648611 0.011719 0.022222
0 0.810156 0.604167 0.012500 0.025000
0 0.075000 0.468056 0.014062 0.022222
0 0.085156 0.059028 0.017188 0.020833
0 0.158984 0.578472 0.011719 0.026389
0 0.206641 0.679167 0.016406 0.022222
0 0.171094 0.661111 0.017188 0.022222
0 0.251563 0.841667 0.010937 0.036111
0 0.287891 0.976389 0.011719 0.030556
0 0.589453 0.107639 0.013281 0.026389
0 0.971875 0.646528 0.010937 0.020833
0 0.966797 0.643750 0.013281 0.023611
0 0.041016 0.852083 0.011719 0.026389
