0 0.318600 0.422100 0.014900 0.019900
0 0.119500 0.795300 0.015400 0.019300
0 0.867600 0.830200 0.015200 0.018500
0 0.760200 0.196500 0.014400 0.019400
0 0.644000 0.430500 0.014300 0.019300
0 0.157100 0.579600 0.014700 0.018300
0 0.066600 0.866800 0.014800 0.019600
0 0.217100 0.153000 0.014800 0.017900
0 0.479900 0.534300 0.014100 0.019500
0 0.190400 0.178800 0.016000 0.018200
0 0.920900 0.728600 0.016300 0.020000
0 0.855000 0.770700 0.015400 0.018600
0 0.058900 0.741900 0.013600 0.019000
0 0.165700 0.492000 0.015300 0.020800
0 0.840600 0.792900 0.018100 0.018400
0 0.391900 0.407300 0.016100 0.018500
0 0.669300 0.756400 0.015500 0.024400
0 0.142200 0.158100 0.015900 0.018700
0 0.530200 0.369300 0.015300 0.016800
0 0.209600 0.679100 0.014300 0.017700
0 0.358600 0.879600 0.015200 0.020900
0 0.783000 0.743000 0.015700 0.019100
0 0.519600 0.804500 0.014700 0.020500
0 0.418700 0.366900 0.015000 0.020400
0 0.446200 0.315300 0.013800 0.019500
0 0.844900 0.407700 0.013000 0.024600
0 0.729400 0.831500 0.014800 0.020900
0 0.259000 0.597000 0.012700 0.022700
0 0.440100 0.292000 0.015100 0.019200
0 0.403900 0.307300 0.015900 0.017800
0 0.382700 0.957600 0.015200 0.019200
0 0.944800 0.602700 0.017300 0.020500
0 0.406400 0.965700 0.015900 0.019400
0 0.885500 0.210300 0.013300 0.018400
0 0.791900 0.379600 0.014800 0.023300
0 0.542300 0.460000 0.011900 0.021800
0 0.892500 0.918400 0.016200 0.018100
0 0.610000 0.480000 0.011400 0.021900
0 0.272000 0.432100 0.015600 0.020700
0 0.132200 0.208100 0.015700 0.019600
0 0.295700 0.071600 0.015400 0.019100
0 0.904600 0.131100 0.015300 0.019200
0 0.510900 0.678600 0.014800 0.020400
0 0.258500 0.928600 0.014600 0.021900
0 0.764100 0.559200 0.015200 0.019800
0 0.496500 0.879100 0.014600 0.018400
0 0.553000 0.283000 0.014700 0.019600
0 0.302700 0.644600 0.016500 0.020500
0 0.135800 0.479300 0.014000 0.018700
0 0.167500 0.569700 0.013300 0.021300
0 0.541200 0.759100 0.014300 0.020600
0 0.409700 0.132100 0.011500 0.023300
0 0.594500 0.071700 0.013500 0.020100
0 0.710500 0.096100 0.014200 0.018900
0 0.835800 0.608000 0.017600 0.019200
0 0.476800 0.733500 0.015000 0.020600
0 0.707900 0.904800 0.016800 0.020600
0 0.285200 0.753100 0.015700 0.019700
0 0.352800 0.347400 0.015000 0.018900
0 0.290100 0.732200 0.014600 0.019900
0 0.544900 0.480500 0.013200 0.022000
0 0.165300 0.331800 0.016900 0.018800
0 0.804000 0.254700 0.013500 0.023100
0 0.459800 0.527000 0.015600 0.020100
0 0.096500 0.809500 0.011800 0.024000
0 0.747500 0.622600 0.015200 0.020000
0 0.685700 0.809700 0.016500 0.022000
0 0.479100 0.409300 0.014400 0.022200
0 0.364800 0.722300 0.014400 0.022200
0 0.727700 0.952400 0.015400 0.018800
0 0.667600 0.781500 0.015500 0.026000
0 0.503900 0.471300 0.011200 0.025700
0 0.878300 0.322500 0.016800 0.018000
0 0.468500 0.477400 0.012400 0.025100
0 0.658900 0.821100 0.013000 0.029900
0 0.884400 0.052800 0.015300 0.019500
0 0.739800 0.678600 0.015200 0.018400
0 0.809500 0.019800 0.015200 0.023800
0 0.685900 0.429500 0.014500 0.023600
0 0.777300 0.711000 0.016300 0.017900
0 0.893600 0.115100 0.014100 0.020700
0 0.091600 0.970600 0.014900 0.022600
0 0.885300 0.494400 0.011500 0.028200
0 0.026300 0.678700 0.012700 0.024200
0 0.053800 0.707800 0.010400 0.027700
0 0.448200 0.980600 0.015100 0.021200
0 0.247900 0.883900 0.012200 0.027800
0 0.910300 0.467500 0.012600 0.026300
0 0.082900 0.385400 0.013900 0.018600
0 0.943900 0.555700 0.013800 0.021900
0 0.639100 0.481700 0.011000 0.027000
0 0.060200 0.096300 0.012200 0.023800
0 0.514800 0.402000 0.015000 0.020200
0 0.068300 0.807400 0.011400 0.026500
0 0.726400 0.731700 0.015400 0.020300
0 0.496200 0.497100 0.012300 0.023900
0 0.110800 0.093200 0.015300 0.019800
0 0.016700 0.406800 0.014000 0.017700
0 0.578700 0.719300 0.013700 0.025400
0 0.847400 0.328600 0.017500 0.019800
0 0.179000 0.288800 0.014700 0.019300
0 0.372500 0.172300 0.011000 0.026400
0 0.484900 0.080000 0.013200 0.021900
0 0.784500 0.405800 0.012500 0.023500
0 0.894300 0.632800 0.013800 0.025600
0 0.768400 0.964700 0.015800 0.020200
0 0.526300 0.881300 0.012600 0.022700
0 0.568700 0.542200 0.012300 0.025200
0 0.352300 0.865000 0.014500 0.021800
0 0.563700 0.284100 0.013200 0.020200
0 0.259000 0.172700 0.012900 0.023800
0 0.496500 0.598600 0.013600 0.018900
0 0.171900 0.822300 0.012300 0.026600
0 0.208300 0.244000 0.011100 0.028900
0 0.471200 0.614800 0.014300 0.020500
0 0.579700 0.077900 0.014200 0.020400
0 0.476600 0.379700 0.015200 0.020400
0 0.783500 0.152900 0.013100 0.025000
0 0.811100 0.307300 0.012400 0.028800
0 0.859200 0.166300 0.011500 0.031000
0 0.661300 0.196500 0.014700 0.022300
0 0.076500 0.592300 0.013900 0.020800
0 0.161200 0.769500 0.015700 0.017800
0 0.970300 0.146600 0.015500 0.020000
0 0.017500 0.416200 0.014700 0.018200
0 0.970500 0.542200 0.012200 0.028600
0 0.293700 0.118600 0.010400 0.032100
0 0.689100 0.030600 0.010800 0.030300
0 0.573700 0.794000 0.010100 0.033400
0 0.150900 0.493500 0.012500 0.024200
0 0.815700 0.577800 0.016400 0.019700
0 0.332100 0.030300 0.010900 0.032800
0 0.541900 0.631600 0.011200 0.020600
0 0.095400 0.441500 0.013300 0.019100
0 0.960600 0.139800 0.014700 0.018900
0 0.334900 0.141300 0.012700 0.021300
0 0.527500 0.539300 0.013100 0.023100
0 0.076300 0.631000 0.014300 0.018500
0 0.498800 0.829700 0.016000 0.018200
0 0.241700 0.254300 0.010900 0.028800
0 0.485400 0.978900 0.013900 0.020600
0 0.060500 0.592200 0.015800 0.018900
0 0.616200 0.835800 0.013800 0.022900
0 0.172200 0.610800 0.013400 0.020300
0 0.806700 0.498300 0.014100 0.022400
0 0.404500 0.623400 0.014300 0.020200
0 0.236100 0.339900 0.011200 0.029100
0 0.085300 0.447300 0.014200 0.017100
0 0.761200 0.776600 0.017000 0.018900
0 0.672700 0.426900 0.012100 0.024900
0 0.453300 0.146400 0.011300 0.020900
0 0.161500 0.735900 0.014400 0.018200
0 0.761500 0.653300 0.014800 0.020800
0 0.764000 0.085300 0.014700 0.018100
0 0.301300 0.435700 0.014600 0.020300
0 0.628100 0.178200 0.012100 0.030900
0 0.884300 0.332900 0.017100 0.018800
0 0.896000 0.451600 0.012100 0.021400
0 0.139200 0.054200 0.010500 0.033500
0 0.038800 0.017400 0.013900 0.021700
0 0.441400 0.640600 0.009800 0.035400
0 0.551200 0.298300 0.015700 0.018700
0 0.451700 0.165400 0.012600 0.023700
0 0.241000 0.614600 0.011600 0.021100
0 0.872500 0.573600 0.013900 0.020400
0 0.520400 0.951900 0.017300 0.020300
0 0.642600 0.028400 0.011400 0.028900
0 0.761800 0.730900 0.010600 0.030000
0 0.444500 0.226400 0.013400 0.025300
0 0.267500 0.584200 0.013500 0.019800
0 0.713400 0.472500 0.015300 0.019400
0 0.861500 0.190400 0.014400 0.023300
0 0.289200 0.979200 0.011600 0.029700
0 0.789100 0.811600 0.017200 0.017200
0 0.648100 0.410900 0.014600 0.020500
0 0.320300 0.973900 0.014000 0.020300
0 0.965400 0.701600 0.015100 0.022600
0 0.110600 0.960600 0.012800 0.026600
0 0.896800 0.226400 0.012700 0.022700
0 0.967200 0.935800 0.019600 0.021000
0 0.915400 0.814200 0.014600 0.024100
0 0.876100 0.806100 0.016400 0.018300
0 0.163400 0.070500 0.013800 0.021200
0 0.246500 0.605200 0.011800 0.020800
0 0.869600 0.973500 0.017800 0.018700
0 0.646400 0.443700 0.014400 0.019400
0 0.402200 0.074000 0.013200 0.019400
0 0.514700 0.367400 0.014700 0.018500
0 0.258900 0.015300 0.010000 0.028200
0 0.566600 0.073600 0.015900 0.018800
0 0.696900 0.288800 0.013600 0.020500
0 0.788700 0.510800 0.013000 0.025800
0 0.864400 0.957300 0.019100 0.018900
0 0.948200 0.751600 0.014600 0.022000
0 0.966300 0.623600 0.013900 0.023200
0 0.470600 0.861400 0.015300 0.019200
0 0.431900 0.373500 0.013500 0.023400
0 0.063900 0.766700 0.014600 0.020100
0 0.192900 0.726300 0.014100 0.019400
0 0.993200 0.251900 0.009000 0.020100
0 0.627700 0.458300 0.013700 0.021900
0 0.473900 0.521800 0.013900 0.021900
0 0.946900 0.086100 0.012200 0.020700
0 0.083300 0.776700 0.010600 0.026100
0 0.675000 0.721528 0.012500 0.015278
0 0.033594 0.270139 0.010937 0.026389
0 0.761719 0.301389 0.014062 0.025000
0 0.826563 0.171528 0.012500 0.037500
0 0.887109 0.387500 0.013281 0.036111
0 0.504297 0.322917 0.013281 0.029167
0 0.455078 0.346528 0.008594 0.026389
0 0.292969 0.415278 0.015625 0.013889
0 0.979688 0.625694 0.010937 0.023611
0 0.987109 0.615278 0.013281 0.027778
0 0.428516 0.316667 0.010156 0.016667
0 0.750000 0.302083 0.014062 0.023611
0 0.596094 0.097222 0.014062 0.030556
0 0.088672 0.464583 0.014844 0.026389
0 0.091016 0.129167 0.010156 0.033333
0 0.175391 0.554861 0.010156 0.023611
0 0.182812 0.568056 0.010937 0.019444
0 0.006250 0.012500 0.012500 0.022222
0 0.015625 0.036806 0.015625 0.023611
0 0.253125 0.835417 0.010937 0.034722
0 0.080859 0.011806 0.014844 0.020833
0 0.057031 0.350000 0.009375 0.030556
0 0.964063 0.644444 0.010937 0.022222
0 0.970703 0.642361 0.010156 0.020833
0 0.978516 0.296528 0.013281 0.029167
0 0.653906 0.062500 0.010937 0.027778
0 0.418750 0.353472 0.017188 0.026389
