0 0.341800 0.269700 0.016400 0.019100
0 0.067500 0.869400 0.014900 0.018400
0 0.867800 0.832200 0.016300 0.018000
0 0.180800 0.285000 0.013900 0.019200
0 0.880500 0.808200 0.015900 0.019600
0 0.168100 0.329800 0.016000 0.019100
0 0.669100 0.756700 0.015100 0.024900
0 0.220500 0.148000 0.016800 0.018100
0 0.859200 0.444900 0.016300 0.020000
0 0.497700 0.570800 0.015300 0.019100
0 0.943500 0.045100 0.015400 0.019200
0 0.221200 0.672100 0.014600 0.019600
0 0.872000 0.882000 0.018000 0.018900
0 0.503800 0.640200 0.016800 0.018900
0 0.434000 0.295400 0.014800 0.019800
0 0.870500 0.555300 0.018800 0.018400
0 0.445900 0.316000 0.013300 0.021400
0 0.769700 0.557700 0.015100 0.019900
0 0.017800 0.404100 0.014400 0.018800
0 0.597600 0.383400 0.016900 0.018000
0 0.767900 0.094300 0.014600 0.019400
0 0.992000 0.219600 0.011600 0.023100
0 0.944200 0.603000 0.015000 0.021200
0 0.172500 0.483900 0.014600 0.019300
0 0.716200 0.903600 0.017100 0.021800
0 0.654900 0.384100 0.014800 0.018800
0 0.116700 0.095400 0.014900 0.019600
0 0.439900 0.804800 0.014700 0.018500
0 0.510600 0.678800 0.013600 0.020200
0 0.302400 0.644700 0.017200 0.021700
0 0.719600 0.383600 0.014000 0.021700
0 0.928700 0.722500 0.018700 0.019000
0 0.530000 0.369900 0.015300 0.017200
0 0.403400 0.307800 0.015800 0.018500
0 0.559200 0.935100 0.015100 0.019400
0 0.815500 0.042600 0.014100 0.021700
0 0.506400 0.445000 0.014700 0.018800
0 0.682700 0.777600 0.015700 0.022100
0 0.145000 0.497300 0.014300 0.018300
0 0.552000 0.429900 0.016100 0.019700
0 0.884300 0.053400 0.015200 0.016600
0 0.469700 0.865200 0.014200 0.019400
0 0.689300 0.708600 0.015200 0.020800
0 0.902500 0.130700 0.013300 0.020500
0 0.368100 0.116900 0.013700 0.026400
0 0.091000 0.620900 0.014900 0.019500
0 0.526800 0.805100 0.014000 0.021000
0 0.191900 0.966600 0.014500 0.020200
0 0.879100 0.322300 0.017200 0.017600
0 0.158900 0.520000 0.012400 0.022100
0 0.259800 0.932200 0.013400 0.023400
0 0.473100 0.491300 0.012600 0.022600
0 0.443800 0.403700 0.013800 0.020600
0 0.542300 0.907800 0.013500 0.022400
0 0.468500 0.791400 0.012500 0.022500
0 0.760400 0.778000 0.015600 0.019400
0 0.710500 0.143200 0.016200 0.019900
0 0.689800 0.808200 0.016300 0.022000
0 0.148400 0.146500 0.014500 0.019400
0 0.947600 0.466300 0.013000 0.021900
0 0.543200 0.454000 0.013000 0.022700
0 0.672500 0.805400 0.013900 0.024000
0 0.770400 0.959600 0.014900 0.021400
0 0.648300 0.428400 0.015200 0.017900
0 0.609800 0.480300 0.011400 0.022600
0 0.779200 0.829300 0.016200 0.019100
0 0.703000 0.129400 0.013400 0.023600
0 0.285200 0.753800 0.016500 0.019500
0 0.116900 0.109900 0.013800 0.020200
0 0.465900 0.120500 0.011000 0.026200
0 0.066400 0.954900 0.015400 0.019100
0 0.692200 0.419200 0.014300 0.026300
0 0.460000 0.452900 0.012500 0.019300
0 0.017800 0.595900 0.014500 0.020500
0 0.479000 0.417300 0.013800 0.022700
0 0.934100 0.244000 0.014600 0.019200
0 0.639000 0.481700 0.011700 0.026200
0 0.885800 0.210800 0.012200 0.020000
0 0.418300 0.315100 0.013900 0.020800
0 0.967400 0.444000 0.013300 0.024900
0 0.542500 0.632500 0.012400 0.021600
0 0.795000 0.506800 0.014300 0.025200
0 0.444300 0.514100 0.014800 0.019000
0 0.916100 0.156700 0.010600 0.026600
0 0.165100 0.770800 0.013700 0.023600
0 0.355500 0.772900 0.015000 0.020500
0 0.683100 0.829500 0.014600 0.023100
0 0.264500 0.165100 0.013700 0.026000
0 0.658400 0.821500 0.012400 0.028400
0 0.234600 0.971900 0.013500 0.019400
0 0.260000 0.595900 0.012000 0.024200
0 0.161100 0.092200 0.012900 0.022100
0 0.568500 0.542300 0.012300 0.024900
0 0.154400 0.780900 0.012000 0.028200
0 0.933900 0.889100 0.014800 0.020000
0 0.055600 0.753500 0.011100 0.027600
0 0.122500 0.440500 0.014500 0.019500
0 0.040800 0.018600 0.013700 0.023800
0 0.024000 0.684400 0.013800 0.022200
0 0.347800 0.858000 0.016500 0.022600
0 0.646200 0.447500 0.015100 0.020700
0 0.154800 0.330600 0.013800 0.020000
0 0.677000 0.215200 0.013600 0.025000
0 0.622100 0.814900 0.012900 0.024200
0 0.032800 0.915200 0.014600 0.020700
0 0.598500 0.884800 0.011300 0.026800
0 0.661000 0.917500 0.014200 0.025200
0 0.007000 0.365500 0.013300 0.022300
0 0.970600 0.542900 0.012400 0.028800
0 0.369600 0.622000 0.011100 0.030400
0 0.314500 0.207000 0.012500 0.027600
0 0.782900 0.151900 0.013000 0.022200
0 0.758300 0.319700 0.012000 0.031200
0 0.760400 0.196600 0.014500 0.018200
0 0.517200 0.401500 0.014400 0.019300
0 0.280200 0.730700 0.013800 0.020900
0 0.032300 0.472600 0.014300 0.020300
0 0.429400 0.317900 0.013300 0.019200
0 0.339400 0.982500 0.013900 0.024200
0 0.618500 0.598300 0.014300 0.020800
0 0.839000 0.773000 0.015800 0.019200
0 0.842600 0.610100 0.018100 0.019100
0 0.626400 0.181600 0.011400 0.032100
0 0.248300 0.884300 0.011900 0.025300
0 0.508700 0.471800 0.010400 0.028800
0 0.858900 0.166600 0.011200 0.032000
0 0.972900 0.480700 0.018700 0.020100
0 0.208300 0.244700 0.010700 0.032600
0 0.236000 0.340300 0.011500 0.029600
0 0.015600 0.183500 0.012200 0.027200
0 0.892800 0.627400 0.013100 0.028600
0 0.581500 0.715100 0.013000 0.026700
0 0.457600 0.761400 0.014400 0.019000
0 0.847100 0.798200 0.016300 0.019000
0 0.171900 0.610900 0.013400 0.019700
0 0.693400 0.060600 0.014700 0.022400
0 0.218600 0.606900 0.012700 0.018800
0 0.446600 0.228300 0.014100 0.023000
0 0.897000 0.226500 0.013000 0.021600
0 0.801900 0.705200 0.015800 0.019300
0 0.761500 0.653900 0.014500 0.022000
0 0.109500 0.457600 0.016000 0.018800
0 0.163800 0.540100 0.014100 0.018300
0 0.110100 0.446100 0.015300 0.019200
0 0.216300 0.622100 0.011100 0.020600
0 0.515000 0.366000 0.015400 0.018500
0 0.151100 0.566700 0.013500 0.018300
0 0.052200 0.889800 0.011900 0.023700
0 0.473900 0.522600 0.013200 0.022600
0 0.861500 0.190300 0.014300 0.023900
0 0.099000 0.810600 0.015100 0.019300
0 0.093000 0.589200 0.013800 0.020400
0 0.767500 0.198000 0.015900 0.019200
0 0.724300 0.204700 0.014500 0.019800
0 0.444800 0.640700 0.010900 0.031000
0 0.018100 0.036100 0.014700 0.020100
0 0.711600 0.739700 0.012800 0.026000
0 0.018900 0.801500 0.014800 0.020700
0 0.549100 0.294100 0.016300 0.017200
0 0.436700 0.380100 0.013600 0.024700
0 0.884700 0.334500 0.017700 0.018200
0 0.297400 0.119400 0.010700 0.034900
0 0.229700 0.948100 0.012300 0.025100
0 0.669000 0.779400 0.014100 0.024000
0 0.142600 0.058500 0.010100 0.034500
0 0.489300 0.935700 0.013900 0.026200
0 0.486000 0.085200 0.014800 0.019200
0 0.188900 0.660000 0.014200 0.020300
0 0.913200 0.865200 0.012300 0.022800
0 0.894900 0.111200 0.013000 0.022000
0 0.082900 0.388900 0.014700 0.018700
0 0.773200 0.981100 0.013800 0.021800
0 0.769200 0.729500 0.010400 0.028800
0 0.474100 0.382600 0.015700 0.020200
0 0.261100 0.606400 0.013600 0.021000
0 0.424100 0.041500 0.013300 0.024000
0 0.681300 0.176900 0.012600 0.025200
0 0.453800 0.146900 0.011700 0.024500
0 0.361000 0.309800 0.013500 0.024900
0 0.253600 0.834400 0.009900 0.036700
0 0.181200 0.548600 0.014100 0.019600
0 0.178000 0.689500 0.012700 0.024400
0 0.021800 0.779800 0.010900 0.022700
0 0.528900 0.726100 0.012700 0.023000
0 0.663400 0.045100 0.014700 0.019300
0 0.455200 0.223200 0.014600 0.022600
0 0.861200 0.684400 0.014200 0.024900
0 0.326500 0.539000 0.009100 0.034200
0 0.188400 0.175800 0.014800 0.019000
0 0.452200 0.165900 0.012500 0.027700
0 0.401000 0.685000 0.012900 0.025400
0 0.395703 0.412500 0.014844 0.030556
0 0.739453 0.467361 0.011719 0.040278
0 0.076563 0.776389 0.012500 0.022222
0 0.561328 0.286806 0.014844 0.029167
0 0.867969 0.958333 0.010937 0.027778
0 0.832812 0.173611 0.012500 0.036111
0 0.851562 0.100694 0.014062 0.034722
0 0.571875 0.118056 0.015625 0.022222
0 0.598828 0.103472 0.014844 0.023611
0 0.007422 0.288889 0.014844 0.025000
0 0.027344 0.414583 0.017188 0.023611
0 0.226172 0.036111 0.017969 0.022222
0 0.092578 0.130556 0.013281 0.038889
0 0.005469 0.014583 0.010937 0.023611
0 0.660547 0.606944 0.011719 0.027778
0 0.154297 0.900000 0.014844 0.022222
0 0.080469 0.979167 0.010937 0.030556
0 0.301953 0.497917 0.014844 0.026389
0 0.277344 0.480556 0.014062 0.027778
0 0.317187 0.420139 0.017188 0.023611
0 0.287500 0.422222 0.012500 0.025000
0 0.495313 0.879861 0.014062 0.023611
0 0.568750 0.788889 0.014062 0.036111
0 0.990234 0.610417 0.011719 0.023611
0 0.981250 0.621528 0.010937 0.029167
0 0.972656 0.633333 0.010937 0.025000
0 0.963672 0.636111 0.010156 0.027778
0 0.968359 0.621528 0.008594 0.023611
0 0.911328 0.460417 0.011719 0.029167
0 0.977344 0.295139 0.012500 0.031944
0 0.993359 0.253472 0.011719 0.029167
0 0.922656 0.629167 0.012500 0.033333
0 0.761719 0.587500 0.015625 0.025000
0 0.450391 0.638194 0.013281 0.023611
0 0.641406 0.596528 0.010937 0.020833
0 0.299219 0.980556 0.010937 0.027778
0 0.437500 0.426389 0.015625 0.022222
