0 0.154700 0.357300 0.015400 0.023500
0 0.180500 0.568200 0.017000 0.021300
0 0.206200 0.794400 0.015500 0.024200
0 0.429100 0.256600 0.014900 0.022900
0 0.847300 0.931900 0.014500 0.023900
0 0.494200 0.408000 0.016300 0.021400
0 0.706700 0.116700 0.014000 0.025500
0 0.534900 0.494200 0.016500 0.022100
0 0.119600 0.042600 0.016800 0.022600
0 0.434500 0.494500 0.014500 0.023000
0 0.679700 0.044100 0.015000 0.024400
0 0.072400 0.146300 0.015000 0.022700
0 0.440100 0.331200 0.014100 0.025400
0 0.308900 0.658300 0.017000 0.022500
0 0.869900 0.506200 0.014200 0.021200
0 0.478900 0.356600 0.015300 0.025300
0 0.105200 0.671100 0.017000 0.023400
0 0.869200 0.256200 0.014700 0.024700
0 0.183300 0.042700 0.015200 0.025600
0 0.291900 0.479800 0.014800 0.023100
0 0.446700 0.534000 0.014400 0.025000
0 0.154200 0.504700 0.015900 0.022100
0 0.105900 0.628000 0.015100 0.022500
0 0.118300 0.118700 0.015200 0.022500
0 0.668600 0.957900 0.014800 0.022300
0 0.903100 0.571100 0.016600 0.023100
0 0.892400 0.359000 0.015000 0.021200
0 0.896700 0.845700 0.015000 0.024200
0 0.470900 0.579100 0.015900 0.023500
0 0.133700 0.892000 0.016700 0.023000
0 0.808600 0.332700 0.014900 0.023200
0 0.294400 0.130700 0.016500 0.021900
0 0.918000 0.641500 0.014200 0.023400
0 0.142100 0.665700 0.015300 0.022700
0 0.695300 0.731600 0.015500 0.023700
0 0.321400 0.091600 0.014700 0.022700
0 0.619500 0.671300 0.015400 0.021600
0 0.797600 0.306200 0.015200 0.023300
0 0.144600 0.717100 0.015500 0.024200
0 0.131200 0.529200 0.014400 0.024200
0 0.282100 0.066300 0.013900 0.023400
0 0.957700 0.895100 0.015200 0.024400
0 0.179600 0.359800 0.014900 0.022800
0 0.516200 0.892000 0.016600 0.023500
0 0.471900 0.818200 0.015400 0.023100
0 0.930200 0.303900 0.015200 0.022300
0 0.894200 0.641300 0.015100 0.022800
0 0.681000 0.640400 0.014600 0.023400
0 0.869100 0.957700 0.016000 0.023200
0 0.082200 0.370000 0.014900 0.022600
0 0.382000 0.096900 0.016900 0.021200
0 0.092200 0.330600 0.014800 0.022900
0 0.797700 0.904200 0.015000 0.024200
0 0.504500 0.393500 0.015400 0.022200
0 0.222600 0.544400 0.015700 0.022700
0 0.079000 0.743900 0.013700 0.026100
0 0.672200 0.240800 0.015000 0.026000
0 0.747100 0.454100 0.016000 0.024100
0 0.181700 0.829200 0.016200 0.022600
0 0.445500 0.907100 0.015700 0.023200
0 0.128600 0.556000 0.016400 0.023900
0 0.715000 0.340900 0.013800 0.024800
0 0.029800 0.144200 0.014400 0.026500
0 0.332800 0.645600 0.014600 0.025500
0 0.958100 0.257000 0.016800 0.022300
0 0.919400 0.284800 0.015100 0.021000
0 0.206300 0.097000 0.015900 0.022500
0 0.844400 0.441800 0.016100 0.021700
0 0.909200 0.202700 0.015300 0.023000
0 0.185100 0.495600 0.018300 0.021600
0 0.092600 0.729200 0.015400 0.023900
0 0.340200 0.343800 0.015000 0.020900
0 0.293400 0.605600 0.014900 0.020000
0 0.445500 0.079400 0.015100 0.023600
0 0.068500 0.318900 0.016300 0.022600
0 0.908400 0.871600 0.015500 0.022500
0 0.692700 0.610300 0.013900 0.022200
0 0.145500 0.516900 0.016000 0.021800
0 0.872400 0.529100 0.014500 0.022600
0 0.843700 0.546000 0.015800 0.022400
0 0.903900 0.234500 0.015000 0.024700
0 0.779200 0.584700 0.014500 0.022400
0 0.773300 0.354700 0.013900 0.023900
0 0.657700 0.691800 0.015600 0.020200
0 0.531600 0.703000 0.014800 0.024400
0 0.308800 0.159300 0.017000 0.021500
0 0.509000 0.134100 0.015300 0.021900
0 0.494700 0.957800 0.015300 0.022100
0 0.802900 0.265900 0.015800 0.022600
0 0.204100 0.181000 0.013800 0.020400
0 0.547600 0.467100 0.015300 0.022900
0 0.745800 0.420900 0.015400 0.025500
0 0.820800 0.507700 0.015500 0.023300
0 0.926800 0.945000 0.014500 0.022400
0 0.771400 0.658200 0.015400 0.025100
0 0.607900 0.556500 0.016100 0.023800
0 0.190900 0.553800 0.017400 0.020600
0 0.798200 0.570000 0.015200 0.024600
0 0.289400 0.655600 0.016600 0.021800
0 0.919500 0.708100 0.013800 0.024900
0 0.494700 0.758300 0.014600 0.022200
0 0.372300 0.602400 0.014400 0.022700
0 0.133100 0.069300 0.015200 0.021400
0 0.807300 0.519800 0.015700 0.023700
0 0.485500 0.457300 0.016500 0.021500
0 0.390100 0.158300 0.015900 0.022100
0 0.884700 0.554400 0.016500 0.022000
0 0.835200 0.343800 0.015700 0.021900
0 0.072900 0.291300 0.015200 0.024300
0 0.206900 0.122200 0.015400 0.021500
0 0.419100 0.957100 0.015300 0.022200
0 0.167400 0.415800 0.015300 0.024000
0 0.871600 0.108200 0.016500 0.023600
0 0.893700 0.280600 0.015700 0.022300
0 0.029200 0.117400 0.014500 0.024800
0 0.219000 0.173000 0.015100 0.020800
0 0.980100 0.869000 0.014600 0.023900
0 0.447600 0.408100 0.015200 0.020900
0 0.880800 0.968400 0.014600 0.023600
0 0.659600 0.295000 0.015000 0.026200
0 0.702300 0.533400 0.015000 0.025000
0 0.060100 0.507100 0.016600 0.023900
0 0.890500 0.256300 0.015600 0.022900
0 0.666100 0.458000 0.015100 0.025800
0 0.069100 0.908700 0.016300 0.022200
0 0.810100 0.769400 0.014900 0.025200
0 0.517800 0.702600 0.013900 0.023400
0 0.622900 0.242800 0.015500 0.023500
0 0.095200 0.958400 0.014900 0.023200
0 0.057700 0.140400 0.014600 0.021500
0 0.233100 0.117700 0.015400 0.021300
0 0.933400 0.115400 0.016100 0.022000
0 0.793500 0.672100 0.015100 0.024500
0 0.197500 0.159700 0.015600 0.021600
0 0.797800 0.693200 0.014600 0.023300
0 0.935200 0.869100 0.014500 0.023400
0 0.343700 0.671800 0.015300 0.023100
0 0.967900 0.659600 0.014400 0.024000
0 0.297300 0.323100 0.015300 0.020400
0 0.020900 0.396300 0.016600 0.022000
0 0.441600 0.122600 0.015800 0.024100
0 0.270100 0.759400 0.015700 0.024600
0 0.659500 0.117600 0.015600 0.024300
0 0.507600 0.430700 0.015500 0.023600
0 0.907000 0.403800 0.015100 0.021000
0 0.406600 0.360100 0.015300 0.022700
0 0.081500 0.282400 0.013900 0.024700
0 0.148200 0.220100 0.014000 0.027100
0 0.867600 0.379000 0.015800 0.019900
0 0.822200 0.756400 0.014600 0.024500
0 0.880500 0.582500 0.015700 0.024100
0 0.031300 0.335100 0.016100 0.021500
0 0.297900 0.618700 0.014200 0.021500
0 0.972700 0.183100 0.015500 0.024300
0 0.639100 0.141200 0.014500 0.023000
0 0.821100 0.958900 0.014500 0.025000
0 0.852800 0.029500 0.017400 0.024700
0 0.718800 0.890100 0.015900 0.023400
0 0.580900 0.902600 0.015000 0.026000
0 0.596400 0.884400 0.015900 0.025400
0 0.377600 0.489800 0.014800 0.022800
0 0.631800 0.572500 0.015000 0.021400
0 0.168400 0.109700 0.015700 0.021800
0 0.555800 0.527800 0.015600 0.023500
0 0.289200 0.420900 0.016400 0.023600
0 0.539100 0.245400 0.014300 0.025500
0 0.259300 0.240400 0.015000 0.025200
0 0.398200 0.321200 0.015300 0.023200
0 0.629700 0.820000 0.015500 0.023800
0 0.845500 0.315500 0.013600 0.022500
0 0.418700 0.178500 0.014800 0.021100
0 0.089800 0.134300 0.014800 0.023000
0 0.556900 0.483200 0.014500 0.025000
0 0.409000 0.522600 0.014000 0.024900
0 0.639300 0.040800 0.015500 0.022300
0 0.571300 0.509000 0.014900 0.024700
0 0.045500 0.021200 0.016900 0.025700
0 0.693100 0.115300 0.013600 0.024200
0 0.135100 0.371000 0.016000 0.023100
0 0.327900 0.339900 0.014700 0.022400
0 0.697500 0.909600 0.014800 0.024500
0 0.828500 0.277400 0.014300 0.022300
0 0.698000 0.418700 0.016200 0.024700
0 0.089400 0.495200 0.015200 0.024300
0 0.951600 0.215700 0.015200 0.022500
0 0.118500 0.890200 0.016400 0.022500
0 0.659000 0.320400 0.014000 0.025300
0 0.979200 0.071600 0.014800 0.026600
0 0.291000 0.858300 0.016800 0.026000
0 0.310000 0.039500 0.016500 0.021700
0 0.897200 0.297300 0.015000 0.023100
0 0.277600 0.019100 0.016900 0.023600
0 0.609400 0.444700 0.016000 0.022300
0 0.892000 0.859300 0.015400 0.021200
0 0.970000 0.093700 0.014100 0.024300
0 0.165100 0.608700 0.017400 0.023500
0 0.534700 0.319700 0.015000 0.021000
0 0.631500 0.784700 0.014600 0.023400
0 0.848000 0.370600 0.014900 0.021600
0 0.858200 0.065200 0.017100 0.020300
0 0.044900 0.972500 0.012200 0.023300
0 0.273200 0.591000 0.015200 0.022300
0 0.205700 0.060800 0.016100 0.022400
0 0.039300 0.607700 0.015400 0.026800
0 0.744800 0.803200 0.015300 0.024400
0 0.898300 0.153200 0.015500 0.022800
0 0.202700 0.222900 0.013600 0.023600
0 0.781300 0.335300 0.014400 0.023800
0 0.068500 0.940400 0.014600 0.021000
0 0.440700 0.280500 0.013600 0.027200
0 0.061100 0.384700 0.014600 0.022400
0 0.598000 0.108400 0.015300 0.023800
0 0.356200 0.126400 0.014300 0.022800
0 0.365200 0.052800 0.016500 0.020900
0 0.444700 0.265500 0.014000 0.022800
0 0.856400 0.898000 0.013300 0.024100
0 0.957900 0.472700 0.014500 0.024500
0 0.145200 0.697100 0.014900 0.025000
0 0.716400 0.647400 0.014100 0.024700
0 0.605800 0.980000 0.015900 0.020800
0 0.535300 0.659400 0.014800 0.022000
0 0.879700 0.773000 0.014000 0.025000
0 0.594400 0.171700 0.015200 0.025200
0 0.619300 0.958800 0.017100 0.024000
0 0.393400 0.076800 0.015600 0.021900
0 0.565000 0.770900 0.014700 0.023200
0 0.453400 0.802600 0.015200 0.022200
0 0.841700 0.977300 0.013000 0.022100
0 0.679400 0.984100 0.013200 0.025100
0 0.516100 0.064100 0.016500 0.021500
0 0.636200 0.923000 0.015700 0.023800
0 0.003300 0.220100 0.006900 0.021400
0 0.945600 0.134600 0.015700 0.022700
0 0.698200 0.893600 0.014500 0.025200
0 0.009900 0.979600 0.011500 0.021900
0 0.016100 0.585300 0.015300 0.026800
0 0.793200 0.532300 0.015200 0.025400
0 0.361100 0.959100 0.015400 0.023700
0 0.233500 0.128100 0.014600 0.021600
0 0.429200 0.623100 0.014400 0.023600
0 0.686100 0.559200 0.015300 0.022000
0 0.214000 0.759700 0.015900 0.022800
0 0.902000 0.417600 0.015000 0.022900
0 0.529500 0.531000 0.014900 0.025400
0 0.703300 0.634100 0.013200 0.024400
0 0.260900 0.072400 0.013600 0.021200
0 0.941700 0.146300 0.016800 0.021800
0 0.764600 0.722600 0.016100 0.023500
0 0.393900 0.568000 0.014100 0.020900
0 0.354500 0.035800 0.016200 0.021300
0 0.710900 0.147100 0.015800 0.023000
0 0.168500 0.564800 0.016600 0.021000
0 0.140300 0.347700 0.016700 0.022700
0 0.139100 0.818700 0.015700 0.025600
0 0.678300 0.760500 0.015000 0.025300
0 0.982600 0.970500 0.014100 0.023300
0 0.646800 0.589700 0.015700 0.022300
0 0.191800 0.832800 0.016900 0.024300
0 0.727100 0.310500 0.015600 0.024800
0 0.572300 0.747900 0.014600 0.023700
0 0.571200 0.435100 0.015800 0.020700
0 0.564200 0.267500 0.015500 0.023600
0 0.471900 0.370600 0.013500 0.023800
0 0.342300 0.615200 0.014700 0.022700
0 0.539600 0.815400 0.016100 0.025800
0 0.379600 0.423000 0.014100 0.024600
0 0.190800 0.172000 0.014900 0.021600
0 0.795000 0.540100 0.015000 0.025000
0 0.014100 0.645000 0.015800 0.025700
0 0.973500 0.959800 0.014400 0.020100
0 0.566700 0.705300 0.015200 0.023600
0 0.095400 0.889900 0.016800 0.021600
0 0.601600 0.145200 0.015300 0.024700
0 0.455500 0.152000 0.015000 0.022000
0 0.397800 0.173300 0.016900 0.023500
0 0.178800 0.139200 0.015500 0.022200
0 0.635400 0.115400 0.015600 0.021600
0 0.621300 0.839500 0.015500 0.024000
0 0.522800 0.176800 0.015300 0.024000
0 0.980400 0.142900 0.014600 0.026300
0 0.351500 0.169200 0.016200 0.023800
0 0.571500 0.716000 0.014900 0.024200
0 0.882800 0.489100 0.015400 0.022100
0 0.718000 0.923200 0.015200 0.023700
0 0.713700 0.392100 0.015000 0.024200
0 0.590000 0.064000 0.015400 0.021400
0 0.431400 0.577300 0.014000 0.024400
0 0.345600 0.048200 0.013800 0.022400
0 0.155400 0.973300 0.016700 0.021700
0 0.968200 0.065900 0.014400 0.023500
0 0.410800 0.456000 0.014600 0.024200
0 0.222800 0.219300 0.014500 0.023500
0 0.227700 0.310400 0.016300 0.023300
0 0.326100 0.429300 0.015200 0.023600
0 0.570200 0.626900 0.014500 0.025500
0 0.428700 0.309200 0.013400 0.023900
0 0.061200 0.257200 0.014400 0.023600
0 0.111100 0.080800 0.015200 0.022900
0 0.860700 0.079400 0.017200 0.020200
0 0.602500 0.360400 0.017800 0.023000
0 0.247500 0.473700 0.016800 0.021000
0 0.898200 0.176900 0.015100 0.023100
0 0.418900 0.848200 0.014500 0.024200
0 0.245200 0.404700 0.017100 0.020600
0 0.096700 0.623400 0.014000 0.020800
0 0.035000 0.916500 0.016400 0.022200
0 0.234700 0.415500 0.016400 0.023000
0 0.695100 0.751500 0.014300 0.024300
0 0.791900 0.052100 0.014900 0.023800
0 0.038700 0.521200 0.016700 0.026300
0 0.122200 0.923500 0.015600 0.024400
0 0.741800 0.573600 0.014100 0.022700
0 0.352400 0.485600 0.016100 0.021700
0 0.346300 0.981900 0.015200 0.024000
0 0.663900 0.810800 0.017400 0.022000
0 0.059400 0.923400 0.015200 0.022300
0 0.739600 0.976700 0.014400 0.021500
0 0.108000 0.881600 0.016400 0.022200
0 0.680700 0.477100 0.016100 0.026300
0 0.310600 0.452500 0.015300 0.023400
0 0.669300 0.084400 0.014500 0.027200
0 0.916400 0.526700 0.016900 0.021200
0 0.066400 0.873400 0.017500 0.024700
0 0.048200 0.927900 0.015400 0.023400
0 0.679300 0.923600 0.016100 0.023700
0 0.585400 0.543400 0.016700 0.026500
0 0.219900 0.805000 0.017000 0.022700
0 0.264200 0.310600 0.016700 0.022600
0 0.422500 0.222700 0.014500 0.023600
0 0.233000 0.953100 0.012500 0.027500
0 0.748700 0.293000 0.015500 0.022100
0 0.023200 0.530700 0.016900 0.032100
0 0.985100 0.841700 0.014700 0.027500
0 0.334600 0.051700 0.014600 0.022600
0 0.585500 0.148100 0.015200 0.024500
0 0.934200 0.752100 0.014600 0.025800
0 0.822500 0.740400 0.014500 0.023700
0 0.076200 0.966300 0.013300 0.024000
0 0.648000 0.823300 0.017100 0.023800
0 0.181200 0.111000 0.015800 0.021100
0 0.779500 0.698500 0.015100 0.024600
0 0.508000 0.789200 0.014800 0.025500
0 0.197700 0.376400 0.016300 0.021900
0 0.978100 0.656100 0.014100 0.024500
0 0.753400 0.752100 0.015800 0.024700
0 0.033100 0.046300 0.014200 0.026000
0 0.940300 0.982500 0.015900 0.022200
0 0.248300 0.135300 0.015300 0.021000
0 0.476800 0.406000 0.015900 0.022800
0 0.122200 0.022500 0.015900 0.021700
0 0.613700 0.339800 0.015900 0.022700
0 0.394600 0.414300 0.014500 0.024400
0 0.672000 0.264100 0.014400 0.026800
0 0.183800 0.198500 0.013600 0.023900
0 0.944400 0.552200 0.016600 0.024600
0 0.210700 0.927400 0.015500 0.024000
0 0.691800 0.471000 0.015600 0.025400
0 0.776000 0.140000 0.015400 0.022200
0 0.872600 0.323400 0.015700 0.022000
0 0.466800 0.956700 0.015200 0.022500
0 0.086200 0.023600 0.015700 0.022900
0 0.280500 0.098400 0.013900 0.025100
0 0.984400 0.169700 0.015300 0.022500
0 0.539200 0.336100 0.016700 0.022000
0 0.576700 0.777400 0.014600 0.022900
0 0.719922 0.015278 0.010156 0.030556
0 0.810156 0.013889 0.010937 0.025000
0 0.994141 0.240972 0.011719 0.020833
0 0.994141 0.474306 0.011719 0.031944
0 0.994141 0.453472 0.010156 0.018056
0 0.937500 0.617361 0.012500 0.029167
0 0.986328 0.635417 0.011719 0.031944
0 0.824609 0.857639 0.013281 0.026389
0 0.851563 0.663194 0.012500 0.026389
0 0.857031 0.682639 0.015625 0.023611
0 0.714063 0.477083 0.010937 0.034722
0 0.678906 0.434028 0.014062 0.023611
0 0.602344 0.425694 0.017188 0.026389
0 0.664453 0.572222 0.017969 0.025000
0 0.663672 0.730556 0.011719 0.033333
0 0.663281 0.754861 0.014062 0.031944
0 0.625391 0.897917 0.011719 0.029167
0 0.609375 0.872917 0.012500 0.031944
0 0.488281 0.711806 0.018750 0.020833
0 0.262891 0.887500 0.013281 0.033333
0 0.274609 0.948611 0.013281 0.030556
0 0.299609 0.686806 0.014844 0.034722
0 0.314844 0.622222 0.012500 0.030556
0 0.235547 0.663194 0.019531 0.023611
0 0.151172 0.651389 0.021094 0.025000
0 0.227734 0.438194 0.014844 0.015278
0 0.232031 0.452083 0.015625 0.023611
0 0.276953 0.407639 0.013281 0.023611
0 0.253906 0.336111 0.012500 0.033333
0 0.336719 0.182639 0.014062 0.029167
0 0.422656 0.013889 0.012500 0.025000
0 0.458984 0.192361 0.011719 0.029167
0 0.611719 0.165278 0.017188 0.025000
0 0.025000 0.545833 0.009375 0.033333
0 0.878125 0.418056 0.009375 0.044444
0 0.857031 0.720833 0.009375 0.027778
0 0.860547 0.742361 0.008594 0.029167
0 0.941016 0.663889 0.010156 0.036111
0 0.810547 0.463889 0.022656 0.022222
0 0.950391 0.336111 0.011719 0.033333
0 0.648828 0.195139 0.013281 0.034722
0 0.718750 0.196528 0.010937 0.037500
0 0.483203 0.311806 0.011719 0.031944
0 0.512891 0.480556 0.010156 0.027778
0 0.408594 0.687500 0.009375 0.033333
0 0.377734 0.666667 0.011719 0.033333
0 0.392188 0.791667 0.010937 0.033333
0 0.398047 0.770833 0.013281 0.025000
0 0.518359 0.653472 0.011719 0.023611
0 0.514453 0.324306 0.011719 0.029167
0 0.296875 0.387500 0.010937 0.036111
0 0.039844 0.177778 0.012500 0.036111
0 0.374609 0.115972 0.017969 0.020833
0 0.526563 0.671528 0.014062 0.026389
0 0.599609 0.502083 0.010156 0.034722
0 0.784766 0.375694 0.011719 0.037500
0 0.789063 0.187500 0.010937 0.038889
0 0.950391 0.063194 0.017969 0.026389
0 0.916797 0.447917 0.014844 0.029167
0 0.763281 0.689583 0.014062 0.026389
0 0.761328 0.650694 0.014844 0.026389
0 0.282031 0.457639 0.017188 0.026389
0 0.271094 0.515972 0.014062 0.031944
0 0.119922 0.793056 0.011719 0.041667
0 0.055469 0.079167 0.012500 0.030556
0 0.464844 0.277778 0.010937 0.036111
0 0.474219 0.268750 0.012500 0.026389
0 0.920703 0.124306 0.010156 0.031944
0 0.908203 0.104167 0.010156 0.033333
0 0.894531 0.077083 0.012500 0.034722
0 0.769922 0.084722 0.017969 0.019444
0 0.763672 0.117361 0.016406 0.015278
0 0.769141 0.101389 0.014844 0.022222
0 0.516016 0.569444 0.010156 0.038889
0 0.578125 0.655556 0.014062 0.033333
0 0.442187 0.778472 0.014062 0.031944
0 0.453516 0.777083 0.013281 0.023611
0 0.870703 0.838889 0.013281 0.036111
0 0.747656 0.630556 0.010937 0.033333
0 0.769531 0.192361 0.009375 0.029167
0 0.841406 0.224306 0.009375 0.031944
0 0.823047 0.199306 0.010156 0.031944
0 0.741016 0.686806 0.011719 0.040278
0 0.582422 0.837500 0.013281 0.030556
0 0.720312 0.785417 0.009375 0.037500
0 0.772656 0.755556 0.009375 0.030556
0 0.853125 0.778472 0.010937 0.037500
0 0.514453 0.220139 0.011719 0.029167
0 0.102344 0.276389 0.010937 0.033333
0 0.844531 0.078472 0.010937 0.031944
0 0.808203 0.122222 0.011719 0.019444
0 0.798828 0.124306 0.008594 0.029167
0 0.691797 0.073611 0.008594 0.027778
0 0.699609 0.086806 0.011719 0.029167
0 0.702734 0.161806 0.011719 0.031944
0 0.461719 0.063889 0.017188 0.025000
0 0.469531 0.075000 0.017188 0.025000
0 0.357812 0.390972 0.009375 0.031944
0 0.850000 0.558333 0.014062 0.022222
