0 0.916000 0.110000 0.016000 0.021000
0 0.931000 0.096000 0.016000 0.021000
0 0.952000 0.171000 0.016000 0.021000
0 0.945000 0.177000 0.016000 0.021000
0 0.859000 0.050000 0.016000 0.021000
0 0.847000 0.081000 0.016000 0.021000
0 0.811000 0.127000 0.016000 0.021000
0 0.834000 0.160000 0.016000 0.021000
0 0.812000 0.163000 0.016000 0.021000
0 0.797000 0.148000 0.016000 0.021000
0 0.756000 0.113000 0.016000 0.021000
0 0.786000 0.171000 0.016000 0.021000
0 0.842000 0.240000 0.016000 0.021000
0 0.772000 0.256000 0.016000 0.021000
0 0.764000 0.294000 0.016000 0.021000
0 0.688000 0.281000 0.016000 0.021000
0 0.673000 0.248000 0.016000 0.021000
0 0.656000 0.167000 0.016000 0.021000
0 0.677000 0.177000 0.016000 0.021000
0 0.703000 0.171000 0.016000 0.021000
0 0.684000 0.125000 0.016000 0.021000
0 0.698000 0.123000 0.016000 0.021000
0 0.658000 0.092000 0.016000 0.021000
0 0.678000 0.096000 0.016000 0.021000
0 0.717000 0.083000 0.016000 0.021000
0 0.622000 0.144000 0.016000 0.021000
0 0.614000 0.119000 0.016000 0.021000
0 0.594000 0.129000 0.016000 0.021000
0 0.573000 0.152000 0.016000 0.021000
0 0.578000 0.104000 0.016000 0.021000
0 0.530000 0.144000 0.016000 0.021000
0 0.520000 0.135000 0.016000 0.021000
0 0.503000 0.108000 0.016000 0.021000
0 0.506000 0.092000 0.016000 0.021000
0 0.528000 0.092000 0.016000 0.021000
0 0.456000 0.123000 0.016000 0.021000
0 0.458000 0.173000 0.016000 0.021000
0 0.488000 0.188000 0.016000 0.021000
0 0.464000 0.206000 0.016000 0.021000
0 0.534000 0.208000 0.016000 0.021000
0 0.528000 0.221000 0.016000 0.021000
0 0.508000 0.240000 0.016000 0.021000
0 0.547000 0.237000 0.016000 0.021000
0 0.555000 0.215000 0.016000 0.021000
0 0.605000 0.229000 0.016000 0.021000
0 0.458000 0.075000 0.016000 0.021000
0 0.428000 0.096000 0.016000 0.021000
0 0.416000 0.108000 0.016000 0.021000
0 0.409000 0.067000 0.016000 0.021000
0 0.303000 0.119000 0.016000 0.021000
0 0.291000 0.148000 0.016000 0.021000
0 0.297000 0.183000 0.016000 0.021000
0 0.316000 0.192000 0.016000 0.021000
0 0.342000 0.179000 0.016000 0.021000
0 0.367000 0.221000 0.016000 0.021000
0 0.369000 0.208000 0.016000 0.021000
0 0.403000 0.179000 0.016000 0.021000
0 0.413000 0.163000 0.016000 0.021000
0 0.297000 0.204000 0.016000 0.021000
0 0.259000 0.192000 0.016000 0.021000
0 0.259000 0.135000 0.016000 0.021000
0 0.219000 0.190000 0.016000 0.021000
0 0.206000 0.156000 0.016000 0.021000
0 0.214000 0.142000 0.016000 0.021000
0 0.222000 0.123000 0.016000 0.021000
0 0.281000 0.081000 0.016000 0.021000
0 0.203000 0.119000 0.016000 0.021000
0 0.188000 0.110000 0.016000 0.021000
0 0.150000 0.121000 0.016000 0.021000
0 0.155000 0.102000 0.016000 0.021000
0 0.130000 0.094000 0.016000 0.021000
0 0.128000 0.160000 0.016000 0.021000
0 0.119000 0.102000 0.016000 0.021000
0 0.105000 0.083000 0.016000 0.021000
0 0.055000 0.152000 0.016000 0.021000
0 0.072000 0.050000 0.016000 0.021000
0 0.081000 0.098000 0.016000 0.021000
0 0.111000 0.290000 0.016000 0.021000
0 0.123000 0.298000 0.016000 0.021000
0 0.128000 0.273000 0.016000 0.021000
0 0.144000 0.287000 0.016000 0.021000
0 0.233000 0.315000 0.016000 0.021000
0 0.273000 0.308000 0.016000 0.021000
0 0.264000 0.323000 0.016000 0.021000
0 0.381000 0.281000 0.016000 0.021000
0 0.372000 0.273000 0.016000 0.021000
0 0.414000 0.269000 0.016000 0.021000
0 0.442000 0.287000 0.016000 0.021000
0 0.478000 0.308000 0.016000 0.021000
0 0.917000 0.333000 0.016000 0.021000
0 0.956000 0.348000 0.016000 0.021000
0 0.892000 0.321000 0.016000 0.021000
0 0.892000 0.300000 0.016000 0.021000
0 0.861000 0.319000 0.016000 0.021000
0 0.819000 0.327000 0.016000 0.021000
0 0.794000 0.325000 0.016000 0.021000
0 0.763000 0.350000 0.016000 0.021000
0 0.772000 0.360000 0.016000 0.021000
0 0.792000 0.360000 0.016000 0.021000
0 0.853000 0.371000 0.016000 0.021000
0 0.869000 0.365000 0.016000 0.021000
0 0.933000 0.406000 0.016000 0.021000
0 0.945000 0.402000 0.016000 0.021000
0 0.925000 0.456000 0.016000 0.021000
0 0.948000 0.496000 0.016000 0.021000
0 0.933000 0.537000 0.016000 0.021000
0 0.881000 0.552000 0.016000 0.021000
0 0.855000 0.548000 0.016000 0.021000
0 0.856000 0.429000 0.016000 0.021000
0 0.816000 0.404000 0.016000 0.021000
0 0.830000 0.475000 0.016000 0.021000
0 0.839000 0.452000 0.016000 0.021000
0 0.805000 0.471000 0.016000 0.021000
0 0.805000 0.525000 0.016000 0.021000
0 0.825000 0.558000 0.016000 0.021000
0 0.856000 0.602000 0.016000 0.021000
0 0.833000 0.604000 0.016000 0.021000
0 0.881000 0.592000 0.016000 0.021000
0 0.934000 0.590000 0.016000 0.021000
0 0.955000 0.610000 0.016000 0.021000
0 0.961000 0.590000 0.016000 0.021000
0 0.936000 0.708000 0.016000 0.021000
0 0.848000 0.688000 0.016000 0.021000
0 0.836000 0.706000 0.016000 0.021000
0 0.828000 0.658000 0.016000 0.021000
0 0.836000 0.631000 0.016000 0.021000
0 0.888000 0.806000 0.016000 0.021000
0 0.842000 0.779000 0.016000 0.021000
0 0.836000 0.765000 0.016000 0.021000
0 0.817000 0.775000 0.016000 0.021000
0 0.945000 0.869000 0.016000 0.021000
0 0.939000 0.835000 0.016000 0.021000
0 0.936000 0.910000 0.016000 0.021000
0 0.831000 0.875000 0.016000 0.021000
0 0.830000 0.892000 0.016000 0.021000
0 0.806000 0.873000 0.016000 0.021000
0 0.783000 0.900000 0.016000 0.021000
0 0.778000 0.879000 0.016000 0.021000
0 0.766000 0.871000 0.016000 0.021000
0 0.769000 0.854000 0.016000 0.021000
0 0.755000 0.887000 0.016000 0.021000
0 0.763000 0.917000 0.016000 0.021000
0 0.783000 0.925000 0.016000 0.021000
0 0.780000 0.942000 0.016000 0.021000
0 0.789000 0.956000 0.016000 0.021000
0 0.739000 0.940000 0.016000 0.021000
0 0.725000 0.910000 0.016000 0.021000
0 0.713000 0.894000 0.016000 0.021000
0 0.708000 0.842000 0.016000 0.021000
0 0.738000 0.821000 0.016000 0.021000
0 0.709000 0.812000 0.016000 0.021000
0 0.797000 0.735000 0.016000 0.021000
0 0.670000 0.890000 0.016000 0.021000
0 0.647000 0.892000 0.016000 0.021000
0 0.664000 0.910000 0.016000 0.021000
0 0.536000 0.940000 0.016000 0.021000
0 0.516000 0.915000 0.016000 0.021000
0 0.572000 0.875000 0.016000 0.021000
0 0.589000 0.848000 0.016000 0.021000
0 0.552000 0.833000 0.016000 0.021000
0 0.580000 0.798000 0.016000 0.021000
0 0.522000 0.833000 0.016000 0.021000
0 0.502000 0.806000 0.016000 0.021000
0 0.411000 0.854000 0.016000 0.021000
0 0.430000 0.902000 0.016000 0.021000
0 0.397000 0.904000 0.016000 0.021000
0 0.363000 0.819000 0.016000 0.021000
0 0.320000 0.850000 0.016000 0.021000
0 0.283000 0.883000 0.016000 0.021000
0 0.272000 0.931000 0.016000 0.021000
0 0.192000 0.852000 0.016000 0.021000
0 0.177000 0.810000 0.016000 0.021000
0 0.161000 0.775000 0.016000 0.021000
0 0.169000 0.758000 0.016000 0.021000
0 0.095000 0.835000 0.016000 0.021000
0 0.086000 0.819000 0.016000 0.021000
0 0.084000 0.875000 0.016000 0.021000
0 0.058000 0.871000 0.016000 0.021000
0 0.027000 0.817000 0.016000 0.021000
0 0.048000 0.783000 0.016000 0.021000
0 0.038000 0.762000 0.016000 0.021000
0 0.048000 0.721000 0.016000 0.021000
0 0.073000 0.646000 0.016000 0.021000
0 0.083000 0.681000 0.016000 0.021000
0 0.102000 0.692000 0.016000 0.021000
0 0.136000 0.667000 0.016000 0.021000
0 0.133000 0.596000 0.016000 0.021000
0 0.097000 0.550000 0.016000 0.021000
0 0.045000 0.540000 0.016000 0.021000
0 0.127000 0.527000 0.016000 0.021000
0 0.130000 0.512000 0.016000 0.021000
0 0.081000 0.467000 0.016000 0.021000
0 0.092000 0.448000 0.016000 0.021000
0 0.066000 0.454000 0.016000 0.021000
0 0.047000 0.452000 0.016000 0.021000
0 0.059000 0.427000 0.016000 0.021000
0 0.055000 0.321000 0.016000 0.021000
0 0.069000 0.321000 0.016000 0.021000
0 0.114000 0.340000 0.016000 0.021000
0 0.142000 0.438000 0.016000 0.021000
0 0.120000 0.423000 0.016000 0.021000
0 0.273000 0.358000 0.016000 0.021000
0 0.263000 0.390000 0.016000 0.021000
0 0.206000 0.419000 0.016000 0.021000
0 0.180000 0.408000 0.016000 0.021000
0 0.180000 0.450000 0.016000 0.021000
0 0.236000 0.456000 0.016000 0.021000
0 0.202000 0.448000 0.016000 0.021000
0 0.277000 0.417000 0.016000 0.021000
0 0.222000 0.452000 0.016000 0.021000
0 0.309000 0.425000 0.016000 0.021000
0 0.345000 0.423000 0.016000 0.021000
0 0.328000 0.446000 0.016000 0.021000
0 0.319000 0.471000 0.016000 0.021000
0 0.295000 0.475000 0.016000 0.021000
0 0.298000 0.544000 0.016000 0.021000
0 0.206000 0.569000 0.016000 0.021000
0 0.170000 0.562000 0.016000 0.021000
0 0.203000 0.527000 0.016000 0.021000
0 0.186000 0.519000 0.016000 0.021000
0 0.202000 0.496000 0.016000 0.021000
0 0.633000 0.348000 0.016000 0.021000
0 0.575000 0.329000 0.016000 0.021000
0 0.573000 0.379000 0.016000 0.021000
0 0.542000 0.379000 0.016000 0.021000
0 0.525000 0.394000 0.016000 0.021000
0 0.517000 0.415000 0.016000 0.021000
0 0.528000 0.438000 0.016000 0.021000
0 0.461000 0.408000 0.016000 0.021000
0 0.438000 0.396000 0.016000 0.021000
0 0.439000 0.412000 0.016000 0.021000
0 0.427000 0.373000 0.016000 0.021000
0 0.413000 0.367000 0.016000 0.021000
0 0.420000 0.340000 0.016000 0.021000
0 0.403000 0.433000 0.016000 0.021000
0 0.406000 0.462000 0.016000 0.021000
0 0.363000 0.456000 0.016000 0.021000
0 0.703000 0.406000 0.016000 0.021000
0 0.748000 0.406000 0.016000 0.021000
0 0.756000 0.419000 0.016000 0.021000
0 0.775000 0.419000 0.016000 0.021000
0 0.791000 0.477000 0.016000 0.021000
0 0.766000 0.477000 0.016000 0.021000
0 0.759000 0.506000 0.016000 0.021000
0 0.736000 0.523000 0.016000 0.021000
0 0.725000 0.508000 0.016000 0.021000
0 0.742000 0.554000 0.016000 0.021000
0 0.742000 0.535000 0.016000 0.021000
0 0.783000 0.596000 0.016000 0.021000
0 0.794000 0.613000 0.016000 0.021000
0 0.819000 0.642000 0.016000 0.021000
0 0.803000 0.665000 0.016000 0.021000
0 0.777000 0.713000 0.016000 0.021000
0 0.767000 0.671000 0.016000 0.021000
0 0.753000 0.688000 0.016000 0.021000
0 0.725000 0.725000 0.016000 0.021000
0 0.716000 0.748000 0.016000 0.021000
0 0.722000 0.654000 0.016000 0.021000
0 0.736000 0.654000 0.016000 0.021000
0 0.745000 0.637000 0.016000 0.021000
0 0.633000 0.777000 0.016000 0.021000
0 0.623000 0.767000 0.016000 0.021000
0 0.681000 0.706000 0.016000 0.021000
0 0.688000 0.665000 0.016000 0.021000
0 0.672000 0.654000 0.016000 0.021000
0 0.667000 0.452000 0.016000 0.021000
0 0.663000 0.406000 0.016000 0.021000
0 0.622000 0.402000 0.016000 0.021000
0 0.586000 0.412000 0.016000 0.021000
0 0.602000 0.469000 0.016000 0.021000
0 0.602000 0.485000 0.016000 0.021000
0 0.625000 0.508000 0.016000 0.021000
0 0.633000 0.544000 0.016000 0.021000
0 0.655000 0.500000 0.016000 0.021000
0 0.661000 0.475000 0.016000 0.021000
0 0.619000 0.604000 0.016000 0.021000
0 0.616000 0.633000 0.016000 0.021000
0 0.613000 0.652000 0.016000 0.021000
0 0.598000 0.658000 0.016000 0.021000
0 0.598000 0.717000 0.016000 0.021000
0 0.564000 0.758000 0.016000 0.021000
0 0.550000 0.756000 0.016000 0.021000
0 0.500000 0.758000 0.016000 0.021000
0 0.486000 0.765000 0.016000 0.021000
0 0.478000 0.762000 0.016000 0.021000
0 0.478000 0.721000 0.016000 0.021000
0 0.498000 0.694000 0.016000 0.021000
0 0.556000 0.485000 0.016000 0.021000
0 0.552000 0.496000 0.016000 0.021000
0 0.525000 0.500000 0.016000 0.021000
0 0.530000 0.512000 0.016000 0.021000
0 0.533000 0.540000 0.016000 0.021000
0 0.544000 0.560000 0.016000 0.021000
0 0.555000 0.588000 0.016000 0.021000
0 0.577000 0.629000 0.016000 0.021000
0 0.966000 0.713000 0.016000 0.021000
0 0.438000 0.760000 0.016000 0.021000
0 0.416000 0.735000 0.016000 0.021000
0 0.406000 0.713000 0.016000 0.021000
0 0.355000 0.713000 0.016000 0.021000
0 0.272000 0.702000 0.016000 0.021000
0 0.248000 0.717000 0.016000 0.021000
0 0.211000 0.704000 0.016000 0.021000
0 0.228000 0.679000 0.016000 0.021000
0 0.339000 0.671000 0.016000 0.021000
0 0.375000 0.604000 0.016000 0.021000
0 0.398000 0.610000 0.016000 0.021000
0 0.381000 0.667000 0.016000 0.021000
0 0.420000 0.654000 0.016000 0.021000
0 0.450000 0.631000 0.016000 0.021000
0 0.467000 0.646000 0.016000 0.021000
0 0.442000 0.552000 0.016000 0.021000
0 0.459000 0.554000 0.016000 0.021000
0 0.481000 0.527000 0.016000 0.021000
0 0.497000 0.527000 0.016000 0.021000
0 0.447000 0.490000 0.016000 0.021000
0 0.466000 0.477000 0.016000 0.021000
0 0.395000 0.502000 0.016000 0.021000
0 0.322000 0.748000 0.016000 0.021000
0 0.312000 0.769000 0.016000 0.021000
0 0.303000 0.756000 0.016000 0.021000
0 0.481000 0.573000 0.016000 0.021000
0 0.495000 0.588000 0.016000 0.021000
0 0.519000 0.596000 0.016000 0.021000
0 0.527000 0.617000 0.016000 0.021000
0 0.517000 0.571000 0.016000 0.021000
0 0.972000 0.508000 0.016000 0.021000
0 0.975000 0.490000 0.016000 0.021000
0 0.970000 0.308000 0.016000 0.021000
0 0.967000 0.263000 0.016000 0.021000
0 0.863000 0.273000 0.016000 0.021000
0 0.938000 0.233000 0.016000 0.021000
0 0.947000 0.217000 0.016000 0.021000
0 0.963000 0.194000 0.016000 0.021000
0 0.983000 0.163000 0.016000 0.021000
0 0.986000 0.060000 0.016000 0.021000
0 0.958000 0.073000 0.016000 0.021000
0 0.897000 0.046000 0.016000 0.021000
0 0.869000 0.046000 0.016000 0.021000
0 0.969000 0.219000 0.016000 0.021000
0 0.961000 0.229000 0.016000 0.021000
0 0.931000 0.346000 0.016000 0.021000
0 0.973000 0.385000 0.016000 0.021000
0 0.922000 0.442000 0.016000 0.021000
0 0.905000 0.529000 0.016000 0.021000
0 0.967000 0.569000 0.016000 0.021000
0 0.984000 0.519000 0.016000 0.021000
0 0.964000 0.617000 0.016000 0.021000
0 0.980000 0.721000 0.016000 0.021000
0 0.967000 0.758000 0.016000 0.021000
0 0.961000 0.954000 0.016000 0.021000
0 0.963000 0.975000 0.016000 0.021000
0 0.930000 0.975000 0.016000 0.021000
0 0.742000 0.969000 0.016000 0.021000
0 0.689000 0.973000 0.016000 0.021000
0 0.661000 0.965000 0.016000 0.021000
0 0.666000 0.929000 0.016000 0.021000
0 0.608000 0.979000 0.016000 0.021000
0 0.492000 0.965000 0.016000 0.021000
0 0.652000 0.794000 0.016000 0.021000
0 0.673000 0.679000 0.016000 0.021000
0 0.661000 0.662000 0.016000 0.021000
0 0.694000 0.598000 0.016000 0.021000
0 0.352000 0.969000 0.016000 0.021000
0 0.198000 0.973000 0.016000 0.021000
0 0.206000 0.960000 0.016000 0.021000
0 0.350000 0.985000 0.016000 0.021000
0 0.273000 0.648000 0.016000 0.021000
0 0.105000 0.885000 0.016000 0.021000
0 0.097000 0.933000 0.016000 0.021000
0 0.077000 0.954000 0.016000 0.021000
0 0.066000 0.977000 0.016000 0.021000
0 0.273000 0.502000 0.016000 0.021000
0 0.244000 0.433000 0.016000 0.021000
0 0.161000 0.392000 0.016000 0.021000
0 0.116000 0.398000 0.016000 0.021000
0 0.089000 0.348000 0.016000 0.021000
0 0.014000 0.331000 0.016000 0.021000
0 0.019000 0.225000 0.016000 0.021000
0 0.141000 0.077000 0.016000 0.021000
0 0.180000 0.069000 0.016000 0.021000
0 0.191000 0.052000 0.016000 0.021000
0 0.217000 0.094000 0.016000 0.021000
0 0.244000 0.025000 0.016000 0.021000
0 0.342000 0.031000 0.016000 0.021000
0 0.355000 0.135000 0.016000 0.021000
0 0.417000 0.040000 0.016000 0.021000
0 0.634000 0.035000 0.016000 0.021000
0 0.617000 0.027000 0.016000 0.021000
0 0.708000 0.025000 0.016000 0.021000
0 0.675000 0.027000 0.016000 0.021000
0 0.775000 0.312000 0.016000 0.021000
0 0.584000 0.335000 0.016000 0.021000
0 0.686000 0.329000 0.016000 0.021000
0 0.302000 0.460000 0.016000 0.021000
0 0.825000 0.981000 0.016000 0.021000
0 0.852000 0.023000 0.016000 0.021000
0 0.252000 0.152000 0.016000 0.021000
0 0.069000 0.121000 0.016000 0.021000
0 0.173000 0.442000 0.016000 0.021000
0 0.905859 0.765278 0.011719 0.033333
0 0.517969 0.011111 0.015625 0.019444
0 0.967578 0.013889 0.014844 0.027778
0 0.868359 0.987500 0.016406 0.022222
0 0.007422 0.981944 0.014844 0.022222
0 0.344922 0.339583 0.013281 0.034722
0 0.379297 0.466667 0.010156 0.033333
0 0.386328 0.809028 0.014844 0.037500
0 0.375391 0.906944 0.011719 0.036111
0 0.238672 0.973611 0.013281 0.036111
0 0.022266 0.661806 0.013281 0.031944
0 0.169531 0.638194 0.014062 0.037500
0 0.123828 0.783333 0.011719 0.033333
0 0.575391 0.949306 0.013281 0.037500
0 0.740625 0.281944 0.014062 0.041667
0 0.583203 0.213889 0.013281 0.027778
0 0.858984 0.226389 0.010156 0.038889
0 0.829687 0.024306 0.017188 0.031944
0 0.390234 0.315972 0.016406 0.034722
0 0.290625 0.811806 0.014062 0.043056
0 0.484375 0.830556 0.018750 0.033333
0 0.884766 0.731250 0.013281 0.031944
0 0.989062 0.308333 0.014062 0.022222
0 0.991406 0.558333 0.010937 0.022222
0 0.316406 0.499306 0.010937 0.026389
0 0.449609 0.605556 0.013281 0.030556
0 0.639453 0.722917 0.013281 0.031944
0 0.728516 0.557639 0.010156 0.029167
0 0.330859 0.048611 0.017969 0.030556
0 0.324609 0.075000 0.013281 0.036111
0 0.228125 0.559722 0.012500 0.030556
0 0.922266 0.907639 0.011719 0.034722
0 0.467578 0.382639 0.014844 0.026389
0 0.767187 0.825000 0.014062 0.033333
0 0.912500 0.152778 0.014062 0.033333
0 0.532812 0.649306 0.012500 0.040278
0 0.549219 0.626389 0.012500 0.036111
0 0.896875 0.675694 0.014062 0.043056
0 0.765625 0.164583 0.010937 0.034722
0 0.989453 0.597222 0.010156 0.038889
0 0.084375 0.552083 0.010937 0.037500
0 0.688281 0.253472 0.015625 0.023611
0 0.533984 0.022222 0.011719 0.027778
0 0.016406 0.913194 0.014062 0.040278
0 0.630469 0.976389 0.012500 0.027778
0 0.627344 0.955556 0.014062 0.030556
0 0.311328 0.704167 0.013281 0.033333
0 0.794922 0.267361 0.014844 0.034722
0 0.443750 0.220139 0.014062 0.034722
0 0.314063 0.269444 0.015625 0.036111
0 0.227344 0.264583 0.010937 0.029167
0 0.186719 0.241667 0.014062 0.033333
0 0.198828 0.220139 0.013281 0.034722
0 0.032422 0.098611 0.013281 0.027778
0 0.989844 0.259722 0.012500 0.030556
0 0.778125 0.063889 0.014062 0.036111
0 0.821875 0.845139 0.010937 0.031944
0 0.850781 0.889583 0.015625 0.031944
0 0.582031 0.715972 0.015625 0.040278
0 0.970312 0.796528 0.010937 0.023611
0 0.971094 0.815278 0.010937 0.027778
0 0.303516 0.238889 0.011719 0.033333
0 0.657812 0.221528 0.012500 0.031944
0 0.441016 0.088889 0.011719 0.027778
0 0.681641 0.058333 0.013281 0.025000
0 0.386328 0.846528 0.013281 0.031944
0 0.453516 0.715972 0.013281 0.040278
0 0.042969 0.802778 0.010937 0.030556
0 0.105469 0.778472 0.014062 0.026389
0 0.129297 0.820833 0.011719 0.027778
0 0.133203 0.838194 0.011719 0.023611
