0 0.404500 0.307400 0.014000 0.018600
0 0.318700 0.421600 0.014400 0.020100
0 0.641000 0.429200 0.015400 0.018200
0 0.484400 0.404400 0.012300 0.021900
0 0.956500 0.618000 0.015800 0.021600
0 0.696000 0.296300 0.014500 0.019800
0 0.920400 0.642200 0.016400 0.018900
0 0.634400 0.783500 0.014600 0.022700
0 0.829000 0.607700 0.016900 0.020000
0 0.440100 0.292600 0.014000 0.019700
0 0.127400 0.608900 0.015200 0.016800
0 0.507000 0.403400 0.014400 0.018800
0 0.872600 0.809100 0.017900 0.018700
0 0.158700 0.581100 0.013600 0.020300
0 0.142400 0.157700 0.014300 0.019000
0 0.769000 0.084600 0.015100 0.019100
0 0.557600 0.656700 0.014800 0.020300
0 0.665200 0.077300 0.015000 0.018700
0 0.841000 0.792300 0.016600 0.019200
0 0.391400 0.404600 0.016200 0.018300
0 0.885500 0.210500 0.013100 0.018800
0 0.302500 0.644300 0.017100 0.020700
0 0.552400 0.296200 0.015800 0.018600
0 0.473100 0.380400 0.013300 0.021200
0 0.915500 0.727200 0.016600 0.019200
0 0.395500 0.281000 0.015400 0.019000
0 0.309200 0.178900 0.013400 0.021000
0 0.530600 0.369200 0.014400 0.017000
0 0.158300 0.660300 0.014900 0.017400
0 0.214800 0.147900 0.015200 0.018500
0 0.443600 0.470900 0.014300 0.020000
0 0.496200 0.878800 0.014600 0.017900
0 0.782000 0.808600 0.016400 0.017600
0 0.006200 0.607400 0.012300 0.020400
0 0.705400 0.906400 0.016900 0.021100
0 0.133400 0.818400 0.012900 0.021900
0 0.609900 0.479800 0.011800 0.021500
0 0.232200 0.747300 0.014200 0.020200
0 0.769700 0.617100 0.014700 0.019200
0 0.627800 0.330900 0.013900 0.020400
0 0.446600 0.315400 0.013300 0.019800
0 0.510800 0.678500 0.014300 0.020500
0 0.403900 0.906400 0.013800 0.020000
0 0.853600 0.372500 0.017200 0.018100
0 0.143700 0.206900 0.015400 0.017800
0 0.251900 0.605200 0.015600 0.019600
0 0.101600 0.083300 0.014800 0.020200
0 0.285400 0.753200 0.017100 0.019100
0 0.892900 0.116700 0.014800 0.021400
0 0.072000 0.455300 0.014100 0.016600
0 0.204000 0.676700 0.013900 0.018700
0 0.554100 0.747100 0.014900 0.021700
0 0.878900 0.321700 0.015400 0.019000
0 0.669200 0.757100 0.015000 0.027300
0 0.392100 0.544500 0.015100 0.020100
0 0.668900 0.727300 0.015100 0.025400
0 0.207400 0.965700 0.015700 0.020000
0 0.718200 0.584900 0.015700 0.019500
0 0.927000 0.506200 0.014900 0.020300
0 0.526700 0.903300 0.015200 0.019200
0 0.542500 0.632800 0.012600 0.021100
0 0.432500 0.171500 0.012700 0.023400
0 0.568500 0.634500 0.013200 0.023300
0 0.777900 0.756900 0.012600 0.022900
0 0.777700 0.715000 0.015600 0.019700
0 0.170200 0.397400 0.013800 0.019900
0 0.944100 0.602300 0.015700 0.021300
0 0.189200 0.181100 0.015100 0.018100
0 0.254600 0.929300 0.013900 0.022200
0 0.859300 0.834300 0.016700 0.020700
0 0.456300 0.733700 0.012700 0.021200
0 0.435400 0.858500 0.012200 0.022400
0 0.569400 0.453300 0.014200 0.018300
0 0.107700 0.954600 0.016400 0.019800
0 0.892000 0.633000 0.013600 0.023500
0 0.481700 0.083500 0.013900 0.021800
0 0.897200 0.039300 0.015200 0.020700
0 0.445600 0.810600 0.015700 0.020000
0 0.902600 0.131600 0.016600 0.020000
0 0.434800 0.505800 0.013300 0.020800
0 0.541700 0.465000 0.012800 0.021900
0 0.081600 0.442300 0.012500 0.018800
0 0.578400 0.730500 0.014000 0.023100
0 0.684400 0.810700 0.018200 0.021200
0 0.702000 0.054000 0.013700 0.022400
0 0.659200 0.820900 0.012600 0.030300
0 0.880300 0.792900 0.015700 0.021900
0 0.128300 0.771400 0.011900 0.022400
0 0.176300 0.290300 0.015300 0.020500
0 0.639100 0.481800 0.011400 0.025200
0 0.379700 0.270600 0.012000 0.027700
0 0.939700 0.917700 0.011900 0.028200
0 0.651200 0.318100 0.013900 0.020600
0 0.877100 0.290200 0.014300 0.020100
0 0.764400 0.780800 0.017200 0.019700
0 0.903300 0.628400 0.011300 0.025900
0 0.884600 0.052600 0.015000 0.019400
0 0.146500 0.672200 0.015100 0.017500
0 0.135500 0.940800 0.017800 0.018900
0 0.667400 0.781500 0.015300 0.026100
0 0.084600 0.579300 0.015200 0.019200
0 0.060200 0.030800 0.014100 0.022700
0 0.977500 0.293900 0.013100 0.017900
0 0.348900 0.194400 0.012600 0.024200
0 0.017700 0.407000 0.014400 0.018000
0 0.065300 0.864600 0.014500 0.019700
0 0.406500 0.335800 0.013300 0.019600
0 0.072400 0.592700 0.015000 0.020000
0 0.314100 0.492100 0.015400 0.020400
0 0.244300 0.884400 0.011800 0.027800
0 0.276200 0.456200 0.014800 0.021500
0 0.589400 0.892900 0.011800 0.028100
0 0.568700 0.542000 0.012300 0.025300
0 0.009800 0.035300 0.014300 0.017800
0 0.176900 0.729800 0.011100 0.027500
0 0.454000 0.171400 0.014400 0.023300
0 0.909800 0.969700 0.013300 0.023600
0 0.156700 0.590400 0.014100 0.018000
0 0.164000 0.765800 0.015800 0.020100
0 0.522500 0.503500 0.013400 0.018800
0 0.476700 0.479100 0.012100 0.028500
0 0.260600 0.596100 0.012200 0.025900
0 0.473300 0.522200 0.014300 0.023400
0 0.208400 0.243900 0.011000 0.031100
0 0.785300 0.510100 0.013100 0.024700
0 0.303800 0.980700 0.012600 0.023900
0 0.139500 0.597900 0.014400 0.017600
0 0.968300 0.326400 0.015500 0.018500
0 0.479000 0.415500 0.012900 0.020100
0 0.743400 0.473000 0.012600 0.023500
0 0.753100 0.184800 0.013400 0.023900
0 0.646200 0.444200 0.015100 0.018100
0 0.761300 0.695200 0.015000 0.019400
0 0.859500 0.166700 0.011900 0.029700
0 0.264000 0.655200 0.013400 0.020700
0 0.970400 0.541700 0.011800 0.030300
0 0.035900 0.019000 0.013700 0.024300
0 0.760200 0.733300 0.011100 0.032400
0 0.703900 0.338600 0.014800 0.019400
0 0.114700 0.733000 0.011800 0.027200
0 0.022700 0.677400 0.012900 0.024100
0 0.397300 0.560600 0.016800 0.019400
0 0.821800 0.451400 0.014100 0.019800
0 0.251000 0.181200 0.013900 0.023700
0 0.947800 0.448100 0.013900 0.023300
0 0.348900 0.864800 0.012300 0.026300
0 0.761300 0.554700 0.016000 0.018200
0 0.868800 0.427300 0.014700 0.018200
0 0.057300 0.884000 0.010400 0.028600
0 0.609100 0.040000 0.013200 0.026200
0 0.335600 0.176800 0.013800 0.022300
0 0.690300 0.041200 0.013700 0.021700
0 0.441700 0.223100 0.012100 0.024700
0 0.760000 0.194700 0.015600 0.020700
0 0.585800 0.942700 0.015900 0.020200
0 0.761600 0.168200 0.014100 0.022400
0 0.884300 0.333300 0.015900 0.019300
0 0.111200 0.058000 0.014000 0.019100
0 0.501900 0.464800 0.011700 0.027100
0 0.466600 0.498200 0.015000 0.018400
0 0.236100 0.339900 0.011100 0.029600
0 0.928200 0.441500 0.012000 0.027200
0 0.761600 0.653300 0.014900 0.019600
0 0.271800 0.514000 0.012800 0.020400
0 0.171600 0.610700 0.013900 0.020300
0 0.593500 0.357000 0.011500 0.032900
0 0.861500 0.190300 0.014500 0.022900
0 0.147400 0.689200 0.014900 0.019200
0 0.435100 0.644200 0.010000 0.037600
0 0.379500 0.576100 0.015500 0.019800
0 0.691800 0.402300 0.009900 0.032000
0 0.117900 0.952200 0.015000 0.021800
0 0.076400 0.469200 0.014000 0.017200
0 0.563700 0.284700 0.013600 0.019800
0 0.677000 0.436100 0.015100 0.020400
0 0.288600 0.978100 0.012500 0.025900
0 0.161300 0.335200 0.015000 0.019200
0 0.189000 0.148500 0.015200 0.019100
0 0.052600 0.835100 0.015200 0.023200
0 0.896800 0.223500 0.013400 0.020000
0 0.624300 0.245700 0.013100 0.021300
0 0.621400 0.027700 0.010900 0.031400
0 0.911100 0.441300 0.012400 0.023200
0 0.455200 0.073700 0.012800 0.025700
0 0.903300 0.435500 0.012600 0.019300
0 0.683600 0.951900 0.015500 0.020300
0 0.888700 0.894000 0.015800 0.020400
0 0.448500 0.723100 0.011700 0.022200
0 0.471600 0.206600 0.011700 0.026200
0 0.713700 0.976800 0.013900 0.020100
0 0.453100 0.523800 0.014900 0.020400
0 0.515400 0.023800 0.019100 0.020900
0 0.514500 0.368000 0.013700 0.019500
0 0.941300 0.864600 0.012100 0.029000
0 0.685700 0.126500 0.017200 0.020100
0 0.135100 0.065200 0.010200 0.027100
0 0.648800 0.544400 0.013900 0.022200
0 0.145700 0.064000 0.012600 0.021000
0 0.017100 0.414900 0.014700 0.019100
0 0.470000 0.863800 0.014200 0.019600
0 0.824000 0.172800 0.011500 0.030600
0 0.864000 0.411200 0.015400 0.020600
0 0.005800 0.015900 0.009600 0.016400
0 0.256000 0.016400 0.010300 0.032400
0 0.088500 0.015800 0.011200 0.026300
0 0.776500 0.138700 0.015200 0.020500
0 0.428900 0.316900 0.011400 0.018500
0 0.095703 0.801389 0.013281 0.022222
0 0.511719 0.809722 0.010937 0.030556
0 0.760938 0.282639 0.014062 0.026389
0 0.425781 0.379167 0.015625 0.019444
0 0.087891 0.622917 0.011719 0.020833
0 0.825391 0.579167 0.010156 0.025000
0 0.589063 0.104861 0.017188 0.023611
0 0.452734 0.147917 0.010156 0.020833
0 0.291406 0.120139 0.014062 0.029167
0 0.125000 0.472222 0.015625 0.022222
0 0.161719 0.491667 0.015625 0.027778
0 0.121094 0.372222 0.009375 0.025000
0 0.082813 0.385417 0.014062 0.018056
0 0.010156 0.938889 0.014062 0.022222
0 0.112891 0.855556 0.013281 0.027778
0 0.144531 0.986806 0.015625 0.018056
0 0.250391 0.836111 0.011719 0.036111
0 0.923828 0.959722 0.013281 0.030556
0 0.982813 0.628472 0.012500 0.031944
0 0.985547 0.038889 0.016406 0.025000
0 0.946484 0.086111 0.011719 0.027778
0 0.809766 0.520139 0.013281 0.023611
0 0.796094 0.545139 0.010937 0.029167
0 0.622266 0.170139 0.011719 0.029167
0 0.618359 0.168750 0.014844 0.020833
0 0.675781 0.021528 0.012500 0.029167
0 0.964844 0.645139 0.012500 0.023611
0 0.971875 0.643056 0.012500 0.019444
0 0.639844 0.675694 0.009375 0.026389
0 0.091016 0.126389 0.008594 0.038889
