0 0.168300 0.330300 0.016300 0.018700
0 0.169200 0.581100 0.013300 0.018600
0 0.180900 0.284500 0.014400 0.019400
0 0.146600 0.145500 0.014500 0.020400
0 0.318300 0.420900 0.014400 0.021100
0 0.869100 0.832000 0.015100 0.019000
0 0.906400 0.644300 0.015800 0.020900
0 0.654900 0.168800 0.014100 0.018300
0 0.444200 0.245600 0.014900 0.020200
0 0.066500 0.871300 0.015500 0.019000
0 0.220800 0.147600 0.017600 0.018000
0 0.445600 0.316100 0.013000 0.019600
0 0.669300 0.757000 0.014600 0.025200
0 0.668300 0.443800 0.013700 0.020600
0 0.778800 0.172600 0.015800 0.018200
0 0.105100 0.572700 0.015100 0.018100
0 0.017500 0.403800 0.013800 0.018600
0 0.496400 0.879200 0.015000 0.018200
0 0.415200 0.808300 0.015000 0.018300
0 0.218400 0.671500 0.015600 0.018300
0 0.943700 0.603300 0.015400 0.020400
0 0.531800 0.418100 0.013200 0.019400
0 0.403700 0.308000 0.015600 0.017400
0 0.767600 0.094800 0.015800 0.019500
0 0.760400 0.196900 0.015800 0.017700
0 0.055100 0.458400 0.014100 0.018100
0 0.067700 0.558700 0.013800 0.021800
0 0.529800 0.894400 0.015600 0.019000
0 0.920300 0.879900 0.017500 0.023100
0 0.542600 0.454500 0.013600 0.020600
0 0.530400 0.369900 0.015400 0.016500
0 0.616100 0.596000 0.014100 0.021400
0 0.880200 0.808500 0.016200 0.018600
0 0.841500 0.610100 0.016600 0.019300
0 0.857400 0.753200 0.016000 0.018900
0 0.647900 0.429800 0.015100 0.018800
0 0.173200 0.483000 0.013500 0.020000
0 0.394100 0.410400 0.014600 0.018500
0 0.302900 0.644600 0.016800 0.021000
0 0.115800 0.092600 0.013800 0.021100
0 0.929600 0.722600 0.018000 0.018900
0 0.479400 0.417600 0.012700 0.022400
0 0.689400 0.807900 0.016400 0.022300
0 0.447300 0.409000 0.013400 0.021900
0 0.558700 0.764400 0.015300 0.019600
0 0.173100 0.957900 0.019300 0.017600
0 0.510600 0.678700 0.013400 0.021000
0 0.290500 0.478600 0.015300 0.019700
0 0.519400 0.627000 0.015000 0.019700
0 0.528500 0.806200 0.014900 0.019400
0 0.353700 0.256200 0.012700 0.025400
0 0.019200 0.384400 0.013100 0.017600
0 0.435300 0.294800 0.015000 0.019800
0 0.416400 0.342400 0.012200 0.022500
0 0.208500 0.655900 0.015000 0.017800
0 0.889500 0.878400 0.017200 0.021400
0 0.473300 0.490500 0.012100 0.022900
0 0.884600 0.053800 0.014400 0.017400
0 0.745400 0.607800 0.014700 0.020100
0 0.380000 0.669300 0.015000 0.022000
0 0.542300 0.631600 0.012100 0.021200
0 0.878800 0.322100 0.017200 0.019000
0 0.284900 0.754000 0.015900 0.019700
0 0.901900 0.130500 0.014500 0.020800
0 0.476500 0.382700 0.014300 0.019400
0 0.692200 0.418500 0.014100 0.026700
0 0.701600 0.391800 0.015400 0.020900
0 0.666000 0.195100 0.014000 0.020200
0 0.639100 0.481800 0.010800 0.027700
0 0.127800 0.441800 0.014200 0.020500
0 0.370000 0.595900 0.012300 0.022700
0 0.780000 0.828600 0.016700 0.018800
0 0.602200 0.102000 0.016500 0.020400
0 0.258500 0.933400 0.013800 0.023000
0 0.406500 0.033800 0.015000 0.021700
0 0.142700 0.059300 0.010200 0.028800
0 0.647600 0.394600 0.013200 0.022700
0 0.686000 0.609600 0.015800 0.019600
0 0.654500 0.945300 0.012400 0.028100
0 0.951200 0.470700 0.013700 0.018400
0 0.584400 0.377200 0.016900 0.019200
0 0.795100 0.506500 0.013600 0.024700
0 0.947800 0.416600 0.017500 0.018500
0 0.167700 0.772500 0.015100 0.020500
0 0.498200 0.577700 0.016500 0.018900
0 0.460200 0.144100 0.011500 0.031100
0 0.689400 0.710000 0.015100 0.021700
0 0.180700 0.553100 0.011900 0.020300
0 0.127100 0.145900 0.012600 0.022700
0 0.470500 0.864000 0.014000 0.019700
0 0.347400 0.858400 0.016400 0.022200
0 0.568500 0.542600 0.012300 0.026200
0 0.260300 0.595300 0.011400 0.023400
0 0.609900 0.480100 0.011600 0.021600
0 0.993700 0.444400 0.010400 0.020000
0 0.428500 0.318400 0.012100 0.018200
0 0.470900 0.255900 0.013000 0.021900
0 0.264700 0.165200 0.013600 0.025000
0 0.142300 0.785700 0.015600 0.019500
0 0.068100 0.640800 0.016100 0.017800
0 0.509500 0.472000 0.009900 0.028800
0 0.956100 0.032700 0.010800 0.028200
0 0.372000 0.301900 0.013000 0.021000
0 0.298400 0.739600 0.014400 0.020400
0 0.497500 0.959900 0.016300 0.019100
0 0.304500 0.183600 0.012900 0.025400
0 0.658500 0.821900 0.012900 0.028700
0 0.248500 0.055300 0.014700 0.019700
0 0.603600 0.566600 0.010600 0.025900
0 0.895000 0.114300 0.013600 0.022900
0 0.847800 0.798000 0.016900 0.017600
0 0.748500 0.493400 0.015200 0.022000
0 0.024000 0.684500 0.012800 0.022800
0 0.109300 0.457800 0.015000 0.019400
0 0.607700 0.907800 0.013700 0.024100
0 0.369000 0.798000 0.015500 0.018300
0 0.885800 0.210800 0.012900 0.020300
0 0.773600 0.559000 0.014300 0.020200
0 0.805500 0.618800 0.013800 0.024800
0 0.927900 0.451700 0.014600 0.021100
0 0.583100 0.939700 0.016900 0.021700
0 0.666000 0.840600 0.014000 0.024700
0 0.208300 0.244300 0.010800 0.029900
0 0.677800 0.789600 0.014400 0.022300
0 0.970600 0.543100 0.012000 0.029800
0 0.778500 0.689200 0.015100 0.020400
0 0.760500 0.776500 0.016400 0.019600
0 0.893200 0.627200 0.013800 0.026000
0 0.235900 0.340500 0.011700 0.027800
0 0.330200 0.966400 0.012300 0.030100
0 0.582400 0.716300 0.012800 0.026400
0 0.042000 0.020200 0.013600 0.026400
0 0.290200 0.969300 0.011900 0.028500
0 0.518400 0.747100 0.011200 0.029800
0 0.014400 0.592900 0.017400 0.020600
0 0.442500 0.640900 0.011500 0.031300
0 0.646300 0.444800 0.014200 0.020700
0 0.916700 0.839700 0.012800 0.024700
0 0.203600 0.584700 0.011100 0.023600
0 0.147500 0.501900 0.012000 0.022600
0 0.185700 0.916900 0.017100 0.019900
0 0.848800 0.448200 0.015000 0.019600
0 0.859100 0.166900 0.011300 0.033100
0 0.660000 0.779600 0.015100 0.024500
0 0.242900 0.978200 0.012900 0.021800
0 0.758800 0.322800 0.011500 0.030800
0 0.782800 0.926900 0.013400 0.023500
0 0.171600 0.610700 0.012600 0.021300
0 0.781300 0.148600 0.013800 0.021000
0 0.549100 0.294000 0.016500 0.016900
0 0.297500 0.117800 0.010900 0.032700
0 0.515000 0.365700 0.014800 0.018600
0 0.761500 0.654300 0.013800 0.022100
0 0.861500 0.190700 0.014100 0.024300
0 0.990900 0.409500 0.012200 0.018900
0 0.256400 0.897100 0.012800 0.025900
0 0.083000 0.389100 0.013900 0.018400
0 0.896700 0.226500 0.012800 0.021900
0 0.626500 0.181600 0.011900 0.032100
0 0.273900 0.428600 0.012700 0.024800
0 0.474000 0.522900 0.013100 0.023000
0 0.351100 0.108200 0.014000 0.019500
0 0.151100 0.059300 0.010000 0.026100
0 0.473400 0.751200 0.015000 0.020900
0 0.188900 0.176000 0.014600 0.018800
0 0.026000 0.370600 0.013500 0.019500
0 0.263800 0.606200 0.014400 0.020000
0 0.769400 0.729100 0.009800 0.026600
0 0.517000 0.398800 0.014400 0.019800
0 0.946700 0.089100 0.011200 0.023000
0 0.884100 0.334000 0.016900 0.019800
0 0.164200 0.533800 0.013800 0.019700
0 0.855400 0.661200 0.014300 0.023500
0 0.703600 0.714400 0.011700 0.025900
0 0.785700 0.960400 0.012200 0.026100
0 0.853400 0.547700 0.010900 0.030400
0 0.115600 0.446300 0.014100 0.018800
0 0.259800 0.476400 0.015000 0.018800
0 0.851200 0.067300 0.013600 0.023300
0 0.251500 0.983600 0.013300 0.020200
0 0.436400 0.658800 0.014100 0.022500
0 0.195400 0.570300 0.013400 0.018000
0 0.951300 0.260300 0.011600 0.030800
0 0.451900 0.165900 0.012200 0.027900
0 0.612000 0.835100 0.011500 0.029300
0 0.444700 0.513500 0.014900 0.019900
0 0.026500 0.413400 0.016400 0.017700
0 0.254300 0.834600 0.009900 0.036000
0 0.093600 0.586300 0.014800 0.019300
0 0.182300 0.723300 0.011800 0.027400
0 0.298900 0.979700 0.012000 0.028300
0 0.330600 0.513800 0.011900 0.024100
0 0.807300 0.023400 0.013300 0.026700
0 0.478800 0.813700 0.013500 0.020100
0 0.666200 0.781600 0.014400 0.023900
0 0.249200 0.885200 0.012300 0.025600
0 0.471300 0.206600 0.011500 0.026200
0 0.041500 0.747900 0.012000 0.023600
0 0.942200 0.501400 0.013700 0.024200
0 0.028000 0.280900 0.014900 0.022800
0 0.872656 0.984722 0.012500 0.030556
0 0.830078 0.169444 0.011719 0.036111
0 0.918750 0.181250 0.010937 0.034722
0 0.562891 0.287500 0.013281 0.022222
0 0.488281 0.084722 0.014062 0.027778
0 0.017969 0.038194 0.015625 0.026389
0 0.006641 0.012500 0.013281 0.022222
0 0.020703 0.159028 0.011719 0.031944
0 0.092578 0.130556 0.011719 0.030556
0 0.042969 0.915278 0.012500 0.036111
0 0.027734 0.873611 0.011719 0.038889
0 0.449609 0.225694 0.014844 0.031944
0 0.555078 0.126389 0.013281 0.022222
0 0.178516 0.352083 0.013281 0.023611
0 0.057422 0.770833 0.013281 0.022222
0 0.049219 0.775694 0.009375 0.029167
0 0.060938 0.979167 0.009375 0.025000
0 0.009766 0.790972 0.010156 0.034722
0 0.714844 0.904861 0.012500 0.031944
0 0.965625 0.634028 0.010937 0.031944
0 0.973047 0.633333 0.011719 0.022222
0 0.981250 0.620833 0.010937 0.027778
0 0.989453 0.604861 0.010156 0.023611
0 0.970703 0.618750 0.010156 0.018056
0 0.976953 0.297222 0.011719 0.027778
0 0.712891 0.179861 0.013281 0.023611
0 0.704687 0.160417 0.012500 0.029167
0 0.694141 0.156250 0.010156 0.031944
0 0.697656 0.140278 0.010937 0.022222
0 0.671875 0.061806 0.015625 0.026389
0 0.649219 0.012500 0.012500 0.022222
0 0.491797 0.456250 0.011719 0.023611
0 0.483984 0.456250 0.013281 0.023611
0 0.436328 0.375000 0.013281 0.038889
0 0.460547 0.423611 0.017969 0.027778
0 0.069141 0.802083 0.013281 0.026389
