0 0.159700 0.580000 0.013200 0.020700
0 0.318500 0.422100 0.014700 0.020500
0 0.642800 0.428200 0.014400 0.018600
0 0.177200 0.290300 0.015700 0.020700
0 0.445400 0.315600 0.014600 0.018200
0 0.632900 0.082400 0.014300 0.020100
0 0.484100 0.492500 0.014300 0.019500
0 0.767400 0.082200 0.015300 0.019100
0 0.141600 0.157300 0.014800 0.018900
0 0.865500 0.834600 0.016300 0.018500
0 0.841500 0.792600 0.019000 0.017600
0 0.092400 0.769200 0.013600 0.019000
0 0.204400 0.678800 0.014300 0.018100
0 0.392000 0.405700 0.016300 0.018300
0 0.440400 0.292900 0.014800 0.018800
0 0.760400 0.196400 0.014100 0.020200
0 0.454900 0.527900 0.015800 0.018900
0 0.118100 0.696100 0.014700 0.018500
0 0.496100 0.879300 0.014700 0.018900
0 0.246700 0.507700 0.014400 0.020800
0 0.671100 0.727500 0.014500 0.024400
0 0.668800 0.381000 0.014900 0.019300
0 0.403100 0.307700 0.016100 0.018100
0 0.908000 0.470400 0.014400 0.020100
0 0.530600 0.369300 0.014800 0.017000
0 0.302600 0.644400 0.017200 0.021700
0 0.582800 0.933800 0.017200 0.018700
0 0.854700 0.755600 0.016300 0.019600
0 0.279900 0.182400 0.012700 0.021900
0 0.285200 0.753200 0.016700 0.019100
0 0.835500 0.395300 0.016500 0.020200
0 0.110500 0.091800 0.015300 0.019700
0 0.834400 0.610300 0.018600 0.019300
0 0.147900 0.582100 0.012900 0.019700
0 0.189600 0.176700 0.015400 0.019200
0 0.609700 0.480300 0.011400 0.024300
0 0.945200 0.602900 0.018700 0.019800
0 0.879300 0.321700 0.015700 0.017800
0 0.755600 0.568200 0.016600 0.018400
0 0.944100 0.494400 0.013500 0.021700
0 0.510700 0.678300 0.014200 0.019900
0 0.707200 0.081800 0.014000 0.021700
0 0.428600 0.547400 0.016100 0.019000
0 0.892900 0.116300 0.014200 0.021700
0 0.890900 0.957000 0.015500 0.019200
0 0.128400 0.472600 0.013800 0.017800
0 0.885400 0.210400 0.013100 0.018800
0 0.414500 0.341300 0.015200 0.019600
0 0.127000 0.654100 0.015500 0.017900
0 0.083500 0.385000 0.014100 0.018800
0 0.577900 0.403800 0.014900 0.020400
0 0.669200 0.756400 0.015000 0.026900
0 0.120100 0.868400 0.014200 0.020900
0 0.734100 0.294900 0.014000 0.019000
0 0.070200 0.805600 0.015900 0.019600
0 0.446800 0.890800 0.014000 0.023000
0 0.251500 0.181600 0.013100 0.023000
0 0.786000 0.455900 0.014900 0.020600
0 0.934300 0.491000 0.012900 0.021200
0 0.514400 0.806100 0.013500 0.023100
0 0.916700 0.726700 0.016600 0.019400
0 0.760100 0.778300 0.018000 0.018900
0 0.252100 0.605100 0.015400 0.020700
0 0.672700 0.334900 0.015700 0.018900
0 0.903300 0.131300 0.015600 0.020100
0 0.779000 0.715000 0.014800 0.018700
0 0.120500 0.717800 0.014400 0.019200
0 0.104100 0.677700 0.013800 0.020100
0 0.409800 0.293600 0.012500 0.021200
0 0.426900 0.567200 0.016100 0.018300
0 0.764200 0.553600 0.016700 0.019900
0 0.895300 0.630400 0.014400 0.023100
0 0.483100 0.080600 0.013100 0.021600
0 0.017000 0.406600 0.015200 0.017100
0 0.652200 0.234500 0.015700 0.021500
0 0.077600 0.453600 0.014700 0.016600
0 0.579200 0.729400 0.012900 0.024400
0 0.732500 0.141100 0.010900 0.026700
0 0.411000 0.565600 0.015900 0.019500
0 0.646500 0.443900 0.014200 0.018200
0 0.456600 0.114700 0.013500 0.023700
0 0.884500 0.052800 0.014500 0.017900
0 0.796900 0.490200 0.012900 0.022500
0 0.639100 0.481900 0.011100 0.025800
0 0.584200 0.759100 0.012300 0.027900
0 0.255500 0.928500 0.013600 0.022700
0 0.416100 0.789000 0.017500 0.019200
0 0.627700 0.732100 0.014200 0.024500
0 0.245000 0.884100 0.011900 0.027500
0 0.118600 0.806200 0.009300 0.028400
0 0.576300 0.668500 0.015400 0.019100
0 0.090800 0.845800 0.015200 0.017300
0 0.163800 0.490400 0.014400 0.020200
0 0.685300 0.809100 0.019300 0.022000
0 0.667500 0.780800 0.015300 0.027700
0 0.847700 0.539600 0.014600 0.021700
0 0.065000 0.864400 0.015500 0.018200
0 0.682300 0.433700 0.015600 0.023800
0 0.473700 0.381800 0.015100 0.020400
0 0.413900 0.203700 0.014100 0.020400
0 0.172200 0.610500 0.012800 0.020300
0 0.970500 0.541700 0.012400 0.027800
0 0.910500 0.391900 0.014800 0.023300
0 0.898200 0.681100 0.013200 0.027600
0 0.155300 0.977500 0.014200 0.021400
0 0.551300 0.296700 0.015800 0.018100
0 0.086000 0.442300 0.012700 0.019800
0 0.761500 0.731300 0.010600 0.029800
0 0.568700 0.542100 0.012100 0.025600
0 0.706000 0.905900 0.018300 0.021900
0 0.180000 0.777100 0.015600 0.021000
0 0.964500 0.522000 0.017100 0.019800
0 0.466700 0.489300 0.013400 0.019500
0 0.078700 0.467800 0.014000 0.017100
0 0.735700 0.438900 0.016300 0.020900
0 0.208300 0.244000 0.011400 0.030400
0 0.069400 0.591500 0.012400 0.024100
0 0.470200 0.864000 0.014700 0.020300
0 0.876400 0.806100 0.016800 0.018600
0 0.168500 0.761200 0.016000 0.018700
0 0.786000 0.814500 0.017200 0.019200
0 0.894900 0.829200 0.017100 0.021000
0 0.544400 0.908800 0.011700 0.029500
0 0.859300 0.166400 0.011500 0.031300
0 0.915300 0.883400 0.015700 0.025900
0 0.292400 0.477400 0.010600 0.028000
0 0.260400 0.596200 0.012100 0.028000
0 0.697800 0.102000 0.012500 0.022200
0 0.023000 0.678500 0.013600 0.025000
0 0.542700 0.464000 0.013600 0.023900
0 0.884800 0.334500 0.016100 0.018300
0 0.236100 0.340200 0.011000 0.028800
0 0.138800 0.108500 0.011400 0.021600
0 0.689600 0.546700 0.016500 0.018700
0 0.535900 0.702100 0.013900 0.022000
0 0.798300 0.468900 0.012500 0.021800
0 0.356700 0.152000 0.012700 0.025000
0 0.035800 0.017800 0.014300 0.023700
0 0.441500 0.780400 0.015000 0.021100
0 0.942000 0.815500 0.012500 0.029100
0 0.867500 0.376600 0.015300 0.020900
0 0.968300 0.623800 0.016700 0.018500
0 0.316700 0.936000 0.014400 0.022500
0 0.379000 0.935700 0.014500 0.021600
0 0.015800 0.416800 0.015900 0.017400
0 0.840900 0.983100 0.014900 0.021800
0 0.206800 0.964400 0.014800 0.020900
0 0.473600 0.522800 0.014400 0.022100
0 0.618200 0.017000 0.010500 0.033100
0 0.230300 0.698400 0.013200 0.020900
0 0.979600 0.579000 0.013400 0.025000
0 0.134400 0.410600 0.010600 0.023100
0 0.780900 0.148200 0.013200 0.023800
0 0.443000 0.223400 0.013000 0.024700
0 0.101300 0.909900 0.010700 0.025900
0 0.556400 0.472300 0.014900 0.021400
0 0.861500 0.190500 0.014100 0.023900
0 0.643200 0.027400 0.013900 0.022900
0 0.621500 0.177600 0.010300 0.033100
0 0.900700 0.920900 0.012500 0.024700
0 0.215300 0.148900 0.016000 0.019400
0 0.392100 0.215100 0.010200 0.031300
0 0.163800 0.335100 0.015600 0.019200
0 0.501600 0.464700 0.012200 0.026400
0 0.515400 0.367400 0.015000 0.018200
0 0.642400 0.953400 0.016400 0.023200
0 0.482500 0.413800 0.013700 0.020800
0 0.290300 0.978900 0.011100 0.028700
0 0.452700 0.167500 0.012500 0.024600
0 0.561600 0.391800 0.015300 0.020300
0 0.472500 0.478600 0.013800 0.022100
0 0.436700 0.643800 0.010300 0.038500
0 0.910500 0.251700 0.013000 0.023500
0 0.486000 0.017800 0.016300 0.022700
0 0.351100 0.864900 0.012700 0.027200
0 0.141300 0.598700 0.015700 0.015800
0 0.736500 0.351800 0.015400 0.020700
0 0.210600 0.401500 0.013900 0.021500
0 0.011200 0.035000 0.015200 0.018700
0 0.506600 0.401000 0.015400 0.020100
0 0.473400 0.213900 0.014200 0.021600
0 0.292900 0.121900 0.010400 0.033900
0 0.749200 0.706000 0.014700 0.019900
0 0.126700 0.582400 0.014700 0.018900
0 0.763200 0.129500 0.010500 0.029100
0 0.006000 0.018000 0.009800 0.018300
0 0.111200 0.042900 0.014300 0.019300
0 0.077700 0.935700 0.012600 0.022000
0 0.985000 0.622000 0.015900 0.023500
0 0.873400 0.658700 0.016600 0.018400
0 0.429300 0.317000 0.012300 0.017900
0 0.102500 0.810900 0.015300 0.017800
0 0.443100 0.448100 0.012800 0.021600
0 0.481600 0.448600 0.012800 0.021100
0 0.658600 0.827300 0.014600 0.029700
0 0.090234 0.130556 0.010156 0.030556
0 0.337500 0.136806 0.007813 0.029167
0 0.113672 0.524306 0.013281 0.018056
0 0.255859 0.710417 0.008594 0.031944
0 0.174609 0.986111 0.011719 0.016667
0 0.135547 0.985417 0.011719 0.018056
0 0.763281 0.654167 0.012500 0.030556
0 0.786719 0.517361 0.012500 0.029167
0 0.762109 0.293750 0.008594 0.037500
0 0.689844 0.291667 0.014062 0.022222
0 0.096094 0.225694 0.018750 0.023611
0 0.431250 0.370139 0.012500 0.020833
0 0.465625 0.437500 0.012500 0.019444
0 0.542969 0.629861 0.014062 0.020833
0 0.563672 0.282639 0.013281 0.015278
0 0.550391 0.943750 0.014844 0.018056
0 0.790625 0.702778 0.010937 0.022222
0 0.654297 0.827778 0.010156 0.027778
0 0.797656 0.593750 0.014062 0.020833
0 0.590234 0.105556 0.016406 0.025000
0 0.453125 0.146528 0.010937 0.023611
0 0.258984 0.012500 0.013281 0.022222
0 0.229297 0.151389 0.011719 0.025000
0 0.135156 0.062500 0.010937 0.027778
0 0.007031 0.986806 0.014062 0.018056
0 0.252734 0.831944 0.011719 0.030556
0 0.284766 0.450694 0.017969 0.020833
0 0.963281 0.645139 0.012500 0.023611
0 0.972266 0.640972 0.013281 0.029167
0 0.988281 0.287500 0.012500 0.022222
0 0.977344 0.295139 0.012500 0.020833
0 0.946484 0.087500 0.011719 0.025000
0 0.930469 0.067361 0.014062 0.018056
0 0.897266 0.227083 0.013281 0.023611
0 0.825000 0.175694 0.010937 0.029167
0 0.725000 0.016667 0.015625 0.016667
0 0.608203 0.125000 0.010156 0.027778
