0 0.930900 0.092800 0.013900 0.020200
0 0.318700 0.421300 0.014900 0.020700
0 0.391100 0.408400 0.015900 0.018200
0 0.493900 0.531000 0.015700 0.019800
0 0.159500 0.566700 0.014200 0.019200
0 0.929800 0.558100 0.015800 0.020100
0 0.019400 0.654900 0.014300 0.018400
0 0.760500 0.196500 0.015400 0.019000
0 0.218600 0.148300 0.016100 0.018800
0 0.420300 0.866300 0.016700 0.021400
0 0.359000 0.421600 0.016700 0.019200
0 0.283500 0.293400 0.016000 0.019400
0 0.884800 0.052700 0.015000 0.018500
0 0.435100 0.294500 0.015000 0.020900
0 0.766300 0.089900 0.014200 0.021500
0 0.515500 0.402500 0.015100 0.020600
0 0.669100 0.757000 0.016200 0.025700
0 0.453000 0.522100 0.016000 0.020300
0 0.532700 0.917300 0.015100 0.023500
0 0.544300 0.458700 0.013300 0.022500
0 0.648100 0.429800 0.015600 0.019800
0 0.904800 0.130500 0.015000 0.020100
0 0.166600 0.329000 0.016400 0.021600
0 0.672200 0.358500 0.015000 0.021600
0 0.196400 0.792500 0.015900 0.020400
0 0.522200 0.808800 0.014900 0.021100
0 0.404100 0.307300 0.016200 0.018600
0 0.928100 0.721700 0.018000 0.019100
0 0.885200 0.210400 0.014100 0.019200
0 0.410800 0.068700 0.014500 0.021200
0 0.806900 0.231600 0.014500 0.019000
0 0.551700 0.606100 0.014300 0.021100
0 0.790800 0.806800 0.017800 0.020900
0 0.467200 0.690300 0.014000 0.021300
0 0.146400 0.154000 0.015700 0.019400
0 0.710000 0.906900 0.017700 0.022200
0 0.007000 0.631600 0.011900 0.018600
0 0.946000 0.085200 0.012900 0.019300
0 0.552700 0.292300 0.016100 0.017600
0 0.804400 0.479300 0.014600 0.022700
0 0.530100 0.369400 0.015100 0.017900
0 0.867700 0.829200 0.015100 0.021200
0 0.504400 0.471900 0.012400 0.024900
0 0.518200 0.883800 0.014900 0.020100
0 0.706800 0.147300 0.014900 0.022300
0 0.109400 0.091100 0.014800 0.020600
0 0.845800 0.797000 0.020200 0.019900
0 0.045000 0.617200 0.015500 0.019600
0 0.017100 0.406900 0.014300 0.020700
0 0.792700 0.503400 0.013800 0.021500
0 0.496300 0.878100 0.013700 0.020200
0 0.145000 0.639400 0.015200 0.018800
0 0.840600 0.609700 0.017900 0.020800
0 0.894100 0.630900 0.015100 0.022000
0 0.419000 0.145100 0.013200 0.022000
0 0.944600 0.602500 0.016500 0.021300
0 0.835900 0.258700 0.014600 0.019500
0 0.609600 0.481100 0.012500 0.022000
0 0.759600 0.871900 0.015500 0.023700
0 0.044700 0.832200 0.015600 0.020800
0 0.264200 0.167500 0.013500 0.024000
0 0.667600 0.780900 0.016600 0.026400
0 0.894100 0.115000 0.014200 0.021600
0 0.023600 0.684000 0.013200 0.022300
0 0.639500 0.481400 0.012900 0.022800
0 0.510800 0.678500 0.014900 0.020700
0 0.779700 0.334500 0.015200 0.024900
0 0.346800 0.456100 0.012200 0.023800
0 0.285500 0.753300 0.016900 0.017700
0 0.764100 0.558000 0.016300 0.020200
0 0.967600 0.927700 0.018500 0.021300
0 0.371700 0.417800 0.015600 0.018200
0 0.583800 0.716700 0.013500 0.026200
0 0.105600 0.721000 0.013200 0.026700
0 0.878600 0.322000 0.016700 0.018800
0 0.568700 0.541800 0.012200 0.023800
0 0.092200 0.085100 0.014700 0.020100
0 0.091900 0.445200 0.016500 0.019200
0 0.689800 0.709200 0.017300 0.021700
0 0.417100 0.709800 0.017200 0.021900
0 0.893800 0.427800 0.014600 0.019800
0 0.281600 0.440600 0.015700 0.021100
0 0.259300 0.929800 0.014300 0.023600
0 0.476600 0.382200 0.015400 0.021000
0 0.083200 0.272700 0.015600 0.019700
0 0.303100 0.644500 0.016700 0.022900
0 0.689000 0.808600 0.018900 0.023000
0 0.184500 0.581400 0.015000 0.021100
0 0.429600 0.947600 0.016400 0.020200
0 0.479800 0.415000 0.013700 0.023000
0 0.677100 0.721900 0.016900 0.022800
0 0.031900 0.189600 0.014700 0.021900
0 0.885500 0.415000 0.014200 0.020800
0 0.264700 0.693500 0.016600 0.019900
0 0.645900 0.444700 0.015700 0.018600
0 0.542900 0.632400 0.013800 0.022300
0 0.120100 0.733300 0.014400 0.022100
0 0.472100 0.489600 0.013500 0.022800
0 0.658600 0.820500 0.014300 0.030800
0 0.140500 0.485700 0.013600 0.019400
0 0.106300 0.440000 0.013300 0.021700
0 0.927700 0.645200 0.012200 0.027300
0 0.056900 0.243300 0.014100 0.022900
0 0.248200 0.882300 0.012700 0.030100
0 0.795500 0.421900 0.017100 0.024100
0 0.859400 0.166300 0.012900 0.029200
0 0.082400 0.716400 0.012500 0.027800
0 0.642800 0.034400 0.013800 0.021400
0 0.954200 0.814700 0.016900 0.021100
0 0.077600 0.179800 0.015700 0.023000
0 0.703800 0.057700 0.015900 0.020700
0 0.277800 0.978200 0.015800 0.021100
0 0.447300 0.314500 0.014900 0.021300
0 0.444700 0.222700 0.015300 0.023000
0 0.686500 0.433600 0.014900 0.020800
0 0.335100 0.653300 0.012200 0.027900
0 0.629500 0.179200 0.012600 0.031000
0 0.084700 0.592600 0.014700 0.019600
0 0.208500 0.243400 0.010700 0.030900
0 0.294100 0.184200 0.011000 0.024600
0 0.970300 0.541800 0.013200 0.027300
0 0.795800 0.785500 0.017700 0.021600
0 0.167700 0.485800 0.015400 0.020500
0 0.868700 0.045800 0.014100 0.019800
0 0.188400 0.177500 0.015800 0.018400
0 0.759700 0.309000 0.012100 0.030800
0 0.485400 0.079700 0.012500 0.019900
0 0.706900 0.754200 0.015800 0.022100
0 0.514100 0.542300 0.014700 0.018600
0 0.541000 0.495200 0.014800 0.019900
0 0.955700 0.889000 0.016200 0.021600
0 0.222700 0.754600 0.015000 0.021300
0 0.179400 0.286500 0.014800 0.019400
0 0.469400 0.860900 0.013700 0.021200
0 0.433200 0.372000 0.015400 0.025200
0 0.347800 0.859500 0.015300 0.025100
0 0.069800 0.860000 0.013200 0.028600
0 0.040300 0.019100 0.015600 0.021300
0 0.153500 0.892800 0.017100 0.025700
0 0.169500 0.568600 0.014500 0.019400
0 0.453500 0.146900 0.012600 0.019500
0 0.096800 0.685700 0.013300 0.023100
0 0.584900 0.752000 0.012900 0.024900
0 0.082600 0.385500 0.013600 0.020300
0 0.171400 0.610700 0.014100 0.021000
0 0.633900 0.144900 0.013200 0.023400
0 0.022800 0.414500 0.016100 0.020200
0 0.860800 0.521900 0.016000 0.023800
0 0.296600 0.118800 0.010400 0.034100
0 0.163700 0.544800 0.012500 0.021300
0 0.608700 0.264300 0.017000 0.020900
0 0.915600 0.015500 0.010900 0.029000
0 0.602800 0.917000 0.015300 0.028600
0 0.741700 0.885400 0.016500 0.023900
0 0.834000 0.952600 0.013700 0.028900
0 0.381200 0.710700 0.015700 0.021000
0 0.013500 0.790500 0.015600 0.022200
0 0.873300 0.806600 0.019200 0.020400
0 0.763700 0.777600 0.018300 0.019300
0 0.473400 0.522200 0.015600 0.021700
0 0.628700 0.454300 0.015200 0.022000
0 0.977800 0.293900 0.014400 0.023100
0 0.651300 0.469400 0.014400 0.019100
0 0.514300 0.368800 0.015300 0.020400
0 0.523500 0.630800 0.014200 0.022400
0 0.945600 0.453900 0.011000 0.033000
0 0.667000 0.465500 0.012300 0.022700
0 0.153000 0.855300 0.017200 0.024700
0 0.163500 0.767400 0.016900 0.019400
0 0.884300 0.332500 0.017300 0.019800
0 0.460200 0.101400 0.013200 0.022000
0 0.236000 0.339700 0.011200 0.031600
0 0.538700 0.783100 0.013600 0.026000
0 0.896900 0.223500 0.014800 0.020000
0 0.217900 0.673700 0.016000 0.018600
0 0.861700 0.190600 0.014600 0.023100
0 0.901800 0.456200 0.012700 0.023300
0 0.911100 0.664500 0.013300 0.022400
0 0.345900 0.273700 0.013200 0.023600
0 0.629600 0.482400 0.013600 0.019000
0 0.688900 0.476700 0.012900 0.023700
0 0.703400 0.748400 0.014700 0.022100
0 0.940600 0.090500 0.013400 0.019100
0 0.706200 0.965600 0.017000 0.020500
0 0.502400 0.671700 0.014100 0.021400
0 0.090625 0.130556 0.010937 0.033333
0 0.262891 0.011806 0.011719 0.018056
0 0.009766 0.879167 0.008594 0.025000
0 0.440625 0.638889 0.012500 0.025000
0 0.489453 0.750694 0.013281 0.037500
0 0.751172 0.710417 0.008594 0.037500
0 0.783984 0.145833 0.011719 0.036111
0 0.775391 0.296528 0.010156 0.023611
0 0.801953 0.184028 0.011719 0.023611
0 0.560938 0.283333 0.012500 0.027778
0 0.310937 0.553472 0.009375 0.026389
0 0.297656 0.650694 0.014062 0.023611
0 0.087109 0.441667 0.010156 0.019444
0 0.463281 0.945833 0.018750 0.022222
0 0.766016 0.729861 0.011719 0.029167
0 0.775391 0.713889 0.016406 0.025000
0 0.786719 0.801389 0.014062 0.022222
0 0.603516 0.148611 0.013281 0.027778
0 0.606250 0.115972 0.015625 0.020833
0 0.595312 0.093750 0.015625 0.023611
0 0.095312 0.456250 0.017188 0.023611
0 0.925000 0.364583 0.012500 0.034722
0 0.762109 0.652083 0.013281 0.031944
0 0.142969 0.057639 0.010937 0.034722
0 0.035547 0.976389 0.011719 0.027778
0 0.026172 0.034722 0.017969 0.022222
0 0.014844 0.034028 0.017188 0.018056
0 0.007812 0.015972 0.015625 0.018056
0 0.087500 0.749306 0.012500 0.023611
0 0.171875 0.981944 0.014062 0.019444
0 0.291797 0.981250 0.010156 0.029167
0 0.253125 0.836111 0.012500 0.033333
0 0.932813 0.943750 0.015625 0.020833
0 0.942578 0.983333 0.016406 0.022222
0 0.990625 0.611806 0.012500 0.023611
0 0.981641 0.624306 0.011719 0.023611
0 0.964063 0.643056 0.012500 0.019444
0 0.970703 0.642361 0.010156 0.026389
0 0.966406 0.628472 0.009375 0.020833
0 0.993359 0.362500 0.011719 0.027778
0 0.828125 0.175694 0.012500 0.034722
0 0.450000 0.228472 0.010937 0.031944
0 0.259375 0.596528 0.010937 0.037500
0 0.259375 0.609722 0.020312 0.022222
