0 0.778200 0.145500 0.012800 0.018400
0 0.704600 0.592100 0.012700 0.022400
0 0.445200 0.315600 0.013900 0.019800
0 0.181000 0.284900 0.013900 0.019400
0 0.318700 0.421800 0.014800 0.020800
0 0.406600 0.384500 0.012400 0.022700
0 0.943900 0.603500 0.016600 0.020700
0 0.132100 0.441600 0.013400 0.018700
0 0.768300 0.093400 0.014500 0.018900
0 0.218300 0.669500 0.015700 0.017700
0 0.871700 0.831600 0.016300 0.017800
0 0.881700 0.808100 0.015200 0.018300
0 0.651400 0.429100 0.014400 0.018800
0 0.842200 0.609800 0.017100 0.017400
0 0.390500 0.270200 0.013900 0.019700
0 0.221700 0.147400 0.017100 0.018400
0 0.118900 0.446400 0.014200 0.016600
0 0.496400 0.879700 0.015600 0.019000
0 0.303300 0.644600 0.016000 0.021700
0 0.530400 0.370300 0.015000 0.017400
0 0.404000 0.307100 0.015400 0.019100
0 0.166100 0.328400 0.017700 0.018400
0 0.879000 0.322400 0.016300 0.018300
0 0.015600 0.789500 0.016200 0.019300
0 0.510300 0.679000 0.013500 0.021600
0 0.064800 0.868100 0.015900 0.018300
0 0.719600 0.630000 0.013800 0.020900
0 0.420800 0.242000 0.015000 0.019800
0 0.527700 0.803100 0.014900 0.021700
0 0.114200 0.083200 0.015400 0.019900
0 0.216900 0.364500 0.017300 0.019500
0 0.384100 0.809100 0.013900 0.021000
0 0.930300 0.723100 0.016700 0.018700
0 0.168900 0.771900 0.015200 0.021600
0 0.918200 0.504400 0.014700 0.022700
0 0.496100 0.597300 0.014400 0.022500
0 0.922400 0.441900 0.015000 0.019000
0 0.517200 0.397800 0.014400 0.021100
0 0.690900 0.806800 0.016600 0.020700
0 0.843600 0.446600 0.015500 0.019600
0 0.644100 0.058700 0.015100 0.021800
0 0.285300 0.753800 0.016800 0.019000
0 0.171600 0.971300 0.015000 0.018500
0 0.115800 0.458200 0.014900 0.017300
0 0.882400 0.718500 0.015800 0.018100
0 0.671100 0.967800 0.014600 0.019500
0 0.668800 0.755400 0.013800 0.027500
0 0.480600 0.416300 0.013300 0.022800
0 0.182200 0.553000 0.013000 0.019200
0 0.394800 0.410400 0.014600 0.019400
0 0.484300 0.853100 0.013900 0.018600
0 0.284800 0.166200 0.014100 0.023600
0 0.639200 0.481600 0.010900 0.027500
0 0.273100 0.930500 0.013400 0.023600
0 0.903200 0.133100 0.014600 0.019700
0 0.691500 0.202800 0.014300 0.019700
0 0.884700 0.053700 0.014400 0.018500
0 0.780900 0.828000 0.016300 0.018100
0 0.914400 0.855900 0.012000 0.019100
0 0.454400 0.227300 0.014800 0.021200
0 0.695800 0.144600 0.014300 0.019600
0 0.142300 0.055100 0.013000 0.027000
0 0.380100 0.030400 0.014400 0.021800
0 0.165800 0.564400 0.014900 0.017000
0 0.258000 0.933600 0.013500 0.021800
0 0.494900 0.778300 0.013200 0.024600
0 0.445900 0.511100 0.014500 0.018500
0 0.761000 0.197100 0.016000 0.018500
0 0.794100 0.866600 0.013300 0.022500
0 0.454100 0.421100 0.013700 0.024100
0 0.379900 0.843600 0.016500 0.020000
0 0.568200 0.592700 0.012300 0.027700
0 0.346500 0.858900 0.015800 0.021500
0 0.092900 0.582000 0.013200 0.024300
0 0.895300 0.114700 0.014500 0.020700
0 0.260100 0.594500 0.011500 0.020800
0 0.607600 0.870700 0.012600 0.027000
0 0.568700 0.542300 0.011700 0.025700
0 0.678000 0.414900 0.015800 0.022800
0 0.581000 0.734700 0.014800 0.021200
0 0.008400 0.835700 0.015500 0.019000
0 0.914400 0.877200 0.015200 0.020000
0 0.796000 0.506100 0.013900 0.024300
0 0.628100 0.179900 0.011600 0.028700
0 0.668100 0.781600 0.014100 0.027800
0 0.701300 0.443600 0.014500 0.020200
0 0.077100 0.435500 0.014400 0.016600
0 0.895500 0.628400 0.012900 0.028800
0 0.470100 0.864200 0.014300 0.019900
0 0.846000 0.519700 0.011800 0.029100
0 0.514800 0.366400 0.014800 0.019300
0 0.376400 0.641200 0.011500 0.028600
0 0.885500 0.210800 0.013300 0.018800
0 0.445600 0.171400 0.013800 0.023300
0 0.146800 0.028800 0.014500 0.023800
0 0.693300 0.415600 0.014600 0.025300
0 0.328300 0.716500 0.013000 0.022200
0 0.251300 0.882800 0.013300 0.027500
0 0.491200 0.718000 0.010700 0.032500
0 0.236000 0.340900 0.012100 0.027500
0 0.266300 0.916800 0.013600 0.022000
0 0.476500 0.382600 0.015100 0.022200
0 0.405500 0.296500 0.013400 0.019400
0 0.646600 0.442800 0.014100 0.019600
0 0.208300 0.244700 0.011000 0.031100
0 0.147300 0.503800 0.013600 0.020100
0 0.897200 0.226700 0.013200 0.021200
0 0.346400 0.471000 0.013000 0.027500
0 0.148700 0.939100 0.019100 0.018300
0 0.847800 0.798000 0.018500 0.017700
0 0.080600 0.696000 0.012800 0.029100
0 0.970500 0.542800 0.011600 0.029700
0 0.658900 0.821700 0.012100 0.031200
0 0.831100 0.168700 0.011100 0.031800
0 0.627400 0.423200 0.011600 0.023400
0 0.758800 0.328700 0.011900 0.031000
0 0.958100 0.294600 0.010700 0.029200
0 0.436400 0.378100 0.012900 0.025000
0 0.374200 0.553300 0.011100 0.025700
0 0.264300 0.164600 0.013600 0.025500
0 0.583700 0.715500 0.012800 0.024500
0 0.367400 0.207000 0.014400 0.024200
0 0.042400 0.020300 0.014400 0.026600
0 0.690900 0.711400 0.014800 0.021700
0 0.859200 0.167300 0.011100 0.031900
0 0.314100 0.085700 0.014500 0.021700
0 0.120300 0.048000 0.012900 0.024200
0 0.609500 0.480300 0.012200 0.023400
0 0.627100 0.204800 0.013900 0.022400
0 0.173800 0.481200 0.014600 0.019000
0 0.923200 0.377400 0.011800 0.029100
0 0.968100 0.423600 0.016300 0.018800
0 0.769800 0.561200 0.015900 0.019700
0 0.884500 0.334600 0.016400 0.018400
0 0.771000 0.526800 0.015500 0.020000
0 0.676500 0.809500 0.013200 0.024700
0 0.042800 0.116400 0.015000 0.020200
0 0.083300 0.385600 0.013800 0.019000
0 0.748100 0.651700 0.013800 0.021500
0 0.439200 0.293100 0.015000 0.019800
0 0.061500 0.393000 0.013900 0.017500
0 0.914900 0.210000 0.010400 0.028500
0 0.414000 0.684300 0.015600 0.022800
0 0.841000 0.021200 0.011600 0.030000
0 0.171900 0.611000 0.013500 0.019500
0 0.704900 0.671300 0.010700 0.035300
0 0.648200 0.735200 0.013200 0.026900
0 0.206800 0.610000 0.013700 0.017000
0 0.017900 0.035900 0.015500 0.019400
0 0.861400 0.190800 0.014400 0.023900
0 0.321800 0.935200 0.010600 0.032600
0 0.567400 0.351500 0.015500 0.021500
0 0.965000 0.394100 0.019300 0.017500
0 0.298300 0.116400 0.010000 0.034500
0 0.014900 0.589200 0.016300 0.021100
0 0.761200 0.776400 0.016400 0.019600
0 0.841200 0.623100 0.015600 0.018800
0 0.304200 0.981900 0.010900 0.031100
0 0.594100 0.947600 0.015300 0.022100
0 0.750800 0.959400 0.011800 0.025200
0 0.490200 0.089200 0.016300 0.019800
0 0.501100 0.406200 0.014700 0.018800
0 0.549200 0.294400 0.015900 0.017300
0 0.620000 0.148100 0.015100 0.018900
0 0.281300 0.411400 0.013900 0.022000
0 0.256100 0.832800 0.009600 0.038200
0 0.526900 0.151800 0.014600 0.022200
0 0.264000 0.604600 0.014300 0.018200
0 0.073300 0.510200 0.011800 0.022900
0 0.603500 0.947300 0.015300 0.021000
0 0.511700 0.465300 0.011700 0.026300
0 0.497500 0.489600 0.011000 0.022500
0 0.032500 0.745000 0.013200 0.019300
0 0.768500 0.727700 0.010300 0.026800
0 0.474300 0.523000 0.013200 0.022800
0 0.142500 0.574100 0.014800 0.016800
0 0.055200 0.685900 0.011200 0.025200
0 0.291600 0.435200 0.012100 0.024600
0 0.471900 0.253700 0.013500 0.020100
0 0.760400 0.653400 0.012500 0.021300
0 0.190300 0.973100 0.013900 0.019900
0 0.236500 0.489600 0.013100 0.021500
0 0.606600 0.101100 0.014900 0.020600
0 0.926900 0.801900 0.012600 0.026100
0 0.666400 0.876500 0.012800 0.026900
0 0.806250 0.924306 0.014062 0.034722
0 0.615625 0.024306 0.012500 0.031944
0 0.546094 0.010417 0.015625 0.018056
0 0.563281 0.286806 0.014062 0.026389
0 0.094141 0.129167 0.011719 0.036111
0 0.070703 0.281250 0.016406 0.026389
0 0.287500 0.073611 0.017188 0.030556
0 0.006641 0.015278 0.013281 0.019444
0 0.945312 0.457639 0.010937 0.034722
0 0.239844 0.647917 0.015625 0.026389
0 0.160547 0.529861 0.016406 0.023611
0 0.194141 0.572917 0.013281 0.026389
0 0.544141 0.887500 0.014844 0.036111
0 0.443359 0.640278 0.013281 0.036111
0 0.475000 0.492361 0.014062 0.029167
0 0.510156 0.489583 0.012500 0.020833
0 0.540625 0.455556 0.015625 0.025000
0 0.146094 0.147222 0.014062 0.027778
0 0.144531 0.193750 0.010937 0.029167
0 0.190234 0.177778 0.019531 0.019444
0 0.038672 0.411806 0.010156 0.026389
0 0.025781 0.418750 0.014062 0.029167
0 0.016406 0.401389 0.014062 0.025000
0 0.025000 0.688889 0.014062 0.027778
0 0.113281 0.786806 0.014062 0.026389
0 0.181250 0.775000 0.012500 0.027778
0 0.132812 0.976389 0.015625 0.025000
0 0.621484 0.850694 0.014844 0.026389
0 0.716797 0.906250 0.014844 0.029167
0 0.774219 0.720139 0.012500 0.020833
0 0.874609 0.664583 0.016406 0.023611
0 0.724219 0.050694 0.012500 0.029167
0 0.694531 0.100000 0.009375 0.025000
0 0.978516 0.295139 0.013281 0.026389
0 0.989453 0.611111 0.011719 0.022222
0 0.980469 0.625000 0.014062 0.019444
0 0.971875 0.638194 0.009375 0.023611
0 0.964844 0.635417 0.010937 0.023611
0 0.969922 0.621528 0.011719 0.029167
0 0.772656 0.654167 0.010937 0.027778
0 0.589063 0.501389 0.010937 0.036111
0 0.614453 0.936806 0.013281 0.026389
0 0.543750 0.631944 0.017188 0.022222
0 0.542969 0.631250 0.010937 0.031944
