0 0.919000 0.113000 0.016000 0.021000
0 0.931000 0.096000 0.016000 0.021000
0 0.903000 0.050000 0.016000 0.021000
0 0.844000 0.075000 0.016000 0.021000
0 0.812000 0.127000 0.016000 0.021000
0 0.803000 0.146000 0.016000 0.021000
0 0.783000 0.140000 0.016000 0.021000
0 0.761000 0.110000 0.016000 0.021000
0 0.789000 0.171000 0.016000 0.021000
0 0.856000 0.225000 0.016000 0.021000
0 0.833000 0.163000 0.016000 0.021000
0 0.953000 0.175000 0.016000 0.021000
0 0.944000 0.215000 0.016000 0.021000
0 0.870000 0.269000 0.016000 0.021000
0 0.891000 0.300000 0.016000 0.021000
0 0.919000 0.327000 0.016000 0.021000
0 0.928000 0.344000 0.016000 0.021000
0 0.895000 0.327000 0.016000 0.021000
0 0.817000 0.325000 0.016000 0.021000
0 0.795000 0.325000 0.016000 0.021000
0 0.772000 0.250000 0.016000 0.021000
0 0.767000 0.290000 0.016000 0.021000
0 0.767000 0.310000 0.016000 0.021000
0 0.852000 0.371000 0.016000 0.021000
0 0.792000 0.365000 0.016000 0.021000
0 0.775000 0.356000 0.016000 0.021000
0 0.767000 0.369000 0.016000 0.021000
0 0.763000 0.352000 0.016000 0.021000
0 0.819000 0.408000 0.016000 0.021000
0 0.856000 0.425000 0.016000 0.021000
0 0.934000 0.406000 0.016000 0.021000
0 0.947000 0.400000 0.016000 0.021000
0 0.925000 0.462000 0.016000 0.021000
0 0.806000 0.475000 0.016000 0.021000
0 0.783000 0.485000 0.016000 0.021000
0 0.763000 0.473000 0.016000 0.021000
0 0.752000 0.406000 0.016000 0.021000
0 0.952000 0.496000 0.016000 0.021000
0 0.939000 0.525000 0.016000 0.021000
0 0.884000 0.554000 0.016000 0.021000
0 0.858000 0.548000 0.016000 0.021000
0 0.831000 0.552000 0.016000 0.021000
0 0.820000 0.558000 0.016000 0.021000
0 0.800000 0.523000 0.016000 0.021000
0 0.753000 0.502000 0.016000 0.021000
0 0.738000 0.517000 0.016000 0.021000
0 0.725000 0.508000 0.016000 0.021000
0 0.725000 0.533000 0.016000 0.021000
0 0.742000 0.544000 0.016000 0.021000
0 0.728000 0.556000 0.016000 0.021000
0 0.858000 0.596000 0.016000 0.021000
0 0.841000 0.604000 0.016000 0.021000
0 0.878000 0.590000 0.016000 0.021000
0 0.955000 0.610000 0.016000 0.021000
0 0.902000 0.675000 0.016000 0.021000
0 0.838000 0.631000 0.016000 0.021000
0 0.822000 0.637000 0.016000 0.021000
0 0.802000 0.621000 0.016000 0.021000
0 0.738000 0.650000 0.016000 0.021000
0 0.728000 0.660000 0.016000 0.021000
0 0.761000 0.669000 0.016000 0.021000
0 0.783000 0.598000 0.016000 0.021000
0 0.830000 0.665000 0.016000 0.021000
0 0.844000 0.685000 0.016000 0.021000
0 0.836000 0.715000 0.016000 0.021000
0 0.798000 0.731000 0.016000 0.021000
0 0.772000 0.721000 0.016000 0.021000
0 0.755000 0.698000 0.016000 0.021000
0 0.939000 0.713000 0.016000 0.021000
0 0.969000 0.710000 0.016000 0.021000
0 0.886000 0.808000 0.016000 0.021000
0 0.945000 0.871000 0.016000 0.021000
0 0.920000 0.910000 0.016000 0.021000
0 0.942000 0.908000 0.016000 0.021000
0 0.844000 0.785000 0.016000 0.021000
0 0.833000 0.769000 0.016000 0.021000
0 0.823000 0.902000 0.016000 0.021000
0 0.828000 0.881000 0.016000 0.021000
0 0.809000 0.877000 0.016000 0.021000
0 0.783000 0.883000 0.016000 0.021000
0 0.783000 0.902000 0.016000 0.021000
0 0.792000 0.925000 0.016000 0.021000
0 0.778000 0.942000 0.016000 0.021000
0 0.755000 0.919000 0.016000 0.021000
0 0.764000 0.873000 0.016000 0.021000
0 0.769000 0.846000 0.016000 0.021000
0 0.742000 0.821000 0.016000 0.021000
0 0.713000 0.815000 0.016000 0.021000
0 0.706000 0.840000 0.016000 0.021000
0 0.709000 0.856000 0.016000 0.021000
0 0.705000 0.902000 0.016000 0.021000
0 0.723000 0.906000 0.016000 0.021000
0 0.666000 0.910000 0.016000 0.021000
0 0.666000 0.894000 0.016000 0.021000
0 0.642000 0.890000 0.016000 0.021000
0 0.630000 0.956000 0.016000 0.021000
0 0.556000 0.833000 0.016000 0.021000
0 0.570000 0.873000 0.016000 0.021000
0 0.534000 0.948000 0.016000 0.021000
0 0.519000 0.833000 0.016000 0.021000
0 0.505000 0.806000 0.016000 0.021000
0 0.581000 0.798000 0.016000 0.021000
0 0.628000 0.781000 0.016000 0.021000
0 0.623000 0.765000 0.016000 0.021000
0 0.706000 0.756000 0.016000 0.021000
0 0.719000 0.748000 0.016000 0.021000
0 0.520000 0.908000 0.016000 0.021000
0 0.436000 0.898000 0.016000 0.021000
0 0.419000 0.858000 0.016000 0.021000
0 0.398000 0.906000 0.016000 0.021000
0 0.366000 0.812000 0.016000 0.021000
0 0.317000 0.856000 0.016000 0.021000
0 0.291000 0.815000 0.016000 0.021000
0 0.281000 0.879000 0.016000 0.021000
0 0.275000 0.919000 0.016000 0.021000
0 0.205000 0.954000 0.016000 0.021000
0 0.094000 0.935000 0.016000 0.021000
0 0.073000 0.944000 0.016000 0.021000
0 0.052000 0.871000 0.016000 0.021000
0 0.039000 0.760000 0.016000 0.021000
0 0.048000 0.777000 0.016000 0.021000
0 0.088000 0.800000 0.016000 0.021000
0 0.083000 0.825000 0.016000 0.021000
0 0.089000 0.838000 0.016000 0.021000
0 0.128000 0.821000 0.016000 0.021000
0 0.177000 0.810000 0.016000 0.021000
0 0.186000 0.854000 0.016000 0.021000
0 0.163000 0.777000 0.016000 0.021000
0 0.170000 0.765000 0.016000 0.021000
0 0.045000 0.710000 0.016000 0.021000
0 0.022000 0.662000 0.016000 0.021000
0 0.070000 0.644000 0.016000 0.021000
0 0.092000 0.683000 0.016000 0.021000
0 0.102000 0.692000 0.016000 0.021000
0 0.131000 0.675000 0.016000 0.021000
0 0.138000 0.590000 0.016000 0.021000
0 0.123000 0.523000 0.016000 0.021000
0 0.130000 0.510000 0.016000 0.021000
0 0.094000 0.548000 0.016000 0.021000
0 0.081000 0.550000 0.016000 0.021000
0 0.053000 0.542000 0.016000 0.021000
0 0.044000 0.454000 0.016000 0.021000
0 0.056000 0.429000 0.016000 0.021000
0 0.067000 0.450000 0.016000 0.021000
0 0.080000 0.471000 0.016000 0.021000
0 0.094000 0.450000 0.016000 0.021000
0 0.136000 0.425000 0.016000 0.021000
0 0.122000 0.417000 0.016000 0.021000
0 0.116000 0.396000 0.016000 0.021000
0 0.070000 0.325000 0.016000 0.021000
0 0.109000 0.292000 0.016000 0.021000
0 0.119000 0.296000 0.016000 0.021000
0 0.133000 0.165000 0.016000 0.021000
0 0.055000 0.152000 0.016000 0.021000
0 0.030000 0.098000 0.016000 0.021000
0 0.098000 0.075000 0.016000 0.021000
0 0.078000 0.046000 0.016000 0.021000
0 0.080000 0.117000 0.016000 0.021000
0 0.103000 0.098000 0.016000 0.021000
0 0.128000 0.098000 0.016000 0.021000
0 0.141000 0.087000 0.016000 0.021000
0 0.152000 0.131000 0.016000 0.021000
0 0.183000 0.115000 0.016000 0.021000
0 0.181000 0.067000 0.016000 0.021000
0 0.159000 0.102000 0.016000 0.021000
0 0.203000 0.119000 0.016000 0.021000
0 0.217000 0.133000 0.016000 0.021000
0 0.213000 0.156000 0.016000 0.021000
0 0.247000 0.146000 0.016000 0.021000
0 0.255000 0.133000 0.016000 0.021000
0 0.267000 0.144000 0.016000 0.021000
0 0.289000 0.138000 0.016000 0.021000
0 0.314000 0.125000 0.016000 0.021000
0 0.280000 0.083000 0.016000 0.021000
0 0.334000 0.050000 0.016000 0.021000
0 0.345000 0.131000 0.016000 0.021000
0 0.342000 0.177000 0.016000 0.021000
0 0.311000 0.188000 0.016000 0.021000
0 0.292000 0.185000 0.016000 0.021000
0 0.258000 0.196000 0.016000 0.021000
0 0.214000 0.190000 0.016000 0.021000
0 0.195000 0.215000 0.016000 0.021000
0 0.145000 0.283000 0.016000 0.021000
0 0.131000 0.279000 0.016000 0.021000
0 0.411000 0.113000 0.016000 0.021000
0 0.423000 0.096000 0.016000 0.021000
0 0.406000 0.062000 0.016000 0.021000
0 0.411000 0.042000 0.016000 0.021000
0 0.438000 0.092000 0.016000 0.021000
0 0.433000 0.113000 0.016000 0.021000
0 0.406000 0.165000 0.016000 0.021000
0 0.398000 0.175000 0.016000 0.021000
0 0.369000 0.206000 0.016000 0.021000
0 0.370000 0.223000 0.016000 0.021000
0 0.453000 0.173000 0.016000 0.021000
0 0.455000 0.129000 0.016000 0.021000
0 0.498000 0.106000 0.016000 0.021000
0 0.513000 0.087000 0.016000 0.021000
0 0.534000 0.094000 0.016000 0.021000
0 0.522000 0.133000 0.016000 0.021000
0 0.484000 0.192000 0.016000 0.021000
0 0.464000 0.206000 0.016000 0.021000
0 0.444000 0.219000 0.016000 0.021000
0 0.406000 0.254000 0.016000 0.021000
0 0.370000 0.273000 0.016000 0.021000
0 0.317000 0.258000 0.016000 0.021000
0 0.302000 0.242000 0.016000 0.021000
0 0.231000 0.265000 0.016000 0.021000
0 0.228000 0.312000 0.016000 0.021000
0 0.575000 0.102000 0.016000 0.021000
0 0.598000 0.125000 0.016000 0.021000
0 0.617000 0.121000 0.016000 0.021000
0 0.572000 0.152000 0.016000 0.021000
0 0.630000 0.142000 0.016000 0.021000
0 0.677000 0.090000 0.016000 0.021000
0 0.684000 0.062000 0.016000 0.021000
0 0.713000 0.083000 0.016000 0.021000
0 0.719000 0.073000 0.016000 0.021000
0 0.678000 0.119000 0.016000 0.021000
0 0.659000 0.167000 0.016000 0.021000
0 0.677000 0.175000 0.016000 0.021000
0 0.700000 0.165000 0.016000 0.021000
0 0.958000 0.233000 0.016000 0.021000
0 0.966000 0.215000 0.016000 0.021000
0 0.691000 0.287000 0.016000 0.021000
0 0.692000 0.252000 0.016000 0.021000
0 0.670000 0.248000 0.016000 0.021000
0 0.656000 0.221000 0.016000 0.021000
0 0.608000 0.229000 0.016000 0.021000
0 0.558000 0.208000 0.016000 0.021000
0 0.545000 0.235000 0.016000 0.021000
0 0.527000 0.225000 0.016000 0.021000
0 0.530000 0.208000 0.016000 0.021000
0 0.498000 0.244000 0.016000 0.021000
0 0.500000 0.265000 0.016000 0.021000
0 0.481000 0.306000 0.016000 0.021000
0 0.450000 0.271000 0.016000 0.021000
0 0.438000 0.292000 0.016000 0.021000
0 0.417000 0.275000 0.016000 0.021000
0 0.381000 0.285000 0.016000 0.021000
0 0.389000 0.319000 0.016000 0.021000
0 0.344000 0.340000 0.016000 0.021000
0 0.272000 0.360000 0.016000 0.021000
0 0.266000 0.325000 0.016000 0.021000
0 0.272000 0.312000 0.016000 0.021000
0 0.258000 0.392000 0.016000 0.021000
0 0.206000 0.421000 0.016000 0.021000
0 0.173000 0.404000 0.016000 0.021000
0 0.177000 0.440000 0.016000 0.021000
0 0.186000 0.450000 0.016000 0.021000
0 0.202000 0.460000 0.016000 0.021000
0 0.238000 0.442000 0.016000 0.021000
0 0.278000 0.417000 0.016000 0.021000
0 0.306000 0.419000 0.016000 0.021000
0 0.342000 0.419000 0.016000 0.021000
0 0.325000 0.454000 0.016000 0.021000
0 0.297000 0.460000 0.016000 0.021000
0 0.295000 0.475000 0.016000 0.021000
0 0.323000 0.475000 0.016000 0.021000
0 0.302000 0.544000 0.016000 0.021000
0 0.269000 0.504000 0.016000 0.021000
0 0.173000 0.560000 0.016000 0.021000
0 0.206000 0.573000 0.016000 0.021000
0 0.205000 0.494000 0.016000 0.021000
0 0.208000 0.700000 0.016000 0.021000
0 0.255000 0.713000 0.016000 0.021000
0 0.311000 0.702000 0.016000 0.021000
0 0.323000 0.754000 0.016000 0.021000
0 0.339000 0.669000 0.016000 0.021000
0 0.414000 0.738000 0.016000 0.021000
0 0.406000 0.706000 0.016000 0.021000
0 0.455000 0.723000 0.016000 0.021000
0 0.441000 0.762000 0.016000 0.021000
0 0.481000 0.762000 0.016000 0.021000
0 0.500000 0.758000 0.016000 0.021000
0 0.491000 0.758000 0.016000 0.021000
0 0.495000 0.704000 0.016000 0.021000
0 0.547000 0.760000 0.016000 0.021000
0 0.561000 0.760000 0.016000 0.021000
0 0.653000 0.787000 0.016000 0.021000
0 0.692000 0.665000 0.016000 0.021000
0 0.673000 0.650000 0.016000 0.021000
0 0.672000 0.679000 0.016000 0.021000
0 0.677000 0.702000 0.016000 0.021000
0 0.622000 0.598000 0.016000 0.021000
0 0.614000 0.631000 0.016000 0.021000
0 0.606000 0.646000 0.016000 0.021000
0 0.605000 0.660000 0.016000 0.021000
0 0.552000 0.627000 0.016000 0.021000
0 0.470000 0.642000 0.016000 0.021000
0 0.445000 0.635000 0.016000 0.021000
0 0.402000 0.610000 0.016000 0.021000
0 0.378000 0.600000 0.016000 0.021000
0 0.481000 0.573000 0.016000 0.021000
0 0.492000 0.585000 0.016000 0.021000
0 0.527000 0.602000 0.016000 0.021000
0 0.558000 0.583000 0.016000 0.021000
0 0.514000 0.565000 0.016000 0.021000
0 0.455000 0.554000 0.016000 0.021000
0 0.438000 0.556000 0.016000 0.021000
0 0.478000 0.525000 0.016000 0.021000
0 0.495000 0.533000 0.016000 0.021000
0 0.536000 0.537000 0.016000 0.021000
0 0.636000 0.542000 0.016000 0.021000
0 0.623000 0.510000 0.016000 0.021000
0 0.659000 0.496000 0.016000 0.021000
0 0.661000 0.475000 0.016000 0.021000
0 0.658000 0.408000 0.016000 0.021000
0 0.706000 0.402000 0.016000 0.021000
0 0.683000 0.340000 0.016000 0.021000
0 0.633000 0.350000 0.016000 0.021000
0 0.623000 0.404000 0.016000 0.021000
0 0.589000 0.408000 0.016000 0.021000
0 0.570000 0.375000 0.016000 0.021000
0 0.542000 0.373000 0.016000 0.021000
0 0.586000 0.333000 0.016000 0.021000
0 0.602000 0.460000 0.016000 0.021000
0 0.598000 0.490000 0.016000 0.021000
0 0.553000 0.494000 0.016000 0.021000
0 0.558000 0.483000 0.016000 0.021000
0 0.531000 0.519000 0.016000 0.021000
0 0.530000 0.440000 0.016000 0.021000
0 0.545000 0.421000 0.016000 0.021000
0 0.541000 0.404000 0.016000 0.021000
0 0.509000 0.408000 0.016000 0.021000
0 0.517000 0.394000 0.016000 0.021000
0 0.525000 0.400000 0.016000 0.021000
0 0.463000 0.408000 0.016000 0.021000
0 0.469000 0.385000 0.016000 0.021000
0 0.436000 0.396000 0.016000 0.021000
0 0.441000 0.410000 0.016000 0.021000
0 0.436000 0.379000 0.016000 0.021000
0 0.419000 0.365000 0.016000 0.021000
0 0.427000 0.333000 0.016000 0.021000
0 0.405000 0.427000 0.016000 0.021000
0 0.398000 0.456000 0.016000 0.021000
0 0.381000 0.465000 0.016000 0.021000
0 0.366000 0.456000 0.016000 0.021000
0 0.400000 0.504000 0.016000 0.021000
0 0.444000 0.490000 0.016000 0.021000
0 0.472000 0.479000 0.016000 0.021000
0 0.969000 0.263000 0.016000 0.021000
0 0.609000 0.040000 0.016000 0.021000
0 0.972000 0.306000 0.016000 0.021000
0 0.984000 0.167000 0.016000 0.021000
0 0.961000 0.198000 0.016000 0.021000
0 0.936000 0.235000 0.016000 0.021000
0 0.952000 0.348000 0.016000 0.021000
0 0.975000 0.381000 0.016000 0.021000
0 0.977000 0.481000 0.016000 0.021000
0 0.977000 0.510000 0.016000 0.021000
0 0.916000 0.529000 0.016000 0.021000
0 0.923000 0.442000 0.016000 0.021000
0 0.841000 0.452000 0.016000 0.021000
0 0.838000 0.319000 0.016000 0.021000
0 0.841000 0.250000 0.016000 0.021000
0 0.972000 0.571000 0.016000 0.021000
0 0.963000 0.592000 0.016000 0.021000
0 0.967000 0.613000 0.016000 0.021000
0 0.970000 0.796000 0.016000 0.021000
0 0.970000 0.819000 0.016000 0.021000
0 0.956000 0.954000 0.016000 0.021000
0 0.969000 0.967000 0.016000 0.021000
0 0.867000 0.981000 0.016000 0.021000
0 0.792000 0.954000 0.016000 0.021000
0 0.741000 0.973000 0.016000 0.021000
0 0.658000 0.965000 0.016000 0.021000
0 0.663000 0.942000 0.016000 0.021000
0 0.656000 0.912000 0.016000 0.021000
0 0.630000 0.975000 0.016000 0.021000
0 0.608000 0.975000 0.016000 0.021000
0 0.350000 0.973000 0.016000 0.021000
0 0.238000 0.977000 0.016000 0.021000
0 0.203000 0.973000 0.016000 0.021000
0 0.069000 0.973000 0.016000 0.021000
0 0.047000 0.804000 0.016000 0.021000
0 0.273000 0.640000 0.016000 0.021000
0 0.202000 0.537000 0.016000 0.021000
0 0.195000 0.523000 0.016000 0.021000
0 0.145000 0.450000 0.016000 0.021000
0 0.739000 0.623000 0.016000 0.021000
0 0.600000 0.727000 0.016000 0.021000
0 0.723000 0.725000 0.016000 0.021000
0 0.791000 0.610000 0.016000 0.021000
0 0.755000 0.427000 0.016000 0.021000
0 0.022000 0.338000 0.016000 0.021000
0 0.013000 0.323000 0.016000 0.021000
0 0.020000 0.225000 0.016000 0.021000
0 0.059000 0.131000 0.016000 0.021000
0 0.044000 0.090000 0.016000 0.021000
0 0.075000 0.100000 0.016000 0.021000
0 0.188000 0.056000 0.016000 0.021000
0 0.223000 0.092000 0.016000 0.021000
0 0.242000 0.025000 0.016000 0.021000
0 0.342000 0.025000 0.016000 0.021000
0 0.463000 0.079000 0.016000 0.021000
0 0.578000 0.340000 0.016000 0.021000
0 0.495000 0.388000 0.016000 0.021000
0 0.641000 0.033000 0.016000 0.021000
0 0.673000 0.031000 0.016000 0.021000
0 0.705000 0.035000 0.016000 0.021000
0 0.875000 0.050000 0.016000 0.021000
0 0.831000 0.025000 0.016000 0.021000
0 0.816000 0.169000 0.016000 0.021000
0 0.966000 0.067000 0.016000 0.021000
0 0.983000 0.069000 0.016000 0.021000
0 0.111000 0.885000 0.016000 0.021000
0 0.114000 0.338000 0.016000 0.021000
0 0.827000 0.865000 0.016000 0.021000
0 0.516000 0.015000 0.016000 0.021000
0 0.925000 0.981000 0.016000 0.021000
0 0.819000 0.775000 0.016000 0.021000
0 0.686000 0.979000 0.016000 0.021000
0 0.128000 0.838000 0.016000 0.021000
0 0.763000 0.887000 0.016000 0.021000
0 0.905469 0.764583 0.012500 0.037500
0 0.539453 0.022222 0.011719 0.027778
0 0.853125 0.018750 0.014062 0.031944
0 0.966016 0.017361 0.016406 0.026389
0 0.991016 0.304861 0.014844 0.026389
0 0.994141 0.554861 0.010156 0.037500
0 0.991797 0.739583 0.008594 0.040278
0 0.991406 0.606944 0.009375 0.033333
0 0.362109 0.700694 0.014844 0.037500
0 0.374219 0.909028 0.014062 0.037500
0 0.172656 0.633333 0.017188 0.041667
0 0.091406 0.340278 0.010937 0.041667
0 0.485547 0.834028 0.014844 0.034722
0 0.446484 0.602778 0.011719 0.036111
0 0.882422 0.736111 0.013281 0.033333
0 0.850000 0.895139 0.010937 0.031944
0 0.533984 0.651389 0.010156 0.036111
0 0.741016 0.284722 0.013281 0.044444
0 0.486719 0.969444 0.014062 0.038889
0 0.670703 0.457639 0.011719 0.040278
0 0.228906 0.562500 0.017188 0.027778
0 0.933203 0.597222 0.014844 0.036111
0 0.658594 0.088194 0.015625 0.023611
0 0.992188 0.890278 0.010937 0.027778
0 0.829297 0.981944 0.022656 0.019444
0 0.704687 0.121528 0.017188 0.026389
0 0.994141 0.163889 0.008594 0.022222
0 0.007422 0.982639 0.013281 0.023611
0 0.947266 0.977778 0.010156 0.027778
0 0.862109 0.047222 0.019531 0.025000
0 0.989453 0.256250 0.013281 0.037500
0 0.908984 0.154167 0.010156 0.036111
0 0.971484 0.756250 0.010156 0.026389
0 0.738672 0.932639 0.013281 0.026389
0 0.760938 0.814583 0.010937 0.023611
0 0.820313 0.844444 0.010937 0.027778
0 0.799219 0.668056 0.009375 0.027778
0 0.828516 0.481250 0.011719 0.034722
0 0.775781 0.426389 0.012500 0.030556
0 0.796484 0.265278 0.011719 0.027778
0 0.763672 0.171528 0.011719 0.031944
0 0.777734 0.065972 0.010156 0.029167
0 0.869531 0.367361 0.010937 0.029167
0 0.862109 0.323611 0.011719 0.022222
0 0.574609 0.956944 0.013281 0.025000
0 0.588672 0.844444 0.011719 0.027778
0 0.582422 0.709722 0.011719 0.030556
0 0.579297 0.632639 0.013281 0.023611
0 0.643750 0.723611 0.010937 0.030556
0 0.583203 0.225000 0.013281 0.030556
0 0.531250 0.150000 0.010937 0.025000
0 0.523438 0.501389 0.010937 0.033333
0 0.536719 0.556944 0.009375 0.025000
0 0.476172 0.727083 0.011719 0.026389
0 0.387500 0.852778 0.010937 0.030556
0 0.385938 0.808333 0.014062 0.030556
0 0.309766 0.775000 0.010156 0.030556
0 0.264453 0.696528 0.013281 0.026389
0 0.276172 0.700000 0.017969 0.019444
0 0.236719 0.682639 0.017188 0.023611
0 0.102344 0.784722 0.012500 0.030556
0 0.128516 0.790278 0.010156 0.033333
0 0.085156 0.879167 0.012500 0.036111
0 0.026563 0.825694 0.012500 0.026389
0 0.017969 0.905556 0.014062 0.033333
0 0.057031 0.320139 0.010937 0.031944
0 0.379297 0.661806 0.011719 0.031944
0 0.184766 0.233333 0.013281 0.033333
0 0.219141 0.447917 0.017969 0.020833
0 0.326953 0.073611 0.013281 0.030556
0 0.314063 0.506250 0.009375 0.031944
0 0.685156 0.588889 0.012500 0.030556
0 0.416016 0.661111 0.011719 0.036111
