0 0.595000 0.418600 0.017700 0.022800
0 0.846600 0.559600 0.016300 0.022900
0 0.695900 0.529800 0.015500 0.023500
0 0.905400 0.093600 0.014800 0.021400
0 0.956900 0.206900 0.016100 0.021700
0 0.571600 0.644500 0.015100 0.023300
0 0.579500 0.543400 0.015600 0.024900
0 0.459700 0.071000 0.014600 0.020200
0 0.657500 0.566200 0.015600 0.021600
0 0.020500 0.409500 0.014900 0.018800
0 0.082700 0.292800 0.015000 0.022800
0 0.745100 0.296400 0.015000 0.023000
0 0.590900 0.120800 0.014700 0.025400
0 0.096200 0.879100 0.014900 0.021700
0 0.028900 0.153100 0.016000 0.023100
0 0.896100 0.419800 0.014900 0.026100
0 0.019000 0.118000 0.014300 0.024900
0 0.895400 0.293400 0.015900 0.022600
0 0.209600 0.768200 0.015700 0.022100
0 0.895500 0.570600 0.017100 0.021200
0 0.256100 0.078900 0.014300 0.020900
0 0.053200 0.143800 0.016500 0.022800
0 0.115300 0.931400 0.016500 0.022500
0 0.819100 0.755900 0.014700 0.022800
0 0.605300 0.330900 0.014400 0.023400
0 0.757500 0.803600 0.015400 0.021400
0 0.267900 0.955100 0.014800 0.021800
0 0.584900 0.431500 0.016200 0.021300
0 0.208400 0.104100 0.015000 0.022800
0 0.529800 0.504000 0.015000 0.024600
0 0.043300 0.040900 0.016500 0.023900
0 0.794400 0.258200 0.015300 0.021400
0 0.405600 0.519800 0.014100 0.023500
0 0.717300 0.390800 0.015400 0.023400
0 0.121700 0.879700 0.016800 0.022600
0 0.193300 0.497000 0.016300 0.022200
0 0.846400 0.443500 0.016500 0.020800
0 0.184500 0.169800 0.015900 0.023600
0 0.684700 0.121300 0.017200 0.021900
0 0.166600 0.570000 0.016100 0.022300
0 0.647000 0.596200 0.015000 0.022500
0 0.657700 0.444900 0.016300 0.020600
0 0.095700 0.678600 0.015500 0.022700
0 0.221500 0.432700 0.015600 0.023500
0 0.820800 0.493900 0.015500 0.022700
0 0.539800 0.666900 0.014800 0.023000
0 0.395100 0.156200 0.017000 0.021100
0 0.403400 0.355300 0.015900 0.023300
0 0.219000 0.544800 0.015900 0.023400
0 0.841600 0.342400 0.016500 0.021800
0 0.283000 0.071800 0.013600 0.022300
0 0.021800 0.358000 0.015000 0.022700
0 0.793600 0.666000 0.014900 0.025000
0 0.407300 0.453800 0.014900 0.022700
0 0.218200 0.932800 0.015800 0.021600
0 0.629400 0.241600 0.015100 0.022900
0 0.179500 0.145800 0.015700 0.023900
0 0.871400 0.828600 0.015200 0.024600
0 0.944000 0.869900 0.015400 0.021400
0 0.147200 0.654500 0.016100 0.021600
0 0.510100 0.065400 0.015500 0.023700
0 0.677100 0.917800 0.015300 0.023400
0 0.093100 0.496100 0.014600 0.023300
0 0.344300 0.341200 0.016500 0.021200
0 0.917000 0.294800 0.014800 0.023200
0 0.153900 0.616800 0.015200 0.023800
0 0.890900 0.355700 0.015300 0.022000
0 0.447000 0.120800 0.015700 0.023100
0 0.766400 0.645500 0.016600 0.024000
0 0.644800 0.045000 0.015200 0.023000
0 0.133700 0.521400 0.015500 0.024600
0 0.441300 0.905200 0.016100 0.022600
0 0.271400 0.303500 0.015500 0.023400
0 0.883300 0.331100 0.016500 0.022100
0 0.071600 0.154200 0.016200 0.022400
0 0.907200 0.231800 0.016300 0.023500
0 0.479700 0.408000 0.014600 0.021000
0 0.470100 0.058800 0.014900 0.020700
0 0.202400 0.128700 0.016000 0.023500
0 0.776900 0.156000 0.015700 0.022200
0 0.805000 0.295800 0.015500 0.023800
0 0.282700 0.128800 0.015300 0.020100
0 0.184600 0.116300 0.016200 0.020300
0 0.440400 0.319000 0.014700 0.026700
0 0.380700 0.678100 0.015000 0.023300
0 0.843500 0.307000 0.015000 0.022500
0 0.203800 0.378200 0.015900 0.023500
0 0.292300 0.333900 0.014800 0.024400
0 0.584100 0.722300 0.015300 0.021900
0 0.428100 0.333300 0.013800 0.025200
0 0.067100 0.505400 0.015400 0.024100
0 0.847100 0.658500 0.014800 0.022300
0 0.656100 0.330300 0.014000 0.026400
0 0.853600 0.080200 0.015500 0.020700
0 0.521300 0.684100 0.015000 0.024900
0 0.155300 0.345300 0.015100 0.022600
0 0.446800 0.408700 0.014800 0.020600
0 0.672400 0.428900 0.016700 0.020700
0 0.092900 0.617200 0.015200 0.021200
0 0.440800 0.531800 0.015200 0.024400
0 0.570600 0.521600 0.015300 0.024100
0 0.828500 0.846700 0.015500 0.023400
0 0.518300 0.783700 0.014300 0.023800
0 0.379600 0.104800 0.015800 0.021700
0 0.606300 0.140300 0.014400 0.024500
0 0.404900 0.317700 0.015500 0.024200
0 0.380000 0.117900 0.015500 0.021700
0 0.821300 0.954900 0.015800 0.027900
0 0.720800 0.893700 0.016600 0.023100
0 0.772200 0.695500 0.015800 0.023600
0 0.592200 0.178600 0.014400 0.024000
0 0.705100 0.109400 0.014800 0.023600
0 0.894500 0.868900 0.014200 0.021400
0 0.081800 0.021500 0.015900 0.023200
0 0.072000 0.966500 0.014000 0.024500
0 0.555600 0.277600 0.014600 0.020500
0 0.691600 0.080300 0.014900 0.023800
0 0.270600 0.877900 0.017900 0.022200
0 0.619600 0.552700 0.015700 0.022800
0 0.759300 0.718700 0.015500 0.023600
0 0.797100 0.115800 0.016200 0.020500
0 0.281600 0.604000 0.014900 0.024500
0 0.871400 0.534400 0.014300 0.021900
0 0.679300 0.047100 0.014700 0.022900
0 0.129100 0.114600 0.015200 0.021000
0 0.256700 0.140900 0.014800 0.023200
0 0.096900 0.729000 0.016100 0.023200
0 0.653900 0.832100 0.015400 0.026100
0 0.622300 0.844600 0.015200 0.024900
0 0.943900 0.295600 0.015500 0.024400
0 0.006300 0.169900 0.011500 0.024400
0 0.894800 0.083900 0.015000 0.020700
0 0.879400 0.907700 0.014400 0.022500
0 0.358000 0.039900 0.016400 0.021800
0 0.930200 0.956300 0.015400 0.023600
0 0.240400 0.121300 0.016000 0.023000
0 0.484500 0.392300 0.014200 0.022300
0 0.658100 0.810000 0.015500 0.023100
0 0.822000 0.205400 0.013700 0.025200
0 0.592800 0.979900 0.015300 0.020800
0 0.301300 0.692800 0.015100 0.024300
0 0.673000 0.233700 0.015700 0.024800
0 0.858100 0.546500 0.016000 0.020000
0 0.846800 0.922200 0.014900 0.026300
0 0.157100 0.968600 0.015600 0.024000
0 0.892100 0.940700 0.016300 0.020200
0 0.930700 0.690500 0.015700 0.024700
0 0.828800 0.742400 0.014600 0.022900
0 0.085400 0.370000 0.016000 0.022800
0 0.210900 0.809500 0.013900 0.024400
0 0.272300 0.765600 0.016300 0.025000
0 0.307600 0.665300 0.016100 0.022900
0 0.907100 0.865900 0.014700 0.021700
0 0.939800 0.754900 0.017800 0.022300
0 0.671600 0.467700 0.014300 0.023100
0 0.466100 0.156400 0.014900 0.020300
0 0.829900 0.770000 0.014000 0.023200
0 0.470200 0.352500 0.014300 0.023500
0 0.789200 0.191800 0.013900 0.025700
0 0.846700 0.903100 0.015200 0.022700
0 0.773400 0.346900 0.014800 0.023000
0 0.907200 0.402200 0.014900 0.022500
0 0.490000 0.772200 0.014200 0.025200
0 0.372400 0.057800 0.017000 0.020400
0 0.866300 0.308700 0.015000 0.023100
0 0.890300 0.182800 0.016400 0.022400
0 0.181600 0.556300 0.016000 0.021000
0 0.844600 0.980200 0.013700 0.022000
0 0.469000 0.585400 0.016100 0.022600
0 0.629600 0.746200 0.014700 0.021900
0 0.847100 0.035200 0.016500 0.025300
0 0.889700 0.844200 0.016200 0.023000
0 0.434800 0.565700 0.015500 0.022400
0 0.456000 0.769900 0.015000 0.021100
0 0.978400 0.956400 0.015300 0.025100
0 0.628000 0.790000 0.014400 0.024500
0 0.097500 0.947700 0.016700 0.021700
0 0.397700 0.595100 0.013100 0.020000
0 0.330100 0.097200 0.016000 0.021100
0 0.342700 0.046300 0.015200 0.023700
0 0.430900 0.614800 0.014600 0.024100
0 0.969200 0.246000 0.015000 0.021900
0 0.603900 0.447400 0.015600 0.024100
0 0.233700 0.958700 0.013200 0.023400
0 0.406700 0.577400 0.014200 0.021600
0 0.664600 0.722600 0.014900 0.024400
0 0.139300 0.717200 0.017000 0.022900
0 0.767800 0.190000 0.013200 0.026300
0 0.593400 0.484900 0.015300 0.022700
0 0.154800 0.365400 0.015900 0.021200
0 0.708400 0.144000 0.015200 0.025300
0 0.654900 0.685300 0.015700 0.021700
0 0.865400 0.069700 0.016600 0.021000
0 0.702600 0.732700 0.016300 0.023000
0 0.514500 0.708700 0.014600 0.024000
0 0.548200 0.527500 0.014100 0.024000
0 0.097800 0.131000 0.015700 0.022400
0 0.514500 0.655100 0.016100 0.024600
0 0.284200 0.660500 0.014700 0.022100
0 0.728300 0.323000 0.014700 0.023300
0 0.530400 0.310500 0.013800 0.022200
0 0.503200 0.760000 0.014600 0.022800
0 0.034800 0.908300 0.016000 0.022700
0 0.906600 0.440000 0.015700 0.023800
0 0.866100 0.953000 0.014500 0.023200
0 0.560300 0.689900 0.015900 0.021900
0 0.095600 0.334700 0.016200 0.023300
0 0.413700 0.181000 0.015600 0.022900
0 0.804000 0.520200 0.014300 0.020900
0 0.436100 0.506700 0.014700 0.023400
0 0.303300 0.447700 0.015500 0.023300
0 0.678800 0.758700 0.016200 0.022600
0 0.655800 0.739600 0.015400 0.021500
0 0.718500 0.022100 0.015200 0.023300
0 0.179600 0.039800 0.015100 0.022700
0 0.565100 0.269600 0.015400 0.020100
0 0.877100 0.504100 0.014800 0.023000
0 0.198200 0.152100 0.015300 0.024400
0 0.735400 0.572900 0.013500 0.023000
0 0.922900 0.535400 0.015700 0.021600
0 0.794500 0.902400 0.014200 0.025100
0 0.496800 0.408300 0.014400 0.020200
0 0.311100 0.630400 0.015700 0.022900
0 0.844400 0.376900 0.015000 0.023100
0 0.182700 0.565900 0.015500 0.022600
0 0.757800 0.698300 0.016000 0.022300
0 0.139500 0.667700 0.015800 0.022600
0 0.695500 0.426500 0.015400 0.021600
0 0.658500 0.302500 0.014000 0.025600
0 0.914900 0.207200 0.016000 0.023500
0 0.354300 0.123200 0.015000 0.021000
0 0.908000 0.148200 0.014100 0.022000
0 0.902400 0.930600 0.015400 0.020600
0 0.854400 0.944100 0.014900 0.023200
0 0.497900 0.391700 0.014800 0.023200
0 0.516100 0.135600 0.015900 0.021800
0 0.616700 0.164200 0.014600 0.024000
0 0.144600 0.368300 0.016700 0.021800
0 0.119900 0.031800 0.013900 0.021000
0 0.223300 0.446800 0.015200 0.023000
0 0.735700 0.030100 0.015500 0.022000
0 0.802200 0.582000 0.014900 0.027800
0 0.527500 0.173300 0.015900 0.023100
0 0.979800 0.179600 0.015200 0.022900
0 0.295000 0.852600 0.018600 0.023700
0 0.941200 0.108300 0.015800 0.022000
0 0.345500 0.164100 0.016300 0.020700
0 0.622500 0.809600 0.014700 0.024500
0 0.352900 0.185900 0.017000 0.022200
0 0.323400 0.342300 0.014600 0.023600
0 0.471300 0.265200 0.015400 0.025400
0 0.523200 0.533500 0.015200 0.024200
0 0.396000 0.173400 0.016800 0.022400
0 0.291700 0.135500 0.016000 0.020300
0 0.073400 0.316200 0.016200 0.022800
0 0.102800 0.285900 0.014400 0.024400
0 0.851700 0.679700 0.015200 0.025100
0 0.251600 0.478700 0.017200 0.021900
0 0.628400 0.895200 0.015800 0.026300
0 0.826800 0.284600 0.015700 0.022600
0 0.373400 0.085400 0.015500 0.023200
0 0.764900 0.814400 0.016000 0.022400
0 0.422000 0.019600 0.014900 0.023600
0 0.228100 0.414300 0.015700 0.022900
0 0.668900 0.096500 0.016700 0.022200
0 0.985400 0.828200 0.015100 0.026100
0 0.423100 0.578100 0.014800 0.021300
0 0.814100 0.334000 0.014900 0.022500
0 0.048000 0.981700 0.013600 0.021400
0 0.141700 0.814200 0.015300 0.023800
0 0.614100 0.665800 0.016000 0.022900
0 0.382400 0.485800 0.014300 0.022600
0 0.448600 0.258800 0.013700 0.025500
0 0.810800 0.527200 0.014300 0.021400
0 0.560900 0.779700 0.014400 0.023800
0 0.889100 0.640600 0.015600 0.024300
0 0.338900 0.604400 0.015300 0.020600
0 0.347900 0.977300 0.015500 0.020500
0 0.035900 0.057900 0.015100 0.024800
0 0.605600 0.959900 0.016000 0.022600
0 0.582300 0.773200 0.015700 0.021700
0 0.918700 0.935500 0.014500 0.020900
0 0.503800 0.565100 0.014500 0.023000
0 0.686000 0.746700 0.015500 0.022100
0 0.946600 0.151500 0.015700 0.021600
0 0.615600 0.957500 0.016000 0.023400
0 0.294500 0.423400 0.015200 0.022700
0 0.880900 0.551600 0.017200 0.020900
0 0.156200 0.515000 0.014900 0.023800
0 0.444900 0.770400 0.014900 0.022300
0 0.684600 0.611200 0.014200 0.021900
0 0.267100 0.401700 0.015600 0.021900
0 0.891500 0.485300 0.015000 0.023100
0 0.689400 0.092800 0.016500 0.022000
0 0.791100 0.689400 0.015400 0.022000
0 0.734700 0.983300 0.014000 0.022800
0 0.671300 0.107000 0.017800 0.020500
0 0.943700 0.127400 0.015800 0.023800
0 0.273200 0.095600 0.013900 0.023000
0 0.439800 0.777200 0.015000 0.021400
0 0.197500 0.183900 0.015400 0.021900
0 0.118100 0.039700 0.013800 0.021700
0 0.805600 0.773300 0.015200 0.024700
0 0.706200 0.722900 0.015000 0.021000
0 0.160800 0.110900 0.014000 0.022200
0 0.340700 0.652200 0.015200 0.023800
0 0.059000 0.919200 0.015800 0.025300
0 0.383300 0.080200 0.016000 0.022200
0 0.047300 0.919300 0.015600 0.025300
0 0.680600 0.064400 0.014600 0.022500
0 0.420600 0.210400 0.014500 0.024400
0 0.992200 0.156000 0.012100 0.024400
0 0.426200 0.245200 0.014300 0.027700
0 0.514300 0.548300 0.015100 0.022700
0 0.867600 0.376400 0.015500 0.021600
0 0.455100 0.198400 0.015100 0.023800
0 0.292700 0.623400 0.014800 0.024100
0 0.010800 0.972300 0.013700 0.023500
0 0.173200 0.835300 0.015400 0.022500
0 0.906600 0.283600 0.014900 0.022800
0 0.782400 0.657800 0.014800 0.024500
0 0.108700 0.877200 0.016600 0.022200
0 0.393200 0.573400 0.013800 0.021400
0 0.005600 0.018100 0.012000 0.019800
0 0.610300 0.981800 0.015700 0.020400
0 0.481000 0.964300 0.015000 0.021500
0 0.543600 0.338900 0.015400 0.020100
0 0.189600 0.195000 0.016100 0.024000
0 0.623600 0.909600 0.015500 0.025600
0 0.796800 0.061100 0.014500 0.022500
0 0.585400 0.060700 0.014900 0.023000
0 0.285600 0.586200 0.013800 0.021900
0 0.704500 0.152700 0.014300 0.024900
0 0.247200 0.398100 0.016200 0.023800
0 0.456900 0.789600 0.015400 0.021500
0 0.491300 0.952100 0.016300 0.022100
0 0.511000 0.435100 0.014900 0.021600
0 0.277300 0.471800 0.017500 0.021000
0 0.335800 0.681200 0.014700 0.025300
0 0.676200 0.640700 0.015200 0.025100
0 0.976700 0.066300 0.016700 0.021700
0 0.676800 0.961000 0.017100 0.022700
0 0.966300 0.072100 0.016100 0.020800
0 0.610700 0.359400 0.015300 0.024600
0 0.779000 0.576900 0.014500 0.024900
0 0.241400 0.663900 0.015900 0.023400
0 0.152400 0.698100 0.016900 0.023600
0 0.511200 0.885600 0.016100 0.021400
0 0.026800 0.398000 0.015700 0.020600
0 0.973000 0.095100 0.015200 0.020300
0 0.744500 0.760400 0.014900 0.024300
0 0.645300 0.576500 0.015300 0.020700
0 0.269100 0.251700 0.015100 0.024800
0 0.748600 0.638900 0.015600 0.021000
0 0.038500 0.017000 0.017500 0.022800
0 0.363700 0.965100 0.014800 0.023100
0 0.481700 0.711300 0.014500 0.022200
0 0.473700 0.823000 0.015600 0.021200
0 0.189100 0.829800 0.015200 0.023800
0 0.229400 0.811100 0.016700 0.022800
0 0.672500 0.114300 0.017100 0.021700
0 0.211000 0.067800 0.015300 0.021200
0 0.123300 0.893700 0.017000 0.023700
0 0.835700 0.552000 0.016700 0.022300
0 0.270900 0.071100 0.013600 0.021800
0 0.919100 0.954100 0.014300 0.022700
0 0.703500 0.898500 0.017300 0.024100
0 0.990700 0.857200 0.012700 0.027800
0 0.233900 0.116700 0.014700 0.022000
0 0.226563 0.304861 0.012500 0.040278
0 0.249609 0.329861 0.011719 0.031944
0 0.260156 0.014583 0.012500 0.026389
0 0.270703 0.011111 0.010156 0.019444
0 0.281250 0.027778 0.014062 0.030556
0 0.136328 0.071528 0.016406 0.023611
0 0.130469 0.013889 0.017188 0.025000
0 0.042188 0.173611 0.010937 0.033333
0 0.061328 0.263194 0.011719 0.034722
0 0.920703 0.115972 0.010156 0.031944
0 0.863672 0.112500 0.016406 0.025000
0 0.811719 0.015972 0.012500 0.031944
0 0.760547 0.083333 0.010156 0.025000
0 0.773828 0.090278 0.013281 0.025000
0 0.769531 0.109028 0.018750 0.023611
0 0.747656 0.450694 0.012500 0.031944
0 0.746484 0.412500 0.010156 0.030556
0 0.937500 0.618056 0.015625 0.033333
0 0.990625 0.645833 0.010937 0.033333
0 0.979297 0.647222 0.011719 0.030556
0 0.967578 0.652778 0.010156 0.036111
0 0.941797 0.654861 0.011719 0.031944
0 0.917969 0.634722 0.010937 0.030556
0 0.961719 0.476389 0.017188 0.027778
0 0.989844 0.451389 0.014062 0.025000
0 0.993750 0.471528 0.009375 0.023611
0 0.994141 0.559722 0.011719 0.030556
0 0.850000 0.704167 0.009375 0.030556
0 0.857031 0.729861 0.010937 0.029167
0 0.852734 0.773611 0.010156 0.033333
0 0.875000 0.768750 0.014062 0.031944
0 0.958594 0.906250 0.010937 0.031944
0 0.878906 0.401389 0.009375 0.033333
0 0.946484 0.324306 0.013281 0.029167
0 0.899219 0.253472 0.017188 0.029167
0 0.641016 0.109028 0.011719 0.031944
0 0.638281 0.146528 0.012500 0.031944
0 0.648828 0.186806 0.013281 0.037500
0 0.438281 0.279167 0.012500 0.030556
0 0.483984 0.320139 0.010156 0.034722
0 0.487891 0.445139 0.011719 0.029167
0 0.410937 0.679861 0.010937 0.034722
0 0.575781 0.827083 0.017188 0.026389
0 0.564844 0.743750 0.015625 0.029167
0 0.533594 0.697222 0.012500 0.030556
0 0.535156 0.822917 0.014062 0.037500
0 0.714844 0.477083 0.010937 0.034722
0 0.701172 0.497222 0.016406 0.025000
0 0.689062 0.472917 0.015625 0.020833
0 0.771875 0.743056 0.010937 0.033333
0 0.721875 0.779167 0.010937 0.033333
0 0.740625 0.695833 0.012500 0.038889
0 0.717969 0.647917 0.012500 0.029167
0 0.710547 0.636806 0.011719 0.018056
0 0.713672 0.922222 0.016406 0.019444
0 0.868750 0.252778 0.010937 0.038889
0 0.840234 0.213194 0.011719 0.037500
0 0.581641 0.911806 0.011719 0.034722
0 0.639063 0.936111 0.010937 0.030556
0 0.138281 0.559028 0.017188 0.026389
0 0.045313 0.604167 0.014062 0.030556
0 0.014844 0.654167 0.014062 0.041667
0 0.410156 0.948611 0.012500 0.022222
0 0.298438 0.374306 0.010937 0.031944
0 0.323828 0.436111 0.016406 0.027778
0 0.386328 0.401389 0.014844 0.027778
0 0.377344 0.412500 0.014062 0.030556
0 0.054688 0.071528 0.009375 0.037500
0 0.534766 0.250000 0.011719 0.038889
0 0.508594 0.331250 0.012500 0.031944
0 0.358984 0.395139 0.011719 0.037500
0 0.119531 0.807639 0.012500 0.034722
0 0.417578 0.845833 0.016406 0.027778
0 0.154297 0.229861 0.013281 0.040278
0 0.197266 0.226389 0.017969 0.025000
0 0.242188 0.416667 0.015625 0.027778
0 0.107031 0.084722 0.010937 0.033333
0 0.843359 0.072222 0.011719 0.033333
0 0.516406 0.213889 0.014062 0.027778
0 0.715625 0.334028 0.010937 0.031944
0 0.688672 0.555556 0.013281 0.030556
0 0.393750 0.770833 0.010937 0.033333
0 0.348828 0.487500 0.013281 0.033333
0 0.058594 0.381944 0.014062 0.027778
0 0.573047 0.626389 0.014844 0.025000
0 0.514844 0.469444 0.012500 0.030556
0 0.447656 0.088889 0.010937 0.033333
0 0.180469 0.366667 0.010937 0.030556
0 0.135937 0.352083 0.012500 0.040278
0 0.782031 0.367361 0.012500 0.031944
0 0.077734 0.745833 0.021094 0.022222
0 0.171875 0.420139 0.012500 0.029167
0 0.373437 0.600000 0.010937 0.033333
0 0.673437 0.260417 0.014062 0.031944
0 0.777734 0.333333 0.017969 0.027778
0 0.991797 0.063889 0.013281 0.027778
0 0.306250 0.045833 0.012500 0.036111
0 0.552344 0.486111 0.018750 0.019444
0 0.555078 0.471528 0.016406 0.026389
0 0.788672 0.525694 0.013281 0.023611
0 0.788672 0.539583 0.021094 0.023611
0 0.885938 0.593056 0.009375 0.030556
0 0.929297 0.297222 0.013281 0.030556
0 0.603906 0.890278 0.015625 0.025000
0 0.264062 0.510417 0.014062 0.029167
0 0.284766 0.501389 0.011719 0.025000
0 0.029297 0.515972 0.010156 0.031944
0 0.033203 0.525000 0.016406 0.025000
0 0.044141 0.515972 0.013281 0.026389
0 0.020703 0.594444 0.011719 0.030556
0 0.219922 0.168056 0.013281 0.033333
0 0.231250 0.213889 0.015625 0.025000
0 0.332031 0.184722 0.012500 0.030556
0 0.309375 0.164583 0.014062 0.026389
0 0.939844 0.560417 0.014062 0.031944
0 0.104687 0.618750 0.012500 0.029167
0 0.801562 0.463194 0.020312 0.023611
0 0.584375 0.142361 0.010937 0.031944
0 0.987109 0.238194 0.016406 0.026389
0 0.071484 0.922222 0.011719 0.030556
0 0.059375 0.874306 0.012500 0.026389
