0 0.957200 0.619000 0.015800 0.020300
0 0.941900 0.919800 0.015000 0.024200
0 0.318600 0.421500 0.014900 0.021000
0 0.919700 0.428900 0.015000 0.019700
0 0.640400 0.429800 0.016000 0.019100
0 0.828800 0.606500 0.017200 0.021500
0 0.069300 0.056000 0.015800 0.019400
0 0.530700 0.907300 0.013500 0.021900
0 0.403600 0.307700 0.016000 0.018400
0 0.944800 0.602700 0.016600 0.021800
0 0.169000 0.719700 0.014500 0.020100
0 0.705400 0.592400 0.013700 0.020400
0 0.415300 0.892600 0.015000 0.021300
0 0.391000 0.404700 0.016400 0.018300
0 0.769500 0.084600 0.014600 0.021400
0 0.303200 0.644000 0.016700 0.020300
0 0.878900 0.322000 0.015800 0.018900
0 0.171800 0.592500 0.016000 0.016900
0 0.671100 0.140900 0.014900 0.020300
0 0.760500 0.195500 0.015900 0.021100
0 0.872500 0.808900 0.018400 0.019600
0 0.070000 0.456300 0.014600 0.017100
0 0.943100 0.642300 0.013500 0.023800
0 0.404700 0.334900 0.014800 0.020200
0 0.609700 0.479800 0.011400 0.021600
0 0.439700 0.292900 0.014800 0.020200
0 0.755900 0.207700 0.015200 0.020800
0 0.552400 0.296100 0.015400 0.018700
0 0.473300 0.379900 0.014400 0.020600
0 0.678600 0.046300 0.015000 0.018900
0 0.906300 0.506900 0.014600 0.020400
0 0.695300 0.034900 0.013400 0.023000
0 0.733300 0.483400 0.013700 0.020000
0 0.252200 0.605900 0.015900 0.019400
0 0.781700 0.807400 0.015500 0.017600
0 0.865800 0.302600 0.015600 0.020200
0 0.530200 0.369100 0.015100 0.017700
0 0.496100 0.878900 0.013900 0.018500
0 0.156100 0.670100 0.013200 0.018100
0 0.840800 0.792200 0.018800 0.019400
0 0.205700 0.677200 0.014400 0.018400
0 0.614200 0.257600 0.012100 0.023200
0 0.679100 0.079600 0.015400 0.017500
0 0.072000 0.595100 0.013600 0.020800
0 0.695100 0.954000 0.015100 0.019800
0 0.160700 0.768300 0.014800 0.019300
0 0.439800 0.155300 0.014000 0.023900
0 0.443100 0.058200 0.014500 0.023100
0 0.140500 0.159900 0.016700 0.019500
0 0.885700 0.210500 0.013400 0.019200
0 0.254400 0.929400 0.013600 0.022900
0 0.705200 0.906000 0.015900 0.023000
0 0.478800 0.415100 0.014300 0.020900
0 0.669300 0.756500 0.014900 0.027900
0 0.892600 0.116600 0.014500 0.021900
0 0.285200 0.753000 0.017700 0.019000
0 0.120200 0.968000 0.014400 0.018900
0 0.123200 0.466300 0.015600 0.016400
0 0.167300 0.660200 0.014400 0.017700
0 0.854600 0.405700 0.012200 0.023100
0 0.139900 0.793000 0.014300 0.020500
0 0.673100 0.435100 0.015000 0.022000
0 0.857900 0.834600 0.017000 0.020200
0 0.507700 0.403600 0.015100 0.019100
0 0.744500 0.181600 0.014600 0.026600
0 0.554700 0.483700 0.012600 0.019000
0 0.765100 0.781000 0.015300 0.018600
0 0.717900 0.957400 0.013400 0.024300
0 0.078700 0.442300 0.012500 0.018100
0 0.767600 0.689700 0.015000 0.019700
0 0.428000 0.847400 0.014500 0.019700
0 0.159700 0.581500 0.013500 0.019700
0 0.460400 0.816000 0.013900 0.021200
0 0.908800 0.455400 0.013000 0.024000
0 0.117000 0.734200 0.013700 0.019400
0 0.580200 0.880600 0.015600 0.021400
0 0.667700 0.781100 0.015700 0.027000
0 0.902200 0.131600 0.016300 0.019800
0 0.431800 0.526800 0.015700 0.018400
0 0.658900 0.821000 0.013000 0.030700
0 0.545000 0.752100 0.014000 0.022100
0 0.445600 0.315600 0.014000 0.019400
0 0.639000 0.480700 0.011200 0.026400
0 0.264500 0.439000 0.015900 0.019500
0 0.091500 0.033400 0.014300 0.020600
0 0.480000 0.084300 0.013900 0.021000
0 0.117300 0.353900 0.013100 0.020500
0 0.892200 0.633900 0.014500 0.023700
0 0.772300 0.772000 0.013400 0.020300
0 0.880100 0.889200 0.016300 0.022000
0 0.776300 0.128000 0.013700 0.022600
0 0.689700 0.056500 0.015500 0.017400
0 0.873400 0.421600 0.014800 0.020500
0 0.568600 0.542000 0.011700 0.024700
0 0.404600 0.294100 0.013100 0.020300
0 0.502000 0.466400 0.011800 0.027000
0 0.784600 0.509800 0.013100 0.024800
0 0.488700 0.394700 0.013500 0.021400
0 0.488800 0.415700 0.014400 0.019600
0 0.456800 0.146900 0.013700 0.024500
0 0.760800 0.553800 0.014100 0.018500
0 0.668600 0.727200 0.014400 0.027500
0 0.689300 0.339400 0.016100 0.020300
0 0.244000 0.884200 0.012400 0.027500
0 0.829300 0.847300 0.016100 0.020000
0 0.945400 0.441800 0.012600 0.023900
0 0.579300 0.727800 0.013800 0.022300
0 0.634500 0.308000 0.011100 0.028900
0 0.510800 0.678300 0.015200 0.020500
0 0.260200 0.596300 0.012600 0.024900
0 0.010400 0.034800 0.015400 0.018000
0 0.356200 0.220500 0.012100 0.025000
0 0.347700 0.865900 0.013200 0.027400
0 0.646000 0.444200 0.014900 0.019400
0 0.623000 0.766300 0.013100 0.025900
0 0.467900 0.740000 0.013600 0.024500
0 0.427400 0.465300 0.012700 0.020900
0 0.319100 0.176400 0.014600 0.019300
0 0.214200 0.148000 0.017800 0.018000
0 0.991700 0.397100 0.011600 0.023300
0 0.776900 0.715100 0.015900 0.020800
0 0.159800 0.197000 0.016300 0.017800
0 0.977700 0.293500 0.013000 0.021300
0 0.208400 0.243800 0.012000 0.028100
0 0.101800 0.085300 0.013700 0.020300
0 0.758300 0.614300 0.014700 0.020800
0 0.558000 0.616800 0.013500 0.025300
0 0.843400 0.373900 0.015900 0.019600
0 0.542200 0.464300 0.013200 0.022700
0 0.891500 0.809500 0.013400 0.025600
0 0.172100 0.610700 0.014800 0.018100
0 0.598300 0.341300 0.011300 0.022400
0 0.859500 0.166300 0.011500 0.029800
0 0.970300 0.542200 0.012400 0.029900
0 0.119700 0.614400 0.013700 0.018700
0 0.022600 0.677400 0.013600 0.024200
0 0.623700 0.169500 0.011100 0.033400
0 0.903800 0.434500 0.013900 0.018100
0 0.914100 0.726400 0.016200 0.020000
0 0.115200 0.709400 0.012800 0.023100
0 0.840800 0.446200 0.013800 0.021900
0 0.683800 0.811100 0.018100 0.022400
0 0.563500 0.284700 0.013000 0.019800
0 0.791400 0.558900 0.010300 0.030800
0 0.071900 0.616200 0.013100 0.020600
0 0.527500 0.028300 0.017300 0.019900
0 0.513700 0.810200 0.014400 0.021700
0 0.176100 0.290200 0.016600 0.020700
0 0.082400 0.596400 0.013000 0.022000
0 0.280100 0.510800 0.014200 0.022500
0 0.824000 0.172400 0.013200 0.025800
0 0.977700 0.059100 0.017700 0.021300
0 0.760000 0.733000 0.010400 0.033900
0 0.376500 0.546800 0.016100 0.019400
0 0.443300 0.738800 0.013900 0.020900
0 0.161100 0.335500 0.014800 0.019800
0 0.161200 0.490200 0.015100 0.019300
0 0.473400 0.522800 0.013700 0.024500
0 0.323500 0.481200 0.015900 0.020000
0 0.064800 0.864100 0.014800 0.020700
0 0.035500 0.018600 0.013400 0.024800
0 0.631600 0.047500 0.015200 0.022400
0 0.132200 0.606600 0.013900 0.017600
0 0.033800 0.606000 0.014600 0.019900
0 0.389800 0.561000 0.018200 0.017400
0 0.346100 0.202800 0.013600 0.022800
0 0.861500 0.190200 0.014400 0.023600
0 0.364100 0.583600 0.016400 0.019100
0 0.892500 0.602800 0.011900 0.029600
0 0.892300 0.021700 0.016500 0.024900
0 0.678400 0.285200 0.015300 0.020700
0 0.224100 0.758800 0.013300 0.021800
0 0.118500 0.877900 0.010800 0.028800
0 0.173400 0.147600 0.015500 0.018800
0 0.884000 0.332900 0.015800 0.019700
0 0.634700 0.560800 0.016000 0.021800
0 0.236000 0.339900 0.011100 0.030500
0 0.897000 0.223500 0.013800 0.020300
0 0.218100 0.960900 0.015000 0.021500
0 0.939200 0.881900 0.017500 0.025000
0 0.935400 0.618000 0.015300 0.023000
0 0.819600 0.536400 0.017200 0.019900
0 0.908000 0.947900 0.013900 0.026100
0 0.101200 0.777900 0.011500 0.023200
0 0.452000 0.165800 0.013700 0.023200
0 0.608400 0.340600 0.012200 0.021400
0 0.441100 0.223600 0.012900 0.024500
0 0.288600 0.977700 0.012200 0.027400
0 0.514800 0.368800 0.015100 0.018400
0 0.954600 0.338900 0.014500 0.021500
0 0.476800 0.476900 0.011900 0.027700
0 0.283200 0.652200 0.016600 0.019600
0 0.471600 0.207400 0.012000 0.026500
0 0.558700 0.635400 0.013400 0.026500
0 0.372300 0.289400 0.014000 0.018500
0 0.428300 0.372600 0.011100 0.032300
0 0.763200 0.652600 0.013800 0.020500
0 0.091406 0.127083 0.009375 0.034722
0 0.124609 0.925694 0.008594 0.018056
0 0.016797 0.972917 0.007031 0.029167
0 0.033203 0.820139 0.013281 0.026389
0 0.469531 0.862500 0.012500 0.025000
0 0.602734 0.943056 0.010156 0.022222
0 0.815625 0.597917 0.009375 0.029167
0 0.452734 0.526389 0.013281 0.022222
0 0.512891 0.525694 0.008594 0.026389
0 0.541406 0.633333 0.010937 0.036111
0 0.149609 0.397222 0.010156 0.019444
0 0.926172 0.943750 0.011719 0.029167
0 0.016797 0.404861 0.013281 0.023611
0 0.018750 0.414583 0.015625 0.023611
0 0.438281 0.024306 0.007812 0.026389
0 0.629297 0.459028 0.000781 0.004167
0 0.644531 0.656944 0.012500 0.025000
0 0.643359 0.180556 0.014844 0.022222
0 0.589453 0.107639 0.017969 0.018056
0 0.075391 0.470833 0.013281 0.019444
0 0.098828 0.041667 0.016406 0.022222
0 0.006250 0.013194 0.010937 0.023611
0 0.256250 0.011806 0.010937 0.023611
0 0.134766 0.067361 0.011719 0.031944
0 0.156641 0.075000 0.014844 0.025000
0 0.190234 0.182639 0.014844 0.026389
0 0.082422 0.387500 0.016406 0.022222
0 0.083203 0.954167 0.013281 0.019444
0 0.159375 0.979167 0.015625 0.022222
0 0.251563 0.840972 0.010937 0.031944
0 0.434375 0.644444 0.009375 0.033333
0 0.982813 0.625694 0.010937 0.031944
0 0.946094 0.087500 0.012500 0.025000
0 0.885156 0.054167 0.015625 0.022222
0 0.759766 0.277778 0.011719 0.036111
0 0.700000 0.417361 0.012500 0.026389
0 0.249219 0.181944 0.015625 0.030556
0 0.290234 0.124306 0.011719 0.029167
0 0.972266 0.642361 0.014844 0.020833
0 0.966797 0.640972 0.014844 0.029167
0 0.048047 0.854861 0.011719 0.020833
0 0.471094 0.486806 0.014062 0.020833
