0 0.959000 0.385000 0.016000 0.021000
0 0.975000 0.544000 0.016000 0.021000
0 0.931000 0.350000 0.016000 0.021000
0 0.933000 0.306000 0.016000 0.021000
0 0.922000 0.373000 0.016000 0.021000
0 0.919000 0.390000 0.016000 0.021000
0 0.966000 0.252000 0.016000 0.021000
0 0.972000 0.206000 0.016000 0.021000
0 0.964000 0.219000 0.016000 0.021000
0 0.961000 0.177000 0.016000 0.021000
0 0.950000 0.194000 0.016000 0.021000
0 0.928000 0.177000 0.016000 0.021000
0 0.945000 0.233000 0.016000 0.021000
0 0.950000 0.225000 0.016000 0.021000
0 0.933000 0.244000 0.016000 0.021000
0 0.941000 0.254000 0.016000 0.021000
0 0.889000 0.190000 0.016000 0.021000
0 0.923000 0.154000 0.016000 0.021000
0 0.917000 0.144000 0.016000 0.021000
0 0.922000 0.129000 0.016000 0.021000
0 0.964000 0.113000 0.016000 0.021000
0 0.952000 0.085000 0.016000 0.021000
0 0.948000 0.031000 0.016000 0.021000
0 0.917000 0.094000 0.016000 0.021000
0 0.898000 0.083000 0.016000 0.021000
0 0.834000 0.037000 0.016000 0.021000
0 0.805000 0.077000 0.016000 0.021000
0 0.806000 0.087000 0.016000 0.021000
0 0.820000 0.131000 0.016000 0.021000
0 0.863000 0.169000 0.016000 0.021000
0 0.869000 0.260000 0.016000 0.021000
0 0.891000 0.265000 0.016000 0.021000
0 0.847000 0.256000 0.016000 0.021000
0 0.875000 0.294000 0.016000 0.021000
0 0.867000 0.306000 0.016000 0.021000
0 0.873000 0.350000 0.016000 0.021000
0 0.767000 0.025000 0.016000 0.021000
0 0.733000 0.065000 0.016000 0.021000
0 0.761000 0.067000 0.016000 0.021000
0 0.764000 0.085000 0.016000 0.021000
0 0.736000 0.119000 0.016000 0.021000
0 0.730000 0.102000 0.016000 0.021000
0 0.688000 0.060000 0.016000 0.021000
0 0.697000 0.046000 0.016000 0.021000
0 0.677000 0.046000 0.016000 0.021000
0 0.656000 0.071000 0.016000 0.021000
0 0.652000 0.108000 0.016000 0.021000
0 0.631000 0.090000 0.016000 0.021000
0 0.620000 0.087000 0.016000 0.021000
0 0.614000 0.115000 0.016000 0.021000
0 0.589000 0.104000 0.016000 0.021000
0 0.542000 0.079000 0.016000 0.021000
0 0.602000 0.148000 0.016000 0.021000
0 0.625000 0.146000 0.016000 0.021000
0 0.620000 0.156000 0.016000 0.021000
0 0.584000 0.173000 0.016000 0.021000
0 0.572000 0.175000 0.016000 0.021000
0 0.709000 0.154000 0.016000 0.021000
0 0.720000 0.175000 0.016000 0.021000
0 0.489000 0.092000 0.016000 0.021000
0 0.473000 0.117000 0.016000 0.021000
0 0.413000 0.075000 0.016000 0.021000
0 0.419000 0.052000 0.016000 0.021000
0 0.441000 0.037000 0.016000 0.021000
0 0.502000 0.192000 0.016000 0.021000
0 0.492000 0.240000 0.016000 0.021000
0 0.453000 0.156000 0.016000 0.021000
0 0.444000 0.171000 0.016000 0.021000
0 0.419000 0.175000 0.016000 0.021000
0 0.409000 0.142000 0.016000 0.021000
0 0.373000 0.154000 0.016000 0.021000
0 0.358000 0.171000 0.016000 0.021000
0 0.375000 0.188000 0.016000 0.021000
0 0.322000 0.204000 0.016000 0.021000
0 0.358000 0.110000 0.016000 0.021000
0 0.364000 0.098000 0.016000 0.021000
0 0.316000 0.113000 0.016000 0.021000
0 0.305000 0.108000 0.016000 0.021000
0 0.298000 0.087000 0.016000 0.021000
0 0.300000 0.069000 0.016000 0.021000
0 0.334000 0.054000 0.016000 0.021000
0 0.311000 0.037000 0.016000 0.021000
0 0.278000 0.029000 0.016000 0.021000
0 0.286000 0.060000 0.016000 0.021000
0 0.280000 0.075000 0.016000 0.021000
0 0.236000 0.108000 0.016000 0.021000
0 0.223000 0.108000 0.016000 0.021000
0 0.205000 0.048000 0.016000 0.021000
0 0.209000 0.037000 0.016000 0.021000
0 0.169000 0.090000 0.016000 0.021000
0 0.152000 0.092000 0.016000 0.021000
0 0.114000 0.058000 0.016000 0.021000
0 0.172000 0.050000 0.016000 0.021000
0 0.103000 0.033000 0.016000 0.021000
0 0.083000 0.040000 0.016000 0.021000
0 0.056000 0.090000 0.016000 0.021000
0 0.047000 0.104000 0.016000 0.021000
0 0.059000 0.142000 0.016000 0.021000
0 0.059000 0.156000 0.016000 0.021000
0 0.094000 0.140000 0.016000 0.021000
0 0.191000 0.127000 0.016000 0.021000
0 0.202000 0.129000 0.016000 0.021000
0 0.208000 0.142000 0.016000 0.021000
0 0.228000 0.165000 0.016000 0.021000
0 0.217000 0.188000 0.016000 0.021000
0 0.209000 0.190000 0.016000 0.021000
0 0.227000 0.225000 0.016000 0.021000
0 0.211000 0.208000 0.016000 0.021000
0 0.184000 0.242000 0.016000 0.021000
0 0.159000 0.212000 0.016000 0.021000
0 0.053000 0.254000 0.016000 0.021000
0 0.028000 0.256000 0.016000 0.021000
0 0.052000 0.277000 0.016000 0.021000
0 0.072000 0.277000 0.016000 0.021000
0 0.048000 0.335000 0.016000 0.021000
0 0.056000 0.369000 0.016000 0.021000
0 0.105000 0.367000 0.016000 0.021000
0 0.102000 0.325000 0.016000 0.021000
0 0.161000 0.344000 0.016000 0.021000
0 0.144000 0.469000 0.016000 0.021000
0 0.113000 0.531000 0.016000 0.021000
0 0.113000 0.554000 0.016000 0.021000
0 0.098000 0.569000 0.016000 0.021000
0 0.069000 0.492000 0.016000 0.021000
0 0.036000 0.508000 0.016000 0.021000
0 0.067000 0.740000 0.016000 0.021000
0 0.100000 0.742000 0.016000 0.021000
0 0.119000 0.702000 0.016000 0.021000
0 0.178000 0.790000 0.016000 0.021000
0 0.127000 0.838000 0.016000 0.021000
0 0.056000 0.852000 0.016000 0.021000
0 0.039000 0.856000 0.016000 0.021000
0 0.088000 0.967000 0.016000 0.021000
0 0.058000 0.950000 0.016000 0.021000
0 0.153000 0.906000 0.016000 0.021000
0 0.222000 0.967000 0.016000 0.021000
0 0.263000 0.896000 0.016000 0.021000
0 0.356000 0.917000 0.016000 0.021000
0 0.356000 0.938000 0.016000 0.021000
0 0.270000 0.948000 0.016000 0.021000
0 0.441000 0.862000 0.016000 0.021000
0 0.539000 0.960000 0.016000 0.021000
0 0.531000 0.908000 0.016000 0.021000
0 0.572000 0.869000 0.016000 0.021000
0 0.580000 0.954000 0.016000 0.021000
0 0.589000 0.981000 0.016000 0.021000
0 0.670000 0.958000 0.016000 0.021000
0 0.641000 0.963000 0.016000 0.021000
0 0.606000 0.850000 0.016000 0.021000
0 0.619000 0.835000 0.016000 0.021000
0 0.630000 0.862000 0.016000 0.021000
0 0.644000 0.875000 0.016000 0.021000
0 0.666000 0.890000 0.016000 0.021000
0 0.709000 0.871000 0.016000 0.021000
0 0.694000 0.979000 0.016000 0.021000
0 0.680000 0.933000 0.016000 0.021000
0 0.744000 0.935000 0.016000 0.021000
0 0.769000 0.944000 0.016000 0.021000
0 0.797000 0.910000 0.016000 0.021000
0 0.814000 0.896000 0.016000 0.021000
0 0.805000 0.942000 0.016000 0.021000
0 0.828000 0.948000 0.016000 0.021000
0 0.869000 0.942000 0.016000 0.021000
0 0.867000 0.973000 0.016000 0.021000
0 0.950000 0.963000 0.016000 0.021000
0 0.922000 0.944000 0.016000 0.021000
0 0.914000 0.931000 0.016000 0.021000
0 0.916000 0.912000 0.016000 0.021000
0 0.944000 0.900000 0.016000 0.021000
0 0.963000 0.883000 0.016000 0.021000
0 0.956000 0.862000 0.016000 0.021000
0 0.928000 0.890000 0.016000 0.021000
0 0.914000 0.881000 0.016000 0.021000
0 0.922000 0.858000 0.016000 0.021000
0 0.894000 0.887000 0.016000 0.021000
0 0.891000 0.910000 0.016000 0.021000
0 0.880000 0.871000 0.016000 0.021000
0 0.886000 0.858000 0.016000 0.021000
0 0.906000 0.740000 0.016000 0.021000
0 0.914000 0.679000 0.016000 0.021000
0 0.897000 0.683000 0.016000 0.021000
0 0.922000 0.669000 0.016000 0.021000
0 0.981000 0.598000 0.016000 0.021000
0 0.934000 0.571000 0.016000 0.021000
0 0.922000 0.556000 0.016000 0.021000
0 0.881000 0.550000 0.016000 0.021000
0 0.870000 0.533000 0.016000 0.021000
0 0.920000 0.471000 0.016000 0.021000
0 0.877000 0.492000 0.016000 0.021000
0 0.852000 0.500000 0.016000 0.021000
0 0.845000 0.519000 0.016000 0.021000
0 0.861000 0.512000 0.016000 0.021000
0 0.822000 0.540000 0.016000 0.021000
0 0.833000 0.556000 0.016000 0.021000
0 0.836000 0.433000 0.016000 0.021000
0 0.847000 0.367000 0.016000 0.021000
0 0.867000 0.338000 0.016000 0.021000
0 0.886000 0.385000 0.016000 0.021000
0 0.864000 0.817000 0.016000 0.021000
0 0.852000 0.802000 0.016000 0.021000
0 0.870000 0.773000 0.016000 0.021000
0 0.848000 0.767000 0.016000 0.021000
0 0.844000 0.733000 0.016000 0.021000
0 0.866000 0.688000 0.016000 0.021000
0 0.828000 0.733000 0.016000 0.021000
0 0.831000 0.715000 0.016000 0.021000
0 0.809000 0.723000 0.016000 0.021000
0 0.814000 0.746000 0.016000 0.021000
0 0.803000 0.731000 0.016000 0.021000
0 0.795000 0.719000 0.016000 0.021000
0 0.784000 0.700000 0.016000 0.021000
0 0.764000 0.731000 0.016000 0.021000
0 0.702000 0.804000 0.016000 0.021000
0 0.781000 0.648000 0.016000 0.021000
0 0.781000 0.625000 0.016000 0.021000
0 0.783000 0.590000 0.016000 0.021000
0 0.769000 0.190000 0.016000 0.021000
0 0.822000 0.300000 0.016000 0.021000
0 0.838000 0.315000 0.016000 0.021000
0 0.808000 0.354000 0.016000 0.021000
0 0.805000 0.340000 0.016000 0.021000
0 0.788000 0.325000 0.016000 0.021000
0 0.780000 0.338000 0.016000 0.021000
0 0.720000 0.271000 0.016000 0.021000
0 0.664000 0.263000 0.016000 0.021000
0 0.664000 0.273000 0.016000 0.021000
0 0.669000 0.290000 0.016000 0.021000
0 0.678000 0.290000 0.016000 0.021000
0 0.795000 0.375000 0.016000 0.021000
0 0.725000 0.392000 0.016000 0.021000
0 0.709000 0.398000 0.016000 0.021000
0 0.733000 0.456000 0.016000 0.021000
0 0.756000 0.458000 0.016000 0.021000
0 0.727000 0.550000 0.016000 0.021000
0 0.741000 0.677000 0.016000 0.021000
0 0.678000 0.815000 0.016000 0.021000
0 0.630000 0.812000 0.016000 0.021000
0 0.652000 0.794000 0.016000 0.021000
0 0.642000 0.777000 0.016000 0.021000
0 0.650000 0.762000 0.016000 0.021000
0 0.663000 0.773000 0.016000 0.021000
0 0.653000 0.817000 0.016000 0.021000
0 0.666000 0.806000 0.016000 0.021000
0 0.681000 0.719000 0.016000 0.021000
0 0.669000 0.727000 0.016000 0.021000
0 0.591000 0.775000 0.016000 0.021000
0 0.556000 0.725000 0.016000 0.021000
0 0.595000 0.746000 0.016000 0.021000
0 0.642000 0.673000 0.016000 0.021000
0 0.698000 0.675000 0.016000 0.021000
0 0.706000 0.648000 0.016000 0.021000
0 0.716000 0.633000 0.016000 0.021000
0 0.691000 0.583000 0.016000 0.021000
0 0.675000 0.594000 0.016000 0.021000
0 0.673000 0.617000 0.016000 0.021000
0 0.480000 0.785000 0.016000 0.021000
0 0.483000 0.769000 0.016000 0.021000
0 0.473000 0.752000 0.016000 0.021000
0 0.256000 0.735000 0.016000 0.021000
0 0.216000 0.733000 0.016000 0.021000
0 0.206000 0.735000 0.016000 0.021000
0 0.180000 0.725000 0.016000 0.021000
0 0.125000 0.648000 0.016000 0.021000
0 0.148000 0.654000 0.016000 0.021000
0 0.167000 0.654000 0.016000 0.021000
0 0.180000 0.642000 0.016000 0.021000
0 0.217000 0.660000 0.016000 0.021000
0 0.203000 0.619000 0.016000 0.021000
0 0.242000 0.606000 0.016000 0.021000
0 0.303000 0.571000 0.016000 0.021000
0 0.300000 0.615000 0.016000 0.021000
0 0.320000 0.610000 0.016000 0.021000
0 0.327000 0.592000 0.016000 0.021000
0 0.373000 0.571000 0.016000 0.021000
0 0.547000 0.688000 0.016000 0.021000
0 0.539000 0.662000 0.016000 0.021000
0 0.548000 0.650000 0.016000 0.021000
0 0.517000 0.637000 0.016000 0.021000
0 0.480000 0.594000 0.016000 0.021000
0 0.700000 0.438000 0.016000 0.021000
0 0.689000 0.408000 0.016000 0.021000
0 0.663000 0.417000 0.016000 0.021000
0 0.653000 0.460000 0.016000 0.021000
0 0.642000 0.448000 0.016000 0.021000
0 0.638000 0.431000 0.016000 0.021000
0 0.628000 0.448000 0.016000 0.021000
0 0.556000 0.519000 0.016000 0.021000
0 0.556000 0.487000 0.016000 0.021000
0 0.552000 0.462000 0.016000 0.021000
0 0.514000 0.533000 0.016000 0.021000
0 0.511000 0.519000 0.016000 0.021000
0 0.498000 0.512000 0.016000 0.021000
0 0.483000 0.498000 0.016000 0.021000
0 0.481000 0.550000 0.016000 0.021000
0 0.473000 0.552000 0.016000 0.021000
0 0.431000 0.523000 0.016000 0.021000
0 0.392000 0.529000 0.016000 0.021000
0 0.369000 0.546000 0.016000 0.021000
0 0.356000 0.546000 0.016000 0.021000
0 0.356000 0.519000 0.016000 0.021000
0 0.344000 0.475000 0.016000 0.021000
0 0.211000 0.458000 0.016000 0.021000
0 0.261000 0.408000 0.016000 0.021000
0 0.270000 0.394000 0.016000 0.021000
0 0.266000 0.369000 0.016000 0.021000
0 0.252000 0.362000 0.016000 0.021000
0 0.233000 0.323000 0.016000 0.021000
0 0.312000 0.348000 0.016000 0.021000
0 0.320000 0.287000 0.016000 0.021000
0 0.353000 0.317000 0.016000 0.021000
0 0.373000 0.342000 0.016000 0.021000
0 0.375000 0.465000 0.016000 0.021000
0 0.389000 0.458000 0.016000 0.021000
0 0.406000 0.452000 0.016000 0.021000
0 0.425000 0.454000 0.016000 0.021000
0 0.450000 0.448000 0.016000 0.021000
0 0.420000 0.396000 0.016000 0.021000
0 0.444000 0.396000 0.016000 0.021000
0 0.455000 0.400000 0.016000 0.021000
0 0.469000 0.406000 0.016000 0.021000
0 0.477000 0.415000 0.016000 0.021000
0 0.455000 0.371000 0.016000 0.021000
0 0.486000 0.408000 0.016000 0.021000
0 0.503000 0.419000 0.016000 0.021000
0 0.517000 0.404000 0.016000 0.021000
0 0.514000 0.438000 0.016000 0.021000
0 0.542000 0.433000 0.016000 0.021000
0 0.572000 0.483000 0.016000 0.021000
0 0.573000 0.471000 0.016000 0.021000
0 0.573000 0.319000 0.016000 0.021000
0 0.525000 0.323000 0.016000 0.021000
0 0.470000 0.312000 0.016000 0.021000
0 0.466000 0.302000 0.016000 0.021000
0 0.453000 0.312000 0.016000 0.021000
0 0.456000 0.335000 0.016000 0.021000
0 0.416000 0.273000 0.016000 0.021000
0 0.431000 0.265000 0.016000 0.021000
0 0.431000 0.254000 0.016000 0.021000
0 0.472000 0.260000 0.016000 0.021000
0 0.625000 0.485000 0.016000 0.021000
0 0.689000 0.233000 0.016000 0.021000
0 0.677000 0.231000 0.016000 0.021000
0 0.264000 0.985000 0.016000 0.021000
0 0.283000 0.985000 0.016000 0.021000
0 0.842000 0.975000 0.016000 0.021000
0 0.014000 0.021000 0.016000 0.021000
0 0.328000 0.021000 0.016000 0.021000
0 0.681000 0.023000 0.016000 0.021000
0 0.611000 0.013000 0.016000 0.021000
0 0.461000 0.015000 0.016000 0.021000
0 0.988000 0.175000 0.016000 0.021000
0 0.989000 0.738000 0.016000 0.021000
0 0.917000 0.981000 0.016000 0.021000
0 0.008203 0.938194 0.016406 0.023611
0 0.004297 0.977083 0.008594 0.023611
0 0.005859 0.656944 0.011719 0.016667
0 0.009375 0.565972 0.009375 0.029167
0 0.004297 0.540278 0.008594 0.027778
0 0.005078 0.219444 0.010156 0.027778
0 0.232031 0.181250 0.007813 0.029167
0 0.111719 0.013889 0.010937 0.025000
0 0.097656 0.010417 0.017188 0.018056
0 0.754297 0.011806 0.016406 0.020833
0 0.752344 0.129861 0.012500 0.034722
0 0.519141 0.453472 0.013281 0.015278
0 0.009375 0.045833 0.007813 0.027778
0 0.829297 0.342361 0.011719 0.029167
0 0.721875 0.238889 0.010937 0.027778
0 0.960156 0.701389 0.015625 0.027778
0 0.769531 0.261111 0.010937 0.033333
0 0.025391 0.725000 0.013281 0.033333
0 0.818359 0.156944 0.013281 0.036111
0 0.596484 0.725000 0.010156 0.033333
0 0.984766 0.986806 0.017969 0.026389
0 0.064844 0.970139 0.015625 0.023611
0 0.614844 0.814583 0.012500 0.034722
0 0.029297 0.129861 0.010156 0.029167
0 0.131641 0.170833 0.008594 0.027778
0 0.102734 0.147222 0.010156 0.025000
0 0.132813 0.063889 0.014062 0.025000
0 0.125391 0.035417 0.008594 0.031944
0 0.181250 0.323611 0.010937 0.027778
0 0.165625 0.320139 0.010937 0.026389
0 0.151172 0.315278 0.008594 0.030556
0 0.077344 0.418750 0.010937 0.031944
0 0.005859 0.430556 0.011719 0.022222
0 0.033203 0.556944 0.010156 0.030556
0 0.183984 0.536111 0.010156 0.030556
0 0.217187 0.559722 0.014062 0.025000
0 0.243750 0.526389 0.012500 0.027778
0 0.297266 0.661111 0.011719 0.030556
0 0.348047 0.235417 0.010156 0.029167
0 0.291016 0.132639 0.011719 0.026389
0 0.165625 0.581250 0.012500 0.029167
0 0.151562 0.508333 0.012500 0.033333
0 0.162891 0.378472 0.010156 0.029167
0 0.175391 0.381250 0.016406 0.023611
0 0.230469 0.413889 0.014062 0.016667
0 0.210156 0.404167 0.017188 0.022222
0 0.248437 0.457639 0.012500 0.023611
0 0.255078 0.470833 0.010156 0.022222
0 0.314844 0.427778 0.009375 0.019444
0 0.306250 0.431944 0.012500 0.019444
0 0.299219 0.418750 0.010937 0.026389
0 0.278125 0.548611 0.010937 0.030556
0 0.133594 0.750694 0.015625 0.023611
0 0.217578 0.808333 0.017969 0.022222
0 0.233594 0.859028 0.012500 0.026389
0 0.248437 0.920139 0.010937 0.026389
0 0.196094 0.918750 0.014062 0.029167
0 0.226563 0.923611 0.012500 0.027778
0 0.069531 0.910417 0.014062 0.020833
0 0.076953 0.921528 0.011719 0.023611
0 0.088281 0.918056 0.014062 0.019444
0 0.099609 0.911806 0.013281 0.029167
0 0.378125 0.844444 0.010937 0.036111
0 0.400781 0.724306 0.009375 0.034722
0 0.412500 0.808333 0.012500 0.022222
0 0.431250 0.752778 0.012500 0.025000
0 0.448047 0.810417 0.013281 0.018056
0 0.441016 0.822917 0.013281 0.029167
0 0.448438 0.952778 0.017188 0.022222
0 0.458984 0.921528 0.011719 0.026389
0 0.464453 0.899306 0.016406 0.018056
0 0.540625 0.748611 0.014062 0.033333
0 0.563672 0.753472 0.013281 0.026389
0 0.554688 0.786111 0.017188 0.027778
0 0.519531 0.611111 0.010937 0.033333
0 0.546484 0.613194 0.016406 0.018056
0 0.543750 0.633333 0.012500 0.025000
0 0.494922 0.379861 0.013281 0.031944
0 0.643750 0.236806 0.009375 0.031944
0 0.584766 0.195833 0.011719 0.027778
0 0.615234 0.879861 0.011719 0.031944
0 0.764844 0.804861 0.010937 0.034722
0 0.775391 0.747222 0.008594 0.036111
0 0.809375 0.545833 0.010937 0.036111
0 0.785156 0.405556 0.012500 0.025000
0 0.694141 0.480556 0.011719 0.033333
0 0.860937 0.085417 0.012500 0.029167
0 0.873828 0.053472 0.011719 0.031944
0 0.983984 0.100694 0.011719 0.034722
0 0.935156 0.013889 0.014062 0.016667
0 0.903516 0.143750 0.014844 0.023611
0 0.933594 0.695833 0.009375 0.033333
0 0.903906 0.804167 0.010937 0.030556
0 0.916016 0.752083 0.011719 0.034722
0 0.714063 0.774306 0.010937 0.034722
0 0.753125 0.600000 0.010937 0.033333
0 0.738281 0.638194 0.012500 0.031944
0 0.753125 0.698611 0.012500 0.030556
0 0.643750 0.558333 0.009375 0.033333
0 0.606250 0.570139 0.010937 0.023611
0 0.608984 0.556944 0.013281 0.019444
0 0.597656 0.542361 0.009375 0.031944
0 0.592188 0.559028 0.012500 0.023611
0 0.420312 0.618056 0.012500 0.033333
0 0.425391 0.658333 0.016406 0.027778
0 0.351953 0.667361 0.010156 0.031944
0 0.364844 0.640972 0.010937 0.026389
0 0.371484 0.640972 0.013281 0.026389
0 0.377344 0.529861 0.009375 0.029167
0 0.407422 0.517361 0.013281 0.029167
0 0.347656 0.409028 0.015625 0.023611
0 0.352344 0.345833 0.012500 0.027778
0 0.731641 0.494444 0.010156 0.025000
0 0.801172 0.508333 0.010156 0.033333
0 0.806250 0.479861 0.010937 0.029167
0 0.868359 0.461111 0.016406 0.022222
0 0.716406 0.522222 0.009375 0.030556
0 0.567187 0.585417 0.012500 0.029167
0 0.657812 0.357639 0.017188 0.023611
0 0.567969 0.366667 0.015625 0.027778
0 0.537891 0.215278 0.013281 0.030556
0 0.534766 0.272917 0.011719 0.029167
0 0.536719 0.254167 0.018750 0.022222
0 0.600000 0.233333 0.018750 0.022222
0 0.603906 0.260417 0.012500 0.029167
0 0.789063 0.124306 0.010937 0.031944
0 0.838672 0.218056 0.008594 0.030556
0 0.887500 0.496528 0.012500 0.034722
0 0.635938 0.923611 0.012500 0.033333
0 0.689062 0.845139 0.014062 0.023611
0 0.717969 0.811111 0.009375 0.027778
0 0.453906 0.800000 0.014062 0.030556
0 0.429688 0.281944 0.010937 0.027778
0 0.933203 0.479167 0.010156 0.030556
0 0.021875 0.563889 0.007813 0.027778
0 0.020703 0.580556 0.010156 0.027778
0 0.764453 0.138889 0.011719 0.033333
0 0.060547 0.122917 0.011719 0.029167
0 0.047656 0.226389 0.009375 0.027778
0 0.039063 0.226389 0.010937 0.027778
0 0.494141 0.698611 0.011719 0.033333
0 0.435547 0.109722 0.016406 0.019444
0 0.429688 0.123611 0.010937 0.033333
0 0.934375 0.079861 0.012500 0.018056
0 0.937500 0.067361 0.014062 0.018056
0 0.981250 0.685417 0.010937 0.029167
0 0.292188 0.925000 0.009375 0.033333
0 0.101953 0.678472 0.014844 0.023611
0 0.100391 0.241667 0.011719 0.030556
0 0.021094 0.615278 0.009375 0.022222
0 0.025781 0.624306 0.014062 0.018056
0 0.968359 0.510417 0.010156 0.031944
0 0.637109 0.489583 0.016406 0.015278
0 0.653125 0.963889 0.014062 0.019444
