0 0.939000 0.117000 0.016000 0.021000
0 0.931000 0.129000 0.016000 0.021000
0 0.933000 0.100000 0.016000 0.021000
0 0.859000 0.092000 0.016000 0.021000
0 0.941000 0.160000 0.016000 0.021000
0 0.928000 0.173000 0.016000 0.021000
0 0.961000 0.265000 0.016000 0.021000
0 0.958000 0.310000 0.016000 0.021000
0 0.898000 0.290000 0.016000 0.021000
0 0.845000 0.283000 0.016000 0.021000
0 0.847000 0.221000 0.016000 0.021000
0 0.873000 0.196000 0.016000 0.021000
0 0.816000 0.167000 0.016000 0.021000
0 0.831000 0.154000 0.016000 0.021000
0 0.802000 0.152000 0.016000 0.021000
0 0.798000 0.121000 0.016000 0.021000
0 0.792000 0.165000 0.016000 0.021000
0 0.784000 0.169000 0.016000 0.021000
0 0.769000 0.152000 0.016000 0.021000
0 0.759000 0.131000 0.016000 0.021000
0 0.752000 0.104000 0.016000 0.021000
0 0.777000 0.046000 0.016000 0.021000
0 0.856000 0.304000 0.016000 0.021000
0 0.863000 0.329000 0.016000 0.021000
0 0.806000 0.312000 0.016000 0.021000
0 0.766000 0.267000 0.016000 0.021000
0 0.752000 0.300000 0.016000 0.021000
0 0.769000 0.344000 0.016000 0.021000
0 0.784000 0.331000 0.016000 0.021000
0 0.781000 0.356000 0.016000 0.021000
0 0.761000 0.402000 0.016000 0.021000
0 0.805000 0.394000 0.016000 0.021000
0 0.928000 0.348000 0.016000 0.021000
0 0.939000 0.348000 0.016000 0.021000
0 0.969000 0.350000 0.016000 0.021000
0 0.866000 0.377000 0.016000 0.021000
0 0.877000 0.419000 0.016000 0.021000
0 0.831000 0.460000 0.016000 0.021000
0 0.808000 0.460000 0.016000 0.021000
0 0.841000 0.435000 0.016000 0.021000
0 0.803000 0.485000 0.016000 0.021000
0 0.817000 0.512000 0.016000 0.021000
0 0.841000 0.525000 0.016000 0.021000
0 0.873000 0.535000 0.016000 0.021000
0 0.942000 0.425000 0.016000 0.021000
0 0.963000 0.392000 0.016000 0.021000
0 0.931000 0.552000 0.016000 0.021000
0 0.948000 0.600000 0.016000 0.021000
0 0.928000 0.581000 0.016000 0.021000
0 0.891000 0.692000 0.016000 0.021000
0 0.917000 0.744000 0.016000 0.021000
0 0.948000 0.781000 0.016000 0.021000
0 0.952000 0.858000 0.016000 0.021000
0 0.938000 0.892000 0.016000 0.021000
0 0.920000 0.906000 0.016000 0.021000
0 0.897000 0.825000 0.016000 0.021000
0 0.891000 0.717000 0.016000 0.021000
0 0.873000 0.704000 0.016000 0.021000
0 0.906000 0.592000 0.016000 0.021000
0 0.838000 0.558000 0.016000 0.021000
0 0.809000 0.554000 0.016000 0.021000
0 0.767000 0.502000 0.016000 0.021000
0 0.777000 0.452000 0.016000 0.021000
0 0.758000 0.531000 0.016000 0.021000
0 0.739000 0.506000 0.016000 0.021000
0 0.722000 0.521000 0.016000 0.021000
0 0.706000 0.523000 0.016000 0.021000
0 0.731000 0.552000 0.016000 0.021000
0 0.733000 0.535000 0.016000 0.021000
0 0.769000 0.615000 0.016000 0.021000
0 0.783000 0.608000 0.016000 0.021000
0 0.792000 0.594000 0.016000 0.021000
0 0.808000 0.590000 0.016000 0.021000
0 0.808000 0.640000 0.016000 0.021000
0 0.820000 0.644000 0.016000 0.021000
0 0.817000 0.623000 0.016000 0.021000
0 0.855000 0.617000 0.016000 0.021000
0 0.797000 0.708000 0.016000 0.021000
0 0.781000 0.708000 0.016000 0.021000
0 0.780000 0.683000 0.016000 0.021000
0 0.759000 0.688000 0.016000 0.021000
0 0.744000 0.688000 0.016000 0.021000
0 0.789000 0.756000 0.016000 0.021000
0 0.836000 0.744000 0.016000 0.021000
0 0.836000 0.767000 0.016000 0.021000
0 0.863000 0.760000 0.016000 0.021000
0 0.836000 0.881000 0.016000 0.021000
0 0.833000 0.865000 0.016000 0.021000
0 0.819000 0.858000 0.016000 0.021000
0 0.802000 0.856000 0.016000 0.021000
0 0.791000 0.865000 0.016000 0.021000
0 0.773000 0.858000 0.016000 0.021000
0 0.767000 0.840000 0.016000 0.021000
0 0.775000 0.885000 0.016000 0.021000
0 0.783000 0.906000 0.016000 0.021000
0 0.817000 0.892000 0.016000 0.021000
0 0.794000 0.933000 0.016000 0.021000
0 0.781000 0.919000 0.016000 0.021000
0 0.772000 0.933000 0.016000 0.021000
0 0.741000 0.948000 0.016000 0.021000
0 0.744000 0.919000 0.016000 0.021000
0 0.738000 0.883000 0.016000 0.021000
0 0.723000 0.904000 0.016000 0.021000
0 0.695000 0.938000 0.016000 0.021000
0 0.677000 0.910000 0.016000 0.021000
0 0.686000 0.887000 0.016000 0.021000
0 0.702000 0.862000 0.016000 0.021000
0 0.719000 0.838000 0.016000 0.021000
0 0.717000 0.825000 0.016000 0.021000
0 0.706000 0.831000 0.016000 0.021000
0 0.683000 0.800000 0.016000 0.021000
0 0.709000 0.756000 0.016000 0.021000
0 0.720000 0.729000 0.016000 0.021000
0 0.725000 0.708000 0.016000 0.021000
0 0.633000 0.781000 0.016000 0.021000
0 0.616000 0.777000 0.016000 0.021000
0 0.588000 0.731000 0.016000 0.021000
0 0.577000 0.738000 0.016000 0.021000
0 0.567000 0.794000 0.016000 0.021000
0 0.541000 0.829000 0.016000 0.021000
0 0.531000 0.829000 0.016000 0.021000
0 0.597000 0.856000 0.016000 0.021000
0 0.581000 0.875000 0.016000 0.021000
0 0.652000 0.910000 0.016000 0.021000
0 0.653000 0.898000 0.016000 0.021000
0 0.547000 0.925000 0.016000 0.021000
0 0.417000 0.904000 0.016000 0.021000
0 0.388000 0.902000 0.016000 0.021000
0 0.391000 0.862000 0.016000 0.021000
0 0.428000 0.785000 0.016000 0.021000
0 0.495000 0.773000 0.016000 0.021000
0 0.473000 0.783000 0.016000 0.021000
0 0.473000 0.754000 0.016000 0.021000
0 0.472000 0.725000 0.016000 0.021000
0 0.461000 0.708000 0.016000 0.021000
0 0.484000 0.719000 0.016000 0.021000
0 0.503000 0.688000 0.016000 0.021000
0 0.427000 0.744000 0.016000 0.021000
0 0.356000 0.838000 0.016000 0.021000
0 0.331000 0.852000 0.016000 0.021000
0 0.295000 0.827000 0.016000 0.021000
0 0.300000 0.760000 0.016000 0.021000
0 0.327000 0.769000 0.016000 0.021000
0 0.312000 0.750000 0.016000 0.021000
0 0.314000 0.723000 0.016000 0.021000
0 0.306000 0.877000 0.016000 0.021000
0 0.217000 0.963000 0.016000 0.021000
0 0.097000 0.948000 0.016000 0.021000
0 0.067000 0.862000 0.016000 0.021000
0 0.098000 0.846000 0.016000 0.021000
0 0.106000 0.821000 0.016000 0.021000
0 0.134000 0.808000 0.016000 0.021000
0 0.166000 0.819000 0.016000 0.021000
0 0.208000 0.838000 0.016000 0.021000
0 0.169000 0.769000 0.016000 0.021000
0 0.169000 0.744000 0.016000 0.021000
0 0.236000 0.723000 0.016000 0.021000
0 0.275000 0.708000 0.016000 0.021000
0 0.259000 0.692000 0.016000 0.021000
0 0.280000 0.677000 0.016000 0.021000
0 0.222000 0.708000 0.016000 0.021000
0 0.222000 0.692000 0.016000 0.021000
0 0.284000 0.556000 0.016000 0.021000
0 0.295000 0.500000 0.016000 0.021000
0 0.286000 0.485000 0.016000 0.021000
0 0.105000 0.765000 0.016000 0.021000
0 0.098000 0.812000 0.016000 0.021000
0 0.081000 0.831000 0.016000 0.021000
0 0.028000 0.769000 0.016000 0.021000
0 0.066000 0.777000 0.016000 0.021000
0 0.059000 0.731000 0.016000 0.021000
0 0.073000 0.690000 0.016000 0.021000
0 0.092000 0.685000 0.016000 0.021000
0 0.092000 0.648000 0.016000 0.021000
0 0.159000 0.556000 0.016000 0.021000
0 0.222000 0.575000 0.016000 0.021000
0 0.230000 0.548000 0.016000 0.021000
0 0.138000 0.533000 0.016000 0.021000
0 0.139000 0.519000 0.016000 0.021000
0 0.113000 0.540000 0.016000 0.021000
0 0.030000 0.540000 0.016000 0.021000
0 0.067000 0.425000 0.016000 0.021000
0 0.067000 0.465000 0.016000 0.021000
0 0.077000 0.471000 0.016000 0.021000
0 0.094000 0.460000 0.016000 0.021000
0 0.117000 0.419000 0.016000 0.021000
0 0.127000 0.440000 0.016000 0.021000
0 0.142000 0.454000 0.016000 0.021000
0 0.139000 0.425000 0.016000 0.021000
0 0.170000 0.456000 0.016000 0.021000
0 0.169000 0.446000 0.016000 0.021000
0 0.197000 0.419000 0.016000 0.021000
0 0.194000 0.496000 0.016000 0.021000
0 0.177000 0.525000 0.016000 0.021000
0 0.209000 0.442000 0.016000 0.021000
0 0.238000 0.448000 0.016000 0.021000
0 0.195000 0.396000 0.016000 0.021000
0 0.119000 0.350000 0.016000 0.021000
0 0.084000 0.362000 0.016000 0.021000
0 0.055000 0.300000 0.016000 0.021000
0 0.120000 0.285000 0.016000 0.021000
0 0.141000 0.302000 0.016000 0.021000
0 0.125000 0.265000 0.016000 0.021000
0 0.044000 0.152000 0.016000 0.021000
0 0.053000 0.110000 0.016000 0.021000
0 0.056000 0.127000 0.016000 0.021000
0 0.120000 0.146000 0.016000 0.021000
0 0.113000 0.110000 0.016000 0.021000
0 0.091000 0.073000 0.016000 0.021000
0 0.067000 0.058000 0.016000 0.021000
0 0.142000 0.058000 0.016000 0.021000
0 0.145000 0.094000 0.016000 0.021000
0 0.133000 0.102000 0.016000 0.021000
0 0.147000 0.115000 0.016000 0.021000
0 0.197000 0.148000 0.016000 0.021000
0 0.188000 0.121000 0.016000 0.021000
0 0.198000 0.115000 0.016000 0.021000
0 0.206000 0.096000 0.016000 0.021000
0 0.209000 0.058000 0.016000 0.021000
0 0.189000 0.054000 0.016000 0.021000
0 0.227000 0.204000 0.016000 0.021000
0 0.219000 0.163000 0.016000 0.021000
0 0.206000 0.240000 0.016000 0.021000
0 0.253000 0.315000 0.016000 0.021000
0 0.248000 0.333000 0.016000 0.021000
0 0.280000 0.302000 0.016000 0.021000
0 0.306000 0.290000 0.016000 0.021000
0 0.286000 0.227000 0.016000 0.021000
0 0.306000 0.183000 0.016000 0.021000
0 0.270000 0.183000 0.016000 0.021000
0 0.286000 0.173000 0.016000 0.021000
0 0.269000 0.160000 0.016000 0.021000
0 0.302000 0.125000 0.016000 0.021000
0 0.302000 0.113000 0.016000 0.021000
0 0.292000 0.087000 0.016000 0.021000
0 0.325000 0.040000 0.016000 0.021000
0 0.341000 0.146000 0.016000 0.021000
0 0.333000 0.185000 0.016000 0.021000
0 0.327000 0.212000 0.016000 0.021000
0 0.375000 0.267000 0.016000 0.021000
0 0.395000 0.300000 0.016000 0.021000
0 0.420000 0.250000 0.016000 0.021000
0 0.419000 0.177000 0.016000 0.021000
0 0.386000 0.163000 0.016000 0.021000
0 0.361000 0.144000 0.016000 0.021000
0 0.419000 0.075000 0.016000 0.021000
0 0.436000 0.110000 0.016000 0.021000
0 0.450000 0.075000 0.016000 0.021000
0 0.481000 0.102000 0.016000 0.021000
0 0.461000 0.160000 0.016000 0.021000
0 0.456000 0.204000 0.016000 0.021000
0 0.442000 0.265000 0.016000 0.021000
0 0.489000 0.196000 0.016000 0.021000
0 0.492000 0.173000 0.016000 0.021000
0 0.531000 0.138000 0.016000 0.021000
0 0.523000 0.225000 0.016000 0.021000
0 0.523000 0.240000 0.016000 0.021000
0 0.547000 0.225000 0.016000 0.021000
0 0.547000 0.206000 0.016000 0.021000
0 0.581000 0.144000 0.016000 0.021000
0 0.577000 0.121000 0.016000 0.021000
0 0.584000 0.085000 0.016000 0.021000
0 0.609000 0.133000 0.016000 0.021000
0 0.609000 0.156000 0.016000 0.021000
0 0.594000 0.183000 0.016000 0.021000
0 0.594000 0.233000 0.016000 0.021000
0 0.537000 0.256000 0.016000 0.021000
0 0.644000 0.173000 0.016000 0.021000
0 0.638000 0.098000 0.016000 0.021000
0 0.619000 0.069000 0.016000 0.021000
0 0.630000 0.035000 0.016000 0.021000
0 0.664000 0.104000 0.016000 0.021000
0 0.681000 0.090000 0.016000 0.021000
0 0.691000 0.065000 0.016000 0.021000
0 0.705000 0.092000 0.016000 0.021000
0 0.722000 0.090000 0.016000 0.021000
0 0.695000 0.119000 0.016000 0.021000
0 0.692000 0.144000 0.016000 0.021000
0 0.684000 0.177000 0.016000 0.021000
0 0.709000 0.190000 0.016000 0.021000
0 0.672000 0.163000 0.016000 0.021000
0 0.667000 0.237000 0.016000 0.021000
0 0.678000 0.269000 0.016000 0.021000
0 0.708000 0.319000 0.016000 0.021000
0 0.622000 0.358000 0.016000 0.021000
0 0.577000 0.388000 0.016000 0.021000
0 0.537000 0.394000 0.016000 0.021000
0 0.556000 0.423000 0.016000 0.021000
0 0.577000 0.425000 0.016000 0.021000
0 0.613000 0.410000 0.016000 0.021000
0 0.666000 0.385000 0.016000 0.021000
0 0.691000 0.419000 0.016000 0.021000
0 0.669000 0.438000 0.016000 0.021000
0 0.594000 0.473000 0.016000 0.021000
0 0.513000 0.440000 0.016000 0.021000
0 0.525000 0.419000 0.016000 0.021000
0 0.459000 0.388000 0.016000 0.021000
0 0.422000 0.375000 0.016000 0.021000
0 0.400000 0.365000 0.016000 0.021000
0 0.414000 0.335000 0.016000 0.021000
0 0.452000 0.325000 0.016000 0.021000
0 0.280000 0.352000 0.016000 0.021000
0 0.275000 0.377000 0.016000 0.021000
0 0.267000 0.438000 0.016000 0.021000
0 0.281000 0.444000 0.016000 0.021000
0 0.319000 0.442000 0.016000 0.021000
0 0.348000 0.419000 0.016000 0.021000
0 0.348000 0.444000 0.016000 0.021000
0 0.314000 0.473000 0.016000 0.021000
0 0.395000 0.492000 0.016000 0.021000
0 0.400000 0.442000 0.016000 0.021000
0 0.419000 0.465000 0.016000 0.021000
0 0.453000 0.423000 0.016000 0.021000
0 0.455000 0.477000 0.016000 0.021000
0 0.455000 0.498000 0.016000 0.021000
0 0.467000 0.527000 0.016000 0.021000
0 0.466000 0.544000 0.016000 0.021000
0 0.506000 0.521000 0.016000 0.021000
0 0.527000 0.512000 0.016000 0.021000
0 0.544000 0.494000 0.016000 0.021000
0 0.616000 0.487000 0.016000 0.021000
0 0.616000 0.502000 0.016000 0.021000
0 0.658000 0.517000 0.016000 0.021000
0 0.628000 0.567000 0.016000 0.021000
0 0.705000 0.621000 0.016000 0.021000
0 0.708000 0.646000 0.016000 0.021000
0 0.677000 0.662000 0.016000 0.021000
0 0.661000 0.673000 0.016000 0.021000
0 0.661000 0.665000 0.016000 0.021000
0 0.666000 0.642000 0.016000 0.021000
0 0.653000 0.640000 0.016000 0.021000
0 0.697000 0.692000 0.016000 0.021000
0 0.617000 0.660000 0.016000 0.021000
0 0.586000 0.658000 0.016000 0.021000
0 0.603000 0.631000 0.016000 0.021000
0 0.602000 0.594000 0.016000 0.021000
0 0.572000 0.615000 0.016000 0.021000
0 0.553000 0.606000 0.016000 0.021000
0 0.536000 0.594000 0.016000 0.021000
0 0.527000 0.544000 0.016000 0.021000
0 0.513000 0.581000 0.016000 0.021000
0 0.505000 0.575000 0.016000 0.021000
0 0.498000 0.592000 0.016000 0.021000
0 0.464000 0.581000 0.016000 0.021000
0 0.461000 0.629000 0.016000 0.021000
0 0.448000 0.629000 0.016000 0.021000
0 0.455000 0.660000 0.016000 0.021000
0 0.480000 0.648000 0.016000 0.021000
0 0.384000 0.679000 0.016000 0.021000
0 0.330000 0.685000 0.016000 0.021000
0 0.367000 0.590000 0.016000 0.021000
0 0.503000 0.956000 0.016000 0.021000
0 0.975000 0.227000 0.016000 0.021000
0 0.978000 0.210000 0.016000 0.021000
0 0.964000 0.188000 0.016000 0.021000
0 0.950000 0.206000 0.016000 0.021000
0 0.989000 0.146000 0.016000 0.021000
0 0.981000 0.312000 0.016000 0.021000
0 0.964000 0.554000 0.016000 0.021000
0 0.959000 0.573000 0.016000 0.021000
0 0.984000 0.590000 0.016000 0.021000
0 0.958000 0.615000 0.016000 0.021000
0 0.956000 0.631000 0.016000 0.021000
0 0.970000 0.692000 0.016000 0.021000
0 0.964000 0.725000 0.016000 0.021000
0 0.975000 0.817000 0.016000 0.021000
0 0.964000 0.796000 0.016000 0.021000
0 0.970000 0.958000 0.016000 0.021000
0 0.955000 0.965000 0.016000 0.021000
0 0.942000 0.963000 0.016000 0.021000
0 0.812000 0.977000 0.016000 0.021000
0 0.752000 0.971000 0.016000 0.021000
0 0.692000 0.960000 0.016000 0.021000
0 0.678000 0.969000 0.016000 0.021000
0 0.620000 0.967000 0.016000 0.021000
0 0.356000 0.963000 0.016000 0.021000
0 0.341000 0.973000 0.016000 0.021000
0 0.189000 0.971000 0.016000 0.021000
0 0.020000 0.975000 0.016000 0.021000
0 0.019000 0.758000 0.016000 0.021000
0 0.097000 0.710000 0.016000 0.021000
0 0.172000 0.710000 0.016000 0.021000
0 0.033000 0.240000 0.016000 0.021000
0 0.069000 0.148000 0.016000 0.021000
0 0.244000 0.037000 0.016000 0.021000
0 0.253000 0.150000 0.016000 0.021000
0 0.364000 0.035000 0.016000 0.021000
0 0.428000 0.035000 0.016000 0.021000
0 0.525000 0.048000 0.016000 0.021000
0 0.520000 0.108000 0.016000 0.021000
0 0.520000 0.138000 0.016000 0.021000
0 0.820000 0.142000 0.016000 0.021000
0 0.880000 0.033000 0.016000 0.021000
0 0.853000 0.035000 0.016000 0.021000
0 0.134000 0.392000 0.016000 0.021000
0 0.393359 0.263194 0.017969 0.031944
0 0.007813 0.938889 0.009375 0.030556
0 0.681641 0.018750 0.014844 0.026389
0 0.717578 0.012500 0.017969 0.019444
0 0.829297 0.022222 0.013281 0.036111
0 0.624609 0.986806 0.016406 0.026389
0 0.342578 0.730556 0.013281 0.038889
0 0.172266 0.654167 0.013281 0.033333
0 0.343359 0.315278 0.013281 0.030556
0 0.190625 0.261111 0.012500 0.027778
0 0.836328 0.693056 0.013281 0.033333
0 0.600000 0.699306 0.012500 0.034722
0 0.539844 0.622917 0.009375 0.037500
0 0.642578 0.740972 0.014844 0.043056
0 0.953906 0.982639 0.017188 0.023611
0 0.990234 0.730556 0.010156 0.030556
0 0.987109 0.697222 0.011719 0.030556
0 0.015625 0.341667 0.010937 0.033333
0 0.006250 0.357639 0.012500 0.026389
0 0.092969 0.871528 0.014062 0.037500
0 0.124219 0.608333 0.010937 0.038889
0 0.135937 0.657639 0.012500 0.037500
0 0.033984 0.113194 0.011719 0.040278
0 0.992578 0.500694 0.013281 0.043056
0 0.777344 0.410417 0.014062 0.031944
0 0.371094 0.888889 0.014062 0.038889
0 0.443359 0.545139 0.016406 0.034722
0 0.926953 0.700694 0.019531 0.026389
0 0.050000 0.838889 0.012500 0.036111
0 0.372266 0.453472 0.014844 0.037500
0 0.139453 0.472222 0.013281 0.036111
0 0.049219 0.443750 0.010937 0.037500
0 0.325000 0.063889 0.010937 0.047222
0 0.587891 0.927083 0.011719 0.037500
0 0.300781 0.222222 0.012500 0.041667
0 0.226953 0.254861 0.011719 0.034722
0 0.030469 0.436111 0.010937 0.033333
0 0.933984 0.452083 0.011719 0.026389
0 0.925000 0.438889 0.014062 0.016667
0 0.964063 0.502778 0.015625 0.022222
0 0.271094 0.956250 0.015625 0.034722
0 0.039063 0.804861 0.012500 0.040278
0 0.023047 0.661806 0.013281 0.031944
0 0.432813 0.407639 0.010937 0.031944
0 0.100000 0.438889 0.018750 0.027778
0 0.083594 0.536111 0.014062 0.033333
0 0.076953 0.899306 0.014844 0.026389
0 0.243750 0.981944 0.015625 0.025000
0 0.442969 0.981944 0.015625 0.025000
0 0.485156 0.812500 0.017188 0.019444
0 0.482422 0.824306 0.011719 0.026389
0 0.424219 0.627778 0.010937 0.033333
0 0.385938 0.611806 0.017188 0.029167
0 0.205469 0.524306 0.010937 0.034722
0 0.048437 0.331250 0.015625 0.031944
0 0.528906 0.638194 0.012500 0.031944
0 0.676562 0.459028 0.014062 0.020833
0 0.590234 0.364583 0.013281 0.031944
0 0.570313 0.304167 0.014062 0.033333
0 0.558594 0.243056 0.009375 0.033333
0 0.752344 0.386806 0.014062 0.031944
0 0.743750 0.274306 0.010937 0.029167
0 0.736328 0.258333 0.013281 0.033333
0 0.797656 0.277778 0.012500 0.038889
0 0.830078 0.318750 0.013281 0.029167
0 0.944922 0.484722 0.016406 0.027778
0 0.933594 0.809722 0.014062 0.033333
0 0.848047 0.880556 0.011719 0.030556
0 0.914063 0.176389 0.010937 0.033333
0 0.752734 0.663889 0.011719 0.033333
0 0.387109 0.820833 0.010156 0.022222
0 0.388281 0.793750 0.015625 0.040278
0 0.356250 0.211806 0.018750 0.018056
0 0.353906 0.227778 0.018750 0.022222
0 0.167969 0.155556 0.014062 0.036111
0 0.128906 0.766667 0.014062 0.030556
0 0.525000 0.938194 0.012500 0.034722
0 0.556250 0.748611 0.017188 0.027778
0 0.679688 0.236806 0.012500 0.020833
0 0.433594 0.287500 0.014062 0.025000
0 0.005469 0.327778 0.010937 0.019444
