0 0.976563 0.060417 0.020312 0.020833
0 0.930859 0.044444 0.013281 0.036111
0 0.712109 0.037500 0.019531 0.019444
0 0.732813 0.065972 0.010937 0.037500
0 0.716797 0.079167 0.016406 0.027778
0 0.727344 0.107639 0.017188 0.020833
0 0.732813 0.125694 0.010937 0.034722
0 0.782812 0.159028 0.015625 0.023611
0 0.807031 0.175694 0.017188 0.034722
0 0.708203 0.156250 0.021094 0.018056
0 0.741797 0.181944 0.016406 0.022222
0 0.650000 0.236111 0.017188 0.019444
0 0.629297 0.204861 0.021094 0.020833
0 0.606641 0.022222 0.016406 0.019444
0 0.583984 0.031944 0.013281 0.027778
0 0.578906 0.060417 0.012500 0.029167
0 0.643359 0.280556 0.014844 0.025000
0 0.578906 0.331250 0.015625 0.023611
0 0.699609 0.318750 0.013281 0.026389
0 0.695703 0.390278 0.014844 0.025000
0 0.754297 0.479861 0.013281 0.031944
0 0.820313 0.290278 0.010937 0.030556
0 0.815625 0.336111 0.014062 0.019444
0 0.802344 0.540972 0.017188 0.026389
0 0.709766 0.555556 0.013281 0.019444
0 0.971875 0.575000 0.012500 0.030556
0 0.955078 0.612500 0.014844 0.025000
0 0.978906 0.268750 0.012500 0.026389
0 0.957812 0.233333 0.014062 0.022222
0 0.936719 0.249306 0.014062 0.020833
0 0.936328 0.284028 0.011719 0.026389
0 0.891406 0.730556 0.014062 0.030556
0 0.874609 0.823611 0.013281 0.030556
0 0.925781 0.842361 0.015625 0.018056
0 0.957031 0.963889 0.018750 0.022222
0 0.868750 0.931944 0.015625 0.019444
0 0.808984 0.840278 0.019531 0.022222
0 0.728516 0.867361 0.013281 0.029167
0 0.753516 0.911111 0.016406 0.022222
0 0.677344 0.943056 0.017188 0.022222
0 0.709766 0.613889 0.019531 0.022222
0 0.666797 0.595833 0.019531 0.022222
0 0.612891 0.676389 0.019531 0.022222
0 0.619531 0.716667 0.018750 0.025000
0 0.485938 0.501389 0.012500 0.027778
0 0.478125 0.521528 0.015625 0.026389
0 0.554688 0.556250 0.015625 0.029167
0 0.529297 0.545833 0.016406 0.016667
0 0.510547 0.422917 0.016406 0.015278
0 0.518359 0.584722 0.017969 0.019444
0 0.512500 0.602778 0.018750 0.022222
0 0.515625 0.670833 0.018750 0.027778
0 0.531250 0.809028 0.017188 0.034722
0 0.449609 0.556944 0.014844 0.025000
0 0.487500 0.210417 0.020312 0.020833
0 0.418359 0.282639 0.017969 0.026389
0 0.359766 0.354167 0.017969 0.030556
0 0.369141 0.433333 0.014844 0.027778
0 0.412500 0.642361 0.014062 0.029167
0 0.409766 0.610417 0.014844 0.018056
0 0.392188 0.621528 0.014062 0.034722
0 0.384375 0.758333 0.012500 0.033333
0 0.378516 0.793056 0.011719 0.027778
0 0.453906 0.952778 0.018750 0.027778
0 0.368750 0.779167 0.012500 0.033333
0 0.362500 0.832639 0.014062 0.026389
0 0.343750 0.805556 0.015625 0.027778
0 0.342578 0.752778 0.014844 0.027778
0 0.327734 0.882639 0.010156 0.034722
0 0.282031 0.945833 0.017188 0.016667
0 0.279297 0.493056 0.016406 0.027778
0 0.358203 0.245833 0.013281 0.022222
0 0.305859 0.256250 0.017969 0.023611
0 0.257422 0.338889 0.014844 0.022222
0 0.231250 0.179861 0.015625 0.029167
0 0.241406 0.102083 0.012500 0.034722
0 0.200391 0.207639 0.014844 0.026389
0 0.251172 0.447917 0.011719 0.018056
0 0.198047 0.479861 0.013281 0.031944
0 0.143359 0.236111 0.016406 0.027778
0 0.166406 0.609028 0.010937 0.026389
0 0.216797 0.704861 0.013281 0.031944
0 0.211328 0.758333 0.017969 0.027778
0 0.191406 0.698611 0.009375 0.030556
0 0.139062 0.649306 0.012500 0.020833
0 0.146484 0.684028 0.010156 0.026389
0 0.140625 0.670833 0.012500 0.016667
0 0.161719 0.777778 0.017188 0.022222
0 0.124219 0.809028 0.017188 0.023611
0 0.202734 0.889583 0.017969 0.020833
0 0.171875 0.944444 0.015625 0.019444
0 0.070313 0.953472 0.015625 0.023611
0 0.047656 0.854167 0.015625 0.025000
0 0.050000 0.775694 0.017188 0.026389
0 0.034375 0.711806 0.014062 0.031944
0 0.047656 0.568750 0.010937 0.031944
0 0.029687 0.582639 0.010937 0.026389
0 0.067969 0.447222 0.014062 0.025000
0 0.167969 0.462500 0.014062 0.019444
0 0.066016 0.272917 0.011719 0.031944
0 0.048828 0.245833 0.013281 0.027778
0 0.076172 0.099306 0.011719 0.031944
0 0.065234 0.102778 0.016406 0.025000
0 0.014062 0.361111 0.014062 0.033333
0 0.006641 0.419444 0.013281 0.022222
0 0.006250 0.449306 0.010937 0.029167
0 0.019141 0.506944 0.013281 0.030556
0 0.004688 0.761806 0.009375 0.018056
0 0.954687 0.906250 0.015625 0.020833
0 0.801562 0.439583 0.014062 0.023611
0 0.710547 0.427083 0.013281 0.037500
0 0.762109 0.502083 0.010156 0.023611
0 0.271094 0.638194 0.010937 0.026389
