0 0.653516 0.232639 0.017969 0.020833
0 0.703125 0.313194 0.015625 0.034722
0 0.980078 0.059722 0.019531 0.025000
0 0.934766 0.041667 0.011719 0.030556
0 0.914063 0.118056 0.010937 0.033333
0 0.910937 0.194444 0.017188 0.027778
0 0.980078 0.268056 0.013281 0.030556
0 0.935938 0.280556 0.012500 0.025000
0 0.937109 0.250000 0.011719 0.019444
0 0.867969 0.240278 0.015625 0.019444
0 0.955078 0.610417 0.014844 0.020833
0 0.982031 0.715972 0.012500 0.031944
0 0.819531 0.288889 0.010937 0.033333
0 0.816406 0.336806 0.017188 0.020833
0 0.806641 0.234028 0.016406 0.026389
0 0.808594 0.171528 0.014062 0.026389
0 0.785156 0.156944 0.015625 0.022222
0 0.731641 0.060417 0.011719 0.029167
0 0.715625 0.037500 0.017188 0.019444
0 0.724609 0.105556 0.014844 0.019444
0 0.715625 0.072222 0.015625 0.025000
0 0.722266 0.313889 0.013281 0.033333
0 0.800000 0.436806 0.015625 0.020833
0 0.756641 0.483333 0.011719 0.027778
0 0.696484 0.390972 0.016406 0.029167
0 0.810547 0.538194 0.017969 0.018056
0 0.815625 0.588889 0.015625 0.022222
0 0.873828 0.818056 0.013281 0.027778
0 0.844531 0.847222 0.015625 0.025000
0 0.853125 0.779861 0.014062 0.029167
0 0.958203 0.964583 0.017969 0.020833
0 0.871484 0.927083 0.014844 0.023611
0 0.811719 0.836806 0.017188 0.018056
0 0.755859 0.909722 0.016406 0.019444
0 0.727344 0.866667 0.012500 0.030556
0 0.680078 0.944444 0.017969 0.025000
0 0.707422 0.646528 0.013281 0.026389
0 0.712891 0.613889 0.017969 0.022222
0 0.708203 0.553472 0.019531 0.018056
0 0.692187 0.583333 0.014062 0.033333
0 0.667969 0.593750 0.017188 0.020833
0 0.642578 0.673611 0.019531 0.027778
0 0.622656 0.716667 0.017188 0.019444
0 0.519531 0.581250 0.015625 0.020833
0 0.514844 0.604167 0.018750 0.025000
0 0.643359 0.279167 0.014844 0.030556
0 0.576953 0.328472 0.016406 0.020833
0 0.608984 0.022917 0.017969 0.029167
0 0.583594 0.025000 0.014062 0.025000
0 0.488281 0.209722 0.018750 0.019444
0 0.511719 0.422222 0.017188 0.025000
0 0.516016 0.669444 0.017969 0.019444
0 0.509766 0.714583 0.014844 0.020833
0 0.534375 0.814583 0.015625 0.034722
0 0.485547 0.502778 0.013281 0.027778
0 0.478516 0.521528 0.016406 0.026389
0 0.423047 0.463889 0.011719 0.036111
0 0.452734 0.560417 0.017969 0.031944
0 0.419531 0.282639 0.017188 0.026389
0 0.388281 0.356944 0.014062 0.027778
0 0.359375 0.352778 0.015625 0.025000
0 0.371875 0.436111 0.015625 0.027778
0 0.410156 0.647222 0.010937 0.030556
0 0.392969 0.621528 0.014062 0.026389
0 0.386719 0.762500 0.010937 0.030556
0 0.379297 0.789583 0.008594 0.023611
0 0.371094 0.777778 0.010937 0.025000
0 0.455078 0.954861 0.013281 0.020833
0 0.430469 0.944444 0.017188 0.025000
0 0.415625 0.925000 0.012500 0.030556
0 0.346484 0.752083 0.013281 0.020833
0 0.329297 0.880556 0.013281 0.030556
0 0.314453 0.823611 0.014844 0.027778
0 0.290625 0.567361 0.018750 0.018056
0 0.356641 0.247222 0.013281 0.025000
0 0.259375 0.339583 0.012500 0.023611
0 0.281250 0.495833 0.018750 0.025000
0 0.254297 0.633333 0.011719 0.033333
0 0.214844 0.704861 0.010937 0.029167
0 0.237109 0.804167 0.014844 0.019444
0 0.197656 0.750000 0.017188 0.019444
0 0.194141 0.700694 0.008594 0.031944
0 0.170312 0.611111 0.010937 0.033333
0 0.239453 0.922917 0.017969 0.029167
0 0.214844 0.958333 0.010937 0.027778
0 0.204688 0.890278 0.017188 0.022222
0 0.159766 0.780556 0.017969 0.019444
0 0.139453 0.650694 0.013281 0.018056
0 0.148047 0.683333 0.008594 0.027778
0 0.144141 0.670139 0.013281 0.023611
0 0.086328 0.803472 0.011719 0.037500
0 0.073437 0.956250 0.015625 0.031944
0 0.035156 0.929167 0.018750 0.016667
0 0.005078 0.845833 0.010156 0.027778
0 0.047266 0.572222 0.013281 0.036111
0 0.123828 0.392361 0.014844 0.031944
0 0.245703 0.214583 0.011719 0.034722
0 0.232812 0.181944 0.017188 0.027778
0 0.217969 0.214583 0.012500 0.034722
0 0.200781 0.209722 0.012500 0.030556
0 0.144922 0.236806 0.016406 0.031944
0 0.098438 0.306944 0.015625 0.027778
0 0.072266 0.362500 0.016406 0.030556
0 0.021484 0.512500 0.016406 0.033333
0 0.080469 0.100000 0.012500 0.025000
0 0.068750 0.102083 0.017188 0.023611
0 0.012109 0.359028 0.013281 0.031944
0 0.005859 0.419444 0.010156 0.022222
0 0.006250 0.452778 0.009375 0.027778
