0 0.830700 0.579900 0.017700 0.021500
0 0.857800 0.743200 0.013300 0.019400
0 0.383800 0.428800 0.015500 0.020200
0 0.129500 0.694100 0.013800 0.023900
0 0.818700 0.379500 0.016900 0.020800
0 0.671100 0.117500 0.016300 0.020300
0 0.207200 0.118500 0.014000 0.022300
0 0.116600 0.579800 0.012400 0.024000
0 0.942000 0.468100 0.015200 0.019100
0 0.092900 0.218800 0.016400 0.019400
0 0.455200 0.194100 0.013200 0.022500
0 0.779700 0.208600 0.016000 0.021900
0 0.742300 0.689600 0.016800 0.018900
0 0.354400 0.941900 0.017100 0.019400
0 0.291400 0.931800 0.014900 0.018300
0 0.933200 0.917300 0.014700 0.021600
0 0.817600 0.544800 0.015700 0.021700
0 0.282200 0.910300 0.015000 0.020500
0 0.055000 0.554300 0.015100 0.022500
0 0.004900 0.583900 0.009400 0.018200
0 0.992300 0.269600 0.010800 0.021900
0 0.509200 0.630900 0.016600 0.021100
0 0.841900 0.052500 0.015400 0.020500
0 0.329100 0.902800 0.017700 0.018600
0 0.482700 0.683600 0.016600 0.021800
0 0.146100 0.134300 0.014200 0.024200
0 0.583500 0.291100 0.016200 0.019900
0 0.930400 0.969000 0.015900 0.019400
0 0.379600 0.256600 0.014800 0.019800
0 0.420400 0.077800 0.014400 0.019500
0 0.809500 0.154900 0.016100 0.018600
0 0.655500 0.533900 0.014800 0.021300
0 0.359400 0.153600 0.014200 0.023900
0 0.070200 0.572600 0.015700 0.020400
0 0.542800 0.307000 0.017700 0.022500
0 0.704100 0.332300 0.015700 0.021800
0 0.914600 0.720900 0.016600 0.022700
0 0.006900 0.845500 0.015500 0.019700
0 0.332700 0.917900 0.018000 0.019300
0 0.065300 0.120100 0.015100 0.021200
0 0.659600 0.165700 0.015600 0.020300
0 0.697200 0.441400 0.016000 0.021800
0 0.507000 0.691100 0.016000 0.023500
0 0.480500 0.494500 0.012700 0.022300
0 0.230000 0.246500 0.014700 0.021800
0 0.066700 0.967400 0.017300 0.021300
0 0.670100 0.393500 0.015100 0.028300
0 0.059600 0.293400 0.015700 0.024100
0 0.303900 0.485000 0.015500 0.019200
0 0.172700 0.618800 0.014100 0.022200
0 0.907300 0.753200 0.014500 0.021800
0 0.380400 0.402600 0.015200 0.020800
0 0.659000 0.143800 0.014600 0.021200
0 0.636100 0.232900 0.015700 0.021400
0 0.242500 0.376700 0.014500 0.021300
0 0.359600 0.322200 0.016800 0.019500
0 0.048300 0.130700 0.015200 0.024100
0 0.033000 0.529400 0.016800 0.019600
0 0.146700 0.318100 0.016300 0.021100
0 0.181600 0.808800 0.015200 0.019800
0 0.208500 0.535000 0.013000 0.020700
0 0.678800 0.670600 0.015000 0.020000
0 0.304200 0.966900 0.015100 0.022300
0 0.232200 0.943300 0.015700 0.019500
0 0.480000 0.969700 0.015000 0.022500
0 0.333600 0.289900 0.016700 0.020000
0 0.619400 0.955500 0.016000 0.019600
0 0.359500 0.908500 0.018700 0.018300
0 0.728100 0.928800 0.017000 0.019400
0 0.757600 0.573600 0.015500 0.019300
0 0.452500 0.840600 0.015400 0.021400
0 0.658200 0.093300 0.016500 0.019300
0 0.759900 0.205800 0.015300 0.019900
0 0.732400 0.032400 0.013600 0.025100
0 0.451800 0.806600 0.014700 0.021600
0 0.708100 0.293600 0.014000 0.021600
0 0.594100 0.265900 0.016200 0.018800
0 0.043500 0.835100 0.017900 0.019500
0 0.544800 0.895100 0.015400 0.019800
0 0.563600 0.705100 0.014300 0.022000
0 0.021600 0.980700 0.017200 0.021600
0 0.528600 0.781800 0.014100 0.024300
0 0.944400 0.645700 0.016300 0.021300
0 0.589300 0.030500 0.016600 0.020700
0 0.080900 0.823500 0.015900 0.021200
0 0.842400 0.277300 0.015000 0.021100
0 0.794900 0.883500 0.015700 0.025300
0 0.153000 0.339500 0.014600 0.021300
0 0.585500 0.467000 0.013400 0.020200
0 0.623200 0.271800 0.013800 0.024900
0 0.103500 0.180800 0.013000 0.023600
0 0.064300 0.232900 0.015400 0.022300
0 0.785600 0.265800 0.015500 0.021900
0 0.480800 0.181000 0.014500 0.021700
0 0.351400 0.028300 0.015000 0.022200
0 0.270200 0.391000 0.012400 0.024500
0 0.702900 0.035200 0.015400 0.023300
0 0.931100 0.028400 0.013900 0.025500
0 0.391600 0.873400 0.016200 0.021100
0 0.670000 0.914400 0.015900 0.020700
0 0.314200 0.503100 0.015800 0.019900
0 0.118500 0.805500 0.012100 0.025800
0 0.595900 0.321400 0.016300 0.022200
0 0.539600 0.516900 0.014800 0.022700
0 0.295000 0.267900 0.014400 0.020600
0 0.693100 0.218300 0.018000 0.021600
0 0.842800 0.853400 0.014200 0.024500
0 0.942200 0.193300 0.015100 0.024900
0 0.564700 0.293300 0.011700 0.031100
0 0.308700 0.539400 0.015400 0.020800
0 0.679500 0.740400 0.014400 0.024500
0 0.852400 0.342100 0.013400 0.028100
0 0.133600 0.248100 0.015200 0.022900
0 0.330000 0.698100 0.016900 0.020600
0 0.026800 0.905300 0.018300 0.021200
0 0.435800 0.827600 0.014900 0.024400
0 0.342200 0.172800 0.016200 0.019100
0 0.814300 0.245700 0.016000 0.021000
0 0.195500 0.168400 0.012600 0.022600
0 0.377800 0.285200 0.015500 0.020300
0 0.597500 0.836100 0.019300 0.019700
0 0.518300 0.131000 0.013900 0.022300
0 0.018800 0.818800 0.019100 0.020200
0 0.156500 0.693900 0.012800 0.026700
0 0.723400 0.181900 0.017300 0.021100
0 0.144000 0.910400 0.015100 0.023200
0 0.041100 0.882500 0.014900 0.024200
0 0.757100 0.695700 0.013200 0.025300
0 0.059100 0.565100 0.014800 0.020500
0 0.722700 0.392100 0.014500 0.022000
0 0.839700 0.232500 0.014600 0.022200
0 0.081900 0.503200 0.015500 0.022600
0 0.247700 0.231000 0.015200 0.020700
0 0.015700 0.597000 0.015000 0.023400
0 0.402900 0.906000 0.019500 0.017700
0 0.401400 0.389900 0.014400 0.022700
0 0.245900 0.607200 0.014100 0.020700
0 0.198300 0.192900 0.014500 0.020900
0 0.627200 0.918400 0.014700 0.018400
0 0.440800 0.458500 0.013900 0.020100
0 0.741600 0.358700 0.012600 0.021500
0 0.340600 0.493400 0.012000 0.024900
0 0.103600 0.640800 0.012600 0.027700
0 0.197000 0.635900 0.013600 0.022700
0 0.829800 0.208500 0.014400 0.025900
0 0.697700 0.458000 0.015900 0.021100
0 0.339900 0.355600 0.014300 0.022000
0 0.164200 0.739600 0.015000 0.024800
0 0.821000 0.728200 0.011900 0.028200
0 0.464300 0.716400 0.016100 0.022100
0 0.044700 0.794800 0.018000 0.018000
0 0.179700 0.203200 0.014300 0.022300
0 0.426900 0.952300 0.018100 0.018600
0 0.285900 0.318200 0.015700 0.021000
0 0.923200 0.878400 0.015500 0.022100
0 0.908400 0.623100 0.017800 0.020800
0 0.829600 0.460500 0.014600 0.022400
0 0.091500 0.641000 0.013400 0.028300
0 0.420600 0.348400 0.015900 0.022600
0 0.715000 0.564400 0.015400 0.020500
0 0.610000 0.248400 0.016800 0.017600
0 0.609600 0.647300 0.017700 0.022900
0 0.430100 0.646600 0.012100 0.032100
0 0.107100 0.140300 0.013700 0.025800
0 0.957200 0.067600 0.014000 0.020900
0 0.741000 0.216000 0.014900 0.025300
0 0.191500 0.509100 0.011900 0.023300
0 0.272900 0.107400 0.014200 0.020600
0 0.061100 0.523400 0.016000 0.020500
0 0.108200 0.464400 0.014100 0.021000
0 0.133500 0.283500 0.013700 0.025200
0 0.091900 0.336400 0.015100 0.022300
0 0.096700 0.852200 0.016500 0.021500
0 0.740200 0.603800 0.010800 0.025900
0 0.294600 0.948000 0.015300 0.019900
0 0.096800 0.435100 0.012700 0.025600
0 0.118000 0.490700 0.011700 0.025100
0 0.491100 0.259200 0.012400 0.024100
0 0.585800 0.621100 0.016600 0.022700
0 0.204600 0.788900 0.016100 0.021200
0 0.657200 0.116500 0.012500 0.024800
0 0.319800 0.789600 0.014800 0.024800
0 0.196500 0.834500 0.013200 0.030000
0 0.586300 0.892800 0.015400 0.024600
0 0.797400 0.741000 0.014300 0.020400
0 0.933600 0.789400 0.017100 0.021500
0 0.078000 0.020300 0.012100 0.031500
0 0.610200 0.264100 0.016400 0.018900
0 0.083400 0.468500 0.015400 0.019400
0 0.895900 0.960200 0.015200 0.023600
0 0.809400 0.765900 0.017200 0.018900
0 0.252100 0.606100 0.014100 0.019900
0 0.317300 0.573800 0.016000 0.019900
0 0.447400 0.164300 0.013500 0.023500
0 0.186400 0.246000 0.014900 0.022500
0 0.089200 0.285300 0.016500 0.023400
0 0.533600 0.828500 0.012500 0.031200
0 0.309300 0.372100 0.011000 0.030600
0 0.716900 0.198100 0.018200 0.021000
0 0.018200 0.808300 0.020000 0.019800
0 0.464100 0.043200 0.009300 0.034000
0 0.915900 0.238900 0.016500 0.021600
0 0.868600 0.515600 0.013800 0.025200
0 0.653300 0.422800 0.013100 0.026600
0 0.405800 0.060400 0.015000 0.020800
0 0.406900 0.888900 0.017700 0.019900
0 0.909200 0.777600 0.013100 0.026200
0 0.941700 0.352900 0.011800 0.025300
0 0.243900 0.628500 0.013300 0.023500
0 0.542700 0.263900 0.015100 0.023100
0 0.792900 0.332800 0.014900 0.021100
0 0.068700 0.763800 0.016400 0.022100
0 0.938900 0.985600 0.013800 0.021600
0 0.469900 0.577000 0.016500 0.026500
0 0.015300 0.373300 0.013900 0.023900
0 0.477800 0.641400 0.016000 0.022600
0 0.957700 0.178400 0.012400 0.031100
0 0.176200 0.964400 0.015500 0.022500
0 0.431600 0.471200 0.014500 0.020300
0 0.806700 0.615700 0.017500 0.021700
0 0.026800 0.846600 0.017200 0.019300
0 0.938600 0.535000 0.018400 0.020900
0 0.129000 0.873600 0.015500 0.023700
0 0.079300 0.123300 0.014200 0.021800
0 0.518100 0.088900 0.014500 0.021500
0 0.874000 0.896700 0.016200 0.020300
0 0.403200 0.572500 0.018900 0.022200
0 0.789900 0.723500 0.015400 0.020000
0 0.618200 0.936000 0.015700 0.019300
0 0.493600 0.660200 0.017500 0.022700
0 0.203700 0.764400 0.014600 0.023500
0 0.974000 0.943500 0.016700 0.021100
0 0.098200 0.165600 0.016000 0.018800
0 0.097600 0.338500 0.014900 0.022100
0 0.894000 0.623400 0.016500 0.022000
0 0.314700 0.651700 0.015400 0.020200
0 0.218900 0.617200 0.011300 0.030500
0 0.951500 0.944400 0.013600 0.021500
0 0.597700 0.477100 0.010800 0.027500
0 0.882900 0.486000 0.013200 0.028000
0 0.343900 0.835900 0.016300 0.021700
0 0.484200 0.982500 0.013400 0.023400
0 0.903600 0.651800 0.013600 0.024400
0 0.250700 0.702400 0.015600 0.020900
0 0.284200 0.411400 0.013100 0.019900
0 0.992400 0.953000 0.009700 0.024200
0 0.018900 0.524300 0.017300 0.019400
0 0.196900 0.535000 0.010000 0.025600
0 0.183000 0.066300 0.010100 0.037100
0 0.984000 0.236200 0.015100 0.021100
0 0.226800 0.735300 0.014200 0.027900
0 0.884200 0.578600 0.018400 0.022000
0 0.513700 0.772900 0.012800 0.028700
0 0.570800 0.632700 0.012600 0.030100
0 0.511100 0.073400 0.013800 0.019300
0 0.273800 0.119100 0.014700 0.020200
0 0.559800 0.938900 0.016100 0.021500
0 0.454300 0.688900 0.015000 0.024900
0 0.956900 0.660800 0.014600 0.025300
0 0.930300 0.951300 0.017500 0.020500
0 0.065600 0.781000 0.017100 0.018800
0 0.678100 0.577100 0.013300 0.028000
0 0.588600 0.714400 0.011500 0.026200
0 0.438400 0.196400 0.012000 0.026600
0 0.611500 0.855000 0.017600 0.022300
0 0.070100 0.273600 0.014300 0.023400
0 0.474100 0.166400 0.015200 0.022100
0 0.292900 0.398000 0.012400 0.025400
0 0.850900 0.768600 0.013300 0.019900
0 0.551100 0.973600 0.013300 0.024400
0 0.883300 0.394000 0.011400 0.034200
0 0.052900 0.336300 0.015000 0.025500
0 0.351000 0.898100 0.016600 0.021300
0 0.795500 0.321000 0.013400 0.022500
0 0.977900 0.818600 0.014600 0.029000
0 0.861200 0.028100 0.015400 0.019200
0 0.989600 0.203300 0.010000 0.035800
0 0.458500 0.489200 0.013000 0.020400
0 0.386200 0.802900 0.012500 0.026300
0 0.123200 0.296600 0.016000 0.021300
0 0.360000 0.964400 0.017300 0.020400
0 0.248200 0.848500 0.012900 0.024900
0 0.596000 0.365900 0.011200 0.037100
0 0.129700 0.823100 0.011600 0.028000
0 0.165625 0.168750 0.007813 0.018056
0 0.379687 0.661806 0.012500 0.015278
0 0.289063 0.611111 0.009375 0.019444
0 0.712891 0.070139 0.007031 0.023611
0 0.461719 0.912500 0.017188 0.013889
0 0.039844 0.447222 0.010937 0.033333
0 0.185156 0.389583 0.010937 0.026389
0 0.470313 0.451389 0.009375 0.025000
0 0.337500 0.733333 0.015625 0.025000
0 0.233594 0.886806 0.014062 0.029167
0 0.778906 0.664583 0.012500 0.026389
0 0.262500 0.897917 0.012500 0.029167
0 0.382812 0.590278 0.015625 0.022222
0 0.050781 0.210417 0.017188 0.015278
0 0.037500 0.210417 0.009375 0.029167
0 0.987500 0.758333 0.017188 0.025000
0 0.940625 0.720833 0.017188 0.022222
0 0.860937 0.611806 0.020312 0.020833
0 0.723437 0.449306 0.014062 0.020833
0 0.730469 0.364583 0.015625 0.018056
0 0.459375 0.110417 0.009375 0.031944
0 0.378125 0.013194 0.015625 0.018056
0 0.261719 0.013194 0.017188 0.018056
0 0.150781 0.015278 0.017188 0.022222
0 0.286719 0.347917 0.010937 0.029167
0 0.426562 0.201389 0.009375 0.033333
0 0.338281 0.186806 0.014062 0.018056
0 0.375000 0.221528 0.009375 0.029167
0 0.935938 0.398611 0.017188 0.022222
0 0.027344 0.733333 0.014062 0.025000
0 0.029687 0.743750 0.018750 0.018056
0 0.574219 0.720833 0.015625 0.025000
0 0.675000 0.688889 0.014062 0.022222
