0 0.106200 0.466000 0.015800 0.019600
0 0.857500 0.743000 0.014600 0.019400
0 0.579800 0.917900 0.016100 0.018800
0 0.068600 0.968600 0.015400 0.019800
0 0.819000 0.541400 0.015900 0.022100
0 0.718600 0.906000 0.017000 0.021800
0 0.830300 0.579400 0.018900 0.021900
0 0.931300 0.097700 0.017400 0.020700
0 0.407300 0.222300 0.015200 0.020500
0 0.942500 0.397000 0.017100 0.020100
0 0.670600 0.607100 0.012700 0.020300
0 0.666900 0.559000 0.014000 0.022500
0 0.671400 0.117300 0.015700 0.021100
0 0.528000 0.920700 0.014100 0.022700
0 0.932000 0.718400 0.017800 0.019200
0 0.918800 0.592600 0.017100 0.018400
0 0.343600 0.168700 0.014800 0.020100
0 0.582600 0.870900 0.015000 0.021800
0 0.779200 0.604500 0.017900 0.020000
0 0.657100 0.091400 0.016400 0.019000
0 0.704500 0.491600 0.016500 0.019900
0 0.640000 0.266600 0.013700 0.024800
0 0.830600 0.557900 0.016800 0.023300
0 0.918600 0.083700 0.018900 0.020900
0 0.659700 0.165900 0.016000 0.020600
0 0.509300 0.629800 0.016800 0.021900
0 0.056300 0.333600 0.013300 0.024300
0 0.304700 0.966800 0.015800 0.022600
0 0.464700 0.716800 0.017000 0.021800
0 0.234400 0.091600 0.014500 0.020300
0 0.234500 0.942900 0.015900 0.019200
0 0.779500 0.360200 0.015700 0.021100
0 0.354400 0.942000 0.017100 0.021200
0 0.878000 0.730300 0.018000 0.021300
0 0.782400 0.205000 0.016400 0.021500
0 0.108900 0.440200 0.013600 0.023600
0 0.609400 0.645600 0.016000 0.018800
0 0.371600 0.068400 0.013900 0.022200
0 0.095200 0.789700 0.016400 0.021000
0 0.635500 0.232100 0.016300 0.020500
0 0.055900 0.443700 0.014400 0.022600
0 0.019100 0.529000 0.017300 0.019100
0 0.957500 0.357700 0.015500 0.025900
0 0.331900 0.919200 0.017100 0.020800
0 0.703700 0.332200 0.015900 0.023100
0 0.227600 0.243200 0.015600 0.020600
0 0.917300 0.233900 0.017500 0.020900
0 0.992400 0.269800 0.010800 0.021500
0 0.359100 0.322100 0.017100 0.020100
0 0.064500 0.233200 0.014600 0.022200
0 0.063800 0.293700 0.015000 0.023400
0 0.459200 0.884400 0.015300 0.019900
0 0.918700 0.953700 0.016300 0.022700
0 0.384300 0.657700 0.016900 0.018300
0 0.502600 0.090800 0.015300 0.018900
0 0.131400 0.370800 0.014500 0.022600
0 0.389800 0.821100 0.016600 0.021700
0 0.333400 0.896600 0.017200 0.021000
0 0.483100 0.685100 0.016100 0.018600
0 0.242500 0.376600 0.015900 0.020800
0 0.618800 0.953600 0.016600 0.020500
0 0.915600 0.721200 0.016500 0.019400
0 0.759400 0.154300 0.015400 0.019700
0 0.818400 0.243900 0.015600 0.020900
0 0.117500 0.855500 0.013300 0.026900
0 0.578700 0.717400 0.015900 0.023200
0 0.945900 0.645400 0.017900 0.020600
0 0.655200 0.534300 0.013100 0.022800
0 0.406400 0.869100 0.015000 0.020400
0 0.242000 0.926800 0.016000 0.021100
0 0.428500 0.467800 0.016200 0.018800
0 0.008000 0.843300 0.016800 0.019700
0 0.308200 0.716100 0.014500 0.022400
0 0.958200 0.272300 0.012600 0.024300
0 0.702700 0.216200 0.016900 0.020800
0 0.033800 0.529800 0.016700 0.019000
0 0.792100 0.658500 0.016800 0.023300
0 0.083700 0.980400 0.013800 0.019700
0 0.843500 0.051900 0.015100 0.020200
0 0.526800 0.082400 0.015100 0.020700
0 0.109900 0.317100 0.016700 0.019100
0 0.356500 0.272700 0.015800 0.020500
0 0.808300 0.794900 0.012300 0.025600
0 0.681500 0.608000 0.013300 0.020700
0 0.728800 0.928800 0.016600 0.019800
0 0.208300 0.534800 0.013500 0.022100
0 0.714500 0.041300 0.015200 0.020200
0 0.069300 0.767300 0.017800 0.021600
0 0.386000 0.434200 0.017200 0.023000
0 0.282200 0.910500 0.015800 0.021800
0 0.614400 0.855500 0.016400 0.021700
0 0.064500 0.518600 0.016700 0.020900
0 0.393400 0.871200 0.015800 0.021800
0 0.291700 0.611200 0.016500 0.020000
0 0.404400 0.385400 0.015300 0.021800
0 0.468300 0.681000 0.015100 0.020400
0 0.031300 0.947700 0.016100 0.021000
0 0.091700 0.641600 0.013800 0.027000
0 0.021500 0.156400 0.016000 0.022700
0 0.142000 0.134900 0.016700 0.023100
0 0.456100 0.679000 0.014300 0.025700
0 0.158700 0.691700 0.013400 0.026400
0 0.132400 0.246600 0.014800 0.022900
0 0.340100 0.355100 0.014700 0.021500
0 0.878800 0.193700 0.014200 0.018600
0 0.865000 0.407400 0.015100 0.023600
0 0.120500 0.018100 0.015000 0.023300
0 0.080600 0.823400 0.016600 0.021600
0 0.164800 0.739800 0.015400 0.023300
0 0.702100 0.034400 0.014300 0.022700
0 0.497700 0.942300 0.016300 0.023000
0 0.055900 0.554000 0.015900 0.023000
0 0.753900 0.640100 0.014600 0.024500
0 0.516000 0.771600 0.013700 0.026600
0 0.292800 0.265200 0.016100 0.022600
0 0.480800 0.180700 0.015800 0.020900
0 0.320000 0.972000 0.017000 0.021100
0 0.343000 0.391300 0.014400 0.026300
0 0.018600 0.818300 0.018700 0.021500
0 0.279100 0.829100 0.011500 0.029500
0 0.033500 0.740900 0.017700 0.022700
0 0.822300 0.228200 0.016400 0.021000
0 0.123100 0.094900 0.014200 0.020100
0 0.867700 0.785100 0.016500 0.020400
0 0.679300 0.740400 0.014600 0.024900
0 0.102500 0.654200 0.015500 0.024500
0 0.227100 0.181200 0.016100 0.020800
0 0.430900 0.573200 0.017100 0.021700
0 0.381700 0.398400 0.016800 0.021300
0 0.428200 0.708300 0.013500 0.026300
0 0.146200 0.234000 0.014300 0.021800
0 0.834900 0.972500 0.020600 0.021400
0 0.332600 0.566200 0.014600 0.022000
0 0.026500 0.904900 0.016700 0.022500
0 0.210400 0.306900 0.012600 0.022000
0 0.210100 0.781100 0.015500 0.020800
0 0.528800 0.053700 0.011200 0.025400
0 0.288900 0.369900 0.015000 0.022000
0 0.069300 0.572500 0.015400 0.023200
0 0.032500 0.144000 0.013800 0.024300
0 0.133000 0.822000 0.013200 0.028700
0 0.583600 0.559200 0.014400 0.021500
0 0.507000 0.184200 0.015100 0.024800
0 0.722400 0.402500 0.015900 0.019500
0 0.077100 0.019300 0.013600 0.027600
0 0.535700 0.466100 0.015100 0.023700
0 0.697500 0.457700 0.016300 0.019300
0 0.186300 0.704900 0.013500 0.024300
0 0.758800 0.702900 0.013500 0.022000
0 0.833100 0.205600 0.012900 0.029400
0 0.159300 0.028700 0.014900 0.022200
0 0.108600 0.068000 0.013600 0.020300
0 0.241400 0.217700 0.016300 0.022300
0 0.205400 0.434200 0.010400 0.031600
0 0.930800 0.969400 0.016400 0.020500
0 0.480100 0.896300 0.014000 0.024800
0 0.491200 0.760200 0.016800 0.023300
0 0.095700 0.295200 0.015900 0.018600
0 0.542500 0.264000 0.014600 0.022800
0 0.039100 0.831300 0.016900 0.022400
0 0.589500 0.656000 0.015700 0.018000
0 0.442600 0.595800 0.015700 0.022600
0 0.452700 0.934300 0.015100 0.021400
0 0.026800 0.846000 0.017500 0.020000
0 0.485900 0.966300 0.015700 0.025400
0 0.640500 0.489700 0.011500 0.025000
0 0.053300 0.213700 0.015200 0.022400
0 0.007500 0.753100 0.014500 0.026200
0 0.902900 0.888800 0.017400 0.020200
0 0.548400 0.764700 0.014400 0.025100
0 0.607800 0.659400 0.014600 0.018300
0 0.771900 0.563900 0.015200 0.021700
0 0.128400 0.078600 0.013400 0.020000
0 0.618200 0.216100 0.015600 0.024100
0 0.442300 0.458500 0.014300 0.018700
0 0.642200 0.057600 0.011900 0.027300
0 0.363800 0.030500 0.014400 0.022400
0 0.258900 0.542700 0.012300 0.028400
0 0.202800 0.546100 0.012300 0.026000
0 0.503200 0.310300 0.015300 0.021400
0 0.193300 0.897400 0.013000 0.030100
0 0.243100 0.797600 0.012600 0.028600
0 0.316900 0.573700 0.015600 0.020700
0 0.309400 0.371800 0.011100 0.028700
0 0.330000 0.485200 0.013900 0.022000
0 0.586100 0.621500 0.017100 0.020400
0 0.793500 0.239500 0.017600 0.019500
0 0.896900 0.503600 0.011200 0.031800
0 0.891500 0.897500 0.017500 0.020300
0 0.338900 0.693600 0.016500 0.020000
0 0.828200 0.852100 0.015100 0.025400
0 0.295800 0.333200 0.011600 0.030300
0 0.973300 0.721600 0.012200 0.029600
0 0.377200 0.286100 0.016300 0.021100
0 0.894300 0.622500 0.017000 0.022000
0 0.509100 0.644700 0.017100 0.022300
0 0.973500 0.946000 0.018300 0.020300
0 0.167300 0.152600 0.012400 0.023600
0 0.494800 0.021400 0.012800 0.028800
0 0.354600 0.027400 0.014900 0.023200
0 0.366200 0.239100 0.014200 0.022800
0 0.736100 0.305400 0.014200 0.023600
0 0.338500 0.732200 0.016600 0.021500
0 0.402900 0.572000 0.018700 0.021800
0 0.428900 0.591600 0.017100 0.021400
0 0.313500 0.503100 0.015800 0.021300
0 0.138900 0.968200 0.013900 0.021700
0 0.830300 0.295100 0.013800 0.024600
0 0.393900 0.294100 0.011700 0.026700
0 0.372400 0.081500 0.011800 0.023200
0 0.882500 0.489500 0.012600 0.029300
0 0.791300 0.261000 0.016900 0.020900
0 0.590400 0.029500 0.015300 0.021400
0 0.682500 0.234300 0.012000 0.031100
0 0.909100 0.626800 0.019400 0.020300
0 0.541100 0.884000 0.013700 0.026800
0 0.607900 0.247500 0.016500 0.020500
0 0.920100 0.395800 0.017900 0.016400
0 0.984400 0.610600 0.018400 0.020000
0 0.865000 0.611000 0.019200 0.018700
0 0.559500 0.336100 0.015000 0.023500
0 0.454100 0.971200 0.013800 0.027500
0 0.610300 0.264700 0.014400 0.020800
0 0.145200 0.852800 0.014200 0.022700
0 0.106900 0.477900 0.016500 0.018900
0 0.601000 0.833700 0.018300 0.021000
0 0.938700 0.534600 0.019000 0.021800
0 0.129000 0.873200 0.014300 0.023500
0 0.036000 0.066100 0.013700 0.031200
0 0.719900 0.122800 0.010200 0.033500
0 0.256500 0.476300 0.013800 0.022700
0 0.590800 0.557900 0.014900 0.020000
0 0.148400 0.014800 0.015100 0.021100
0 0.178800 0.963700 0.016600 0.021500
0 0.043500 0.440600 0.010800 0.035300
0 0.517900 0.310900 0.014900 0.021000
0 0.291000 0.015300 0.016000 0.025100
0 0.118800 0.065400 0.014400 0.019400
0 0.648200 0.885100 0.015300 0.022700
0 0.310800 0.414200 0.014300 0.020400
0 0.769100 0.557100 0.015100 0.022200
0 0.435700 0.269000 0.016400 0.019500
0 0.165100 0.171200 0.011700 0.029500
0 0.185500 0.067900 0.010400 0.036400
0 0.935700 0.747200 0.018300 0.018000
0 0.752600 0.689400 0.015400 0.022100
0 0.163800 0.557600 0.014300 0.026000
0 0.286100 0.317700 0.015900 0.021900
0 0.465200 0.913600 0.015700 0.021300
0 0.730700 0.363500 0.014300 0.020900
0 0.143800 0.421000 0.014000 0.022000
0 0.474000 0.166800 0.017400 0.020100
0 0.904900 0.605100 0.017200 0.017900
0 0.182400 0.161100 0.013500 0.023600
0 0.594000 0.022200 0.013600 0.024900
0 0.214300 0.254400 0.013300 0.023100
0 0.439100 0.983500 0.014700 0.023900
0 0.044300 0.223400 0.016800 0.021800
0 0.936000 0.427500 0.016100 0.020700
0 0.639600 0.102500 0.016100 0.021900
0 0.711500 0.621400 0.015400 0.020700
0 0.548900 0.692100 0.016600 0.018900
0 0.249200 0.702700 0.015500 0.019800
0 0.842900 0.273800 0.014800 0.022300
0 0.469100 0.040400 0.009200 0.035000
0 0.679900 0.686200 0.014000 0.019400
0 0.223300 0.045300 0.017300 0.020000
0 0.991800 0.959200 0.010600 0.030000
0 0.523700 0.452700 0.013800 0.025600
0 0.174100 0.235900 0.013800 0.025200
0 0.088700 0.280300 0.017400 0.020600
0 0.134600 0.685300 0.013600 0.029200
0 0.151000 0.410000 0.014100 0.019900
0 0.432200 0.826600 0.016400 0.023500
0 0.850900 0.768500 0.013200 0.021800
0 0.019500 0.809000 0.020300 0.020900
0 0.596900 0.478400 0.011700 0.029300
0 0.191600 0.476800 0.010100 0.030600
0 0.363600 0.911200 0.017100 0.020500
0 0.848100 0.607600 0.018400 0.019700
0 0.342700 0.589100 0.016100 0.021500
0 0.420100 0.351300 0.015900 0.023200
0 0.222100 0.565000 0.011000 0.033000
0 0.174300 0.618600 0.013300 0.025800
0 0.210500 0.889800 0.014300 0.024900
0 0.484900 0.835800 0.019100 0.015800
0 0.973100 0.152900 0.011500 0.033700
0 0.873900 0.896200 0.018800 0.019700
0 0.339900 0.186100 0.013400 0.021300
0 0.590700 0.886000 0.015800 0.022300
0 0.498000 0.698600 0.015400 0.021100
0 0.369141 0.547917 0.010156 0.029167
0 0.465234 0.503472 0.011719 0.018056
0 0.587500 0.311806 0.009375 0.029167
0 0.263672 0.742361 0.010156 0.020833
0 0.948438 0.923611 0.009375 0.022222
0 0.989062 0.804167 0.012500 0.025000
0 0.937500 0.775694 0.017188 0.018056
0 0.986719 0.643056 0.009375 0.019444
0 0.073437 0.262500 0.015625 0.025000
0 0.004297 0.597222 0.008594 0.022222
0 0.520312 0.986806 0.017188 0.018056
0 0.557813 0.988889 0.017188 0.022222
0 0.123438 0.686111 0.009375 0.033333
0 0.087500 0.387500 0.012500 0.022222
0 0.097656 0.338889 0.010937 0.025000
0 0.086719 0.334722 0.014062 0.025000
0 0.470313 0.451389 0.009375 0.025000
0 0.414062 0.134028 0.012500 0.029167
0 0.425000 0.127083 0.012500 0.029167
0 0.456250 0.097917 0.012500 0.029167
0 0.725000 0.172222 0.014062 0.025000
0 0.714063 0.183333 0.010937 0.025000
0 0.721094 0.197222 0.012500 0.025000
0 0.727344 0.200694 0.015625 0.018056
0 0.946094 0.112500 0.012500 0.036111
0 0.932031 0.950694 0.015625 0.018056
0 0.943750 0.968056 0.017188 0.025000
0 0.329688 0.929167 0.012500 0.022222
0 0.232812 0.885417 0.012500 0.029167
0 0.203125 0.134722 0.009375 0.033333
0 0.435156 0.487500 0.010937 0.022222
0 0.453906 0.668750 0.017188 0.020833
0 0.378906 0.974306 0.014062 0.018056
0 0.395312 0.975000 0.015625 0.025000
0 0.188281 0.802778 0.014062 0.022222
0 0.111719 0.762500 0.014062 0.022222
0 0.015625 0.592361 0.012500 0.029167
0 0.020312 0.600000 0.012500 0.027778
0 0.572656 0.250694 0.012500 0.026389
0 0.736719 0.326389 0.009375 0.025000
0 0.598437 0.261111 0.014062 0.025000
0 0.723437 0.451389 0.014062 0.022222
0 0.710156 0.435417 0.015625 0.026389
0 0.700000 0.445833 0.014062 0.025000
0 0.862500 0.024306 0.018750 0.020833
