0 0.992969 0.107639 0.012500 0.020833
0 0.841406 0.112500 0.018750 0.030556
0 0.932813 0.145139 0.014062 0.034722
0 0.906250 0.132639 0.014062 0.023611
0 0.864062 0.136111 0.007813 0.033333
0 0.973047 0.223611 0.013281 0.022222
0 0.960156 0.208333 0.014062 0.022222
0 0.943750 0.211111 0.015625 0.022222
0 0.948438 0.293750 0.018750 0.026389
0 0.966406 0.366667 0.015625 0.027778
0 0.977344 0.411111 0.014062 0.027778
0 0.963281 0.409028 0.015625 0.023611
0 0.988672 0.472222 0.014844 0.025000
0 0.956641 0.475694 0.014844 0.026389
0 0.947656 0.486806 0.012500 0.029167
0 0.932813 0.508333 0.017188 0.027778
0 0.931250 0.415278 0.014062 0.030556
0 0.899609 0.395833 0.016406 0.025000
0 0.917969 0.429861 0.015625 0.020833
0 0.925000 0.444444 0.012500 0.019444
0 0.931641 0.568750 0.014844 0.029167
0 0.923828 0.588889 0.017969 0.022222
0 0.969531 0.767361 0.015625 0.034722
0 0.987891 0.852083 0.011719 0.029167
0 0.985937 0.903472 0.015625 0.026389
0 0.990625 0.963889 0.012500 0.027778
0 0.945703 0.784028 0.016406 0.023611
0 0.950000 0.802083 0.014062 0.020833
0 0.923437 0.852083 0.015625 0.026389
0 0.909375 0.889583 0.015625 0.023611
0 0.902734 0.936806 0.013281 0.031944
0 0.886328 0.865972 0.016406 0.026389
0 0.865234 0.865278 0.014844 0.027778
0 0.877734 0.918056 0.013281 0.033333
0 0.864062 0.938889 0.017188 0.027778
0 0.866016 0.972222 0.013281 0.025000
0 0.895703 0.768750 0.016406 0.037500
0 0.905469 0.661111 0.015625 0.030556
0 0.898047 0.683333 0.017969 0.025000
0 0.867578 0.784028 0.016406 0.023611
0 0.854297 0.759028 0.011719 0.026389
0 0.842578 0.777083 0.016406 0.023611
0 0.883203 0.600000 0.016406 0.025000
0 0.872266 0.623611 0.014844 0.033333
0 0.867188 0.585417 0.012500 0.029167
0 0.879297 0.497917 0.013281 0.029167
0 0.888672 0.373611 0.014844 0.027778
0 0.871094 0.240972 0.012500 0.018056
0 0.872266 0.256944 0.014844 0.025000
0 0.842188 0.255556 0.012500 0.025000
0 0.835938 0.275694 0.014062 0.023611
0 0.864844 0.331250 0.015625 0.031944
0 0.833203 0.347917 0.014844 0.018056
0 0.860937 0.363194 0.012500 0.026389
0 0.867188 0.402778 0.012500 0.025000
0 0.857422 0.436111 0.013281 0.027778
0 0.831641 0.421528 0.013281 0.031944
0 0.794141 0.377778 0.016406 0.030556
0 0.778516 0.437500 0.014844 0.033333
0 0.792188 0.493750 0.015625 0.029167
0 0.794531 0.450694 0.010937 0.018056
0 0.843750 0.556250 0.014062 0.037500
0 0.859766 0.659028 0.011719 0.026389
0 0.842578 0.605556 0.013281 0.027778
0 0.821094 0.625694 0.014062 0.031944
0 0.810547 0.574306 0.016406 0.029167
0 0.749609 0.453472 0.017969 0.023611
0 0.787500 0.645833 0.015625 0.027778
0 0.783203 0.665972 0.014844 0.023611
0 0.753516 0.663889 0.016406 0.022222
0 0.726953 0.687500 0.017969 0.030556
0 0.715234 0.643056 0.014844 0.030556
0 0.698828 0.625000 0.014844 0.033333
0 0.821875 0.813194 0.014062 0.031944
0 0.808984 0.861806 0.017969 0.029167
0 0.790625 0.841667 0.015625 0.025000
0 0.825391 0.920833 0.014844 0.033333
0 0.796484 0.900000 0.016406 0.033333
0 0.760938 0.938889 0.012500 0.025000
0 0.705859 0.855556 0.013281 0.022222
0 0.694531 0.850694 0.010937 0.018056
0 0.689844 0.841667 0.010937 0.030556
0 0.686328 0.765972 0.014844 0.037500
0 0.679297 0.852083 0.010156 0.026389
0 0.705469 0.977778 0.014062 0.025000
0 0.829687 0.209722 0.012500 0.030556
0 0.816797 0.189583 0.013281 0.023611
0 0.840234 0.073611 0.016406 0.022222
0 0.801562 0.084028 0.017188 0.023611
0 0.791406 0.136111 0.017188 0.027778
0 0.755469 0.122917 0.015625 0.031944
0 0.708984 0.022222 0.016406 0.025000
0 0.682422 0.051389 0.014844 0.025000
0 0.716797 0.145833 0.017969 0.022222
0 0.706641 0.105556 0.011719 0.030556
0 0.687500 0.112500 0.012500 0.030556
0 0.676172 0.095139 0.014844 0.023611
0 0.631641 0.034722 0.016406 0.030556
0 0.755469 0.191667 0.018750 0.016667
0 0.772266 0.250000 0.014844 0.025000
0 0.753906 0.234028 0.010937 0.026389
0 0.748438 0.250694 0.015625 0.026389
0 0.733203 0.338889 0.017969 0.022222
0 0.713672 0.338194 0.014844 0.023611
0 0.720703 0.273611 0.010156 0.027778
0 0.711719 0.257639 0.012500 0.023611
0 0.710156 0.281944 0.012500 0.022222
0 0.680078 0.481944 0.014844 0.025000
0 0.663672 0.489583 0.011719 0.029167
0 0.675000 0.452778 0.015625 0.022222
0 0.642187 0.451389 0.012500 0.022222
0 0.639844 0.420139 0.014062 0.020833
0 0.641797 0.368750 0.016406 0.031944
0 0.606250 0.343056 0.015625 0.025000
0 0.666016 0.254167 0.016406 0.027778
0 0.620703 0.264583 0.013281 0.026389
0 0.619141 0.286111 0.016406 0.022222
0 0.606250 0.274306 0.010937 0.029167
0 0.601172 0.254167 0.016406 0.022222
0 0.623438 0.154861 0.015625 0.029167
0 0.612891 0.166667 0.014844 0.033333
0 0.596484 0.151389 0.016406 0.027778
0 0.571484 0.256944 0.013281 0.025000
0 0.568750 0.070833 0.018750 0.022222
0 0.553906 0.111111 0.015625 0.030556
0 0.539844 0.158333 0.018750 0.022222
0 0.533984 0.095139 0.017969 0.020833
0 0.516797 0.100000 0.010156 0.030556
0 0.583984 0.182639 0.017969 0.029167
0 0.567969 0.195833 0.017188 0.027778
0 0.555078 0.210417 0.014844 0.031944
0 0.569531 0.357639 0.015625 0.026389
0 0.636328 0.527778 0.014844 0.025000
0 0.616406 0.556944 0.015625 0.019444
0 0.603125 0.563194 0.015625 0.026389
0 0.598828 0.633333 0.016406 0.025000
0 0.564453 0.518750 0.017969 0.037500
0 0.531250 0.354861 0.014062 0.031944
0 0.528516 0.298611 0.014844 0.022222
0 0.522266 0.313889 0.011719 0.033333
0 0.508594 0.227778 0.015625 0.030556
0 0.485547 0.215278 0.013281 0.025000
0 0.471484 0.104167 0.013281 0.033333
0 0.436328 0.021528 0.013281 0.026389
0 0.426953 0.070139 0.016406 0.026389
0 0.401563 0.073611 0.015625 0.030556
0 0.390234 0.088889 0.017969 0.025000
0 0.420312 0.148611 0.014062 0.033333
0 0.407031 0.129861 0.014062 0.031944
0 0.388281 0.134722 0.017188 0.033333
0 0.363281 0.161111 0.014062 0.030556
0 0.362891 0.200000 0.014844 0.025000
0 0.343750 0.125694 0.014062 0.034722
0 0.371484 0.057639 0.016406 0.023611
0 0.359375 0.038889 0.015625 0.033333
0 0.458203 0.227083 0.016406 0.023611
0 0.424609 0.227083 0.016406 0.023611
0 0.442578 0.273611 0.013281 0.030556
0 0.431641 0.322917 0.016406 0.029167
0 0.519922 0.513889 0.016406 0.027778
0 0.418359 0.408333 0.016406 0.022222
0 0.380859 0.293750 0.014844 0.031944
0 0.342969 0.238889 0.015625 0.025000
0 0.369141 0.318750 0.014844 0.023611
0 0.423828 0.450000 0.014844 0.019444
0 0.415625 0.480556 0.015625 0.030556
0 0.607813 0.694444 0.014062 0.025000
0 0.538281 0.615972 0.015625 0.026389
0 0.604688 0.706944 0.015625 0.025000
0 0.607422 0.744444 0.014844 0.025000
0 0.626953 0.821528 0.011719 0.034722
0 0.634375 0.890972 0.015625 0.026389
0 0.597266 0.863889 0.011719 0.022222
0 0.613281 0.879861 0.014062 0.020833
0 0.604297 0.952083 0.013281 0.026389
0 0.537500 0.738889 0.014062 0.027778
0 0.515234 0.713889 0.011719 0.027778
0 0.507031 0.711111 0.017188 0.022222
0 0.503125 0.615972 0.015625 0.023611
0 0.462109 0.638889 0.017969 0.025000
0 0.422656 0.589583 0.017188 0.026389
0 0.419922 0.560417 0.017969 0.020833
0 0.525391 0.777083 0.013281 0.029167
0 0.506250 0.834722 0.014062 0.025000
0 0.494922 0.848611 0.017969 0.019444
0 0.537500 0.865278 0.014062 0.027778
0 0.525391 0.882639 0.014844 0.023611
0 0.501562 0.872917 0.017188 0.020833
0 0.477734 0.858333 0.014844 0.027778
0 0.437891 0.804167 0.014844 0.025000
0 0.410547 0.798611 0.014844 0.022222
0 0.432031 0.833333 0.012500 0.025000
0 0.424219 0.888889 0.012500 0.025000
0 0.421484 0.861111 0.014844 0.022222
0 0.402344 0.840972 0.014062 0.026389
0 0.392969 0.809028 0.014062 0.034722
0 0.395312 0.760417 0.014062 0.020833
0 0.400391 0.720833 0.013281 0.027778
0 0.432813 0.929167 0.012500 0.025000
0 0.452734 0.984722 0.017969 0.019444
0 0.643750 0.986111 0.017188 0.019444
0 0.373047 0.584722 0.013281 0.025000
0 0.376172 0.645139 0.014844 0.026389
0 0.360938 0.627778 0.010937 0.027778
0 0.342578 0.614583 0.011719 0.029167
0 0.375000 0.711111 0.012500 0.027778
0 0.342578 0.717361 0.014844 0.029167
0 0.364844 0.453472 0.010937 0.023611
0 0.360547 0.463889 0.011719 0.025000
0 0.393359 0.450694 0.014844 0.023611
0 0.334766 0.424306 0.011719 0.034722
0 0.292188 0.494444 0.012500 0.030556
0 0.301172 0.555556 0.014844 0.022222
0 0.287109 0.428472 0.017969 0.026389
0 0.379687 0.909722 0.012500 0.025000
0 0.366797 0.900694 0.013281 0.023611
0 0.343750 0.902083 0.014062 0.023611
0 0.308984 0.775694 0.016406 0.031944
0 0.322656 0.090278 0.014062 0.025000
0 0.317578 0.049306 0.014844 0.020833
0 0.296484 0.051389 0.014844 0.027778
0 0.298438 0.110417 0.012500 0.031944
0 0.281250 0.084028 0.012500 0.023611
0 0.267578 0.109028 0.013281 0.026389
0 0.208594 0.066667 0.012500 0.027778
0 0.217969 0.022222 0.015625 0.019444
0 0.286719 0.196528 0.010937 0.026389
0 0.283594 0.212500 0.012500 0.030556
0 0.277734 0.243750 0.014844 0.026389
0 0.251563 0.231250 0.015625 0.026389
0 0.241406 0.182639 0.014062 0.029167
0 0.231250 0.155556 0.017188 0.019444
0 0.229687 0.171528 0.012500 0.026389
0 0.222266 0.248611 0.011719 0.033333
0 0.221875 0.373611 0.014062 0.022222
0 0.266016 0.472917 0.014844 0.029167
0 0.246094 0.519444 0.015625 0.036111
0 0.239844 0.456944 0.015625 0.025000
0 0.216406 0.420139 0.014062 0.026389
0 0.199219 0.418056 0.014062 0.030556
0 0.180469 0.406944 0.017188 0.027778
0 0.201562 0.295139 0.014062 0.023611
0 0.193359 0.281250 0.011719 0.026389
0 0.192578 0.222222 0.016406 0.025000
0 0.140234 0.133333 0.014844 0.027778
0 0.276953 0.775000 0.019531 0.019444
0 0.296484 0.874306 0.011719 0.031944
0 0.291797 0.902083 0.013281 0.023611
0 0.285156 0.889583 0.014062 0.026389
0 0.303125 0.951389 0.014062 0.027778
0 0.284375 0.958333 0.012500 0.027778
0 0.263281 0.967361 0.017188 0.031944
0 0.269531 0.892361 0.012500 0.029167
0 0.251953 0.933333 0.013281 0.027778
0 0.248828 0.961111 0.011719 0.022222
0 0.253516 0.879861 0.014844 0.031944
0 0.233984 0.853472 0.014844 0.031944
0 0.223438 0.890278 0.017188 0.027778
0 0.270312 0.693750 0.023438 0.029167
0 0.260938 0.718750 0.012500 0.031944
0 0.252344 0.690972 0.012500 0.031944
0 0.217187 0.615972 0.017188 0.031944
0 0.223438 0.675000 0.014062 0.025000
0 0.227344 0.695139 0.015625 0.023611
0 0.242969 0.751389 0.015625 0.036111
0 0.233984 0.735417 0.014844 0.020833
0 0.229687 0.796528 0.014062 0.023611
0 0.199609 0.779861 0.016406 0.029167
0 0.221484 0.945139 0.017969 0.023611
0 0.228125 0.975000 0.014062 0.019444
0 0.216016 0.969444 0.013281 0.025000
0 0.156641 0.938889 0.016406 0.022222
0 0.157422 0.920833 0.016406 0.022222
0 0.178125 0.863889 0.012500 0.027778
0 0.172656 0.874306 0.014062 0.029167
0 0.159766 0.868750 0.013281 0.031944
0 0.161719 0.818056 0.012500 0.033333
0 0.148438 0.841667 0.014062 0.025000
0 0.142578 0.893056 0.016406 0.027778
0 0.211719 0.699306 0.014062 0.031944
0 0.184375 0.729861 0.015625 0.029167
0 0.146484 0.738194 0.013281 0.031944
0 0.123047 0.761806 0.013281 0.029167
0 0.114844 0.725694 0.015625 0.031944
0 0.171094 0.547917 0.015625 0.029167
0 0.177344 0.502778 0.015625 0.027778
0 0.139844 0.282639 0.012500 0.034722
0 0.126953 0.405556 0.016406 0.019444
0 0.125391 0.468056 0.013281 0.027778
0 0.123047 0.455556 0.016406 0.022222
0 0.127734 0.500694 0.011719 0.031944
0 0.132031 0.550000 0.012500 0.030556
0 0.120312 0.567361 0.014062 0.020833
0 0.101172 0.555556 0.014844 0.027778
0 0.103906 0.424306 0.015625 0.029167
0 0.102344 0.467361 0.014062 0.031944
0 0.075000 0.459722 0.017188 0.025000
0 0.076563 0.486111 0.012500 0.033333
0 0.118359 0.038889 0.013281 0.022222
0 0.091016 0.050000 0.013281 0.030556
0 0.044531 0.126389 0.012500 0.025000
0 0.009375 0.032639 0.012500 0.026389
0 0.080859 0.334722 0.014844 0.030556
0 0.073437 0.372222 0.015625 0.025000
0 0.061328 0.390278 0.013281 0.030556
0 0.029297 0.371528 0.017969 0.026389
0 0.057813 0.431944 0.015625 0.025000
0 0.029297 0.424306 0.016406 0.020833
0 0.103906 0.890972 0.018750 0.026389
0 0.070313 0.850694 0.014062 0.037500
0 0.082813 0.731250 0.015625 0.031944
0 0.097656 0.636806 0.015625 0.034722
0 0.077344 0.611111 0.015625 0.030556
0 0.083984 0.568056 0.011719 0.030556
0 0.071875 0.556250 0.017188 0.029167
0 0.016406 0.436806 0.017188 0.031944
0 0.024609 0.497917 0.017969 0.031944
0 0.035547 0.658333 0.014844 0.027778
0 0.059375 0.681944 0.017188 0.030556
0 0.032031 0.936111 0.014062 0.027778
0 0.005859 0.955556 0.011719 0.030556
0 0.018750 0.752778 0.015625 0.025000
0 0.017969 0.773611 0.015625 0.019444
0 0.005078 0.935417 0.010156 0.020833
0 0.015625 0.639583 0.015625 0.026389
0 0.068750 0.352778 0.014062 0.025000
0 0.041797 0.265278 0.014844 0.030556
0 0.032812 0.254167 0.014062 0.027778
0 0.006641 0.169444 0.013281 0.025000
0 0.019531 0.161806 0.009375 0.020833
0 0.009375 0.884028 0.012500 0.023611
0 0.100000 0.699306 0.014062 0.020833
