0 0.867000 0.207700 0.017000 0.021500
0 0.429800 0.357200 0.013900 0.023600
0 0.140700 0.304600 0.014100 0.025600
0 0.606700 0.081500 0.014600 0.024100
0 0.728600 0.615200 0.017200 0.021100
0 0.469900 0.595400 0.016800 0.023900
0 0.683900 0.290200 0.017400 0.021000
0 0.670800 0.593800 0.016100 0.021100
0 0.030600 0.178200 0.016000 0.023200
0 0.659400 0.154400 0.016000 0.021000
0 0.854300 0.544900 0.014500 0.021800
0 0.017200 0.070900 0.017100 0.024000
0 0.202400 0.155100 0.017500 0.024000
0 0.244900 0.920000 0.014600 0.023600
0 0.831300 0.615400 0.015300 0.024500
0 0.765500 0.872000 0.016600 0.022600
0 0.605200 0.558700 0.015900 0.021900
0 0.018600 0.521500 0.019500 0.022900
0 0.583500 0.141200 0.014600 0.025700
0 0.381500 0.193800 0.016000 0.022700
0 0.190100 0.932800 0.015800 0.025500
0 0.781200 0.907400 0.014500 0.021300
0 0.554400 0.554100 0.016600 0.022600
0 0.121100 0.969300 0.018700 0.022600
0 0.354200 0.977900 0.017800 0.019700
0 0.419300 0.489400 0.016400 0.023300
0 0.246100 0.547700 0.014200 0.026000
0 0.147100 0.533600 0.020300 0.019900
0 0.668500 0.447100 0.017700 0.023100
0 0.968000 0.320000 0.017000 0.023400
0 0.581600 0.607100 0.016800 0.021800
0 0.154800 0.472000 0.017200 0.024200
0 0.894400 0.072400 0.014500 0.023100
0 0.604800 0.954100 0.014700 0.023500
0 0.648200 0.454000 0.016800 0.021900
0 0.741800 0.942300 0.012400 0.024500
0 0.794200 0.228200 0.016300 0.023700
0 0.373200 0.227100 0.014700 0.024600
0 0.704600 0.584700 0.016200 0.021800
0 0.860400 0.778800 0.018300 0.022700
0 0.260100 0.918200 0.014900 0.026500
0 0.517100 0.690800 0.015600 0.024100
0 0.651500 0.654700 0.017300 0.022700
0 0.118100 0.489600 0.017200 0.024300
0 0.526800 0.934200 0.017500 0.023200
0 0.418100 0.118700 0.013100 0.020300
0 0.388800 0.553900 0.015300 0.022200
0 0.578600 0.457300 0.016200 0.022900
0 0.805700 0.533800 0.014800 0.024600
0 0.815700 0.205900 0.015500 0.025600
0 0.571700 0.221500 0.015400 0.025100
0 0.447400 0.930300 0.017400 0.021600
0 0.304000 0.979600 0.016700 0.021400
0 0.798100 0.092300 0.014500 0.026100
0 0.665500 0.405500 0.016100 0.025200
0 0.616800 0.557400 0.015400 0.021300
0 0.514300 0.631100 0.015900 0.021600
0 0.943900 0.246600 0.013000 0.024400
0 0.457200 0.422900 0.014100 0.028100
0 0.014600 0.933600 0.017300 0.024100
0 0.118700 0.794400 0.017200 0.026400
0 0.221600 0.430300 0.012400 0.025000
0 0.160300 0.207900 0.014100 0.030600
0 0.228100 0.817200 0.017200 0.023800
0 0.973300 0.584600 0.016200 0.022400
0 0.502200 0.309300 0.014800 0.019100
0 0.754700 0.332100 0.013700 0.028000
0 0.006500 0.195500 0.014000 0.028300
0 0.590900 0.445600 0.014300 0.026800
0 0.906800 0.089600 0.014900 0.023000
0 0.970300 0.358600 0.018200 0.022400
0 0.948200 0.484600 0.018200 0.023900
0 0.168500 0.856800 0.014000 0.026700
0 0.542600 0.466400 0.012200 0.028500
0 0.358700 0.944300 0.017500 0.020600
0 0.431600 0.576500 0.016600 0.020500
0 0.434900 0.842100 0.014300 0.028100
0 0.216700 0.468300 0.012800 0.028700
0 0.698100 0.477300 0.018800 0.019600
0 0.992400 0.707200 0.011000 0.023500
0 0.702200 0.783100 0.015100 0.022500
0 0.195800 0.714600 0.013800 0.027600
0 0.084900 0.502700 0.014400 0.025900
0 0.855800 0.014800 0.014000 0.023700
0 0.244400 0.982900 0.015000 0.027000
0 0.557000 0.447900 0.017400 0.022500
0 0.506100 0.403900 0.013000 0.030300
0 0.071400 0.069900 0.012400 0.031700
0 0.176700 0.603100 0.013100 0.028400
0 0.989400 0.039800 0.014400 0.022700
0 0.842600 0.682100 0.013800 0.031900
0 0.818100 0.059100 0.012800 0.031400
0 0.985200 0.484800 0.016500 0.027500
0 0.065500 0.252300 0.014500 0.026900
0 0.072800 0.581900 0.013200 0.028100
0 0.419500 0.348100 0.012900 0.022600
0 0.522800 0.878200 0.018000 0.024500
0 0.977600 0.083000 0.017000 0.021600
0 0.642800 0.065200 0.014700 0.022400
0 0.454600 0.889900 0.014700 0.026100
0 0.839200 0.321100 0.015200 0.023700
0 0.302600 0.664800 0.016700 0.023000
0 0.767500 0.452200 0.014500 0.025300
0 0.358500 0.554000 0.015700 0.022900
0 0.818300 0.251200 0.018200 0.022300
0 0.028500 0.285800 0.016100 0.024700
0 0.629200 0.210000 0.015300 0.026800
0 0.473700 0.166500 0.016300 0.023600
0 0.424000 0.458300 0.012000 0.029700
0 0.046500 0.305100 0.014800 0.025700
0 0.034600 0.316200 0.017100 0.022100
0 0.711400 0.307700 0.016800 0.021900
0 0.090800 0.881200 0.011600 0.034000
0 0.590700 0.282800 0.015300 0.026700
0 0.164100 0.082800 0.017100 0.023400
0 0.653500 0.226300 0.018200 0.023700
0 0.331700 0.498500 0.016600 0.023300
0 0.579600 0.985200 0.014500 0.022700
0 0.018700 0.601500 0.017400 0.023400
0 0.221700 0.410900 0.014800 0.019000
0 0.139400 0.078000 0.013800 0.026500
0 0.635200 0.071300 0.013000 0.024600
0 0.014900 0.851500 0.022700 0.023400
0 0.285900 0.426300 0.016200 0.021700
0 0.204400 0.878300 0.010200 0.032100
0 0.379700 0.801100 0.017300 0.023300
0 0.416700 0.609700 0.011700 0.031900
0 0.559700 0.390500 0.010300 0.029700
0 0.565400 0.652600 0.014200 0.024500
0 0.048400 0.534500 0.017900 0.020500
0 0.288700 0.981000 0.018000 0.021000
0 0.932300 0.573400 0.014100 0.025300
0 0.826300 0.401800 0.014900 0.026500
0 0.223300 0.348900 0.017500 0.023100
0 0.292300 0.014100 0.011800 0.023000
0 0.313500 0.381800 0.016100 0.023600
0 0.439100 0.957900 0.014900 0.020800
0 0.534500 0.448900 0.017400 0.019300
0 0.060600 0.753700 0.014400 0.031800
0 0.151800 0.305100 0.012800 0.024200
0 0.168300 0.615500 0.012600 0.030900
0 0.240100 0.594800 0.012500 0.031700
0 0.820100 0.883400 0.015500 0.025900
0 0.802500 0.432800 0.012000 0.027500
0 0.425900 0.530600 0.014300 0.023400
0 0.985700 0.440900 0.014900 0.028500
0 0.795900 0.422800 0.014700 0.025000
0 0.028516 0.437500 0.010156 0.025000
0 0.303516 0.586111 0.013281 0.022222
0 0.200000 0.428472 0.014062 0.020833
0 0.600000 0.630556 0.010937 0.016667
0 0.613672 0.656944 0.007031 0.025000
0 0.924609 0.600000 0.010156 0.025000
0 0.874219 0.822917 0.014062 0.020833
0 0.764453 0.818750 0.011719 0.020833
0 0.708594 0.650000 0.009375 0.025000
0 0.523438 0.251389 0.014062 0.022222
0 0.569531 0.294444 0.009375 0.027778
0 0.189844 0.331944 0.014062 0.036111
0 0.103906 0.318056 0.014062 0.036111
0 0.926562 0.854861 0.017188 0.018056
0 0.956250 0.751389 0.014062 0.036111
0 0.475781 0.665278 0.012500 0.036111
0 0.488281 0.668750 0.012500 0.029167
0 0.262500 0.424306 0.017188 0.026389
0 0.360938 0.221528 0.010937 0.031944
0 0.560938 0.011806 0.017188 0.018056
0 0.746094 0.436806 0.012500 0.029167
0 0.096094 0.511111 0.012500 0.033333
0 0.527344 0.026389 0.015625 0.022222
0 0.073828 0.675000 0.013281 0.033333
