0 0.972266 0.222222 0.016406 0.025000
0 0.959766 0.211111 0.014844 0.022222
0 0.944922 0.211806 0.013281 0.020833
0 0.936719 0.154861 0.015625 0.020833
0 0.907812 0.129861 0.015625 0.031944
0 0.949219 0.292361 0.017188 0.029167
0 0.965625 0.368056 0.014062 0.030556
0 0.978516 0.411111 0.014844 0.033333
0 0.984375 0.465278 0.012500 0.022222
0 0.962109 0.408333 0.013281 0.022222
0 0.954687 0.470139 0.012500 0.034722
0 0.948438 0.484722 0.015625 0.030556
0 0.932422 0.508333 0.014844 0.033333
0 0.928906 0.416667 0.012500 0.022222
0 0.929688 0.444444 0.017188 0.025000
0 0.916797 0.432639 0.011719 0.023611
0 0.932422 0.572917 0.017969 0.029167
0 0.921875 0.587500 0.015625 0.019444
0 0.972266 0.767361 0.011719 0.031944
0 0.945703 0.787500 0.014844 0.019444
0 0.982031 0.846528 0.014062 0.037500
0 0.982422 0.896528 0.014844 0.023611
0 0.991797 0.961111 0.011719 0.030556
0 0.952344 0.800000 0.014062 0.019444
0 0.929297 0.852083 0.019531 0.023611
0 0.916406 0.890972 0.017188 0.023611
0 0.902344 0.933333 0.014062 0.027778
0 0.886328 0.864583 0.014844 0.023611
0 0.894141 0.771528 0.014844 0.034722
0 0.905859 0.660417 0.016406 0.029167
0 0.896094 0.683333 0.017188 0.025000
0 0.879297 0.604861 0.016406 0.020833
0 0.871094 0.623611 0.014062 0.030556
0 0.864844 0.570833 0.010937 0.027778
0 0.841797 0.561111 0.013281 0.033333
0 0.842188 0.607639 0.012500 0.034722
0 0.861328 0.660417 0.014844 0.029167
0 0.887500 0.376389 0.014062 0.027778
0 0.865234 0.329861 0.010156 0.029167
0 0.856641 0.357639 0.016406 0.026389
0 0.832812 0.347917 0.015625 0.020833
0 0.837891 0.361806 0.011719 0.020833
0 0.870703 0.241667 0.014844 0.019444
0 0.869141 0.258333 0.014844 0.022222
0 0.841016 0.253472 0.013281 0.020833
0 0.835156 0.272222 0.015625 0.025000
0 0.864453 0.139583 0.008594 0.037500
0 0.846484 0.107639 0.014844 0.026389
0 0.828516 0.179167 0.011719 0.027778
0 0.828516 0.206944 0.013281 0.027778
0 0.840625 0.074306 0.015625 0.031944
0 0.867578 0.403472 0.013281 0.029167
0 0.852344 0.422222 0.014062 0.025000
0 0.832812 0.421528 0.012500 0.026389
0 0.793750 0.376389 0.015625 0.025000
0 0.824219 0.626389 0.014062 0.038889
0 0.791016 0.484722 0.016406 0.025000
0 0.774219 0.445833 0.014062 0.027778
0 0.812891 0.574306 0.014844 0.029167
0 0.852734 0.754167 0.014844 0.030556
0 0.867188 0.783333 0.014062 0.025000
0 0.843359 0.773611 0.016406 0.022222
0 0.862500 0.839583 0.015625 0.020833
0 0.866016 0.868056 0.013281 0.027778
0 0.877344 0.922917 0.010937 0.031944
0 0.864062 0.938194 0.014062 0.026389
0 0.858594 0.963889 0.015625 0.027778
0 0.822266 0.913889 0.014844 0.027778
0 0.821875 0.805556 0.014062 0.033333
0 0.809766 0.852083 0.014844 0.029167
0 0.789453 0.840278 0.016406 0.022222
0 0.791406 0.906250 0.010937 0.037500
0 0.765234 0.941667 0.016406 0.030556
0 0.785937 0.644444 0.010937 0.025000
0 0.788672 0.668056 0.011719 0.027778
0 0.753906 0.663194 0.014062 0.026389
0 0.726563 0.686806 0.015625 0.031944
0 0.710547 0.651389 0.014844 0.027778
0 0.746875 0.454861 0.017188 0.020833
0 0.801562 0.083333 0.017188 0.022222
0 0.792578 0.138194 0.014844 0.023611
0 0.754687 0.120139 0.017188 0.026389
0 0.711719 0.016667 0.015625 0.022222
0 0.775000 0.249306 0.014062 0.029167
0 0.757031 0.193056 0.015625 0.019444
0 0.752734 0.241667 0.010156 0.030556
0 0.747656 0.252083 0.014062 0.026389
0 0.722266 0.156944 0.013281 0.022222
0 0.705859 0.104861 0.011719 0.029167
0 0.687500 0.114583 0.012500 0.034722
0 0.676953 0.095139 0.017969 0.026389
0 0.684375 0.051389 0.014062 0.025000
0 0.738281 0.337500 0.015625 0.030556
0 0.714844 0.338194 0.014062 0.023611
0 0.722266 0.277778 0.014844 0.038889
0 0.709375 0.281250 0.014062 0.031944
0 0.706641 0.256250 0.014844 0.026389
0 0.679297 0.483333 0.013281 0.022222
0 0.670703 0.486111 0.011719 0.030556
0 0.673437 0.452083 0.014062 0.026389
0 0.641797 0.452083 0.014844 0.026389
0 0.640625 0.420833 0.014062 0.022222
0 0.640234 0.365972 0.013281 0.029167
0 0.666016 0.254167 0.016406 0.027778
0 0.621094 0.264583 0.014062 0.026389
0 0.618359 0.288889 0.013281 0.022222
0 0.605469 0.277083 0.014062 0.026389
0 0.600781 0.254861 0.015625 0.020833
0 0.623828 0.155556 0.013281 0.030556
0 0.612109 0.166667 0.013281 0.030556
0 0.630078 0.032639 0.014844 0.029167
0 0.605859 0.340972 0.016406 0.031944
0 0.569141 0.357639 0.013281 0.023611
0 0.570703 0.257639 0.014844 0.023611
0 0.587109 0.156250 0.017969 0.023611
0 0.553125 0.215972 0.010937 0.029167
0 0.581250 0.183333 0.014062 0.025000
0 0.567578 0.191667 0.011719 0.027778
0 0.569531 0.075000 0.015625 0.025000
0 0.553125 0.106250 0.015625 0.031944
0 0.531250 0.093056 0.015625 0.025000
0 0.529297 0.154167 0.016406 0.030556
0 0.519531 0.109028 0.012500 0.026389
0 0.700000 0.608333 0.010937 0.033333
0 0.639844 0.541667 0.018750 0.025000
0 0.617578 0.561111 0.016406 0.022222
0 0.602734 0.565278 0.014844 0.027778
0 0.608984 0.636806 0.016406 0.018056
0 0.684766 0.770139 0.011719 0.037500
0 0.716406 0.846528 0.014062 0.034722
0 0.703516 0.853472 0.014844 0.023611
0 0.705859 0.978472 0.014844 0.023611
0 0.689453 0.845139 0.011719 0.034722
0 0.678516 0.850000 0.010156 0.025000
0 0.626953 0.822222 0.014844 0.030556
0 0.637109 0.889583 0.013281 0.029167
0 0.605078 0.954861 0.014844 0.031944
0 0.616016 0.879861 0.016406 0.020833
0 0.647656 0.984722 0.014062 0.019444
0 0.637500 0.986806 0.015625 0.018056
0 0.598828 0.864583 0.013281 0.020833
0 0.608984 0.742361 0.014844 0.029167
0 0.605469 0.709722 0.014062 0.019444
0 0.607813 0.697222 0.014062 0.019444
0 0.586719 0.672222 0.015625 0.030556
0 0.566016 0.518750 0.016406 0.029167
0 0.538672 0.615278 0.013281 0.022222
0 0.538672 0.740972 0.016406 0.026389
0 0.539453 0.868750 0.014844 0.031944
0 0.527344 0.880556 0.014062 0.019444
0 0.525000 0.779861 0.014062 0.029167
0 0.504297 0.833333 0.014844 0.025000
0 0.499219 0.868056 0.014062 0.016667
0 0.495313 0.847917 0.018750 0.020833
0 0.520312 0.511806 0.015625 0.029167
0 0.531641 0.354861 0.014844 0.031944
0 0.523828 0.312500 0.011719 0.030556
0 0.521094 0.298611 0.015625 0.027778
0 0.507813 0.223611 0.015625 0.027778
0 0.486328 0.215278 0.013281 0.025000
0 0.474219 0.106250 0.014062 0.037500
0 0.504687 0.620833 0.017188 0.027778
0 0.513672 0.710417 0.014844 0.031944
0 0.504687 0.708333 0.015625 0.025000
0 0.473437 0.858333 0.017188 0.025000
0 0.463672 0.635417 0.014844 0.029167
0 0.459766 0.227083 0.016406 0.023611
0 0.418750 0.073611 0.015625 0.022222
0 0.432813 0.032639 0.010937 0.029167
0 0.439063 0.242361 0.015625 0.031944
0 0.441797 0.277778 0.014844 0.030556
0 0.430859 0.321528 0.014844 0.023611
0 0.419141 0.407639 0.016406 0.026389
0 0.423828 0.450694 0.014844 0.023611
0 0.414844 0.478472 0.012500 0.026389
0 0.420703 0.587500 0.016406 0.033333
0 0.410156 0.564583 0.015625 0.023611
0 0.374609 0.583333 0.014844 0.025000
0 0.453125 0.984722 0.017188 0.019444
0 0.433594 0.927083 0.015625 0.026389
0 0.424609 0.888194 0.013281 0.026389
0 0.420703 0.859722 0.014844 0.030556
0 0.432031 0.833333 0.014062 0.027778
0 0.434766 0.809722 0.014844 0.030556
0 0.410547 0.798611 0.014844 0.022222
0 0.394531 0.824306 0.015625 0.020833
0 0.392578 0.805556 0.016406 0.027778
0 0.394531 0.760417 0.015625 0.031944
0 0.399219 0.718750 0.014062 0.029167
0 0.374219 0.711806 0.015625 0.029167
0 0.375391 0.641667 0.013281 0.030556
0 0.361328 0.627778 0.010156 0.027778
0 0.342187 0.616667 0.012500 0.041667
0 0.343359 0.719444 0.014844 0.030556
0 0.382813 0.909722 0.012500 0.030556
0 0.367188 0.901389 0.014062 0.025000
0 0.343750 0.903472 0.014062 0.026389
0 0.306641 0.961806 0.016406 0.018056
0 0.392188 0.447917 0.012500 0.029167
0 0.364062 0.451389 0.012500 0.025000
0 0.360547 0.464583 0.013281 0.020833
0 0.370703 0.320833 0.016406 0.025000
0 0.372266 0.288194 0.016406 0.023611
0 0.343359 0.236806 0.016406 0.018056
0 0.419141 0.147222 0.011719 0.033333
0 0.408203 0.137500 0.013281 0.036111
0 0.401172 0.069444 0.011719 0.027778
0 0.387500 0.084028 0.015625 0.023611
0 0.391797 0.132639 0.014844 0.029167
0 0.371875 0.057639 0.015625 0.023611
0 0.358203 0.042361 0.014844 0.034722
0 0.367969 0.186111 0.014062 0.027778
0 0.361719 0.161806 0.014062 0.031944
0 0.351172 0.138194 0.016406 0.026389
0 0.329297 0.088194 0.017969 0.026389
0 0.313672 0.060417 0.016406 0.031944
0 0.295312 0.051389 0.015625 0.025000
0 0.300781 0.118750 0.017188 0.037500
0 0.286719 0.083333 0.018750 0.022222
0 0.269922 0.116667 0.014844 0.033333
0 0.289453 0.207639 0.011719 0.034722
0 0.282422 0.211806 0.013281 0.029167
0 0.275781 0.238194 0.015625 0.026389
0 0.253906 0.234028 0.014062 0.026389
0 0.244922 0.194444 0.016406 0.025000
0 0.234766 0.159028 0.016406 0.026389
0 0.230469 0.172917 0.012500 0.040278
0 0.221484 0.234722 0.011719 0.033333
0 0.333594 0.427083 0.010937 0.037500
0 0.285547 0.429167 0.016406 0.022222
0 0.303906 0.508333 0.017188 0.033333
0 0.291406 0.551389 0.018750 0.025000
0 0.267578 0.470139 0.017969 0.026389
0 0.247266 0.516667 0.016406 0.033333
0 0.241406 0.456944 0.018750 0.025000
0 0.219531 0.613889 0.018750 0.027778
0 0.222266 0.370833 0.019531 0.025000
0 0.216406 0.419444 0.015625 0.027778
0 0.198828 0.421528 0.014844 0.031944
0 0.180859 0.408333 0.014844 0.027778
0 0.200781 0.295139 0.015625 0.023611
0 0.195703 0.282639 0.014844 0.029167
0 0.193750 0.220833 0.017188 0.025000
0 0.205469 0.063889 0.014062 0.036111
0 0.217187 0.019444 0.018750 0.022222
0 0.119922 0.043750 0.013281 0.023611
0 0.145703 0.135417 0.014844 0.031944
0 0.307422 0.777083 0.014844 0.026389
0 0.296875 0.875694 0.012500 0.031944
0 0.290625 0.902778 0.015625 0.022222
0 0.284375 0.888194 0.015625 0.023611
0 0.268750 0.892361 0.014062 0.029167
0 0.283984 0.960417 0.011719 0.031944
0 0.258594 0.952778 0.014062 0.025000
0 0.250391 0.934722 0.013281 0.025000
0 0.248437 0.963194 0.015625 0.023611
0 0.249219 0.886806 0.015625 0.034722
0 0.226953 0.891667 0.016406 0.030556
0 0.236719 0.854861 0.014062 0.034722
0 0.219141 0.949306 0.016406 0.029167
0 0.227734 0.978472 0.014844 0.026389
0 0.275781 0.770833 0.015625 0.025000
0 0.269531 0.697222 0.020312 0.030556
0 0.256250 0.705556 0.010937 0.033333
0 0.231250 0.675694 0.018750 0.026389
0 0.219922 0.688194 0.013281 0.018056
0 0.210547 0.699306 0.016406 0.031944
0 0.178516 0.502778 0.014844 0.022222
0 0.171094 0.551389 0.014062 0.025000
0 0.184375 0.725000 0.014062 0.019444
0 0.242969 0.751389 0.015625 0.025000
0 0.229297 0.734028 0.013281 0.034722
0 0.229297 0.793056 0.013281 0.019444
0 0.201172 0.783333 0.014844 0.025000
0 0.182812 0.858333 0.014062 0.036111
0 0.174219 0.870833 0.014062 0.027778
0 0.165234 0.808333 0.011719 0.033333
0 0.146484 0.840972 0.013281 0.023611
0 0.159766 0.868056 0.010156 0.027778
0 0.158594 0.938889 0.017188 0.025000
0 0.155469 0.922222 0.017188 0.030556
0 0.144141 0.898611 0.016406 0.022222
0 0.136719 0.756944 0.014062 0.030556
0 0.123438 0.762500 0.017188 0.030556
0 0.116016 0.724306 0.014844 0.031944
0 0.139844 0.285417 0.012500 0.031944
0 0.125781 0.407639 0.014062 0.026389
0 0.126172 0.467361 0.014844 0.029167
0 0.135547 0.541667 0.013281 0.030556
0 0.128906 0.507639 0.015625 0.034722
0 0.123438 0.455556 0.012500 0.022222
0 0.121484 0.564583 0.019531 0.026389
0 0.101953 0.555556 0.016406 0.027778
0 0.104297 0.460417 0.013281 0.031944
0 0.104297 0.413194 0.014844 0.034722
0 0.075781 0.459028 0.015625 0.026389
0 0.100781 0.699306 0.015625 0.020833
0 0.098438 0.638194 0.015625 0.031944
0 0.076563 0.614583 0.018750 0.029167
0 0.082031 0.732639 0.015625 0.037500
0 0.106250 0.890972 0.018750 0.031944
0 0.071875 0.852083 0.017188 0.034722
0 0.082031 0.568056 0.014062 0.030556
0 0.067188 0.549306 0.014062 0.031944
0 0.073828 0.498611 0.011719 0.030556
0 0.061328 0.480556 0.011719 0.027778
0 0.079297 0.335417 0.014844 0.020833
0 0.069141 0.352778 0.014844 0.019444
0 0.073047 0.370139 0.014844 0.026389
0 0.062500 0.396528 0.015625 0.037500
0 0.057031 0.433333 0.015625 0.027778
0 0.030078 0.370833 0.017969 0.027778
0 0.031250 0.426389 0.017188 0.027778
0 0.014062 0.431250 0.015625 0.031944
0 0.060156 0.684028 0.017188 0.026389
0 0.030859 0.656250 0.013281 0.031944
0 0.016016 0.639583 0.017969 0.026389
0 0.013672 0.751389 0.013281 0.027778
0 0.017578 0.776389 0.017969 0.027778
0 0.030078 0.936111 0.016406 0.027778
0 0.005078 0.932639 0.008594 0.023611
0 0.006250 0.959028 0.012500 0.037500
0 0.007422 0.882639 0.013281 0.023611
0 0.008203 0.498611 0.013281 0.033333
0 0.041016 0.263889 0.013281 0.036111
0 0.032812 0.251389 0.017188 0.027778
0 0.043359 0.121528 0.014844 0.023611
0 0.021875 0.161111 0.014062 0.019444
0 0.005859 0.155556 0.011719 0.016667
0 0.007422 0.035417 0.010156 0.029167
0 0.074219 0.029167 0.017188 0.027778
0 0.094141 0.052083 0.013281 0.034722
