0 0.994141 0.070833 0.008594 0.027778
0 0.958594 0.018056 0.012500 0.019444
0 0.953516 0.034028 0.010156 0.023611
0 0.949609 0.112500 0.014844 0.019444
0 0.966797 0.151389 0.013281 0.022222
0 0.951953 0.152083 0.010156 0.026389
0 0.936719 0.144444 0.009375 0.027778
0 0.992578 0.220139 0.011719 0.026389
0 0.986328 0.265972 0.008594 0.029167
0 0.969141 0.297222 0.013281 0.016667
0 0.973437 0.331250 0.007813 0.026389
0 0.980078 0.356250 0.008594 0.026389
0 0.993750 0.361111 0.007813 0.027778
0 0.992969 0.409722 0.009375 0.016667
0 0.977344 0.497917 0.015625 0.020833
0 0.985937 0.456944 0.009375 0.025000
0 0.979297 0.442361 0.011719 0.018056
0 0.978516 0.423611 0.013281 0.019444
0 0.954687 0.470139 0.010937 0.026389
0 0.991016 0.740278 0.010156 0.025000
0 0.984375 0.764583 0.015625 0.023611
0 0.978516 0.737500 0.011719 0.025000
0 0.976172 0.756944 0.013281 0.025000
0 0.994141 0.842361 0.008594 0.018056
0 0.992969 0.865278 0.007813 0.013889
0 0.983594 0.833333 0.009375 0.025000
0 0.965234 0.897917 0.013281 0.029167
0 0.932422 0.883333 0.016406 0.016667
0 0.919922 0.900694 0.013281 0.023611
0 0.967188 0.661111 0.015625 0.022222
0 0.915625 0.798611 0.015625 0.019444
0 0.902734 0.870139 0.013281 0.026389
0 0.892578 0.925000 0.013281 0.025000
0 0.862500 0.898611 0.014062 0.019444
0 0.870313 0.859028 0.014062 0.023611
0 0.857422 0.827778 0.013281 0.025000
0 0.847266 0.850000 0.014844 0.019444
0 0.846094 0.950694 0.007813 0.026389
0 0.842578 0.923611 0.010156 0.022222
0 0.944531 0.643056 0.009375 0.022222
0 0.941797 0.603472 0.013281 0.026389
0 0.929297 0.559028 0.011719 0.026389
0 0.878906 0.609722 0.014062 0.025000
0 0.910937 0.675000 0.014062 0.030556
0 0.910156 0.720139 0.014062 0.023611
0 0.893359 0.686111 0.014844 0.033333
0 0.876953 0.706944 0.014844 0.019444
0 0.853906 0.726389 0.015625 0.022222
0 0.844922 0.743056 0.010156 0.027778
0 0.830469 0.718056 0.010937 0.030556
0 0.847266 0.789583 0.013281 0.029167
0 0.901953 0.528472 0.013281 0.026389
0 0.896875 0.501389 0.010937 0.025000
0 0.919141 0.461806 0.011719 0.031944
0 0.936719 0.313889 0.010937 0.036111
0 0.907422 0.320833 0.011719 0.027778
0 0.896094 0.325694 0.012500 0.026389
0 0.910547 0.212500 0.014844 0.025000
0 0.894531 0.201389 0.014062 0.025000
0 0.917188 0.156250 0.014062 0.023611
0 0.881641 0.113889 0.014844 0.025000
0 0.879687 0.078472 0.012500 0.031944
0 0.926172 0.020139 0.014844 0.023611
0 0.905078 0.024306 0.016406 0.020833
0 0.887500 0.041667 0.015625 0.022222
0 0.860547 0.084722 0.017969 0.025000
0 0.852344 0.101389 0.010937 0.027778
0 0.825000 0.055556 0.017188 0.025000
0 0.873438 0.195139 0.014062 0.034722
0 0.864062 0.241667 0.015625 0.019444
0 0.853906 0.268750 0.012500 0.031944
0 0.868359 0.301389 0.011719 0.038889
0 0.873828 0.357639 0.017969 0.026389
0 0.863281 0.482639 0.012500 0.034722
0 0.848047 0.424306 0.016406 0.018056
0 0.843750 0.404861 0.012500 0.020833
0 0.843359 0.570833 0.013281 0.022222
0 0.833594 0.550000 0.014062 0.025000
0 0.836719 0.624306 0.012500 0.034722
0 0.826563 0.683333 0.012500 0.022222
0 0.822266 0.664583 0.010156 0.015278
0 0.829297 0.657639 0.013281 0.023611
0 0.824219 0.625000 0.007813 0.030556
0 0.816016 0.614583 0.010156 0.023611
0 0.780469 0.039583 0.014062 0.023611
0 0.767578 0.044444 0.010156 0.027778
0 0.803125 0.129167 0.009375 0.030556
0 0.773047 0.107639 0.013281 0.026389
0 0.779297 0.166667 0.011719 0.016667
0 0.752344 0.156944 0.017188 0.022222
0 0.828125 0.240278 0.015625 0.025000
0 0.801953 0.236111 0.017969 0.019444
0 0.804688 0.263889 0.015625 0.025000
0 0.810547 0.363889 0.016406 0.022222
0 0.779297 0.314583 0.013281 0.026389
0 0.775391 0.300000 0.011719 0.025000
0 0.819141 0.420139 0.016406 0.023611
0 0.793359 0.406250 0.013281 0.037500
0 0.823828 0.465278 0.017969 0.022222
0 0.798828 0.472222 0.019531 0.025000
0 0.806641 0.570139 0.016406 0.023611
0 0.795313 0.588889 0.015625 0.022222
0 0.803516 0.638889 0.017969 0.022222
0 0.808203 0.704167 0.017969 0.019444
0 0.807813 0.867361 0.012500 0.018056
0 0.804688 0.884722 0.015625 0.025000
0 0.797266 0.895833 0.014844 0.027778
0 0.779688 0.516667 0.017188 0.025000
0 0.775000 0.559028 0.014062 0.026389
0 0.772266 0.581944 0.011719 0.025000
0 0.767969 0.473611 0.015625 0.027778
0 0.762891 0.422222 0.019531 0.025000
0 0.755078 0.356250 0.014844 0.026389
0 0.752344 0.304167 0.017188 0.019444
0 0.735156 0.211111 0.018750 0.027778
0 0.728516 0.256944 0.016406 0.027778
0 0.718359 0.165972 0.017969 0.029167
0 0.743359 0.061111 0.019531 0.027778
0 0.729297 0.080556 0.021094 0.025000
0 0.716406 0.066667 0.018750 0.022222
0 0.737109 0.359722 0.017969 0.019444
0 0.729688 0.475000 0.018750 0.025000
0 0.754687 0.639583 0.012500 0.034722
0 0.716016 0.515278 0.011719 0.027778
0 0.713672 0.539583 0.014844 0.026389
0 0.707422 0.564583 0.016406 0.029167
0 0.700000 0.586806 0.017188 0.029167
0 0.710547 0.617361 0.017969 0.020833
0 0.716797 0.645139 0.017969 0.026389
0 0.738672 0.634028 0.008594 0.026389
0 0.725391 0.694444 0.011719 0.036111
0 0.760547 0.779861 0.008594 0.029167
0 0.749609 0.756250 0.008594 0.037500
0 0.753516 0.840972 0.013281 0.037500
0 0.751953 0.900000 0.010156 0.033333
0 0.766016 0.959028 0.019531 0.026389
0 0.741797 0.887500 0.011719 0.033333
0 0.735547 0.835417 0.017969 0.029167
0 0.717969 0.740278 0.014062 0.027778
0 0.704297 0.746528 0.013281 0.023611
0 0.699219 0.764583 0.017188 0.023611
0 0.717578 0.774306 0.014844 0.015278
0 0.708594 0.784028 0.015625 0.026389
0 0.685938 0.763889 0.014062 0.036111
0 0.689062 0.697222 0.017188 0.019444
0 0.671094 0.663889 0.018750 0.022222
0 0.676953 0.571528 0.011719 0.034722
0 0.687891 0.403472 0.019531 0.020833
0 0.680078 0.429167 0.011719 0.033333
0 0.681250 0.365972 0.012500 0.029167
0 0.693750 0.302778 0.018750 0.025000
0 0.672266 0.203472 0.016406 0.031944
0 0.681250 0.088889 0.014062 0.033333
0 0.669922 0.060417 0.013281 0.031944
0 0.652734 0.122222 0.013281 0.030556
0 0.644141 0.055556 0.017969 0.030556
0 0.623828 0.045139 0.016406 0.026389
0 0.612891 0.027083 0.019531 0.023611
0 0.615625 0.156250 0.017188 0.026389
0 0.613281 0.188889 0.014062 0.033333
0 0.623438 0.222917 0.017188 0.029167
0 0.632031 0.273611 0.014062 0.022222
0 0.638672 0.290972 0.014844 0.012500
0 0.650781 0.324306 0.012500 0.018056
0 0.661719 0.330556 0.009375 0.016667
0 0.657422 0.344444 0.017969 0.013889
0 0.655859 0.381250 0.014844 0.023611
0 0.654297 0.401389 0.017969 0.016667
0 0.648047 0.423611 0.013281 0.030556
0 0.641406 0.379861 0.010937 0.029167
0 0.637891 0.402778 0.011719 0.025000
0 0.632031 0.371528 0.010937 0.031944
0 0.620313 0.350694 0.014062 0.034722
0 0.648047 0.497917 0.014844 0.029167
0 0.637109 0.510417 0.016406 0.020833
0 0.632813 0.477083 0.014062 0.029167
0 0.630469 0.450000 0.010937 0.030556
0 0.621875 0.434722 0.010937 0.033333
0 0.645312 0.618056 0.012500 0.033333
0 0.657031 0.755556 0.012500 0.016667
0 0.646094 0.760417 0.012500 0.031944
0 0.644141 0.704861 0.014844 0.020833
0 0.631641 0.697917 0.013281 0.029167
0 0.689062 0.859028 0.014062 0.026389
0 0.717969 0.974306 0.015625 0.020833
0 0.696484 0.934028 0.013281 0.034722
0 0.658594 0.906250 0.015625 0.020833
0 0.664844 0.854861 0.014062 0.020833
0 0.656250 0.870833 0.012500 0.033333
0 0.634375 0.836806 0.014062 0.020833
0 0.633984 0.861111 0.014844 0.022222
0 0.620313 0.853472 0.015625 0.023611
0 0.610937 0.689583 0.014062 0.034722
0 0.617578 0.529861 0.013281 0.034722
0 0.607813 0.537500 0.014062 0.025000
0 0.608984 0.567361 0.013281 0.031944
0 0.598828 0.600000 0.014844 0.030556
0 0.611719 0.295139 0.012500 0.026389
0 0.607031 0.318056 0.015625 0.019444
0 0.587500 0.236111 0.015625 0.030556
0 0.589844 0.194444 0.018750 0.022222
0 0.575781 0.259722 0.010937 0.033333
0 0.584375 0.097917 0.014062 0.031944
0 0.584766 0.047917 0.017969 0.029167
0 0.571875 0.083333 0.014062 0.036111
0 0.556250 0.055556 0.015625 0.033333
0 0.597656 0.370833 0.015625 0.027778
0 0.585938 0.417361 0.017188 0.020833
0 0.590625 0.452083 0.014062 0.015278
0 0.583203 0.518056 0.011719 0.030556
0 0.570703 0.559028 0.014844 0.023611
0 0.592578 0.743056 0.013281 0.022222
0 0.580078 0.738889 0.011719 0.022222
0 0.592578 0.785417 0.013281 0.020833
0 0.577344 0.868056 0.014062 0.030556
0 0.601953 0.945833 0.014844 0.022222
0 0.582031 0.980556 0.015625 0.019444
0 0.569531 0.983333 0.010937 0.016667
0 0.573047 0.963194 0.016406 0.023611
0 0.541406 0.947222 0.017188 0.019444
0 0.568750 0.800694 0.015625 0.018056
0 0.544922 0.828472 0.014844 0.018056
0 0.526563 0.808333 0.014062 0.022222
0 0.552344 0.727083 0.015625 0.026389
0 0.566797 0.672222 0.011719 0.030556
0 0.533594 0.778472 0.014062 0.023611
0 0.527344 0.758333 0.014062 0.022222
0 0.512891 0.757639 0.011719 0.026389
0 0.564453 0.461806 0.011719 0.029167
0 0.550391 0.471528 0.017969 0.023611
0 0.540234 0.447222 0.016406 0.019444
0 0.539063 0.490278 0.015625 0.022222
0 0.537891 0.527083 0.014844 0.026389
0 0.525781 0.538194 0.015625 0.026389
0 0.548828 0.571528 0.014844 0.023611
0 0.506641 0.493750 0.014844 0.029167
0 0.506641 0.452778 0.014844 0.022222
0 0.485547 0.447222 0.011719 0.025000
0 0.547266 0.329861 0.016406 0.018056
0 0.547656 0.286111 0.009375 0.027778
0 0.534766 0.277778 0.014844 0.019444
0 0.537109 0.306944 0.010156 0.025000
0 0.526172 0.338194 0.010156 0.023611
0 0.507422 0.325694 0.016406 0.023611
0 0.517578 0.263194 0.014844 0.034722
0 0.533594 0.099306 0.014062 0.029167
0 0.516406 0.129167 0.014062 0.016667
0 0.497266 0.052083 0.013281 0.026389
0 0.507422 0.901389 0.013281 0.025000
0 0.499219 0.962500 0.012500 0.025000
0 0.480469 0.904167 0.010937 0.033333
0 0.467578 0.970833 0.011719 0.022222
0 0.426172 0.967361 0.014844 0.020833
0 0.404297 0.953472 0.011719 0.026389
0 0.976953 0.096528 0.010156 0.031944
0 0.936328 0.641667 0.010156 0.025000
0 0.541016 0.635417 0.013281 0.029167
0 0.514844 0.596528 0.012500 0.023611
0 0.478125 0.527778 0.012500 0.025000
0 0.464453 0.529861 0.014844 0.020833
0 0.467187 0.511806 0.014062 0.020833
0 0.462109 0.459028 0.010156 0.034722
0 0.475781 0.374306 0.010937 0.031944
0 0.456250 0.399306 0.014062 0.031944
0 0.446094 0.444444 0.012500 0.025000
0 0.448047 0.471528 0.011719 0.026389
0 0.484375 0.237500 0.010937 0.030556
0 0.475391 0.243056 0.011719 0.030556
0 0.488672 0.202083 0.011719 0.026389
0 0.469922 0.219444 0.011719 0.027778
0 0.461719 0.202083 0.012500 0.023611
0 0.465234 0.118750 0.010156 0.026389
0 0.456250 0.131944 0.014062 0.027778
0 0.956250 0.376389 0.014062 0.022222
0 0.918750 0.615972 0.015625 0.023611
0 0.502734 0.638194 0.013281 0.023611
0 0.470703 0.568056 0.011719 0.030556
0 0.456250 0.572917 0.012500 0.020833
0 0.467969 0.701389 0.012500 0.027778
0 0.452734 0.724306 0.014844 0.029167
0 0.443750 0.698611 0.015625 0.022222
0 0.491016 0.774306 0.011719 0.034722
0 0.469141 0.800000 0.011719 0.025000
0 0.418359 0.891667 0.014844 0.025000
0 0.425391 0.861806 0.014844 0.020833
0 0.428516 0.841667 0.013281 0.030556
0 0.485938 0.838889 0.014062 0.022222
0 0.458594 0.871528 0.010937 0.026389
0 0.450781 0.872917 0.009375 0.029167
0 0.389844 0.966667 0.014062 0.019444
0 0.357812 0.952778 0.010937 0.027778
0 0.380469 0.879861 0.012500 0.029167
0 0.403125 0.859028 0.010937 0.026389
0 0.375000 0.848611 0.012500 0.022222
0 0.354297 0.809722 0.014844 0.025000
0 0.406641 0.759028 0.016406 0.026389
0 0.404297 0.701389 0.016406 0.025000
0 0.394531 0.677083 0.012500 0.026389
0 0.420703 0.531250 0.013281 0.031944
0 0.395312 0.530556 0.014062 0.030556
0 0.398047 0.473611 0.017969 0.022222
0 0.387500 0.459028 0.015625 0.023611
0 0.438281 0.373611 0.014062 0.030556
0 0.416016 0.420139 0.013281 0.029167
0 0.405469 0.400694 0.012500 0.023611
0 0.414844 0.372917 0.017188 0.029167
0 0.391016 0.381250 0.017969 0.026389
0 0.371094 0.389583 0.015625 0.023611
0 0.376172 0.321528 0.017969 0.031944
0 0.465234 0.280556 0.016406 0.025000
0 0.445703 0.177778 0.014844 0.025000
0 0.425000 0.184028 0.014062 0.031944
0 0.401563 0.188889 0.015625 0.022222
0 0.382031 0.189583 0.015625 0.026389
0 0.384375 0.127778 0.015625 0.036111
0 0.396875 0.068750 0.015625 0.031944
0 0.420312 0.016667 0.014062 0.019444
0 0.367578 0.034028 0.014844 0.031944
0 0.360938 0.071528 0.014062 0.023611
0 0.360938 0.093750 0.015625 0.018056
0 0.335938 0.102083 0.015625 0.026389
0 0.330859 0.138889 0.014844 0.033333
0 0.358203 0.224306 0.010156 0.029167
0 0.344922 0.206944 0.011719 0.027778
0 0.315234 0.105556 0.013281 0.025000
0 0.307813 0.085417 0.012500 0.029167
0 0.325391 0.053472 0.013281 0.029167
0 0.285937 0.049306 0.014062 0.031944
0 0.266016 0.077778 0.013281 0.025000
0 0.261328 0.019444 0.013281 0.025000
0 0.307422 0.229861 0.016406 0.029167
0 0.328906 0.328472 0.014062 0.029167
0 0.309375 0.343056 0.012500 0.030556
0 0.346875 0.480556 0.015625 0.030556
0 0.283594 0.150000 0.014062 0.030556
0 0.269531 0.136111 0.015625 0.022222
0 0.248437 0.134722 0.018750 0.025000
0 0.240234 0.096528 0.014844 0.031944
0 0.243750 0.071528 0.012500 0.031944
0 0.241406 0.027083 0.010937 0.026389
0 0.259766 0.229167 0.019531 0.027778
0 0.247656 0.291667 0.015625 0.027778
0 0.220703 0.306250 0.016406 0.026389
0 0.276563 0.352083 0.015625 0.026389
0 0.310937 0.486111 0.014062 0.027778
0 0.298438 0.432639 0.012500 0.026389
0 0.274609 0.416667 0.014844 0.027778
0 0.230469 0.372222 0.015625 0.033333
0 0.246875 0.466667 0.012500 0.033333
0 0.235938 0.490972 0.014062 0.031944
0 0.241406 0.536111 0.018750 0.027778
0 0.331250 0.533333 0.017188 0.027778
0 0.326953 0.561806 0.016406 0.029167
0 0.332031 0.579167 0.015625 0.025000
0 0.332031 0.600694 0.017188 0.023611
0 0.339844 0.623611 0.014062 0.033333
0 0.304688 0.561111 0.018750 0.033333
0 0.320313 0.665972 0.018750 0.031944
0 0.347656 0.731250 0.015625 0.037500
0 0.323828 0.736806 0.013281 0.029167
0 0.310937 0.701389 0.012500 0.036111
0 0.297266 0.705556 0.013281 0.030556
0 0.284766 0.670139 0.016406 0.026389
0 0.275391 0.767361 0.016406 0.031944
0 0.300391 0.806944 0.019531 0.030556
0 0.296094 0.850000 0.017188 0.030556
0 0.338281 0.888889 0.017188 0.025000
0 0.316016 0.940972 0.017969 0.023611
0 0.298828 0.925694 0.017969 0.026389
0 0.271484 0.891667 0.017969 0.033333
0 0.270312 0.829861 0.018750 0.029167
0 0.255859 0.850694 0.016406 0.043056
0 0.239844 0.854167 0.017188 0.033333
0 0.253906 0.692361 0.012500 0.034722
0 0.257422 0.670833 0.017969 0.025000
0 0.234375 0.704167 0.015625 0.030556
0 0.230859 0.721528 0.017969 0.026389
0 0.259766 0.779861 0.016406 0.031944
0 0.238672 0.774306 0.013281 0.034722
0 0.196484 0.840972 0.017969 0.023611
0 0.243750 0.945139 0.017188 0.026389
0 0.200000 0.943056 0.015625 0.027778
0 0.180859 0.860417 0.016406 0.020833
0 0.167969 0.875694 0.012500 0.026389
0 0.152734 0.902083 0.016406 0.026389
0 0.142969 0.929861 0.017188 0.020833
0 0.137891 0.981250 0.016406 0.020833
0 0.126953 0.897222 0.016406 0.025000
0 0.123438 0.921528 0.017188 0.026389
0 0.136328 0.841667 0.016406 0.030556
0 0.159375 0.806250 0.012500 0.031944
0 0.197656 0.777083 0.014062 0.023611
0 0.207813 0.756944 0.017188 0.025000
0 0.207422 0.623611 0.013281 0.030556
0 0.197266 0.601389 0.013281 0.022222
0 0.194922 0.587500 0.014844 0.025000
0 0.178516 0.577778 0.011719 0.025000
0 0.212109 0.559722 0.017969 0.036111
0 0.207422 0.477083 0.016406 0.023611
0 0.187500 0.493056 0.018750 0.027778
0 0.166016 0.552083 0.013281 0.026389
0 0.152734 0.532639 0.019531 0.026389
0 0.140625 0.507639 0.018750 0.026389
0 0.154687 0.479861 0.014062 0.031944
0 0.157813 0.453472 0.015625 0.031944
0 0.178516 0.443750 0.014844 0.026389
0 0.191406 0.427083 0.018750 0.034722
0 0.202734 0.406944 0.017969 0.027778
0 0.175781 0.395833 0.010937 0.025000
0 0.162891 0.404861 0.014844 0.029167
0 0.157813 0.379861 0.015625 0.029167
0 0.185937 0.360417 0.012500 0.029167
0 0.180859 0.344444 0.016406 0.022222
0 0.150391 0.345833 0.014844 0.027778
0 0.166797 0.276389 0.011719 0.027778
0 0.153516 0.276389 0.011719 0.025000
0 0.150000 0.295139 0.012500 0.026389
0 0.156250 0.243056 0.010937 0.030556
0 0.180078 0.238889 0.016406 0.025000
0 0.200000 0.213194 0.015625 0.023611
0 0.188672 0.217361 0.011719 0.029167
0 0.189844 0.136806 0.012500 0.029167
0 0.173047 0.156250 0.014844 0.026389
0 0.160938 0.133333 0.015625 0.038889
0 0.165234 0.200000 0.014844 0.025000
0 0.155859 0.189583 0.014844 0.026389
0 0.160547 0.093056 0.017969 0.030556
0 0.186328 0.036111 0.014844 0.022222
0 0.178125 0.050694 0.014062 0.023611
0 0.144141 0.090972 0.016406 0.029167
0 0.117969 0.097222 0.015625 0.019444
0 0.117969 0.114583 0.015625 0.023611
0 0.141797 0.018750 0.014844 0.023611
0 0.114844 0.018056 0.012500 0.025000
0 0.093750 0.014583 0.015625 0.026389
0 0.080078 0.032639 0.010156 0.023611
0 0.071875 0.041667 0.009375 0.027778
0 0.015234 0.026389 0.014844 0.025000
0 0.019141 0.088194 0.016406 0.023611
0 0.029297 0.116667 0.016406 0.022222
0 0.036328 0.150694 0.014844 0.026389
0 0.018359 0.140972 0.013281 0.029167
0 0.032422 0.179167 0.017969 0.022222
0 0.006250 0.140972 0.009375 0.029167
0 0.054297 0.198611 0.014844 0.022222
0 0.082031 0.233333 0.017188 0.027778
0 0.063281 0.235417 0.015625 0.029167
0 0.083594 0.269444 0.012500 0.027778
0 0.112109 0.257639 0.014844 0.029167
0 0.121094 0.301389 0.012500 0.027778
0 0.108984 0.357639 0.016406 0.023611
0 0.067188 0.336111 0.014062 0.022222
0 0.014844 0.329167 0.017188 0.030556
0 0.034766 0.341667 0.011719 0.022222
0 0.031250 0.355556 0.014062 0.025000
0 0.032422 0.386806 0.013281 0.029167
0 0.053125 0.510417 0.017188 0.020833
0 0.040234 0.515972 0.013281 0.023611
0 0.109375 0.502083 0.015625 0.029167
0 0.096484 0.512500 0.014844 0.033333
0 0.139062 0.432639 0.014062 0.026389
0 0.128906 0.436111 0.012500 0.027778
0 0.104297 0.582639 0.016406 0.023611
0 0.084766 0.613889 0.016406 0.025000
0 0.057422 0.599306 0.013281 0.031944
0 0.044531 0.612500 0.012500 0.025000
0 0.030469 0.603472 0.012500 0.023611
0 0.148438 0.636111 0.017188 0.027778
0 0.163281 0.658333 0.010937 0.025000
0 0.164063 0.677778 0.014062 0.025000
0 0.167187 0.718056 0.015625 0.033333
0 0.156250 0.763194 0.015625 0.026389
0 0.106641 0.683333 0.016406 0.027778
0 0.085547 0.665278 0.014844 0.027778
0 0.050391 0.657639 0.013281 0.026389
0 0.007031 0.613889 0.014062 0.025000
0 0.005469 0.625694 0.010937 0.018056
0 0.007031 0.657639 0.014062 0.026389
0 0.015234 0.679167 0.013281 0.019444
0 0.021094 0.702083 0.012500 0.037500
0 0.028516 0.750694 0.014844 0.023611
0 0.017578 0.760417 0.014844 0.020833
0 0.046094 0.762500 0.010937 0.030556
0 0.031250 0.775694 0.012500 0.023611
0 0.057031 0.813194 0.012500 0.023611
0 0.061328 0.832639 0.013281 0.026389
0 0.089453 0.777083 0.017969 0.029167
0 0.086328 0.842361 0.014844 0.029167
0 0.084766 0.886806 0.013281 0.020833
0 0.097656 0.909028 0.014062 0.026389
0 0.065625 0.945833 0.017188 0.025000
0 0.026563 0.862500 0.014062 0.033333
0 0.023047 0.923611 0.013281 0.027778
0 0.024219 0.935417 0.009375 0.029167
0 0.009766 0.936111 0.013281 0.027778
0 0.021094 0.963889 0.014062 0.022222
0 0.009375 0.972222 0.012500 0.030556
0 0.216406 0.875000 0.015625 0.019444
0 0.523828 0.490972 0.013281 0.026389
0 0.352344 0.101389 0.014062 0.025000
0 0.963672 0.819444 0.011719 0.025000
0 0.009375 0.444444 0.009375 0.025000
0 0.310156 0.402083 0.014062 0.023611
0 0.275000 0.371528 0.015625 0.026389
0 0.208984 0.822917 0.013281 0.020833
0 0.282031 0.972222 0.010937 0.025000
0 0.971094 0.311111 0.012500 0.016667
