0 0.974609 0.095139 0.014844 0.029167
0 0.943359 0.092361 0.010156 0.031944
0 0.941797 0.177778 0.016406 0.019444
0 0.952344 0.219444 0.014062 0.025000
0 0.985937 0.297917 0.014062 0.031944
0 0.972656 0.277083 0.018750 0.023611
0 0.955469 0.292361 0.017188 0.020833
0 0.970703 0.338889 0.013281 0.033333
0 0.960938 0.329167 0.017188 0.022222
0 0.980859 0.386111 0.016406 0.022222
0 0.987109 0.420139 0.011719 0.026389
0 0.994141 0.487500 0.007031 0.019444
0 0.987500 0.584722 0.015625 0.019444
0 0.968750 0.593750 0.015625 0.029167
0 0.988281 0.645833 0.014062 0.025000
0 0.988281 0.684722 0.014062 0.019444
0 0.969531 0.775000 0.017188 0.025000
0 0.971875 0.842361 0.015625 0.031944
0 0.983984 0.882639 0.013281 0.034722
0 0.961328 0.905556 0.010156 0.033333
0 0.968750 0.936111 0.010937 0.030556
0 0.928516 0.240278 0.014844 0.019444
0 0.915234 0.229167 0.010156 0.022222
0 0.904297 0.242361 0.013281 0.031944
0 0.924609 0.335417 0.016406 0.031944
0 0.895312 0.279167 0.015625 0.030556
0 0.966406 0.438194 0.015625 0.037500
0 0.955078 0.465278 0.014844 0.027778
0 0.929688 0.391667 0.014062 0.033333
0 0.928125 0.488889 0.015625 0.022222
0 0.926562 0.506944 0.017188 0.030556
0 0.906250 0.499306 0.017188 0.029167
0 0.961719 0.695139 0.018750 0.026389
0 0.939062 0.652083 0.015625 0.029167
0 0.923828 0.600000 0.016406 0.030556
0 0.905469 0.563889 0.017188 0.027778
0 0.875781 0.570139 0.015625 0.026389
0 0.855859 0.581944 0.017969 0.025000
0 0.923828 0.690972 0.013281 0.031944
0 0.905078 0.695833 0.016406 0.025000
0 0.923047 0.731944 0.014844 0.036111
0 0.905469 0.738194 0.018750 0.026389
0 0.907422 0.761111 0.016406 0.016667
0 0.911328 0.838889 0.014844 0.027778
0 0.925000 0.983333 0.017188 0.025000
0 0.903516 0.950694 0.017969 0.023611
0 0.900391 0.905556 0.014844 0.030556
0 0.881641 0.920139 0.016406 0.023611
0 0.894141 0.212500 0.016406 0.019444
0 0.883594 0.131250 0.017188 0.026389
0 0.880078 0.195139 0.014844 0.023611
0 0.855078 0.218750 0.014844 0.031944
0 0.858984 0.274306 0.017969 0.018056
0 0.899219 0.409028 0.010937 0.031944
0 0.896484 0.367361 0.011719 0.031944
0 0.891016 0.347222 0.013281 0.030556
0 0.869922 0.331250 0.016406 0.023611
0 0.833594 0.332639 0.015625 0.026389
0 0.817969 0.269444 0.014062 0.027778
0 0.842578 0.029861 0.014844 0.031944
0 0.820313 0.019444 0.012500 0.025000
0 0.847266 0.061806 0.016406 0.018056
0 0.842969 0.076389 0.017188 0.027778
0 0.824609 0.056944 0.014844 0.027778
0 0.842188 0.150000 0.014062 0.025000
0 0.828906 0.162500 0.014062 0.030556
0 0.815625 0.098611 0.012500 0.033333
0 0.806641 0.077778 0.014844 0.030556
0 0.802734 0.136806 0.013281 0.029167
0 0.783594 0.116667 0.015625 0.027778
0 0.780469 0.097917 0.012500 0.029167
0 0.777734 0.036111 0.011719 0.030556
0 0.769922 0.011806 0.019531 0.012500
0 0.765234 0.190278 0.013281 0.025000
0 0.758203 0.196528 0.013281 0.026389
0 0.765625 0.229167 0.017188 0.027778
0 0.854688 0.401389 0.018750 0.022222
0 0.838281 0.398611 0.015625 0.030556
0 0.932031 0.437500 0.015625 0.025000
0 0.872266 0.464583 0.017969 0.023611
0 0.876562 0.498611 0.017188 0.022222
0 0.814453 0.425000 0.011719 0.030556
0 0.848437 0.659722 0.015625 0.025000
0 0.855078 0.723611 0.013281 0.027778
0 0.846484 0.731250 0.013281 0.020833
0 0.855469 0.759028 0.015625 0.026389
0 0.878516 0.841667 0.013281 0.025000
0 0.860156 0.895139 0.010937 0.034722
0 0.849609 0.893750 0.008594 0.029167
0 0.846875 0.926389 0.009375 0.027778
0 0.847266 0.968750 0.011719 0.031944
0 0.833203 0.927083 0.014844 0.023611
0 0.833203 0.883333 0.016406 0.022222
0 0.836328 0.854167 0.014844 0.019444
0 0.825391 0.859028 0.016406 0.023611
0 0.840234 0.788194 0.013281 0.023611
0 0.805859 0.852083 0.016406 0.020833
0 0.796484 0.872917 0.014844 0.029167
0 0.808984 0.922222 0.014844 0.025000
0 0.798047 0.959722 0.014844 0.025000
0 0.774609 0.925000 0.014844 0.025000
0 0.765625 0.934722 0.010937 0.019444
0 0.759766 0.941667 0.013281 0.025000
0 0.757031 0.864583 0.014062 0.029167
0 0.812500 0.781250 0.010937 0.029167
0 0.808594 0.765278 0.018750 0.025000
0 0.801953 0.743056 0.017969 0.022222
0 0.784375 0.700694 0.010937 0.037500
0 0.801562 0.622222 0.018750 0.025000
0 0.803516 0.469444 0.017969 0.025000
0 0.800391 0.444444 0.019531 0.025000
0 0.770703 0.438889 0.017969 0.025000
0 0.797656 0.376389 0.017188 0.025000
0 0.773828 0.392361 0.017969 0.020833
0 0.783594 0.325000 0.015625 0.030556
0 0.755859 0.300000 0.011719 0.036111
0 0.747656 0.379167 0.014062 0.022222
0 0.725391 0.359028 0.014844 0.023611
0 0.719141 0.341667 0.016406 0.027778
0 0.725391 0.402778 0.014844 0.025000
0 0.791406 0.521528 0.014062 0.023611
0 0.778125 0.518750 0.012500 0.018056
0 0.771875 0.487500 0.012500 0.019444
0 0.778125 0.555556 0.014062 0.027778
0 0.745703 0.523611 0.014844 0.019444
0 0.753125 0.570139 0.009375 0.026389
0 0.746484 0.557639 0.014844 0.026389
0 0.753906 0.636111 0.014062 0.016667
0 0.744141 0.623611 0.014844 0.022222
0 0.748047 0.679861 0.014844 0.029167
0 0.721875 0.628472 0.014062 0.023611
0 0.719141 0.665972 0.014844 0.031944
0 0.710547 0.627778 0.013281 0.027778
0 0.718359 0.585417 0.016406 0.029167
0 0.719141 0.725000 0.016406 0.030556
0 0.702344 0.736806 0.014062 0.031944
0 0.698047 0.706944 0.016406 0.036111
0 0.710156 0.774306 0.012500 0.031944
0 0.676172 0.663194 0.013281 0.026389
0 0.665625 0.686111 0.014062 0.019444
0 0.663672 0.666667 0.011719 0.025000
0 0.657812 0.685417 0.015625 0.029167
0 0.694922 0.522222 0.013281 0.030556
0 0.696484 0.472917 0.013281 0.031944
0 0.696875 0.443750 0.015625 0.020833
0 0.722656 0.263889 0.015625 0.022222
0 0.733203 0.184722 0.013281 0.030556
0 0.722656 0.188194 0.010937 0.034722
0 0.708984 0.183333 0.014844 0.025000
0 0.726563 0.124306 0.014062 0.029167
0 0.741797 0.055556 0.014844 0.030556
0 0.723047 0.061111 0.013281 0.030556
0 0.693359 0.070139 0.014844 0.026389
0 0.678516 0.057639 0.016406 0.023611
0 0.683984 0.044444 0.013281 0.038889
0 0.696484 0.130556 0.011719 0.019444
0 0.668359 0.134028 0.014844 0.026389
0 0.653125 0.131944 0.014062 0.027778
0 0.671094 0.179861 0.014062 0.020833
0 0.698438 0.213194 0.012500 0.026389
0 0.671875 0.254167 0.012500 0.030556
0 0.671094 0.341667 0.015625 0.016667
0 0.660547 0.309722 0.010156 0.030556
0 0.649609 0.300694 0.016406 0.026389
0 0.645703 0.324306 0.014844 0.029167
0 0.644531 0.256250 0.014062 0.031944
0 0.630859 0.265278 0.016406 0.025000
0 0.677344 0.449306 0.012500 0.031944
0 0.665625 0.420833 0.015625 0.027778
0 0.683203 0.491667 0.013281 0.019444
0 0.680859 0.504167 0.019531 0.025000
0 0.667188 0.559722 0.012500 0.030556
0 0.672266 0.623611 0.010156 0.030556
0 0.663281 0.601389 0.015625 0.022222
0 0.646094 0.567361 0.020312 0.020833
0 0.645312 0.523611 0.015625 0.022222
0 0.639453 0.486111 0.014844 0.016667
0 0.643359 0.461111 0.014844 0.030556
0 0.605078 0.389583 0.021094 0.026389
0 0.605078 0.413194 0.013281 0.026389
0 0.605469 0.438889 0.015625 0.022222
0 0.607813 0.465972 0.015625 0.026389
0 0.601563 0.481944 0.010937 0.030556
0 0.600000 0.505556 0.015625 0.027778
0 0.623828 0.181944 0.014844 0.025000
0 0.615625 0.144444 0.012500 0.036111
0 0.626953 0.086806 0.014844 0.037500
0 0.626562 0.022222 0.009375 0.016667
0 0.632031 0.038889 0.012500 0.016667
0 0.619922 0.038889 0.014844 0.022222
0 0.610937 0.219444 0.014062 0.027778
0 0.605078 0.235417 0.013281 0.029167
0 0.613672 0.296528 0.011719 0.026389
0 0.600000 0.285417 0.012500 0.020833
0 0.605469 0.328472 0.010937 0.029167
0 0.625781 0.589583 0.017188 0.029167
0 0.601563 0.603472 0.014062 0.026389
0 0.593359 0.571528 0.016406 0.023611
0 0.582422 0.560417 0.014844 0.020833
0 0.583984 0.537500 0.016406 0.025000
0 0.568750 0.545833 0.017188 0.025000
0 0.566016 0.570139 0.014844 0.026389
0 0.588281 0.636806 0.018750 0.020833
0 0.571094 0.609028 0.012500 0.026389
0 0.566797 0.622917 0.011719 0.020833
0 0.556641 0.623611 0.014844 0.030556
0 0.691797 0.756250 0.010156 0.020833
0 0.668359 0.736111 0.014844 0.022222
0 0.655859 0.747222 0.014844 0.019444
0 0.645312 0.729861 0.014062 0.029167
0 0.630469 0.727778 0.015625 0.027778
0 0.667969 0.777083 0.012500 0.026389
0 0.651953 0.807639 0.013281 0.023611
0 0.650000 0.779167 0.012500 0.030556
0 0.641797 0.763194 0.014844 0.026389
0 0.713281 0.960417 0.018750 0.018056
0 0.735937 0.868750 0.014062 0.020833
0 0.701953 0.983333 0.011719 0.016667
0 0.663281 0.972917 0.007813 0.018056
0 0.692578 0.967361 0.011719 0.020833
0 0.632031 0.946528 0.014062 0.023611
0 0.631250 0.929167 0.015625 0.025000
0 0.616797 0.970833 0.017969 0.027778
0 0.601953 0.913194 0.014844 0.031944
0 0.589063 0.911111 0.020312 0.027778
0 0.594531 0.947917 0.017188 0.018056
0 0.580859 0.961806 0.014844 0.020833
0 0.629687 0.836806 0.010937 0.031944
0 0.630859 0.811111 0.016406 0.019444
0 0.613281 0.795139 0.017188 0.023611
0 0.596484 0.842361 0.014844 0.029167
0 0.607422 0.728472 0.013281 0.031944
0 0.591406 0.711806 0.012500 0.034722
0 0.561719 0.745833 0.015625 0.033333
0 0.533594 0.727778 0.015625 0.025000
0 0.544141 0.851389 0.013281 0.027778
0 0.542578 0.875000 0.017969 0.019444
0 0.545313 0.945139 0.012500 0.023611
0 0.533984 0.945833 0.013281 0.033333
0 0.523828 0.965972 0.014844 0.026389
0 0.517969 0.809722 0.012500 0.030556
0 0.503906 0.805556 0.014062 0.027778
0 0.507031 0.864583 0.014062 0.026389
0 0.492578 0.863889 0.013281 0.027778
0 0.504297 0.835417 0.014844 0.020833
0 0.491406 0.839583 0.014062 0.020833
0 0.469141 0.860417 0.014844 0.020833
0 0.504687 0.727778 0.012500 0.027778
0 0.492969 0.757639 0.017188 0.026389
0 0.547266 0.676389 0.014844 0.025000
0 0.527344 0.698611 0.015625 0.019444
0 0.530078 0.683333 0.013281 0.025000
0 0.517187 0.665972 0.012500 0.026389
0 0.526953 0.643750 0.013281 0.029167
0 0.512109 0.639583 0.010156 0.023611
0 0.543359 0.563889 0.013281 0.027778
0 0.553906 0.478472 0.012500 0.031944
0 0.548437 0.458333 0.009375 0.027778
0 0.563281 0.429167 0.014062 0.022222
0 0.561328 0.330556 0.011719 0.030556
0 0.565625 0.173611 0.010937 0.019444
0 0.539844 0.245833 0.014062 0.027778
0 0.528906 0.270833 0.017188 0.025000
0 0.501953 0.248611 0.014844 0.030556
0 0.499609 0.204167 0.017969 0.022222
0 0.472266 0.233333 0.014844 0.022222
0 0.514063 0.465278 0.015625 0.025000
0 0.496484 0.491667 0.016406 0.030556
0 0.493359 0.528472 0.014844 0.026389
0 0.484375 0.605556 0.012500 0.033333
0 0.466797 0.617361 0.011719 0.015278
0 0.469531 0.605556 0.012500 0.022222
0 0.467969 0.588194 0.014062 0.018056
0 0.463281 0.732639 0.010937 0.034722
0 0.435547 0.974306 0.010156 0.029167
0 0.409766 0.848611 0.011719 0.027778
0 0.395703 0.847222 0.014844 0.019444
0 0.389453 0.827778 0.011719 0.022222
0 0.382422 0.813194 0.013281 0.023611
0 0.376172 0.910417 0.013281 0.029167
0 0.369531 0.897222 0.014062 0.025000
0 0.345703 0.963194 0.013281 0.026389
0 0.421875 0.755556 0.015625 0.027778
0 0.418359 0.732639 0.016406 0.026389
0 0.473828 0.441667 0.014844 0.030556
0 0.468750 0.411806 0.012500 0.018056
0 0.496484 0.378472 0.014844 0.031944
0 0.469531 0.355556 0.017188 0.019444
0 0.469531 0.313889 0.014062 0.025000
0 0.455078 0.380556 0.011719 0.025000
0 0.471875 0.170833 0.017188 0.022222
0 0.504297 0.026389 0.013281 0.027778
0 0.476953 0.026389 0.011719 0.027778
0 0.467969 0.068750 0.014062 0.026389
0 0.433594 0.025694 0.015625 0.023611
0 0.419922 0.101389 0.014844 0.022222
0 0.430078 0.213889 0.016406 0.016667
0 0.412891 0.154167 0.016406 0.016667
0 0.408203 0.170139 0.014844 0.023611
0 0.413281 0.188889 0.012500 0.025000
0 0.402344 0.117361 0.012500 0.029167
0 0.421875 0.265972 0.010937 0.029167
0 0.407422 0.263889 0.011719 0.025000
0 0.592578 0.148611 0.011719 0.027778
0 0.396484 0.319444 0.014844 0.022222
0 0.385938 0.334722 0.014062 0.025000
0 0.369922 0.334028 0.014844 0.023611
0 0.420312 0.400000 0.015625 0.025000
0 0.425781 0.465972 0.018750 0.023611
0 0.406641 0.511111 0.011719 0.022222
0 0.410547 0.593056 0.011719 0.033333
0 0.418359 0.663194 0.016406 0.031944
0 0.373828 0.689583 0.016406 0.023611
0 0.375391 0.753472 0.013281 0.023611
0 0.330469 0.800694 0.014062 0.023611
0 0.318359 0.843056 0.014844 0.022222
0 0.305469 0.837500 0.012500 0.025000
0 0.330859 0.908333 0.011719 0.027778
0 0.319531 0.921528 0.014062 0.026389
0 0.293750 0.959722 0.014062 0.025000
0 0.350781 0.622917 0.010937 0.029167
0 0.368359 0.574306 0.014844 0.031944
0 0.359766 0.558333 0.013281 0.022222
0 0.336328 0.482639 0.013281 0.023611
0 0.318750 0.444444 0.012500 0.027778
0 0.340625 0.362500 0.009375 0.030556
0 0.321094 0.307639 0.012500 0.020833
0 0.367578 0.170833 0.013281 0.025000
0 0.352344 0.189583 0.014062 0.026389
0 0.352734 0.159028 0.011719 0.031944
0 0.348828 0.125000 0.011719 0.025000
0 0.348828 0.095833 0.011719 0.027778
0 0.342578 0.017361 0.017969 0.018056
0 0.324609 0.025000 0.011719 0.025000
0 0.326562 0.059722 0.015625 0.019444
0 0.323047 0.095833 0.013281 0.027778
0 0.304688 0.020833 0.017188 0.022222
0 0.307422 0.040278 0.014844 0.019444
0 0.287891 0.020833 0.011719 0.025000
0 0.288672 0.075000 0.014844 0.025000
0 0.298828 0.131250 0.016406 0.023611
0 0.282031 0.106944 0.012500 0.025000
0 0.310156 0.240972 0.010937 0.031944
0 0.302734 0.222917 0.016406 0.018056
0 0.282031 0.201389 0.017188 0.016667
0 0.276563 0.179861 0.009375 0.031944
0 0.263281 0.184722 0.012500 0.025000
0 0.246094 0.182639 0.010937 0.029167
0 0.293750 0.288889 0.015625 0.025000
0 0.291016 0.313889 0.014844 0.025000
0 0.266406 0.270139 0.012500 0.034722
0 0.287891 0.361806 0.016406 0.020833
0 0.291016 0.396528 0.011719 0.023611
0 0.295312 0.460417 0.012500 0.029167
0 0.276953 0.384722 0.013281 0.019444
0 0.271484 0.392361 0.011719 0.031944
0 0.304297 0.575694 0.011719 0.031944
0 0.307422 0.611806 0.011719 0.031944
0 0.283594 0.715972 0.010937 0.031944
0 0.278906 0.762500 0.010937 0.033333
0 0.273438 0.813889 0.012500 0.022222
0 0.259766 0.828472 0.013281 0.026389
0 0.260156 0.859028 0.009375 0.026389
0 0.273047 0.872917 0.011719 0.029167
0 0.266797 0.937500 0.013281 0.030556
0 0.275781 0.985417 0.012500 0.018056
0 0.253125 0.930556 0.009375 0.027778
0 0.242578 0.886806 0.013281 0.031944
0 0.245312 0.854861 0.012500 0.029167
0 0.240625 0.807639 0.012500 0.034722
0 0.239063 0.774306 0.012500 0.029167
0 0.254687 0.627083 0.012500 0.029167
0 0.250781 0.595139 0.018750 0.023611
0 0.261719 0.544444 0.007813 0.025000
0 0.254297 0.515972 0.014844 0.026389
0 0.261719 0.478472 0.015625 0.026389
0 0.256641 0.439583 0.011719 0.026389
0 0.234766 0.527083 0.013281 0.020833
0 0.229297 0.402083 0.016406 0.026389
0 0.208984 0.424306 0.014844 0.018056
0 0.217969 0.355556 0.010937 0.025000
0 0.198828 0.399306 0.011719 0.029167
0 0.195313 0.369444 0.012500 0.027778
0 0.226172 0.245139 0.017969 0.023611
0 0.254687 0.025000 0.015625 0.030556
0 0.189844 0.015278 0.010937 0.025000
0 0.195313 0.047222 0.010937 0.025000
0 0.212109 0.073611 0.014844 0.027778
0 0.219531 0.106250 0.017188 0.023611
0 0.216016 0.166667 0.010156 0.033333
0 0.211328 0.202083 0.017969 0.023611
0 0.208203 0.506250 0.011719 0.031944
0 0.192188 0.496528 0.012500 0.023611
0 0.204297 0.540278 0.013281 0.036111
0 0.216797 0.627083 0.013281 0.034722
0 0.202344 0.665972 0.014062 0.023611
0 0.203516 0.645833 0.013281 0.027778
0 0.231641 0.704167 0.010156 0.033333
0 0.218750 0.702778 0.012500 0.022222
0 0.210938 0.744444 0.014062 0.025000
0 0.199609 0.738194 0.013281 0.023611
0 0.192188 0.776389 0.015625 0.022222
0 0.219531 0.911111 0.010937 0.033333
0 0.209375 0.917361 0.012500 0.029167
0 0.197266 0.923611 0.013281 0.027778
0 0.198047 0.869444 0.013281 0.030556
0 0.155078 0.841667 0.013281 0.025000
0 0.142969 0.867361 0.010937 0.031944
0 0.151953 0.923611 0.011719 0.027778
0 0.187891 0.643056 0.008594 0.033333
0 0.176953 0.552778 0.011719 0.027778
0 0.173047 0.504167 0.011719 0.025000
0 0.168359 0.525000 0.013281 0.030556
0 0.161719 0.539583 0.014062 0.026389
0 0.156641 0.603472 0.014844 0.023611
0 0.152734 0.633333 0.011719 0.027778
0 0.166016 0.650000 0.014844 0.025000
0 0.151953 0.681944 0.016406 0.019444
0 0.125781 0.792361 0.012500 0.029167
0 0.115625 0.829861 0.010937 0.029167
0 0.121484 0.873611 0.013281 0.030556
0 0.099609 0.983333 0.014844 0.022222
0 0.089844 0.911111 0.012500 0.030556
0 0.078516 0.935417 0.014844 0.029167
0 0.080469 0.845833 0.014062 0.022222
0 0.064844 0.827778 0.012500 0.022222
0 0.110156 0.704167 0.009375 0.030556
0 0.075000 0.708333 0.015625 0.027778
0 0.107031 0.609722 0.014062 0.025000
0 0.084375 0.647917 0.015625 0.031944
0 0.079687 0.590972 0.012500 0.026389
0 0.116406 0.547917 0.014062 0.031944
0 0.142188 0.545833 0.012500 0.016667
0 0.136328 0.558333 0.011719 0.022222
0 0.146484 0.513889 0.013281 0.022222
0 0.141016 0.450694 0.014844 0.018056
0 0.157813 0.295139 0.012500 0.023611
0 0.146875 0.303472 0.015625 0.018056
0 0.155078 0.251389 0.014844 0.022222
0 0.172656 0.211111 0.012500 0.019444
0 0.150391 0.040972 0.011719 0.029167
0 0.147656 0.186111 0.010937 0.027778
0 0.131641 0.323611 0.011719 0.027778
0 0.116797 0.272917 0.010156 0.029167
0 0.118359 0.298611 0.011719 0.022222
0 0.115234 0.320139 0.010156 0.029167
0 0.131250 0.141667 0.014062 0.027778
0 0.111719 0.179861 0.010937 0.029167
0 0.093750 0.100000 0.014062 0.025000
0 0.094141 0.354167 0.010156 0.019444
0 0.096094 0.343750 0.015625 0.018056
0 0.092578 0.375000 0.011719 0.019444
0 0.093750 0.449306 0.015625 0.020833
0 0.090234 0.478472 0.013281 0.031944
0 0.091406 0.514583 0.012500 0.026389
0 0.072656 0.507639 0.009375 0.026389
0 0.058984 0.480556 0.010156 0.030556
0 0.044531 0.466667 0.010937 0.025000
0 0.043750 0.424306 0.010937 0.029167
0 0.029687 0.403472 0.014062 0.029167
0 0.018359 0.450694 0.013281 0.023611
0 0.045313 0.625000 0.014062 0.025000
0 0.035547 0.589583 0.013281 0.023611
0 0.028906 0.606944 0.014062 0.019444
0 0.042578 0.680556 0.013281 0.022222
0 0.051953 0.723611 0.011719 0.030556
0 0.049219 0.923611 0.014062 0.030556
0 0.052344 0.954861 0.009375 0.031944
0 0.031641 0.947917 0.016406 0.029167
0 0.026563 0.980556 0.014062 0.027778
0 0.033203 0.741667 0.011719 0.025000
0 0.013672 0.741667 0.011719 0.030556
0 0.011328 0.881250 0.013281 0.020833
0 0.007422 0.579861 0.014844 0.020833
0 0.026172 0.305556 0.011719 0.030556
0 0.029297 0.286111 0.013281 0.022222
0 0.007031 0.300694 0.012500 0.023611
0 0.008984 0.245139 0.014844 0.023611
0 0.049219 0.239583 0.018750 0.023611
0 0.024609 0.220139 0.013281 0.029167
0 0.018359 0.172917 0.013281 0.029167
0 0.055859 0.163194 0.016406 0.023611
0 0.018750 0.121528 0.012500 0.037500
0 0.032422 0.076389 0.016406 0.025000
0 0.030859 0.051389 0.016406 0.033333
0 0.308594 0.412500 0.010937 0.019444
0 0.217187 0.290972 0.014062 0.020833
0 0.107813 0.126389 0.012500 0.022222
0 0.969531 0.184028 0.014062 0.023611
0 0.824609 0.627083 0.011719 0.029167
0 0.941406 0.486806 0.012500 0.031944
0 0.154297 0.870833 0.013281 0.022222
0 0.059375 0.668056 0.014062 0.022222
0 0.243750 0.705556 0.012500 0.027778
0 0.161719 0.489583 0.012500 0.023611
0 0.118750 0.156944 0.010937 0.025000
0 0.217578 0.034028 0.014844 0.023611
0 0.926953 0.084722 0.013281 0.025000
0 0.767578 0.167361 0.010156 0.020833
0 0.573828 0.195833 0.013281 0.025000
0 0.696094 0.840972 0.010937 0.023611
0 0.645312 0.839583 0.012500 0.026389
0 0.741797 0.777778 0.011719 0.025000
0 0.728125 0.758333 0.010937 0.025000
0 0.420703 0.977083 0.011719 0.020833
0 0.334766 0.975000 0.013281 0.025000
0 0.361719 0.874306 0.012500 0.020833
