0 0.615600 0.043600 0.017400 0.022400
0 0.094400 0.479200 0.016200 0.021000
0 0.295300 0.419900 0.017300 0.021600
0 0.367400 0.095700 0.015800 0.021000
0 0.056200 0.442300 0.017200 0.021300
0 0.567900 0.596100 0.015200 0.023900
0 0.679700 0.091800 0.015200 0.023100
0 0.494600 0.906200 0.016200 0.022900
0 0.132900 0.368400 0.016200 0.022800
0 0.059200 0.747000 0.013900 0.022000
0 0.143700 0.181000 0.016600 0.020700
0 0.144300 0.441100 0.017800 0.019900
0 0.096900 0.531600 0.016100 0.021700
0 0.729600 0.506800 0.017300 0.021700
0 0.907900 0.682200 0.016100 0.021000
0 0.795400 0.557500 0.017000 0.018300
0 0.743800 0.367800 0.015600 0.024200
0 0.919500 0.068300 0.014800 0.020300
0 0.232800 0.953500 0.015500 0.022700
0 0.580900 0.070800 0.017000 0.024400
0 0.266200 0.531100 0.017700 0.021100
0 0.809000 0.494800 0.014800 0.019000
0 0.032800 0.079300 0.015800 0.025000
0 0.128100 0.254800 0.015000 0.022200
0 0.957500 0.616500 0.016400 0.022200
0 0.064500 0.717100 0.013400 0.021400
0 0.720500 0.809600 0.016400 0.024300
0 0.918000 0.155100 0.014900 0.024200
0 0.020800 0.743500 0.017300 0.024800
0 0.409100 0.455000 0.017100 0.019900
0 0.231700 0.857600 0.014300 0.025400
0 0.242000 0.130500 0.017300 0.022300
0 0.045900 0.380900 0.016700 0.022000
0 0.220600 0.093900 0.015200 0.024100
0 0.730400 0.830600 0.014800 0.023800
0 0.693800 0.318300 0.015400 0.024000
0 0.967400 0.095600 0.017700 0.022100
0 0.706800 0.132200 0.014000 0.023400
0 0.328800 0.570000 0.015900 0.019500
0 0.402300 0.779900 0.016600 0.021400
0 0.920000 0.219000 0.015200 0.021600
0 0.368500 0.440700 0.015600 0.023600
0 0.693600 0.391900 0.015200 0.021300
0 0.416000 0.605200 0.018600 0.022200
0 0.808700 0.508200 0.015500 0.018800
0 0.406700 0.034000 0.015700 0.020700
0 0.759400 0.168100 0.012400 0.023200
0 0.407000 0.754900 0.015700 0.022300
0 0.535600 0.591600 0.015700 0.022400
0 0.494700 0.380700 0.015600 0.023500
0 0.689900 0.946600 0.016900 0.022000
0 0.229500 0.716800 0.015500 0.022000
0 0.122500 0.880300 0.013900 0.028100
0 0.165600 0.829900 0.015300 0.022300
0 0.343300 0.358400 0.015700 0.023200
0 0.803000 0.141700 0.014600 0.022200
0 0.440500 0.032700 0.015000 0.020100
0 0.306900 0.446200 0.015500 0.023800
0 0.628800 0.290500 0.012400 0.023500
0 0.603100 0.941700 0.015000 0.022800
0 0.543300 0.303300 0.015900 0.021000
0 0.579400 0.593000 0.015800 0.023700
0 0.943200 0.307000 0.016800 0.021300
0 0.294200 0.657800 0.015100 0.023200
0 0.931900 0.593500 0.016600 0.020700
0 0.683900 0.617500 0.016600 0.023300
0 0.006100 0.856900 0.013000 0.022000
0 0.771700 0.104400 0.013300 0.022300
0 0.331600 0.342200 0.016700 0.023400
0 0.407700 0.072200 0.014900 0.022200
0 0.705600 0.082900 0.014200 0.024300
0 0.277700 0.753500 0.016100 0.019500
0 0.308000 0.171200 0.016400 0.022300
0 0.269500 0.639900 0.016900 0.021000
0 0.179800 0.708500 0.014900 0.023200
0 0.444300 0.621600 0.018100 0.023900
0 0.820700 0.706200 0.014600 0.024600
0 0.427800 0.444000 0.014100 0.024900
0 0.096600 0.905400 0.012300 0.027800
0 0.359000 0.503200 0.017900 0.021700
0 0.742200 0.570600 0.018400 0.021500
0 0.755300 0.432800 0.016300 0.020300
0 0.227000 0.070900 0.014700 0.021100
0 0.518600 0.170300 0.016900 0.022100
0 0.670800 0.119600 0.014900 0.025700
0 0.896400 0.767700 0.016500 0.022000
0 0.260300 0.320000 0.015800 0.020400
0 0.915100 0.366700 0.018100 0.019300
0 0.827600 0.765000 0.015700 0.022500
0 0.879000 0.632100 0.017100 0.019800
0 0.881600 0.235300 0.014800 0.024300
0 0.520200 0.591400 0.015000 0.022600
0 0.455300 0.295200 0.013500 0.024800
0 0.260600 0.408800 0.015700 0.022700
0 0.492700 0.516400 0.014200 0.024000
0 0.594000 0.767500 0.018200 0.020800
0 0.760000 0.759000 0.015800 0.023800
0 0.783500 0.241500 0.014800 0.024400
0 0.282600 0.632600 0.015100 0.024100
0 0.816500 0.966500 0.016700 0.022100
0 0.048400 0.221200 0.016100 0.021700
0 0.834700 0.694900 0.013800 0.025800
0 0.947200 0.556500 0.015800 0.021100
0 0.608300 0.757400 0.017900 0.021200
0 0.640600 0.919000 0.014500 0.025400
0 0.418200 0.470600 0.015400 0.022400
0 0.460800 0.430600 0.014300 0.025400
0 0.143100 0.083500 0.016900 0.024200
0 0.633000 0.529100 0.014800 0.024900
0 0.871300 0.559100 0.017000 0.021700
0 0.784600 0.472400 0.016000 0.021300
0 0.528100 0.520400 0.013900 0.027900
0 0.273100 0.080500 0.015400 0.023800
0 0.917700 0.417500 0.017300 0.022200
0 0.493100 0.190200 0.017400 0.021200
0 0.741100 0.254100 0.017600 0.022100
0 0.255400 0.204900 0.015300 0.022100
0 0.310200 0.142800 0.015300 0.024200
0 0.332000 0.832600 0.016400 0.023100
0 0.228000 0.907300 0.014400 0.023100
0 0.871000 0.408200 0.017200 0.020200
0 0.679400 0.634900 0.016800 0.022500
0 0.879200 0.977600 0.015500 0.021700
0 0.921800 0.192100 0.014200 0.025500
0 0.079600 0.353500 0.017900 0.022100
0 0.046700 0.155100 0.014600 0.025500
0 0.615300 0.365000 0.016900 0.023000
0 0.352900 0.334600 0.016100 0.023000
0 0.429000 0.258600 0.014500 0.027100
0 0.132900 0.171300 0.015900 0.022500
0 0.329600 0.780000 0.013700 0.027800
0 0.090900 0.393000 0.015100 0.025000
0 0.276700 0.768600 0.013900 0.022300
0 0.943200 0.941300 0.014800 0.020100
0 0.010900 0.208000 0.018200 0.021400
0 0.483900 0.734300 0.014900 0.022700
0 0.377300 0.328200 0.017700 0.022700
0 0.493100 0.716000 0.014800 0.023600
0 0.832600 0.378400 0.016800 0.021200
0 0.498700 0.856500 0.015200 0.024700
0 0.291600 0.071300 0.014900 0.023800
0 0.690700 0.497600 0.014700 0.023500
0 0.909200 0.460100 0.016600 0.020800
0 0.429300 0.772700 0.014000 0.024300
0 0.442900 0.319200 0.015400 0.024200
0 0.893000 0.742000 0.013300 0.027000
0 0.868400 0.104500 0.015700 0.024700
0 0.833200 0.304300 0.012900 0.026600
0 0.639500 0.281300 0.015000 0.018900
0 0.731300 0.790000 0.015500 0.026000
0 0.693000 0.531700 0.014400 0.028300
0 0.741600 0.277100 0.015900 0.020600
0 0.335300 0.223100 0.016500 0.022600
0 0.740100 0.310200 0.016000 0.021700
0 0.253200 0.515100 0.016000 0.021300
0 0.318900 0.906100 0.013900 0.027000
0 0.851300 0.818600 0.014800 0.022800
0 0.114500 0.472300 0.014000 0.023200
0 0.246300 0.088900 0.015900 0.021400
0 0.580200 0.841500 0.014400 0.019400
0 0.781500 0.653600 0.015000 0.023300
0 0.476500 0.091200 0.015200 0.022200
0 0.821400 0.359500 0.016000 0.022300
0 0.416900 0.306800 0.012700 0.030200
0 0.753200 0.540500 0.017400 0.019000
0 0.496300 0.577600 0.016200 0.022000
0 0.069300 0.397000 0.016800 0.021600
0 0.307500 0.596000 0.016100 0.019000
0 0.059400 0.372000 0.016300 0.021900
0 0.142800 0.520700 0.015900 0.023500
0 0.117500 0.747100 0.015400 0.022300
0 0.776300 0.615700 0.015900 0.023100
0 0.530300 0.309200 0.015000 0.022800
0 0.259600 0.980500 0.013500 0.020200
0 0.669500 0.332600 0.013300 0.027800
0 0.716400 0.056900 0.012100 0.025400
0 0.022300 0.781600 0.013900 0.024200
0 0.763600 0.632500 0.015400 0.022900
0 0.119500 0.092300 0.016000 0.022500
0 0.751700 0.556700 0.018000 0.021000
0 0.828300 0.659000 0.012300 0.025200
0 0.592000 0.106600 0.014200 0.023100
0 0.031700 0.291300 0.014900 0.026200
0 0.667600 0.290000 0.014100 0.023700
0 0.443500 0.755700 0.014300 0.024200
0 0.506700 0.018500 0.015400 0.023400
0 0.796800 0.358800 0.012400 0.027400
0 0.768700 0.441300 0.017900 0.018700
0 0.968500 0.744300 0.016100 0.026200
0 0.541400 0.419500 0.016800 0.021300
0 0.327700 0.376500 0.016900 0.020400
0 0.026900 0.665900 0.017000 0.022900
0 0.982400 0.295000 0.017100 0.023800
0 0.890200 0.942400 0.016100 0.022900
0 0.497100 0.680700 0.017000 0.021800
0 0.515800 0.696000 0.016000 0.022500
0 0.401700 0.094900 0.014200 0.022900
0 0.645500 0.104500 0.012300 0.031100
0 0.581200 0.272800 0.014800 0.025300
0 0.483900 0.143500 0.017200 0.019600
0 0.820100 0.777800 0.014300 0.025600
0 0.802000 0.055500 0.014900 0.023900
0 0.635300 0.226900 0.014400 0.019700
0 0.310100 0.857400 0.018400 0.021500
0 0.505600 0.982000 0.012500 0.028400
0 0.356800 0.689400 0.016900 0.022200
0 0.306500 0.102100 0.016800 0.021200
0 0.982500 0.408700 0.017500 0.021400
0 0.944700 0.841500 0.015900 0.022000
0 0.498400 0.666200 0.015800 0.021700
0 0.851800 0.420100 0.018000 0.020200
0 0.048800 0.734500 0.014700 0.021500
0 0.522100 0.943800 0.014600 0.022800
0 0.536000 0.466900 0.013500 0.027600
0 0.852100 0.194700 0.015000 0.021300
0 0.852200 0.509600 0.014200 0.027200
0 0.368800 0.897100 0.016000 0.025200
0 0.667300 0.566100 0.014400 0.025500
0 0.845200 0.801500 0.016800 0.020200
0 0.317500 0.017400 0.016900 0.022100
0 0.177600 0.028000 0.018400 0.020500
0 0.082500 0.840500 0.012600 0.022200
0 0.496100 0.034800 0.013900 0.025400
0 0.268300 0.902700 0.014900 0.023300
0 0.590300 0.721900 0.018300 0.021700
0 0.416000 0.795800 0.016500 0.020300
0 0.461200 0.767700 0.014300 0.026400
0 0.701600 0.809000 0.015100 0.025200
0 0.380700 0.554100 0.015800 0.019400
0 0.215000 0.817900 0.010900 0.027400
0 0.307200 0.983500 0.013600 0.025400
0 0.947800 0.672400 0.013600 0.027900
0 0.955900 0.385800 0.015700 0.022200
0 0.843700 0.041900 0.013500 0.030600
0 0.532700 0.648100 0.015000 0.022700
0 0.264100 0.466500 0.016600 0.022700
0 0.978000 0.585000 0.019500 0.021900
0 0.547400 0.254200 0.014500 0.023600
0 0.307200 0.814900 0.016500 0.020000
0 0.809700 0.648400 0.016800 0.021600
0 0.752600 0.333200 0.013000 0.028000
0 0.173800 0.803600 0.014900 0.021200
0 0.941700 0.402000 0.016500 0.021600
0 0.677100 0.152100 0.016400 0.020700
0 0.626300 0.020600 0.015700 0.026500
0 0.364500 0.484900 0.018700 0.022400
0 0.192300 0.460400 0.018300 0.020700
0 0.466900 0.247300 0.012400 0.030600
0 0.383200 0.344600 0.017000 0.021200
0 0.681800 0.202100 0.013200 0.026300
0 0.665400 0.864100 0.015600 0.020800
0 0.160000 0.739900 0.013400 0.025900
0 0.643100 0.302300 0.015100 0.022000
0 0.590500 0.440700 0.012500 0.030400
0 0.486100 0.822100 0.014800 0.022100
0 0.144800 0.795100 0.014200 0.018600
0 0.022000 0.102700 0.013100 0.022300
0 0.595700 0.285300 0.016000 0.022400
0 0.221400 0.771100 0.015000 0.019800
0 0.176600 0.446500 0.018200 0.019200
0 0.860100 0.669400 0.013400 0.027200
0 0.606700 0.623000 0.016400 0.023000
0 0.911000 0.939100 0.017000 0.020800
0 0.446100 0.039700 0.015000 0.020000
0 0.723500 0.743800 0.013200 0.026700
0 0.472600 0.855500 0.013200 0.022600
0 0.889100 0.602100 0.017500 0.020200
0 0.797500 0.283200 0.016300 0.023400
0 0.571000 0.444100 0.010600 0.036400
0 0.246000 0.808700 0.013300 0.022900
0 0.540900 0.681000 0.010600 0.032600
0 0.254000 0.808000 0.014000 0.020500
0 0.921000 0.310100 0.016000 0.020400
0 0.203600 0.753800 0.012300 0.028800
0 0.055800 0.240400 0.014000 0.023200
0 0.551800 0.790100 0.018100 0.019200
0 0.643100 0.389500 0.013500 0.025300
0 0.620100 0.222800 0.014200 0.020100
0 0.560600 0.184300 0.016700 0.022900
0 0.401100 0.165700 0.013400 0.022800
0 0.221700 0.290100 0.014200 0.026100
0 0.038900 0.441100 0.014600 0.024000
0 0.033800 0.116300 0.012300 0.030800
0 0.380300 0.297700 0.013900 0.023500
0 0.934100 0.940700 0.014100 0.021700
0 0.405700 0.404100 0.012000 0.030700
0 0.393500 0.189500 0.012900 0.025800
0 0.130500 0.986000 0.016900 0.022600
0 0.718000 0.711100 0.016500 0.022700
0 0.258000 0.295600 0.012900 0.021500
0 0.248900 0.220000 0.017100 0.021500
0 0.690400 0.878200 0.011400 0.030200
0 0.060800 0.110000 0.015500 0.021500
0 0.605700 0.914500 0.016000 0.021000
0 0.048900 0.704900 0.014800 0.021000
0 0.295400 0.497100 0.013700 0.030700
0 0.606600 0.651500 0.014200 0.022800
0 0.190700 0.265700 0.012400 0.030700
0 0.522200 0.222100 0.016700 0.021300
0 0.006700 0.966100 0.009200 0.023100
0 0.270100 0.198300 0.016700 0.021800
0 0.148500 0.947700 0.016000 0.020900
0 0.235800 0.307500 0.015800 0.020200
0 0.613600 0.172300 0.013800 0.021100
0 0.798600 0.168000 0.012500 0.020600
0 0.631400 0.458200 0.013100 0.028700
0 0.479700 0.934700 0.013400 0.026200
0 0.630800 0.609000 0.014000 0.024300
0 0.889900 0.372800 0.017400 0.019400
0 0.817100 0.239100 0.013300 0.025200
0 0.147900 0.567500 0.014400 0.031900
0 0.897200 0.184900 0.012400 0.031200
0 0.839800 0.752500 0.014500 0.025200
0 0.923800 0.820000 0.015200 0.024100
0 0.566600 0.547800 0.016300 0.023600
0 0.861200 0.204900 0.014000 0.025800
0 0.616500 0.522400 0.013100 0.024700
0 0.245000 0.286000 0.014800 0.021200
0 0.492300 0.452200 0.012300 0.027600
0 0.426100 0.018200 0.014600 0.024700
0 0.410900 0.803700 0.016400 0.020100
0 0.497700 0.347600 0.014800 0.024800
0 0.215000 0.457300 0.018600 0.021600
0 0.289700 0.152800 0.017000 0.021600
0 0.239500 0.985700 0.016300 0.019100
0 0.664000 0.816700 0.013600 0.030400
0 0.552200 0.373200 0.015500 0.026800
0 0.601700 0.073500 0.013800 0.023900
0 0.661400 0.744900 0.015800 0.020300
0 0.714100 0.903900 0.012800 0.023000
0 0.895800 0.110100 0.012300 0.032400
0 0.854000 0.159700 0.012900 0.027900
0 0.989400 0.540300 0.011500 0.024300
0 0.330600 0.413800 0.014900 0.023900
0 0.829100 0.073800 0.014800 0.022500
0 0.829100 0.577000 0.014700 0.017500
0 0.410700 0.290800 0.013900 0.025400
0 0.519100 0.364000 0.015600 0.021900
0 0.223200 0.035100 0.017100 0.020200
0 0.452100 0.639400 0.016900 0.023600
0 0.045600 0.604000 0.016100 0.022700
0 0.089800 0.219800 0.013200 0.023600
0 0.359600 0.578100 0.017100 0.018800
0 0.185000 0.636200 0.017300 0.023100
0 0.654000 0.982000 0.011600 0.022200
0 0.364400 0.040700 0.015400 0.021800
0 0.149100 0.122700 0.019000 0.021200
0 0.973400 0.166000 0.018300 0.024300
0 0.661400 0.422800 0.012800 0.027000
0 0.759500 0.973200 0.017200 0.020400
0 0.300700 0.341900 0.013400 0.029800
0 0.833800 0.566000 0.017200 0.019000
0 0.920100 0.755900 0.016200 0.019900
0 0.843400 0.953000 0.016800 0.022500
0 0.126600 0.418200 0.015700 0.019800
0 0.267200 0.923200 0.014000 0.024500
0 0.948700 0.277200 0.016900 0.019700
0 0.280000 0.121200 0.015600 0.025000
0 0.176300 0.414700 0.016300 0.022500
0 0.060300 0.031200 0.018400 0.019400
0 0.702400 0.359900 0.015200 0.022700
0 0.746100 0.676300 0.015900 0.023300
0 0.703000 0.252000 0.014500 0.026500
0 0.077200 0.073600 0.017200 0.018100
0 0.044100 0.252100 0.014300 0.024600
0 0.036600 0.205300 0.015800 0.023200
0 0.710000 0.892000 0.014500 0.017400
0 0.314400 0.072600 0.017700 0.020600
0 0.798400 0.384100 0.015900 0.021200
0 0.957200 0.522900 0.015800 0.019500
0 0.091500 0.021400 0.017200 0.023700
0 0.567000 0.844700 0.014300 0.019700
0 0.235300 0.640500 0.016000 0.024400
0 0.051800 0.414500 0.015900 0.022600
0 0.944200 0.326600 0.015100 0.023500
0 0.306700 0.668500 0.014300 0.026600
0 0.676400 0.930000 0.017100 0.020600
0 0.961400 0.872700 0.015700 0.022500
0 0.658700 0.080700 0.014700 0.022500
0 0.184500 0.364600 0.015600 0.023200
0 0.220700 0.118800 0.016200 0.020400
0 0.927800 0.527200 0.013600 0.028200
0 0.958200 0.329800 0.010900 0.034800
0 0.040800 0.477800 0.015100 0.022200
0 0.243300 0.435600 0.016800 0.023000
0 0.206200 0.225900 0.015400 0.023300
0 0.252600 0.940300 0.015200 0.021800
0 0.972400 0.070900 0.019500 0.021700
0 0.204100 0.886300 0.016500 0.023000
0 0.850800 0.964900 0.015300 0.020800
0 0.494400 0.238900 0.014500 0.024700
0 0.509700 0.595300 0.014100 0.025300
0 0.454200 0.321400 0.015000 0.022700
0 0.571400 0.101500 0.011400 0.030500
0 0.605900 0.838600 0.015100 0.021600
0 0.913900 0.656000 0.016500 0.021100
0 0.880600 0.135100 0.015300 0.023900
0 0.916400 0.318500 0.016800 0.022800
0 0.647600 0.903200 0.014500 0.024100
0 0.226600 0.464500 0.017300 0.022300
0 0.305200 0.680600 0.013000 0.028600
0 0.620000 0.148800 0.014800 0.019700
0 0.939400 0.227200 0.014700 0.023800
0 0.133500 0.608100 0.013600 0.032900
0 0.455500 0.714600 0.014100 0.022300
0 0.110100 0.027500 0.013100 0.031500
0 0.151500 0.535900 0.016800 0.025200
0 0.769600 0.411400 0.015800 0.019900
0 0.140400 0.288600 0.014800 0.022900
0 0.649000 0.848300 0.013000 0.028700
0 0.985400 0.140300 0.015100 0.028400
0 0.807700 0.342700 0.015500 0.023000
0 0.823700 0.381900 0.013800 0.020800
0 0.811500 0.309700 0.013200 0.030700
0 0.667700 0.189400 0.015300 0.020400
0 0.699100 0.779300 0.015900 0.022800
0 0.135900 0.810600 0.016100 0.019400
0 0.008300 0.570400 0.014500 0.022400
0 0.501100 0.881400 0.016600 0.021800
0 0.721800 0.976700 0.014100 0.023500
0 0.911100 0.322100 0.015700 0.022100
0 0.276300 0.608100 0.014200 0.023800
0 0.386600 0.571100 0.015100 0.024200
0 0.994500 0.228600 0.008700 0.025600
0 0.538500 0.247600 0.014200 0.023800
0 0.618600 0.598800 0.014800 0.023000
0 0.238200 0.507200 0.013600 0.027200
0 0.051100 0.663500 0.018000 0.021600
0 0.501600 0.923300 0.015000 0.025300
0 0.013500 0.844700 0.013000 0.021200
0 0.049400 0.977600 0.013100 0.024700
0 0.237891 0.586111 0.011719 0.019444
0 0.341016 0.138889 0.008594 0.025000
0 0.152734 0.659722 0.013281 0.038889
0 0.130859 0.659722 0.008594 0.027778
0 0.439844 0.793056 0.010937 0.030556
0 0.535547 0.923611 0.010156 0.033333
0 0.091797 0.861806 0.014844 0.026389
0 0.067578 0.885417 0.011719 0.023611
0 0.428516 0.350000 0.010156 0.030556
0 0.773047 0.672222 0.010156 0.027778
0 0.786328 0.870833 0.014844 0.025000
0 0.812891 0.847917 0.011719 0.020833
0 0.952344 0.723611 0.017188 0.033333
0 0.269141 0.036806 0.013281 0.020833
0 0.753906 0.038889 0.010937 0.036111
0 0.401172 0.900000 0.017969 0.022222
0 0.386328 0.899306 0.011719 0.026389
0 0.511719 0.804861 0.010937 0.031944
0 0.566797 0.730556 0.014844 0.036111
0 0.658984 0.476389 0.010156 0.036111
0 0.710547 0.493056 0.013281 0.027778
0 0.782031 0.512500 0.014062 0.022222
0 0.614844 0.281250 0.010937 0.037500
0 0.953516 0.215278 0.011719 0.033333
0 0.926172 0.451389 0.013281 0.022222
0 0.974219 0.441667 0.017188 0.019444
0 0.968750 0.486806 0.010937 0.026389
0 0.974609 0.473611 0.008594 0.030556
0 0.936719 0.486806 0.015625 0.026389
0 0.851172 0.848611 0.014844 0.027778
0 0.950781 0.262500 0.012500 0.033333
0 0.512109 0.253472 0.010156 0.031944
0 0.284375 0.187500 0.010937 0.022222
0 0.114453 0.368056 0.014844 0.025000
0 0.010937 0.590278 0.015625 0.025000
0 0.585156 0.811806 0.014062 0.018056
0 0.854297 0.136111 0.016406 0.025000
0 0.559375 0.279167 0.009375 0.030556
0 0.557813 0.299306 0.012500 0.026389
