0 0.382400 0.906000 0.015900 0.020500
0 0.516500 0.055500 0.014500 0.023100
0 0.379800 0.682300 0.014200 0.020100
0 0.369000 0.071000 0.014600 0.020800
0 0.178100 0.229700 0.014400 0.022300
0 0.004300 0.784300 0.009900 0.018800
0 0.058100 0.381300 0.015600 0.022400
0 0.220800 0.629000 0.016300 0.020700
0 0.834500 0.443500 0.016700 0.018000
0 0.754000 0.109700 0.016900 0.020500
0 0.943300 0.391400 0.014300 0.024600
0 0.708700 0.367400 0.015700 0.022400
0 0.869900 0.542000 0.019000 0.021800
0 0.578900 0.290100 0.015700 0.021400
0 0.905600 0.393800 0.016800 0.021000
0 0.315900 0.391500 0.015400 0.020800
0 0.180700 0.894500 0.015300 0.021000
0 0.217300 0.344600 0.015000 0.021400
0 0.765900 0.891200 0.015400 0.021900
0 0.079700 0.917200 0.016500 0.023900
0 0.616600 0.653300 0.013300 0.023300
0 0.142400 0.166500 0.016300 0.020200
0 0.455500 0.406000 0.018100 0.020800
0 0.334100 0.831700 0.016600 0.022100
0 0.482700 0.109300 0.015400 0.023500
0 0.571400 0.781700 0.016900 0.021300
0 0.844800 0.270500 0.015300 0.022000
0 0.508400 0.619600 0.016100 0.023600
0 0.507300 0.170400 0.015200 0.022700
0 0.157100 0.106800 0.015000 0.020500
0 0.642600 0.868900 0.017100 0.020800
0 0.841400 0.602700 0.016500 0.021000
0 0.785400 0.617300 0.018100 0.019300
0 0.317100 0.878400 0.016200 0.020500
0 0.546000 0.205900 0.015400 0.023100
0 0.690000 0.371300 0.016200 0.022700
0 0.557300 0.134200 0.015200 0.024500
0 0.256900 0.843800 0.015600 0.020600
0 0.557800 0.703200 0.014000 0.025000
0 0.780300 0.043300 0.018400 0.021200
0 0.743900 0.594100 0.016400 0.020500
0 0.208200 0.784700 0.016100 0.021800
0 0.656700 0.841400 0.015000 0.022500
0 0.581400 0.910900 0.015500 0.021700
0 0.646700 0.381600 0.014500 0.025900
0 0.315500 0.828700 0.016400 0.021500
0 0.628800 0.283800 0.016200 0.025100
0 0.718600 0.447300 0.017400 0.021900
0 0.294000 0.404100 0.014900 0.021400
0 0.681100 0.493200 0.015400 0.025200
0 0.478200 0.217600 0.016300 0.020500
0 0.370900 0.031800 0.014400 0.023200
0 0.369100 0.708100 0.013500 0.021200
0 0.045700 0.695500 0.015200 0.022500
0 0.741100 0.072000 0.018900 0.020900
0 0.695300 0.715900 0.017300 0.021700
0 0.495800 0.341500 0.016700 0.020300
0 0.297400 0.244300 0.015800 0.023300
0 0.529600 0.771700 0.014800 0.022400
0 0.260500 0.516900 0.012700 0.025600
0 0.966500 0.159600 0.016200 0.021400
0 0.121400 0.941700 0.015700 0.022300
0 0.542600 0.504800 0.014700 0.022900
0 0.116200 0.506300 0.015300 0.023300
0 0.091000 0.618000 0.016600 0.021900
0 0.006800 0.641700 0.014100 0.023100
0 0.894800 0.670400 0.013400 0.025400
0 0.617500 0.942900 0.016000 0.021800
0 0.470300 0.955000 0.016300 0.022400
0 0.258700 0.743100 0.016200 0.019700
0 0.434500 0.279300 0.017200 0.020900
0 0.407700 0.885300 0.016700 0.022400
0 0.151400 0.382600 0.015400 0.021900
0 0.041300 0.742300 0.018200 0.020400
0 0.416300 0.984600 0.015300 0.018200
0 0.167600 0.843400 0.016300 0.021000
0 0.419200 0.582500 0.016700 0.021600
0 0.567600 0.193000 0.016600 0.021000
0 0.128200 0.096500 0.015500 0.021200
0 0.920300 0.284400 0.015000 0.023700
0 0.947200 0.102300 0.018700 0.020900
0 0.556400 0.634000 0.015000 0.022300
0 0.894900 0.205400 0.014400 0.023100
0 0.455800 0.697600 0.013600 0.024400
0 0.357600 0.845300 0.017100 0.021200
0 0.058700 0.135000 0.016800 0.021700
0 0.767000 0.378000 0.016700 0.021800
0 0.059600 0.980900 0.017300 0.022000
0 0.366000 0.141300 0.016300 0.020600
0 0.107100 0.079100 0.014800 0.022400
0 0.006900 0.293900 0.014300 0.024400
0 0.797100 0.867900 0.015900 0.022700
0 0.429700 0.068900 0.014000 0.026300
0 0.309300 0.130600 0.013700 0.024300
0 0.967000 0.232400 0.016000 0.024100
0 0.759900 0.283300 0.013900 0.022000
0 0.757500 0.320000 0.013300 0.026900
0 0.745800 0.882500 0.015300 0.021300
0 0.977900 0.520600 0.015400 0.025800
0 0.096600 0.697100 0.014700 0.024600
0 0.859200 0.402900 0.016200 0.022200
0 0.530400 0.395800 0.015700 0.021300
0 0.078600 0.617100 0.015200 0.024400
0 0.384500 0.317100 0.017400 0.022900
0 0.332000 0.902500 0.015700 0.022100
0 0.905900 0.643900 0.014700 0.025000
0 0.403300 0.842800 0.013600 0.026600
0 0.580500 0.065700 0.015900 0.022500
0 0.546600 0.409300 0.013500 0.025800
0 0.167700 0.753200 0.015200 0.023500
0 0.007700 0.857500 0.015700 0.021300
0 0.828300 0.428300 0.017300 0.019000
0 0.777700 0.467300 0.015600 0.022800
0 0.153000 0.041000 0.016800 0.021800
0 0.835100 0.645400 0.016900 0.021500
0 0.267000 0.032600 0.015300 0.025200
0 0.409200 0.030800 0.015400 0.021600
0 0.867900 0.618600 0.015900 0.021200
0 0.745100 0.243100 0.014500 0.026100
0 0.829900 0.694800 0.014800 0.020900
0 0.857900 0.345000 0.016200 0.023000
0 0.603700 0.476900 0.016900 0.020700
0 0.426700 0.019800 0.015400 0.022400
0 0.242100 0.031500 0.015200 0.022100
0 0.202700 0.708200 0.016000 0.022900
0 0.364900 0.678600 0.013000 0.021900
0 0.109300 0.931200 0.014400 0.023400
0 0.323700 0.566200 0.012900 0.022200
0 0.796600 0.106800 0.013900 0.024800
0 0.894400 0.790600 0.017100 0.022200
0 0.269400 0.918600 0.016500 0.019900
0 0.233700 0.678400 0.015300 0.024400
0 0.847200 0.843500 0.015100 0.025800
0 0.795400 0.910100 0.015600 0.022800
0 0.756500 0.740300 0.015700 0.021400
0 0.505700 0.517300 0.014500 0.023000
0 0.231500 0.754600 0.015600 0.024400
0 0.444100 0.109400 0.015100 0.022200
0 0.472200 0.043100 0.012600 0.021300
0 0.180400 0.277400 0.015100 0.021300
0 0.247100 0.981000 0.019400 0.020500
0 0.229000 0.069900 0.014600 0.022100
0 0.770400 0.685600 0.016400 0.021800
0 0.328900 0.697500 0.016900 0.021700
0 0.581500 0.130100 0.015900 0.024200
0 0.858500 0.440200 0.017500 0.021200
0 0.281000 0.442400 0.012700 0.027200
0 0.194600 0.071800 0.015500 0.021300
0 0.490600 0.560100 0.017700 0.022600
0 0.223300 0.602900 0.016700 0.023300
0 0.889400 0.594300 0.013800 0.028900
0 0.405700 0.439300 0.015500 0.022600
0 0.622500 0.242500 0.015900 0.025200
0 0.954500 0.234300 0.014800 0.025400
0 0.277000 0.534400 0.014500 0.023000
0 0.157400 0.521300 0.014300 0.020500
0 0.216100 0.290300 0.016500 0.019800
0 0.131500 0.359200 0.013800 0.025700
0 0.679700 0.022000 0.017000 0.023500
0 0.340400 0.884900 0.014100 0.023900
0 0.692200 0.340400 0.013400 0.021000
0 0.667500 0.970900 0.018000 0.021100
0 0.021200 0.760800 0.017300 0.020000
0 0.078600 0.323100 0.019200 0.020700
0 0.369000 0.179400 0.015200 0.024600
0 0.195400 0.094400 0.015600 0.019500
0 0.641000 0.065100 0.015600 0.020700
0 0.443900 0.895400 0.014600 0.024300
0 0.052500 0.169700 0.016700 0.023100
0 0.741300 0.829200 0.013800 0.026000
0 0.364200 0.317200 0.013700 0.027200
0 0.903300 0.841100 0.017600 0.023100
0 0.034700 0.968900 0.013800 0.028100
0 0.041800 0.659000 0.016800 0.024800
0 0.193000 0.496500 0.013600 0.025300
0 0.964800 0.652600 0.014400 0.023400
0 0.011000 0.168300 0.016100 0.025400
0 0.993500 0.632900 0.009700 0.022500
0 0.618200 0.593700 0.013300 0.028000
0 0.089700 0.205900 0.017400 0.019800
0 0.790900 0.235300 0.015400 0.023700
0 0.165300 0.230800 0.012300 0.027800
0 0.832500 0.752600 0.015500 0.022400
0 0.483200 0.733300 0.012500 0.021100
0 0.222900 0.878100 0.014900 0.023200
0 0.873000 0.107900 0.017500 0.022800
0 0.341200 0.329900 0.011800 0.029100
0 0.067600 0.885500 0.014900 0.026500
0 0.872200 0.254100 0.012900 0.027700
0 0.682700 0.201600 0.018500 0.022100
0 0.666900 0.532400 0.015600 0.022800
0 0.584700 0.310300 0.014900 0.021000
0 0.330000 0.382700 0.016100 0.020700
0 0.418900 0.677200 0.015700 0.022100
0 0.278400 0.932500 0.015700 0.019300
0 0.370300 0.660800 0.012900 0.017100
0 0.881500 0.620800 0.016000 0.021500
0 0.285800 0.704000 0.015000 0.025400
0 0.168200 0.596900 0.017600 0.022000
0 0.678000 0.093100 0.012100 0.028300
0 0.108900 0.472800 0.014800 0.023600
0 0.107000 0.535500 0.016200 0.023200
0 0.503000 0.356300 0.016600 0.020800
0 0.166700 0.018400 0.015700 0.023500
0 0.533000 0.933400 0.014100 0.028300
0 0.385000 0.934500 0.016200 0.021700
0 0.330700 0.333400 0.012300 0.027300
0 0.120400 0.293200 0.014500 0.028200
0 0.052000 0.716400 0.012400 0.025400
0 0.032300 0.339200 0.017000 0.022600
0 0.645900 0.151800 0.017000 0.022900
0 0.402300 0.320500 0.016700 0.021400
0 0.546900 0.064900 0.016000 0.023300
0 0.454200 0.601600 0.017800 0.021500
0 0.943300 0.720800 0.012500 0.029700
0 0.664100 0.507600 0.013100 0.027800
0 0.240500 0.214200 0.014700 0.023100
0 0.218700 0.706100 0.014800 0.021600
0 0.482700 0.985200 0.016000 0.022000
0 0.633800 0.140300 0.017400 0.022200
0 0.496400 0.904300 0.014200 0.029100
0 0.021500 0.821900 0.017100 0.020700
0 0.639300 0.419700 0.014600 0.023900
0 0.677000 0.277700 0.013100 0.028500
0 0.954400 0.601900 0.013200 0.021600
0 0.044600 0.583800 0.017000 0.023400
0 0.310100 0.418100 0.016100 0.019300
0 0.618000 0.314900 0.013400 0.026000
0 0.417000 0.472100 0.011100 0.029400
0 0.147800 0.407400 0.013000 0.028700
0 0.644500 0.047200 0.016600 0.020000
0 0.984500 0.233500 0.014600 0.027800
0 0.030500 0.555300 0.013000 0.030800
0 0.770400 0.772400 0.013200 0.023600
0 0.068100 0.191500 0.017500 0.020200
0 0.513900 0.883000 0.014000 0.026200
0 0.440200 0.206600 0.016800 0.019100
0 0.192300 0.416500 0.013000 0.026900
0 0.132200 0.251600 0.016900 0.021400
0 0.035900 0.046400 0.015800 0.020900
0 0.077000 0.596700 0.020300 0.020500
0 0.183600 0.390200 0.015600 0.021600
0 0.740100 0.580000 0.016900 0.019900
0 0.369300 0.777700 0.013400 0.026000
0 0.516100 0.409400 0.016600 0.020700
0 0.683400 0.605200 0.011400 0.032500
0 0.808800 0.521200 0.014200 0.030600
0 0.339600 0.654100 0.012900 0.019300
0 0.218200 0.691700 0.015800 0.022800
0 0.754700 0.689900 0.014700 0.023800
0 0.695500 0.885100 0.016700 0.021800
0 0.502900 0.745300 0.011900 0.030800
0 0.319100 0.348200 0.015000 0.023300
0 0.646700 0.504900 0.012500 0.029700
0 0.534700 0.564500 0.015200 0.025600
0 0.835400 0.391100 0.017100 0.022500
0 0.467800 0.073200 0.014500 0.024300
0 0.683400 0.833400 0.011500 0.031700
0 0.169800 0.922700 0.014200 0.023300
0 0.520300 0.140800 0.012500 0.030400
0 0.560400 0.242800 0.015800 0.021000
0 0.769900 0.178300 0.015700 0.019300
0 0.946900 0.336000 0.014600 0.020500
0 0.870700 0.666100 0.013100 0.027200
0 0.209300 0.476700 0.015800 0.019900
0 0.214600 0.727600 0.016900 0.019800
0 0.941800 0.915100 0.015600 0.024400
0 0.839700 0.818200 0.011500 0.030700
0 0.488700 0.270100 0.013300 0.030000
0 0.239200 0.635100 0.014300 0.023300
0 0.919200 0.620600 0.012100 0.032500
0 0.928000 0.153400 0.011900 0.029600
0 0.715600 0.343300 0.013100 0.026500
0 0.648600 0.798200 0.014300 0.024600
0 0.443900 0.266100 0.014100 0.023700
0 0.472300 0.122500 0.014900 0.020400
0 0.771300 0.502000 0.016500 0.023000
0 0.546000 0.952600 0.016000 0.022400
0 0.572700 0.090700 0.013800 0.023500
0 0.132000 0.486000 0.014600 0.023400
0 0.636600 0.531100 0.012400 0.030300
0 0.371400 0.947400 0.014600 0.023900
0 0.595100 0.590200 0.012400 0.026800
0 0.892600 0.252900 0.014900 0.025800
0 0.258600 0.160100 0.013600 0.027600
0 0.626200 0.754100 0.017100 0.021100
0 0.040000 0.628200 0.017200 0.024800
0 0.906600 0.048300 0.015100 0.020400
0 0.172300 0.451500 0.016000 0.023000
0 0.547400 0.659500 0.013000 0.026500
0 0.241600 0.580900 0.012300 0.031700
0 0.359500 0.891500 0.012000 0.030000
0 0.276400 0.317100 0.014700 0.020000
0 0.573500 0.690800 0.012400 0.031100
0 0.785100 0.639400 0.016000 0.019900
0 0.173600 0.570900 0.016300 0.021900
0 0.470300 0.884500 0.014500 0.026300
0 0.519900 0.946500 0.014300 0.024000
0 0.841400 0.564500 0.016800 0.023200
0 0.126600 0.196100 0.015000 0.026300
0 0.791400 0.842000 0.012100 0.026900
0 0.769500 0.415800 0.014600 0.024600
0 0.805900 0.689500 0.015600 0.024000
0 0.661100 0.244500 0.012300 0.032900
0 0.110100 0.117700 0.016300 0.018200
0 0.373400 0.465200 0.014800 0.026400
0 0.097700 0.926400 0.015600 0.021700
0 0.352200 0.471500 0.013400 0.030600
0 0.873300 0.516000 0.018400 0.022300
0 0.146500 0.734200 0.012400 0.028600
0 0.802100 0.634000 0.015700 0.023600
0 0.340900 0.067800 0.013700 0.024900
0 0.039900 0.434800 0.013500 0.025300
0 0.984500 0.068400 0.016300 0.027400
0 0.189500 0.172300 0.014300 0.021900
0 0.072900 0.210300 0.016300 0.020500
0 0.772400 0.753400 0.015600 0.021300
0 0.472200 0.669500 0.013000 0.030400
0 0.357000 0.253600 0.015400 0.022700
0 0.067300 0.953200 0.014700 0.024900
0 0.551000 0.617400 0.015000 0.023900
0 0.280200 0.201300 0.016200 0.022700
0 0.647800 0.215000 0.016500 0.022900
0 0.210400 0.501600 0.016000 0.021700
0 0.023500 0.098300 0.016900 0.020400
0 0.397800 0.789900 0.016500 0.022200
0 0.364600 0.093600 0.013800 0.024200
0 0.083800 0.084100 0.013400 0.020800
0 0.966300 0.921100 0.012900 0.029600
0 0.153400 0.323400 0.016500 0.022500
0 0.641600 0.354100 0.013000 0.025600
0 0.714500 0.690500 0.015600 0.026000
0 0.549100 0.932000 0.015400 0.022300
0 0.906000 0.744300 0.011100 0.034800
0 0.038900 0.156600 0.014100 0.025800
0 0.157200 0.783300 0.013800 0.023500
0 0.954700 0.403500 0.017800 0.018600
0 0.696600 0.471600 0.014200 0.026300
0 0.041600 0.594100 0.018200 0.022500
0 0.434000 0.613900 0.018600 0.020300
0 0.447600 0.926400 0.017100 0.020700
0 0.609300 0.173200 0.016700 0.022900
0 0.739500 0.927300 0.011200 0.032100
0 0.430000 0.635900 0.017000 0.021500
0 0.627200 0.210200 0.016600 0.023000
0 0.868200 0.498500 0.016400 0.022100
0 0.598100 0.622900 0.012300 0.030700
0 0.226400 0.434800 0.015400 0.022400
0 0.413700 0.703900 0.011700 0.027100
0 0.208600 0.111200 0.014500 0.018800
0 0.926800 0.054300 0.015900 0.022600
0 0.385700 0.878100 0.017800 0.019100
0 0.626900 0.017700 0.015500 0.026300
0 0.493200 0.702900 0.012600 0.024300
0 0.581300 0.172000 0.012600 0.030800
0 0.540600 0.165100 0.014200 0.023200
0 0.030300 0.364200 0.015200 0.022400
0 0.155700 0.302900 0.015500 0.021000
0 0.492200 0.626300 0.017900 0.021700
0 0.026600 0.447900 0.015900 0.019900
0 0.047400 0.030700 0.015700 0.021800
0 0.376900 0.834700 0.016200 0.020700
0 0.238500 0.289200 0.013600 0.022100
0 0.260300 0.456300 0.013800 0.021800
0 0.971900 0.209200 0.014900 0.025400
0 0.188400 0.743100 0.014000 0.027800
0 0.214500 0.402100 0.013400 0.029000
0 0.951300 0.393600 0.016200 0.020700
0 0.484800 0.690000 0.011400 0.021800
0 0.111000 0.240500 0.015900 0.021600
0 0.957800 0.489900 0.016400 0.025000
0 0.206000 0.047900 0.014500 0.026700
0 0.051200 0.355000 0.014100 0.025500
0 0.235200 0.373300 0.018500 0.019600
0 0.480300 0.423500 0.017300 0.023200
0 0.952800 0.678100 0.011700 0.031600
0 0.531700 0.358600 0.015100 0.022600
0 0.730600 0.773000 0.013500 0.029800
0 0.914000 0.867300 0.017000 0.021500
0 0.310700 0.069100 0.011100 0.035000
0 0.165500 0.314900 0.014600 0.022400
0 0.468500 0.610400 0.017500 0.021900
0 0.564200 0.439600 0.012300 0.028600
0 0.884200 0.436300 0.017700 0.019700
0 0.676200 0.934900 0.015800 0.022100
0 0.889200 0.952500 0.017300 0.020800
0 0.272200 0.605300 0.012700 0.033000
0 0.810500 0.201900 0.013800 0.026900
0 0.510900 0.027100 0.017000 0.022300
0 0.134000 0.959700 0.013500 0.027900
0 0.664100 0.560200 0.016700 0.024300
0 0.610800 0.360100 0.014900 0.025500
0 0.669200 0.586000 0.016800 0.023900
0 0.976900 0.306100 0.017400 0.019900
0 0.160800 0.076800 0.014500 0.022200
0 0.618500 0.445500 0.014700 0.023700
0 0.346000 0.276700 0.017200 0.023400
0 0.282100 0.076200 0.014600 0.023600
0 0.804900 0.123400 0.016100 0.022000
0 0.195800 0.315500 0.012300 0.029700
0 0.616300 0.152700 0.015400 0.025700
0 0.220300 0.868600 0.013000 0.025200
0 0.982500 0.442000 0.015300 0.025600
0 0.190100 0.947600 0.017000 0.021700
0 0.723900 0.602300 0.015300 0.024300
0 0.245000 0.110900 0.015800 0.023200
0 0.951900 0.464600 0.016400 0.023800
0 0.365600 0.494600 0.015700 0.024600
0 0.905900 0.879300 0.016600 0.023700
0 0.742400 0.518400 0.011900 0.032400
0 0.520400 0.010500 0.014600 0.018800
0 0.531500 0.313800 0.015800 0.021600
0 0.171300 0.893000 0.015200 0.019200
0 0.191100 0.702000 0.015300 0.024800
0 0.511300 0.781800 0.015500 0.020700
0 0.334400 0.034200 0.016200 0.023500
0 0.591300 0.811200 0.016900 0.018900
0 0.955400 0.323900 0.015900 0.021700
0 0.940300 0.123200 0.017100 0.022500
0 0.723000 0.471800 0.014700 0.027200
0 0.631800 0.896800 0.015600 0.025700
0 0.123900 0.683900 0.015600 0.021600
0 0.446000 0.710700 0.014300 0.021800
0 0.189700 0.573800 0.016900 0.022500
0 0.776100 0.970400 0.015700 0.020800
0 0.097800 0.477200 0.010600 0.029900
0 0.277800 0.515400 0.014300 0.022000
0 0.479200 0.173900 0.014800 0.022000
0 0.348900 0.790000 0.017400 0.021300
0 0.743600 0.726700 0.016400 0.021400
0 0.826600 0.335000 0.015200 0.024100
0 0.926500 0.360300 0.015100 0.021700
0 0.819200 0.666000 0.014200 0.023000
0 0.389300 0.839100 0.016700 0.021600
0 0.724100 0.723000 0.016000 0.022500
0 0.627600 0.172100 0.016200 0.024500
0 0.363300 0.520700 0.017200 0.024700
0 0.048700 0.398500 0.017700 0.021900
0 0.250800 0.877300 0.012700 0.030200
0 0.919100 0.015700 0.011000 0.028200
0 0.427000 0.490200 0.015100 0.020900
0 0.986600 0.157100 0.015900 0.021400
0 0.992500 0.547800 0.010800 0.022800
0 0.446300 0.223600 0.016700 0.018400
0 0.972600 0.103200 0.019100 0.021000
0 0.993400 0.504800 0.010600 0.022400
0 0.986500 0.845100 0.013200 0.029500
0 0.980800 0.416900 0.014800 0.028400
0 0.460500 0.548300 0.013400 0.026400
0 0.272500 0.976300 0.018600 0.020200
0 0.921100 0.055500 0.015900 0.022500
0 0.438700 0.573400 0.015600 0.021100
0 0.267500 0.374000 0.017800 0.019600
0 0.328500 0.401100 0.015800 0.020800
0 0.318100 0.107900 0.013500 0.021600
0 0.117100 0.826400 0.013900 0.026600
0 0.231500 0.160500 0.013700 0.024300
0 0.700700 0.410000 0.012700 0.032500
0 0.802100 0.264400 0.015200 0.021900
0 0.035900 0.821100 0.016900 0.020500
0 0.061600 0.222300 0.014800 0.024300
0 0.378100 0.914000 0.016000 0.019300
0 0.360500 0.497400 0.016200 0.024000
0 0.993400 0.853300 0.011400 0.028100
0 0.852800 0.964400 0.016500 0.020500
0 0.139453 0.874306 0.011719 0.020833
0 0.286719 0.648611 0.012500 0.022222
0 0.286719 0.861806 0.010937 0.020833
0 0.385156 0.775000 0.007813 0.019444
0 0.348828 0.436806 0.011719 0.018056
0 0.379297 0.396528 0.011719 0.023611
0 0.713281 0.645139 0.010937 0.026389
0 0.762500 0.064583 0.012500 0.023611
0 0.516016 0.339583 0.010156 0.015278
0 0.928906 0.559028 0.012500 0.023611
0 0.826563 0.790278 0.009375 0.022222
0 0.821094 0.974306 0.010937 0.018056
0 0.572656 0.989583 0.015625 0.012500
0 0.225000 0.222917 0.009375 0.020833
0 0.225391 0.197917 0.010156 0.018056
0 0.811328 0.830556 0.011719 0.022222
0 0.836328 0.118056 0.011719 0.019444
0 0.525000 0.745833 0.015625 0.027778
0 0.449609 0.632639 0.017969 0.026389
0 0.575781 0.748611 0.015625 0.022222
0 0.535156 0.811111 0.017188 0.027778
0 0.405469 0.811111 0.017188 0.027778
0 0.885938 0.775694 0.015625 0.020833
0 0.991406 0.735417 0.010937 0.026389
0 0.861719 0.143750 0.010937 0.031944
0 0.875781 0.135417 0.017188 0.026389
0 0.807422 0.084028 0.013281 0.031944
0 0.798828 0.067361 0.013281 0.031944
0 0.708984 0.129861 0.013281 0.026389
0 0.712109 0.140972 0.014844 0.026389
0 0.753906 0.500000 0.010937 0.033333
0 0.768359 0.621528 0.013281 0.026389
0 0.186719 0.538194 0.010937 0.031944
0 0.192578 0.608333 0.013281 0.033333
0 0.537891 0.665972 0.010156 0.026389
0 0.840625 0.874306 0.012500 0.023611
0 0.637109 0.445833 0.014844 0.022222
0 0.637891 0.397222 0.013281 0.022222
