0 0.630600 0.169000 0.017400 0.022600
0 0.495100 0.381900 0.015200 0.025500
0 0.656600 0.257000 0.018600 0.020600
0 0.607500 0.128500 0.015900 0.020200
0 0.831300 0.520300 0.017600 0.018500
0 0.880000 0.241700 0.016100 0.022100
0 0.296500 0.567800 0.017200 0.021300
0 0.245100 0.428800 0.017600 0.020800
0 0.769200 0.833200 0.016400 0.023800
0 0.385000 0.242800 0.016700 0.019800
0 0.129100 0.682100 0.015700 0.022100
0 0.632100 0.143200 0.016400 0.022300
0 0.180400 0.759600 0.018800 0.019800
0 0.567400 0.456200 0.016000 0.022800
0 0.565200 0.193900 0.016500 0.021700
0 0.268500 0.392100 0.014800 0.024000
0 0.044200 0.581200 0.015000 0.026100
0 0.083200 0.219400 0.016200 0.020500
0 0.618000 0.266800 0.018900 0.021000
0 0.458000 0.116300 0.016500 0.021700
0 0.344900 0.431600 0.014500 0.022700
0 0.704800 0.678800 0.015500 0.022300
0 0.167700 0.718100 0.018400 0.019600
0 0.543900 0.418700 0.016200 0.024600
0 0.320400 0.218000 0.015000 0.020500
0 0.190400 0.617300 0.016400 0.022000
0 0.665500 0.841900 0.015700 0.025500
0 0.383700 0.028300 0.017500 0.022300
0 0.597400 0.670900 0.016000 0.026300
0 0.522400 0.159300 0.015700 0.018600
0 0.142800 0.210400 0.015500 0.022000
0 0.516200 0.643900 0.015500 0.024700
0 0.804900 0.503800 0.017400 0.020200
0 0.252700 0.222300 0.016400 0.025000
0 0.352200 0.568200 0.017400 0.023300
0 0.195900 0.919200 0.012300 0.030100
0 0.709700 0.218000 0.017800 0.023900
0 0.852500 0.183900 0.016300 0.021700
0 0.142400 0.831900 0.016500 0.024600
0 0.222500 0.768600 0.017600 0.023700
0 0.290700 0.457900 0.017000 0.021800
0 0.879100 0.855500 0.013400 0.027600
0 0.178500 0.647100 0.015000 0.021100
0 0.223000 0.931000 0.017200 0.023800
0 0.501800 0.443700 0.017000 0.023700
0 0.730200 0.168000 0.014300 0.025400
0 0.098100 0.332900 0.015700 0.022400
0 0.753700 0.117600 0.012100 0.028200
0 0.366800 0.460300 0.013900 0.023200
0 0.507000 0.069600 0.015400 0.021200
0 0.864500 0.067200 0.015400 0.023100
0 0.931700 0.881200 0.015900 0.026200
0 0.434400 0.809400 0.016500 0.022000
0 0.096500 0.389600 0.015600 0.018100
0 0.005000 0.282800 0.011000 0.026100
0 0.767200 0.222400 0.016600 0.019600
0 0.831400 0.641500 0.013900 0.025200
0 0.814100 0.128100 0.016100 0.020900
0 0.041900 0.746100 0.017200 0.024300
0 0.082300 0.745000 0.018200 0.023000
0 0.233900 0.802800 0.014300 0.024700
0 0.208800 0.140200 0.014400 0.025600
0 0.142500 0.176700 0.016600 0.021500
0 0.935600 0.030900 0.015200 0.025100
0 0.469300 0.292100 0.014700 0.025300
0 0.544700 0.848000 0.015600 0.024700
0 0.565200 0.167600 0.014100 0.026700
0 0.751600 0.630800 0.014600 0.027100
0 0.029800 0.877800 0.017600 0.024500
0 0.305400 0.278900 0.015700 0.025200
0 0.202400 0.569700 0.016200 0.023200
0 0.783600 0.547900 0.015400 0.023700
0 0.335300 0.683800 0.016400 0.021200
0 0.969400 0.878000 0.015100 0.026700
0 0.748600 0.535100 0.015800 0.023100
0 0.719800 0.665400 0.014600 0.023000
0 0.143200 0.670600 0.012600 0.025100
0 0.493400 0.093500 0.013200 0.022200
0 0.530500 0.021300 0.015500 0.025900
0 0.964500 0.079100 0.020100 0.020900
0 0.229900 0.653800 0.017100 0.021500
0 0.211000 0.244700 0.014000 0.028100
0 0.780900 0.202500 0.015800 0.022500
0 0.681100 0.740500 0.014300 0.027500
0 0.222000 0.072700 0.013400 0.027700
0 0.048600 0.117300 0.014400 0.023400
0 0.740100 0.893200 0.013300 0.028000
0 0.317000 0.435000 0.014700 0.025400
0 0.619400 0.416700 0.014600 0.023900
0 0.776300 0.166900 0.015500 0.020900
0 0.072600 0.798100 0.018500 0.022600
0 0.616900 0.443100 0.013500 0.022400
0 0.860200 0.205700 0.013000 0.030300
0 0.107000 0.618500 0.012600 0.030900
0 0.764200 0.110000 0.013700 0.022500
0 0.226400 0.878300 0.014800 0.029200
0 0.478600 0.466100 0.014700 0.026000
0 0.754600 0.859200 0.013800 0.029900
0 0.757700 0.958100 0.013400 0.027400
0 0.832600 0.452700 0.017200 0.021500
0 0.656000 0.916800 0.014300 0.029400
0 0.501900 0.047900 0.014000 0.020500
0 0.868800 0.871700 0.014000 0.027300
0 0.007300 0.817800 0.013500 0.029100
0 0.692900 0.016800 0.015200 0.024800
0 0.271800 0.542300 0.013900 0.021600
0 0.619800 0.210100 0.016500 0.024700
0 0.053600 0.910000 0.014400 0.027400
0 0.681500 0.860000 0.015700 0.025600
0 0.854500 0.357800 0.018600 0.018500
0 0.601700 0.283900 0.017100 0.022100
0 0.013800 0.231200 0.017300 0.026200
0 0.393600 0.704900 0.012700 0.029900
0 0.572100 0.785100 0.014700 0.026100
0 0.877600 0.528400 0.017600 0.020900
0 0.015200 0.358900 0.015300 0.023300
0 0.367300 0.280200 0.013300 0.032300
0 0.827700 0.152300 0.015300 0.025300
0 0.330400 0.372700 0.015500 0.026600
0 0.389700 0.681200 0.013700 0.026300
0 0.053600 0.767000 0.017300 0.024800
0 0.172700 0.272700 0.014300 0.025700
0 0.356400 0.022200 0.016100 0.023900
0 0.969100 0.304600 0.013800 0.028700
0 0.189700 0.190700 0.015500 0.028600
0 0.620800 0.839000 0.016600 0.023500
0 0.298000 0.530700 0.015100 0.018900
0 0.341300 0.613900 0.017100 0.021700
0 0.644700 0.585600 0.015700 0.023900
0 0.070100 0.573200 0.013800 0.025500
0 0.651900 0.534300 0.014800 0.028600
0 0.194500 0.540800 0.013000 0.025300
0 0.134800 0.960400 0.017700 0.023500
0 0.014200 0.530400 0.019600 0.022400
0 0.008500 0.347500 0.015200 0.021000
0 0.817700 0.784600 0.015800 0.024200
0 0.561400 0.569000 0.018400 0.022600
0 0.049100 0.268300 0.015800 0.022500
0 0.801100 0.909900 0.015100 0.025500
0 0.358400 0.403100 0.014700 0.021500
0 0.723400 0.732200 0.012100 0.032100
0 0.196700 0.816100 0.014100 0.025300
0 0.517300 0.682200 0.014000 0.024300
0 0.523700 0.380100 0.016100 0.024600
0 0.068300 0.984100 0.018600 0.024300
0 0.357000 0.159200 0.014200 0.028600
0 0.826600 0.739300 0.015100 0.023300
0 0.792700 0.140400 0.011700 0.029400
0 0.889900 0.893700 0.018600 0.023400
0 0.684900 0.631800 0.012800 0.033300
0 0.202000 0.376900 0.015300 0.025100
0 0.968400 0.454100 0.017600 0.026200
0 0.846000 0.727200 0.016200 0.023700
0 0.744000 0.714500 0.017000 0.023900
0 0.204100 0.552400 0.014800 0.021500
0 0.398900 0.152900 0.015300 0.026600
0 0.592900 0.086000 0.017500 0.021500
0 0.714400 0.539800 0.014300 0.028100
0 0.609800 0.072300 0.016800 0.023600
0 0.328000 0.286500 0.016600 0.023300
0 0.993700 0.284100 0.011100 0.022700
0 0.672200 0.332400 0.019800 0.022700
0 0.808600 0.973000 0.015600 0.021700
0 0.448900 0.841200 0.016300 0.024000
0 0.916800 0.772600 0.014100 0.030900
0 0.972600 0.691200 0.016400 0.027400
0 0.993000 0.834700 0.011400 0.025100
0 0.363700 0.931000 0.015100 0.030000
0 0.571800 0.952500 0.014500 0.029000
0 0.760100 0.423200 0.013200 0.023200
0 0.363300 0.379900 0.012800 0.029500
0 0.735300 0.396100 0.015700 0.022700
0 0.630300 0.315100 0.017600 0.022700
0 0.208200 0.834100 0.012800 0.026600
0 0.845500 0.614400 0.016500 0.022400
0 0.658000 0.322800 0.017900 0.022900
0 0.540400 0.471700 0.018300 0.022900
0 0.431100 0.241100 0.014600 0.019500
0 0.602700 0.817000 0.013100 0.030800
0 0.845500 0.051300 0.017000 0.023900
0 0.668700 0.714500 0.013400 0.030600
0 0.566600 0.272800 0.018800 0.020500
0 0.459800 0.143700 0.017000 0.019400
0 0.274000 0.609700 0.019100 0.021200
0 0.843100 0.355800 0.018500 0.019300
0 0.993200 0.866700 0.011500 0.030300
0 0.464000 0.602800 0.018400 0.023700
0 0.083700 0.851400 0.018700 0.024500
0 0.289000 0.270000 0.015700 0.027000
0 0.785400 0.705500 0.016900 0.024100
0 0.563300 0.595500 0.014300 0.029100
0 0.098700 0.476800 0.016100 0.020100
0 0.989400 0.352400 0.010100 0.034100
0 0.600800 0.954300 0.013900 0.030400
0 0.308600 0.820100 0.012700 0.033300
0 0.551600 0.255400 0.017800 0.022200
0 0.854600 0.421100 0.019100 0.020800
0 0.533300 0.863900 0.016300 0.025500
0 0.478500 0.365800 0.015800 0.025600
0 0.656800 0.840200 0.015800 0.023700
0 0.097600 0.826600 0.018000 0.023900
0 0.345200 0.701600 0.014500 0.023300
0 0.669700 0.923000 0.013300 0.030800
0 0.614000 0.539600 0.013800 0.028200
0 0.409800 0.476300 0.015100 0.024500
0 0.541400 0.522600 0.014600 0.025900
0 0.500900 0.027200 0.014000 0.023400
0 0.406000 0.233000 0.017400 0.022300
0 0.822400 0.351700 0.019100 0.019800
0 0.535000 0.497600 0.014700 0.025000
0 0.506600 0.701400 0.014900 0.024100
0 0.855400 0.794800 0.015600 0.024300
0 0.370100 0.909200 0.014900 0.026600
0 0.876700 0.089200 0.014300 0.021500
0 0.586400 0.855100 0.018600 0.024600
0 0.926400 0.076100 0.016300 0.020100
0 0.142900 0.446900 0.015300 0.028100
0 0.203125 0.099306 0.010937 0.020833
0 0.016797 0.436806 0.013281 0.020833
0 0.037500 0.429861 0.015625 0.018056
0 0.796484 0.586111 0.011719 0.027778
0 0.586719 0.111111 0.010937 0.022222
0 0.984375 0.018056 0.014062 0.019444
0 0.713281 0.973611 0.014062 0.025000
0 0.698438 0.956944 0.012500 0.038889
0 0.685938 0.916667 0.010937 0.030556
0 0.866406 0.813889 0.010937 0.033333
0 0.874609 0.448611 0.014844 0.027778
0 0.295312 0.020833 0.015625 0.022222
0 0.335938 0.808333 0.017188 0.022222
0 0.149219 0.452778 0.017188 0.030556
0 0.166016 0.421528 0.013281 0.026389
0 0.162891 0.644444 0.019531 0.027778
0 0.894922 0.972917 0.011719 0.026389
0 0.511328 0.220833 0.011719 0.033333
0 0.183984 0.277778 0.013281 0.027778
0 0.065234 0.593750 0.013281 0.020833
0 0.548437 0.884028 0.012500 0.020833
