0 0.216200 0.254500 0.015200 0.019800
0 0.483800 0.603900 0.015500 0.019800
0 0.758600 0.030000 0.016300 0.021300
0 0.791900 0.954300 0.019400 0.020900
0 0.844600 0.504000 0.018400 0.023400
0 0.359700 0.622100 0.013200 0.027200
0 0.930200 0.134300 0.016800 0.023600
0 0.531600 0.165900 0.016500 0.020900
0 0.790300 0.765400 0.017600 0.022300
0 0.045100 0.217800 0.016500 0.023800
0 0.557100 0.554100 0.015200 0.022600
0 0.004700 0.057100 0.010600 0.022500
0 0.156600 0.770200 0.016500 0.021200
0 0.766600 0.618700 0.013600 0.026700
0 0.620600 0.130400 0.015400 0.023500
0 0.722800 0.856900 0.018200 0.020100
0 0.619600 0.541700 0.013000 0.021500
0 0.829700 0.172400 0.015900 0.023700
0 0.034900 0.954700 0.017800 0.021100
0 0.869600 0.182500 0.016000 0.020500
0 0.166900 0.789600 0.015100 0.024100
0 0.203600 0.943000 0.016200 0.017700
0 0.206000 0.702900 0.016000 0.021100
0 0.440600 0.080000 0.019200 0.020500
0 0.210500 0.631500 0.017700 0.023100
0 0.582600 0.603600 0.018900 0.020900
0 0.955900 0.669600 0.015800 0.023900
0 0.306700 0.881800 0.016400 0.026400
0 0.458900 0.517800 0.013000 0.027000
0 0.854400 0.302100 0.018000 0.022400
0 0.444800 0.028900 0.016000 0.021900
0 0.234300 0.195000 0.016100 0.021300
0 0.068700 0.635600 0.014900 0.019000
0 0.058900 0.709600 0.014700 0.024900
0 0.622400 0.454600 0.014600 0.023400
0 0.290800 0.315300 0.018200 0.022700
0 0.630500 0.359800 0.014600 0.023500
0 0.567400 0.933900 0.014100 0.027500
0 0.840400 0.904000 0.015400 0.023500
0 0.202000 0.415900 0.015500 0.025300
0 0.077300 0.516600 0.017100 0.021600
0 0.233400 0.430800 0.014200 0.021400
0 0.220600 0.482600 0.015100 0.020100
0 0.854300 0.043000 0.016100 0.021900
0 0.154500 0.365400 0.017600 0.022300
0 0.520700 0.540400 0.015900 0.024000
0 0.018400 0.808800 0.016100 0.024400
0 0.128100 0.904300 0.018000 0.022400
0 0.514700 0.843100 0.016600 0.021800
0 0.633200 0.905100 0.014300 0.026900
0 0.278300 0.946900 0.015800 0.024400
0 0.270100 0.928200 0.017300 0.024800
0 0.171900 0.656300 0.014800 0.020800
0 0.244900 0.333100 0.017800 0.023000
0 0.230800 0.218500 0.015300 0.022900
0 0.593700 0.620900 0.015700 0.025200
0 0.417100 0.244400 0.015200 0.026400
0 0.441700 0.544800 0.013900 0.025400
0 0.694000 0.809600 0.015700 0.025200
0 0.567800 0.270000 0.017300 0.023000
0 0.144500 0.302000 0.016500 0.022300
0 0.881600 0.967500 0.015300 0.023800
0 0.856000 0.481200 0.017300 0.024000
0 0.594300 0.878100 0.014600 0.025000
0 0.042300 0.905600 0.016500 0.024800
0 0.453900 0.580400 0.014000 0.024800
0 0.030800 0.928200 0.016700 0.022300
0 0.171800 0.342600 0.017400 0.023200
0 0.928100 0.695800 0.015300 0.023400
0 0.259200 0.234500 0.015700 0.019700
0 0.730100 0.969600 0.016700 0.022000
0 0.077600 0.177700 0.016700 0.024000
0 0.422000 0.598100 0.014700 0.021800
0 0.279200 0.183300 0.016500 0.024100
0 0.578500 0.446500 0.014300 0.025300
0 0.347600 0.431800 0.017600 0.022700
0 0.755200 0.121400 0.015800 0.025000
0 0.641100 0.028700 0.015700 0.021200
0 0.857200 0.393200 0.015300 0.027200
0 0.969600 0.030900 0.017500 0.022200
0 0.190900 0.366200 0.014200 0.024100
0 0.345600 0.655900 0.014400 0.026700
0 0.353200 0.081800 0.016400 0.025400
0 0.693000 0.981300 0.018400 0.022400
0 0.620000 0.420100 0.014700 0.024000
0 0.439300 0.405400 0.017300 0.022800
0 0.017600 0.534600 0.019400 0.024400
0 0.065600 0.870400 0.019700 0.023200
0 0.883200 0.740900 0.015600 0.024300
0 0.131100 0.418800 0.013600 0.028400
0 0.967700 0.396300 0.014100 0.027100
0 0.811100 0.896400 0.017400 0.022600
0 0.857700 0.059800 0.015300 0.024600
0 0.048400 0.118400 0.016000 0.023000
0 0.266300 0.905600 0.015100 0.027200
0 0.917200 0.802500 0.014000 0.024400
0 0.605700 0.918900 0.014100 0.030100
0 0.552900 0.979200 0.011700 0.023000
0 0.821800 0.143600 0.012700 0.032500
0 0.392700 0.279600 0.014200 0.028800
0 0.435800 0.279400 0.016100 0.027500
0 0.108200 0.197200 0.013100 0.022900
0 0.083200 0.072900 0.015800 0.024400
0 0.921500 0.243900 0.013800 0.019900
0 0.293500 0.592400 0.014300 0.024600
0 0.015200 0.953100 0.017100 0.021400
0 0.460000 0.807900 0.016100 0.027400
0 0.909800 0.817600 0.016600 0.021700
0 0.233100 0.172400 0.015200 0.022000
0 0.905400 0.881500 0.015300 0.028800
0 0.902900 0.017100 0.016600 0.024100
0 0.848300 0.629200 0.016100 0.025300
0 0.373300 0.065200 0.016400 0.022200
0 0.217800 0.828400 0.015200 0.026300
0 0.109900 0.406600 0.015000 0.025600
0 0.154000 0.141400 0.016000 0.028600
0 0.879400 0.154000 0.014700 0.027900
0 0.482800 0.940000 0.014700 0.021900
0 0.359100 0.058400 0.013800 0.022400
0 0.841400 0.721800 0.017200 0.024000
0 0.108700 0.298000 0.016700 0.022500
0 0.971400 0.755700 0.016900 0.025000
0 0.143000 0.414900 0.014000 0.027200
0 0.560900 0.396400 0.014000 0.026200
0 0.984400 0.057000 0.016800 0.025500
0 0.918800 0.618600 0.018600 0.020600
0 0.180700 0.372200 0.014600 0.028400
0 0.019100 0.326800 0.016600 0.024000
0 0.333100 0.722300 0.018400 0.025500
0 0.520000 0.468900 0.010900 0.031300
0 0.239200 0.045000 0.017800 0.022600
0 0.758700 0.590800 0.012500 0.029800
0 0.121700 0.035300 0.014500 0.026900
0 0.841500 0.956300 0.014200 0.016800
0 0.502400 0.481600 0.011900 0.032700
0 0.431400 0.239700 0.013800 0.023400
0 0.689900 0.597200 0.016100 0.025400
0 0.155600 0.472400 0.014200 0.024700
0 0.576700 0.340600 0.014600 0.024400
0 0.182900 0.060500 0.015400 0.026300
0 0.393800 0.359700 0.011800 0.034600
0 0.970500 0.439500 0.017200 0.023800
0 0.061100 0.084700 0.015700 0.024900
0 0.326500 0.919300 0.011200 0.034700
0 0.580900 0.932200 0.012600 0.031000
0 0.408800 0.907000 0.012000 0.031600
0 0.135200 0.952900 0.015900 0.021700
0 0.744800 0.939300 0.015000 0.025600
0 0.414500 0.203200 0.017900 0.022300
0 0.639600 0.060200 0.014500 0.024800
0 0.921200 0.832600 0.012500 0.029400
0 0.141100 0.776600 0.016700 0.021200
0 0.135400 0.494200 0.013100 0.020300
0 0.435300 0.096100 0.018800 0.021900
0 0.266600 0.597700 0.014600 0.022100
0 0.272500 0.157200 0.016300 0.023200
0 0.305500 0.578600 0.011800 0.031300
0 0.101100 0.280400 0.015300 0.025600
0 0.673700 0.334200 0.014500 0.028500
0 0.023000 0.455400 0.017000 0.024900
0 0.041700 0.665400 0.014200 0.028400
0 0.956200 0.205300 0.012600 0.033800
0 0.195000 0.822900 0.014100 0.027800
0 0.593000 0.976700 0.014400 0.022800
0 0.856700 0.184200 0.014600 0.020400
0 0.227700 0.692800 0.014700 0.017400
0 0.623500 0.835000 0.015500 0.022100
0 0.964800 0.980100 0.014300 0.029700
0 0.766800 0.876400 0.018000 0.023300
0 0.679000 0.959700 0.014700 0.021800
0 0.008100 0.170400 0.011800 0.034800
0 0.736000 0.872700 0.019500 0.020400
0 0.935600 0.722700 0.015800 0.021000
0 0.557500 0.372300 0.014400 0.026100
0 0.152200 0.726500 0.014900 0.020700
0 0.493700 0.373100 0.015100 0.025700
0 0.098300 0.310400 0.015600 0.024100
0 0.585600 0.310800 0.018100 0.021500
0 0.820100 0.434800 0.019800 0.024100
0 0.980800 0.357400 0.012600 0.030300
0 0.101700 0.764400 0.016300 0.021100
0 0.123700 0.594200 0.015700 0.028300
0 0.533800 0.971600 0.013600 0.021700
0 0.281700 0.042600 0.012300 0.034200
0 0.195000 0.929900 0.014500 0.017900
0 0.508200 0.114200 0.014800 0.025300
0 0.851400 0.548200 0.017500 0.025000
0 0.051100 0.733600 0.014000 0.024700
0 0.407700 0.131700 0.015300 0.024600
0 0.153700 0.801100 0.016400 0.022300
0 0.644800 0.639900 0.010700 0.034400
0 0.627500 0.111300 0.015800 0.023600
0 0.648700 0.547800 0.014400 0.022400
0 0.094800 0.986000 0.015600 0.023200
0 0.611700 0.193900 0.012500 0.033600
0 0.623800 0.294400 0.016000 0.023800
0 0.230600 0.710400 0.014900 0.021500
0 0.851900 0.905600 0.012600 0.023700
0 0.514100 0.079600 0.016800 0.022200
0 0.802000 0.835300 0.014000 0.028000
0 0.642000 0.589200 0.016500 0.022700
0 0.695300 0.523600 0.016800 0.024700
0 0.970000 0.120700 0.022100 0.021800
0 0.650900 0.883800 0.015800 0.022100
0 0.830000 0.505900 0.017800 0.022000
0 0.227500 0.266300 0.015400 0.016700
0 0.868000 0.210900 0.014600 0.021100
0 0.795000 0.063900 0.015600 0.024000
0 0.634400 0.573800 0.015000 0.021800
0 0.418600 0.541100 0.013200 0.021800
0 0.703100 0.405700 0.014300 0.028100
0 0.778300 0.332200 0.020300 0.025200
0 0.676700 0.452800 0.013300 0.031400
0 0.789600 0.824000 0.017300 0.021200
0 0.874300 0.676400 0.016000 0.022700
0 0.746600 0.560100 0.013600 0.022700
0 0.453500 0.786400 0.018800 0.023100
0 0.308400 0.547800 0.015500 0.029500
0 0.019500 0.709400 0.012600 0.034400
0 0.132200 0.876300 0.018000 0.023200
0 0.045200 0.792800 0.012400 0.029200
0 0.313600 0.189300 0.018300 0.023500
0 0.878800 0.504300 0.021500 0.023600
0 0.038300 0.820600 0.013800 0.027000
0 0.220500 0.177100 0.011700 0.031700
0 0.234200 0.497000 0.014200 0.026900
0 0.719000 0.335500 0.016800 0.025300
0 0.019100 0.023100 0.020400 0.023200
0 0.936300 0.360100 0.016400 0.022300
0 0.264000 0.259600 0.013900 0.019200
0 0.431200 0.541500 0.014600 0.021200
0 0.536400 0.615100 0.017500 0.021500
0 0.374000 0.017600 0.013800 0.029500
0 0.716700 0.648100 0.014800 0.026500
0 0.780400 0.114000 0.013900 0.026800
0 0.944800 0.852300 0.013100 0.033000
0 0.530300 0.430100 0.011600 0.026700
0 0.165700 0.022900 0.015100 0.028300
0 0.916600 0.227100 0.012400 0.028900
0 0.661200 0.440300 0.015800 0.022800
0 0.064844 0.390972 0.007813 0.031944
0 0.524219 0.783333 0.009375 0.022222
0 0.750391 0.786111 0.011719 0.019444
0 0.275000 0.975694 0.010937 0.018056
0 0.873047 0.927083 0.011719 0.020833
0 0.550391 0.743056 0.010156 0.027778
0 0.758203 0.199306 0.011719 0.029167
0 0.600391 0.550694 0.014844 0.031944
0 0.669922 0.911806 0.013281 0.040278
0 0.664062 0.244444 0.010937 0.036111
0 0.675000 0.239583 0.014062 0.026389
0 0.593750 0.016667 0.018750 0.025000
0 0.200000 0.749306 0.015625 0.034722
0 0.358203 0.747917 0.014844 0.026389
0 0.776563 0.052083 0.010937 0.023611
0 0.711328 0.058333 0.011719 0.030556
0 0.800391 0.450000 0.014844 0.036111
0 0.975781 0.644444 0.020312 0.025000
0 0.074609 0.961111 0.014844 0.022222
