0 0.130600 0.407800 0.016800 0.021900
0 0.791800 0.256500 0.015800 0.023100
0 0.606100 0.269900 0.012800 0.021900
0 0.006300 0.131900 0.013900 0.021700
0 0.383300 0.455600 0.015900 0.020000
0 0.005800 0.768900 0.011900 0.022000
0 0.369400 0.084800 0.016100 0.020200
0 0.670200 0.531200 0.014700 0.023500
0 0.828100 0.654700 0.015800 0.020800
0 0.555500 0.484000 0.014700 0.023600
0 0.858300 0.132500 0.016900 0.021600
0 0.441900 0.431700 0.014600 0.025200
0 0.403400 0.058600 0.018800 0.019900
0 0.880700 0.668100 0.014800 0.024500
0 0.641800 0.518700 0.015400 0.022800
0 0.631400 0.168500 0.016500 0.020500
0 0.670000 0.383500 0.016700 0.019400
0 0.292900 0.608100 0.016700 0.018900
0 0.658000 0.519900 0.015900 0.019700
0 0.383300 0.058300 0.018600 0.019700
0 0.871600 0.691800 0.013400 0.025900
0 0.340700 0.921000 0.016100 0.021100
0 0.771300 0.116500 0.014600 0.022700
0 0.456500 0.140500 0.015300 0.022200
0 0.858800 0.558700 0.017700 0.020300
0 0.840700 0.779100 0.015500 0.020800
0 0.432000 0.622600 0.015300 0.023400
0 0.770100 0.894400 0.013900 0.020500
0 0.545000 0.056400 0.017200 0.021900
0 0.743200 0.894300 0.015500 0.022700
0 0.069200 0.656200 0.016200 0.020600
0 0.918900 0.430100 0.016000 0.020100
0 0.243800 0.595600 0.016400 0.021100
0 0.679300 0.191600 0.014800 0.020700
0 0.193700 0.796000 0.014500 0.021100
0 0.184300 0.957300 0.016800 0.024300
0 0.881400 0.780500 0.015200 0.021400
0 0.091600 0.555800 0.019800 0.017900
0 0.329800 0.917200 0.014700 0.023400
0 0.609600 0.616600 0.018700 0.020200
0 0.332000 0.078400 0.015000 0.022200
0 0.317000 0.809400 0.016600 0.018900
0 0.255800 0.546200 0.015000 0.021000
0 0.044200 0.629500 0.014500 0.023800
0 0.258900 0.278900 0.015000 0.019700
0 0.359300 0.631400 0.015500 0.022900
0 0.742400 0.704200 0.014200 0.023600
0 0.542700 0.391100 0.014100 0.025200
0 0.854000 0.577900 0.017600 0.020000
0 0.871100 0.080300 0.015700 0.024100
0 0.771300 0.466100 0.014900 0.022500
0 0.659800 0.757100 0.015600 0.019800
0 0.220600 0.166300 0.014800 0.023700
0 0.634800 0.342800 0.016100 0.020800
0 0.616300 0.790100 0.015600 0.021300
0 0.642600 0.627200 0.017100 0.020800
0 0.469600 0.542500 0.016500 0.022300
0 0.582500 0.246600 0.014900 0.024000
0 0.277700 0.141300 0.016600 0.021100
0 0.652500 0.568100 0.017700 0.022800
0 0.356000 0.853600 0.015100 0.022900
0 0.492900 0.407400 0.017000 0.025600
0 0.306000 0.146500 0.016300 0.021700
0 0.543000 0.533600 0.014800 0.020500
0 0.853500 0.459700 0.015500 0.022000
0 0.717000 0.731800 0.015400 0.025100
0 0.452300 0.327500 0.016200 0.022500
0 0.841100 0.322300 0.016000 0.021600
0 0.597200 0.546300 0.015800 0.023200
0 0.419200 0.316200 0.014600 0.021900
0 0.005800 0.340400 0.013300 0.021200
0 0.295200 0.243200 0.014700 0.021500
0 0.480700 0.629700 0.015800 0.025100
0 0.971500 0.845200 0.014000 0.025300
0 0.495500 0.242800 0.013600 0.023300
0 0.456200 0.119700 0.016000 0.021400
0 0.430100 0.496000 0.013500 0.025600
0 0.090600 0.309900 0.016400 0.024100
0 0.835700 0.757700 0.016500 0.020400
0 0.771300 0.409100 0.016400 0.022400
0 0.718900 0.332200 0.014800 0.021200
0 0.047200 0.120600 0.016000 0.021500
0 0.045100 0.396000 0.016400 0.020900
0 0.096600 0.431500 0.014000 0.023400
0 0.246100 0.519400 0.013100 0.025900
0 0.253000 0.455100 0.016300 0.023100
0 0.829500 0.105700 0.016500 0.022500
0 0.871300 0.533700 0.016300 0.024300
0 0.672700 0.704400 0.016400 0.019900
0 0.927200 0.821300 0.015200 0.020800
0 0.185200 0.368200 0.015000 0.024300
0 0.765600 0.166700 0.014800 0.024100
0 0.957300 0.259000 0.015100 0.021900
0 0.585500 0.605600 0.016600 0.021200
0 0.804100 0.330700 0.015200 0.023600
0 0.053700 0.206900 0.016900 0.023700
0 0.267300 0.432000 0.013500 0.025800
0 0.845500 0.270400 0.014700 0.025900
0 0.019000 0.677900 0.015600 0.023000
0 0.441600 0.955100 0.015100 0.022900
0 0.685300 0.342600 0.015900 0.020800
0 0.504900 0.940600 0.017000 0.021200
0 0.806100 0.157100 0.015500 0.021800
0 0.230100 0.334900 0.015000 0.023700
0 0.367200 0.428400 0.017000 0.020600
0 0.207000 0.539700 0.015300 0.021200
0 0.035300 0.797000 0.017900 0.022100
0 0.541100 0.793300 0.015600 0.024400
0 0.307000 0.803600 0.016300 0.020300
0 0.678500 0.359700 0.015100 0.021700
0 0.096700 0.890000 0.017900 0.023300
0 0.366600 0.828900 0.012400 0.026900
0 0.322500 0.790000 0.017000 0.019500
0 0.718000 0.942300 0.018200 0.022200
0 0.317200 0.858000 0.015800 0.021100
0 0.347800 0.253400 0.013300 0.024800
0 0.682200 0.208600 0.014600 0.021900
0 0.415300 0.807200 0.018200 0.020800
0 0.494400 0.051800 0.015600 0.023500
0 0.251600 0.429100 0.015900 0.023800
0 0.845600 0.248300 0.015200 0.022300
0 0.654000 0.172300 0.016300 0.021600
0 0.778400 0.733400 0.014500 0.023600
0 0.722700 0.768000 0.014000 0.023700
0 0.592800 0.284400 0.014400 0.021700
0 0.041800 0.502100 0.017100 0.021500
0 0.423000 0.547400 0.014900 0.022200
0 0.070500 0.817300 0.015700 0.025400
0 0.669500 0.666400 0.015100 0.021000
0 0.463900 0.058000 0.015600 0.022400
0 0.706700 0.428500 0.016000 0.022900
0 0.426600 0.165400 0.016700 0.023700
0 0.667000 0.946700 0.012700 0.029400
0 0.868800 0.883200 0.015900 0.020900
0 0.567100 0.793300 0.015800 0.025200
0 0.367000 0.206100 0.013700 0.024600
0 0.927700 0.535500 0.016500 0.024700
0 0.685000 0.768400 0.015700 0.022900
0 0.490000 0.531800 0.015200 0.023200
0 0.720600 0.422100 0.017300 0.018800
0 0.383700 0.583700 0.016100 0.025900
0 0.830700 0.376900 0.013800 0.021300
0 0.428900 0.452500 0.013500 0.023900
0 0.621200 0.943000 0.011900 0.026100
0 0.410600 0.979900 0.013700 0.025300
0 0.356200 0.270900 0.012700 0.023800
0 0.781000 0.378900 0.013800 0.026700
0 0.044300 0.956700 0.015900 0.022200
0 0.859800 0.508900 0.015900 0.025700
0 0.414700 0.959500 0.015800 0.021700
0 0.092800 0.821800 0.014200 0.022100
0 0.094900 0.966700 0.017500 0.021000
0 0.842100 0.204000 0.013600 0.027000
0 0.357700 0.878500 0.015200 0.022600
0 0.281200 0.027800 0.015600 0.022700
0 0.069400 0.955100 0.017200 0.022600
0 0.869100 0.764600 0.016300 0.022000
0 0.116800 0.139600 0.014500 0.020000
0 0.702000 0.557600 0.016900 0.021200
0 0.741800 0.206300 0.014300 0.022700
0 0.371500 0.067800 0.014900 0.020300
0 0.128600 0.918300 0.018700 0.019400
0 0.014700 0.222200 0.016500 0.019000
0 0.192900 0.231200 0.014700 0.023700
0 0.248200 0.058100 0.012400 0.026200
0 0.966300 0.079400 0.016500 0.024500
0 0.047700 0.696500 0.014400 0.029300
0 0.047200 0.821700 0.017000 0.022100
0 0.588700 0.532600 0.013800 0.026300
0 0.226600 0.754900 0.015500 0.020100
0 0.969900 0.580400 0.016000 0.024900
0 0.369900 0.697500 0.014100 0.022300
0 0.627200 0.263900 0.016300 0.021400
0 0.008800 0.277800 0.014300 0.022000
0 0.236100 0.502600 0.014600 0.024800
0 0.561100 0.706800 0.016700 0.023200
0 0.246000 0.968700 0.017700 0.021000
0 0.371400 0.279800 0.012800 0.028000
0 0.390100 0.397200 0.013200 0.028300
0 0.679700 0.827100 0.013900 0.023300
0 0.055900 0.590700 0.016400 0.020700
0 0.071500 0.116100 0.013100 0.023700
0 0.926700 0.657800 0.015700 0.025300
0 0.568700 0.572800 0.015200 0.022100
0 0.930400 0.929000 0.017100 0.022400
0 0.182800 0.835400 0.014600 0.024600
0 0.553300 0.185200 0.017900 0.020800
0 0.054000 0.885300 0.015800 0.024200
0 0.703300 0.783600 0.013600 0.025100
0 0.902300 0.067900 0.013200 0.029500
0 0.646700 0.072800 0.013600 0.026700
0 0.166100 0.498300 0.015300 0.022000
0 0.722700 0.577400 0.016500 0.021100
0 0.752600 0.098600 0.015600 0.022500
0 0.404900 0.405300 0.013400 0.026000
0 0.479500 0.094500 0.015400 0.022200
0 0.686200 0.645600 0.015800 0.023000
0 0.182000 0.685400 0.015500 0.022400
0 0.484600 0.926300 0.016500 0.021600
0 0.646600 0.141200 0.013700 0.025500
0 0.942800 0.631300 0.013100 0.032400
0 0.005400 0.303400 0.010600 0.026400
0 0.221100 0.984400 0.014900 0.021900
0 0.718200 0.183500 0.011700 0.031400
0 0.942600 0.569000 0.014500 0.024600
0 0.131600 0.927600 0.018000 0.020200
0 0.719200 0.347700 0.015500 0.019700
0 0.667900 0.144000 0.013600 0.026300
0 0.023000 0.384400 0.015900 0.020700
0 0.731400 0.077300 0.011600 0.025900
0 0.314000 0.507600 0.014900 0.023900
0 0.141500 0.084400 0.017000 0.022000
0 0.081700 0.392500 0.016100 0.021900
0 0.968700 0.677100 0.015800 0.024600
0 0.852000 0.771500 0.015600 0.020500
0 0.746300 0.283400 0.013200 0.026500
0 0.269300 0.115500 0.013200 0.026800
0 0.451000 0.515000 0.014900 0.022200
0 0.319500 0.920000 0.015400 0.025700
0 0.644600 0.951800 0.015200 0.021300
0 0.181200 0.065100 0.014800 0.024400
0 0.264600 0.352000 0.017100 0.021800
0 0.311200 0.633900 0.016300 0.022900
0 0.814200 0.034400 0.014100 0.027200
0 0.292700 0.304400 0.014000 0.020000
0 0.288900 0.920500 0.017900 0.021700
0 0.627300 0.127300 0.015600 0.021300
0 0.852900 0.320600 0.011900 0.027600
0 0.510700 0.366800 0.012800 0.030500
0 0.034900 0.377800 0.016500 0.019600
0 0.515000 0.459500 0.015200 0.027800
0 0.517400 0.922000 0.013300 0.029900
0 0.111100 0.043000 0.014700 0.026300
0 0.991800 0.735100 0.013300 0.022800
0 0.697400 0.289100 0.015700 0.021400
0 0.960700 0.760000 0.014900 0.021400
0 0.901200 0.851500 0.014900 0.021700
0 0.769900 0.641000 0.014600 0.022900
0 0.159100 0.567300 0.014200 0.026900
0 0.464300 0.632000 0.012500 0.031500
0 0.952700 0.377900 0.013000 0.021600
0 0.872200 0.451700 0.015300 0.021600
0 0.807900 0.359100 0.011200 0.030300
0 0.856700 0.928600 0.017300 0.019200
0 0.931100 0.371200 0.013700 0.017700
0 0.091200 0.704800 0.013300 0.027300
0 0.478300 0.064900 0.014900 0.024600
0 0.752500 0.334200 0.014200 0.021200
0 0.617600 0.747700 0.014200 0.023800
0 0.627000 0.628300 0.017000 0.020800
0 0.931000 0.401500 0.014500 0.022000
0 0.904800 0.681600 0.012200 0.033600
0 0.842400 0.890500 0.017300 0.020200
0 0.029900 0.955400 0.012500 0.030600
0 0.826800 0.804100 0.015900 0.020200
0 0.110500 0.396900 0.016400 0.021600
0 0.620500 0.541300 0.012900 0.031200
0 0.597200 0.440300 0.013900 0.026200
0 0.429400 0.703300 0.014700 0.021700
0 0.896600 0.245800 0.013100 0.022500
0 0.806600 0.278000 0.015400 0.023700
0 0.869000 0.729700 0.012700 0.033000
0 0.979900 0.295800 0.016300 0.020600
0 0.791300 0.635900 0.016100 0.021500
0 0.760300 0.114600 0.014700 0.018500
0 0.725900 0.093000 0.013200 0.026000
0 0.704700 0.029300 0.015000 0.028300
0 0.607400 0.052800 0.016500 0.021000
0 0.503400 0.021500 0.014400 0.026900
0 0.091200 0.455000 0.013400 0.017700
0 0.392100 0.472900 0.014500 0.021900
0 0.435500 0.583800 0.013900 0.026300
0 0.973000 0.953200 0.019100 0.023400
0 0.730800 0.215800 0.013800 0.020200
0 0.603300 0.296900 0.012400 0.022900
0 0.911400 0.772000 0.015200 0.022700
0 0.973600 0.880000 0.017700 0.021300
0 0.945000 0.883500 0.011500 0.035000
0 0.702800 0.938900 0.018400 0.021600
0 0.973900 0.770400 0.015300 0.023900
0 0.160100 0.072000 0.018400 0.018000
0 0.716200 0.785700 0.014200 0.024900
0 0.020500 0.631500 0.012000 0.031700
0 0.815800 0.839000 0.015500 0.019200
0 0.023300 0.240300 0.011000 0.029600
0 0.427500 0.031600 0.018200 0.019500
0 0.447800 0.476500 0.014400 0.024100
0 0.603600 0.122800 0.012900 0.027100
0 0.908100 0.169300 0.016600 0.019200
0 0.133200 0.286000 0.014200 0.024300
0 0.552200 0.273100 0.011200 0.031500
0 0.622400 0.715100 0.013300 0.022900
0 0.560900 0.157000 0.015100 0.026100
0 0.003800 0.939200 0.008800 0.021400
0 0.814000 0.196700 0.015200 0.021400
0 0.256600 0.089000 0.014000 0.023400
0 0.080300 0.873400 0.015300 0.025400
0 0.706500 0.748700 0.016300 0.022400
0 0.440500 0.596800 0.015700 0.020700
0 0.767200 0.710500 0.013300 0.026000
0 0.922600 0.366700 0.014200 0.018000
0 0.817100 0.647600 0.011600 0.027900
0 0.351900 0.202400 0.015900 0.021300
0 0.384200 0.686000 0.014700 0.022500
0 0.959100 0.810500 0.014700 0.020700
0 0.520500 0.323300 0.012900 0.024800
0 0.444200 0.314800 0.014300 0.022400
0 0.860200 0.852200 0.015500 0.020800
0 0.964100 0.781800 0.016900 0.019100
0 0.685200 0.221200 0.012600 0.020800
0 0.763700 0.020300 0.016400 0.025500
0 0.901900 0.159200 0.016200 0.020700
0 0.376200 0.185800 0.016800 0.021200
0 0.876500 0.926900 0.017800 0.019800
0 0.586200 0.684500 0.015700 0.025300
0 0.175900 0.877600 0.016000 0.021900
0 0.181600 0.385400 0.014700 0.024500
0 0.690100 0.835600 0.012100 0.026100
0 0.568000 0.360600 0.013600 0.027600
0 0.792700 0.785100 0.012600 0.026800
0 0.747400 0.214100 0.014800 0.021600
0 0.818500 0.576300 0.016200 0.025100
0 0.439000 0.530600 0.015100 0.022000
0 0.498300 0.107800 0.014600 0.025000
0 0.260400 0.483900 0.013500 0.025500
0 0.923600 0.447200 0.016100 0.020700
0 0.789000 0.330400 0.015000 0.022400
0 0.726300 0.917200 0.017300 0.020000
0 0.315000 0.214400 0.015400 0.024700
0 0.756400 0.977800 0.014700 0.025400
0 0.518700 0.610000 0.013400 0.028900
0 0.334400 0.289000 0.015300 0.020800
0 0.902500 0.402400 0.013400 0.025100
0 0.196900 0.453800 0.015500 0.019700
0 0.954100 0.560800 0.014000 0.025700
0 0.910900 0.188900 0.015600 0.020600
0 0.902200 0.246700 0.013100 0.020900
0 0.659000 0.288600 0.014400 0.021100
0 0.890800 0.526300 0.015000 0.024800
0 0.573600 0.077900 0.014400 0.025500
0 0.297100 0.535100 0.013000 0.029600
0 0.261700 0.822000 0.015100 0.021400
0 0.811800 0.428900 0.011900 0.031400
0 0.442900 0.648100 0.012500 0.029000
0 0.959100 0.585400 0.015500 0.024700
0 0.823900 0.222000 0.012300 0.029600
0 0.585900 0.342500 0.016000 0.022700
0 0.480900 0.735400 0.015600 0.020000
0 0.351900 0.122400 0.011900 0.033100
0 0.567400 0.583600 0.014800 0.023100
0 0.124100 0.952900 0.018300 0.020400
0 0.379000 0.663700 0.014300 0.023400
0 0.581300 0.017100 0.015600 0.025800
0 0.965300 0.747100 0.014100 0.021400
0 0.160800 0.741100 0.017200 0.018800
0 0.911500 0.635300 0.012000 0.031000
0 0.242600 0.936200 0.016700 0.022600
0 0.792000 0.460500 0.012400 0.027900
0 0.267000 0.298300 0.014700 0.020300
0 0.340800 0.871400 0.015200 0.024100
0 0.635800 0.705700 0.014700 0.021800
0 0.943900 0.177100 0.013100 0.028800
0 0.148300 0.881800 0.017800 0.021800
0 0.873600 0.252100 0.014600 0.024200
0 0.082500 0.114000 0.014600 0.021700
0 0.177100 0.445700 0.016500 0.022200
0 0.838700 0.135400 0.015700 0.021600
0 0.833600 0.910400 0.016200 0.021700
0 0.345100 0.717900 0.018100 0.020000
0 0.134300 0.398900 0.015600 0.018900
0 0.467100 0.926300 0.012700 0.028000
0 0.746000 0.331300 0.015600 0.020200
0 0.469600 0.726500 0.014500 0.023700
0 0.530600 0.390500 0.012200 0.031500
0 0.124000 0.542700 0.017200 0.021800
0 0.955700 0.080200 0.011900 0.035600
0 0.499100 0.193000 0.015000 0.025200
0 0.124200 0.614300 0.016600 0.020100
0 0.649300 0.843700 0.014300 0.024800
0 0.303700 0.076200 0.011700 0.025100
0 0.795100 0.498500 0.014600 0.028400
0 0.528800 0.783000 0.017300 0.020900
0 0.761400 0.517900 0.018000 0.022100
0 0.818000 0.135800 0.013600 0.026300
0 0.454800 0.548700 0.012800 0.025300
0 0.391700 0.098300 0.013300 0.026600
0 0.381100 0.388700 0.014900 0.020600
0 0.986600 0.834800 0.013800 0.026300
0 0.919900 0.101700 0.012400 0.032800
0 0.128200 0.221700 0.011200 0.028800
0 0.350391 0.363194 0.011719 0.023611
0 0.181641 0.988889 0.014844 0.013889
0 0.512891 0.726389 0.014844 0.013889
0 0.871094 0.388889 0.012500 0.016667
0 0.985937 0.462500 0.014062 0.025000
0 0.924219 0.511806 0.014062 0.015278
0 0.674219 0.438889 0.014062 0.016667
0 0.649609 0.050000 0.011719 0.019444
0 0.301172 0.426389 0.011719 0.033333
0 0.005469 0.527083 0.010937 0.020833
0 0.019922 0.514583 0.019531 0.018056
0 0.346094 0.950694 0.012500 0.031944
0 0.012109 0.025000 0.008594 0.030556
0 0.811328 0.087500 0.008594 0.027778
0 0.761719 0.442361 0.010937 0.031944
0 0.630078 0.663194 0.010156 0.031944
0 0.775391 0.668056 0.010156 0.030556
0 0.850000 0.797222 0.015625 0.022222
0 0.991016 0.927778 0.016406 0.030556
0 0.988672 0.654167 0.008594 0.038889
0 0.400391 0.025000 0.010156 0.030556
0 0.407813 0.026389 0.007812 0.033333
0 0.056250 0.636111 0.012500 0.030556
0 0.413672 0.587500 0.014844 0.030556
0 0.210938 0.902778 0.010937 0.027778
0 0.753906 0.761806 0.010937 0.031944
0 0.407813 0.685417 0.012500 0.031944
0 0.559375 0.890278 0.009375 0.030556
0 0.799219 0.287500 0.012500 0.025000
