0 0.858600 0.358600 0.015400 0.020700
0 0.308000 0.093100 0.013400 0.019900
0 0.497700 0.208600 0.015500 0.021000
0 0.069900 0.554600 0.017300 0.020100
0 0.268400 0.156200 0.013800 0.021000
0 0.278900 0.667700 0.017200 0.021300
0 0.956500 0.243400 0.014500 0.024600
0 0.658000 0.345300 0.015200 0.021000
0 0.205800 0.858900 0.015800 0.023300
0 0.307500 0.766600 0.017900 0.020400
0 0.807000 0.308100 0.015100 0.023400
0 0.556500 0.060300 0.015400 0.021700
0 0.716700 0.222200 0.014700 0.021400
0 0.344600 0.919900 0.016100 0.021100
0 0.417500 0.720500 0.016400 0.018600
0 0.921100 0.043700 0.015700 0.022800
0 0.443800 0.368900 0.014500 0.021900
0 0.318600 0.517900 0.016200 0.021000
0 0.189000 0.941300 0.016000 0.021000
0 0.117700 0.930100 0.019100 0.018900
0 0.270900 0.345700 0.017300 0.022200
0 0.366900 0.380600 0.016100 0.021500
0 0.991700 0.495500 0.013000 0.020600
0 0.332800 0.269100 0.015700 0.020800
0 0.380200 0.881100 0.016100 0.022500
0 0.117300 0.242600 0.015900 0.021300
0 0.392000 0.658000 0.014200 0.022100
0 0.530300 0.759300 0.017200 0.019700
0 0.932700 0.032200 0.014700 0.022700
0 0.904600 0.572500 0.015800 0.020600
0 0.253700 0.432500 0.017100 0.022600
0 0.496100 0.084300 0.015000 0.019800
0 0.105500 0.807600 0.015300 0.022000
0 0.508100 0.657300 0.014400 0.020800
0 0.844600 0.478500 0.016300 0.023600
0 0.769700 0.642700 0.015400 0.020800
0 0.427300 0.227800 0.016200 0.021900
0 0.394300 0.795300 0.017800 0.018900
0 0.452600 0.065700 0.016100 0.017700
0 0.458600 0.192000 0.017000 0.020100
0 0.878900 0.808700 0.016700 0.020100
0 0.758500 0.046900 0.013900 0.023600
0 0.271000 0.558300 0.016800 0.020300
0 0.566800 0.257600 0.015000 0.026900
0 0.132100 0.568900 0.018000 0.020100
0 0.315200 0.079800 0.015100 0.022300
0 0.273400 0.544300 0.017700 0.021100
0 0.831000 0.394400 0.016100 0.022000
0 0.729300 0.918100 0.016100 0.022500
0 0.747200 0.565500 0.016400 0.020800
0 0.827600 0.185400 0.016800 0.020900
0 0.196500 0.408900 0.015000 0.020200
0 0.942500 0.791500 0.016200 0.022700
0 0.796100 0.404800 0.015100 0.021800
0 0.957700 0.641600 0.015500 0.022800
0 0.916200 0.196400 0.016800 0.022600
0 0.033600 0.783800 0.013500 0.021400
0 0.608100 0.359600 0.014800 0.023000
0 0.158200 0.959500 0.017600 0.020000
0 0.507900 0.167600 0.015300 0.023000
0 0.957500 0.443600 0.014400 0.022500
0 0.577800 0.654000 0.016300 0.018400
0 0.683800 0.471700 0.016100 0.021800
0 0.029300 0.258500 0.014900 0.021600
0 0.141500 0.383100 0.016800 0.025000
0 0.135100 0.082300 0.015100 0.020700
0 0.483900 0.456700 0.016400 0.020200
0 0.953400 0.132400 0.017100 0.022100
0 0.731800 0.743700 0.015600 0.021000
0 0.829400 0.105600 0.017700 0.020900
0 0.866600 0.794800 0.015800 0.021800
0 0.327900 0.556700 0.015000 0.021100
0 0.657500 0.681600 0.016000 0.021900
0 0.292300 0.059100 0.017300 0.019500
0 0.729700 0.792700 0.014800 0.024600
0 0.943200 0.471200 0.015900 0.022000
0 0.305000 0.371700 0.014900 0.021400
0 0.920800 0.631900 0.015100 0.025300
0 0.589600 0.103400 0.016800 0.024000
0 0.944400 0.046900 0.015300 0.022000
0 0.434200 0.352400 0.015400 0.021300
0 0.677300 0.041200 0.015400 0.021200
0 0.197200 0.954800 0.016500 0.020400
0 0.222900 0.894200 0.016100 0.020100
0 0.530500 0.514700 0.014500 0.021100
0 0.492600 0.718200 0.015700 0.019600
0 0.427100 0.165800 0.018000 0.020600
0 0.756200 0.828700 0.015300 0.023100
0 0.746700 0.184000 0.016400 0.021200
0 0.004100 0.307600 0.009400 0.023600
0 0.020600 0.804300 0.013900 0.018500
0 0.070500 0.110000 0.014800 0.023900
0 0.144400 0.553300 0.016600 0.023400
0 0.927800 0.755000 0.016500 0.021700
0 0.919900 0.534500 0.014800 0.022200
0 0.489900 0.752900 0.015800 0.020900
0 0.131100 0.139000 0.016300 0.020300
0 0.429100 0.381300 0.012700 0.028100
0 0.479400 0.140700 0.016600 0.021900
0 0.077900 0.671000 0.013400 0.024400
0 0.730200 0.444600 0.012600 0.026200
0 0.292700 0.604500 0.014500 0.025200
0 0.484200 0.535000 0.017000 0.020700
0 0.505600 0.259300 0.015400 0.019400
0 0.122600 0.556200 0.016500 0.020000
0 0.767400 0.255500 0.012500 0.029100
0 0.922500 0.077100 0.015100 0.021600
0 0.647700 0.255200 0.016400 0.018900
0 0.971300 0.877300 0.017800 0.021200
0 0.204600 0.794000 0.015500 0.025100
0 0.555400 0.652400 0.013200 0.025200
0 0.947800 0.019100 0.016300 0.023300
0 0.814500 0.519600 0.016300 0.022200
0 0.790100 0.155300 0.016700 0.020800
0 0.764700 0.867600 0.015900 0.021900
0 0.927600 0.393100 0.012600 0.029000
0 0.513800 0.504000 0.015500 0.020600
0 0.928800 0.235400 0.017300 0.022000
0 0.910100 0.519200 0.014800 0.023400
0 0.614300 0.695400 0.014800 0.020700
0 0.672700 0.360400 0.014900 0.020800
0 0.531400 0.245600 0.014700 0.022100
0 0.834100 0.345700 0.016300 0.020900
0 0.919100 0.815300 0.016100 0.019400
0 0.285200 0.289900 0.018600 0.020100
0 0.367300 0.957600 0.015900 0.020300
0 0.930400 0.647100 0.013800 0.025100
0 0.182600 0.840900 0.016000 0.024100
0 0.170500 0.310700 0.015200 0.023800
0 0.282800 0.194800 0.014300 0.022600
0 0.656400 0.217100 0.015400 0.022800
0 0.634800 0.202900 0.013500 0.026200
0 0.359700 0.707800 0.014000 0.024800
0 0.493900 0.946000 0.014500 0.023300
0 0.790000 0.733500 0.014600 0.022500
0 0.093300 0.754900 0.013500 0.023100
0 0.352900 0.946400 0.016000 0.020000
0 0.732100 0.104000 0.014700 0.025500
0 0.584300 0.621600 0.014900 0.020400
0 0.828900 0.828300 0.015800 0.021900
0 0.819100 0.859600 0.016400 0.019200
0 0.823400 0.660400 0.016000 0.019600
0 0.885400 0.293900 0.015900 0.024500
0 0.891300 0.465700 0.015400 0.023900
0 0.491200 0.239900 0.014700 0.019300
0 0.295100 0.522900 0.014400 0.023900
0 0.733800 0.542800 0.014500 0.021000
0 0.619800 0.277200 0.016400 0.021800
0 0.706600 0.965000 0.015800 0.022100
0 0.726400 0.817700 0.015500 0.023400
0 0.073200 0.721300 0.014500 0.022000
0 0.753600 0.653000 0.013300 0.026000
0 0.319500 0.402100 0.015400 0.021600
0 0.527100 0.317000 0.011200 0.029900
0 0.826800 0.793300 0.016800 0.021900
0 0.720300 0.607700 0.015100 0.019000
0 0.631300 0.733700 0.014500 0.026100
0 0.947000 0.497200 0.014100 0.028400
0 0.430500 0.045800 0.013600 0.027300
0 0.823500 0.879500 0.013800 0.021600
0 0.415500 0.745900 0.016700 0.019800
0 0.217300 0.835600 0.015400 0.023800
0 0.539600 0.429500 0.017500 0.022500
0 0.456900 0.226700 0.015300 0.020900
0 0.105400 0.115500 0.014900 0.021900
0 0.639000 0.153600 0.013200 0.025800
0 0.710200 0.190800 0.012700 0.027400
0 0.909300 0.971500 0.018100 0.020300
0 0.022900 0.909800 0.016100 0.022600
0 0.828400 0.496200 0.016100 0.021300
0 0.946600 0.646200 0.012300 0.028500
0 0.322400 0.919400 0.014500 0.026800
0 0.770800 0.397500 0.014700 0.022400
0 0.295100 0.118200 0.014300 0.020300
0 0.576900 0.590000 0.013600 0.023000
0 0.770600 0.465500 0.016400 0.022000
0 0.220400 0.985500 0.015500 0.022700
0 0.510100 0.731400 0.016400 0.018100
0 0.272800 0.077900 0.015800 0.017800
0 0.760300 0.396800 0.015600 0.021100
0 0.231900 0.654700 0.013100 0.024900
0 0.530000 0.179000 0.014400 0.023100
0 0.686000 0.247700 0.015300 0.020400
0 0.806300 0.279100 0.014900 0.024700
0 0.640200 0.334800 0.013700 0.024500
0 0.723800 0.296800 0.014600 0.022900
0 0.803000 0.745100 0.012000 0.027400
0 0.101100 0.741400 0.014400 0.022300
0 0.916900 0.694900 0.014900 0.020600
0 0.882800 0.209300 0.012800 0.023700
0 0.611200 0.805400 0.015600 0.021700
0 0.323300 0.295600 0.011900 0.031300
0 0.590500 0.233800 0.013300 0.031000
0 0.494100 0.408000 0.016900 0.024800
0 0.051200 0.528200 0.017700 0.018400
0 0.535700 0.557700 0.016200 0.023100
0 0.846000 0.545500 0.014500 0.021400
0 0.952700 0.805100 0.015300 0.020700
0 0.176700 0.404900 0.016900 0.020600
0 0.269400 0.690000 0.016600 0.022000
0 0.283400 0.704000 0.015300 0.022100
0 0.905600 0.826600 0.016200 0.018500
0 0.168800 0.264800 0.015000 0.025400
0 0.827800 0.971400 0.012300 0.018000
0 0.647500 0.267800 0.015400 0.018500
0 0.730700 0.196900 0.014000 0.023500
0 0.682400 0.207800 0.015000 0.021300
0 0.008700 0.277400 0.013400 0.021800
0 0.876300 0.741400 0.015900 0.019600
0 0.698400 0.284500 0.015000 0.022200
0 0.723000 0.865900 0.011600 0.027000
0 0.265300 0.898000 0.014800 0.023000
0 0.023600 0.956300 0.015500 0.021500
0 0.943700 0.873000 0.016500 0.020900
0 0.380300 0.686100 0.015500 0.021500
0 0.968900 0.543500 0.013800 0.028200
0 0.333300 0.915700 0.014700 0.022000
0 0.143700 0.980600 0.015400 0.023400
0 0.923300 0.707900 0.014900 0.023400
0 0.506900 0.106200 0.012900 0.027100
0 0.339900 0.872700 0.014400 0.025500
0 0.430200 0.297000 0.016100 0.023300
0 0.669500 0.941700 0.016200 0.020000
0 0.498300 0.676900 0.016600 0.019100
0 0.046700 0.552500 0.015600 0.022200
0 0.923700 0.303200 0.015500 0.021700
0 0.557900 0.168800 0.013600 0.032100
0 0.451200 0.340100 0.013500 0.024900
0 0.370500 0.022900 0.017300 0.024500
0 0.055300 0.829600 0.014500 0.027300
0 0.597700 0.439300 0.017600 0.021700
0 0.133600 0.970400 0.018000 0.018800
0 0.974000 0.417700 0.014400 0.026500
0 0.805300 0.206000 0.012900 0.029100
0 0.006500 0.502600 0.012100 0.022200
0 0.569900 0.572900 0.014500 0.020500
0 0.136200 0.867700 0.016900 0.020100
0 0.769400 0.623100 0.015100 0.022100
0 0.730900 0.078200 0.012600 0.028400
0 0.191800 0.703200 0.012800 0.024000
0 0.443100 0.472800 0.012600 0.027100
0 0.792500 0.710800 0.015100 0.023800
0 0.602700 0.094200 0.014800 0.026600
0 0.065200 0.339800 0.013600 0.026200
0 0.251800 0.855700 0.015300 0.019700
0 0.189400 0.440400 0.013800 0.026800
0 0.935900 0.557900 0.015500 0.020800
0 0.204900 0.146400 0.011900 0.028000
0 0.236400 0.942100 0.012200 0.028200
0 0.620100 0.445700 0.014500 0.021600
0 0.856000 0.571900 0.013300 0.022800
0 0.076100 0.584700 0.015400 0.024900
0 0.661300 0.641700 0.015200 0.024800
0 0.173800 0.284600 0.015800 0.022900
0 0.798000 0.959600 0.011800 0.027500
0 0.019600 0.241900 0.012200 0.028300
0 0.619400 0.541400 0.014700 0.028800
0 0.489700 0.277100 0.015400 0.022000
0 0.432200 0.276700 0.016900 0.019800
0 0.114600 0.896200 0.015900 0.022600
0 0.015400 0.394100 0.012000 0.032400
0 0.971000 0.896600 0.017500 0.021200
0 0.630700 0.823600 0.014400 0.022100
0 0.422200 0.152000 0.017200 0.020000
0 0.457000 0.020200 0.014100 0.027400
0 0.020200 0.838900 0.015000 0.018700
0 0.055200 0.077500 0.017400 0.022800
0 0.521800 0.157300 0.014200 0.023500
0 0.930900 0.535500 0.015800 0.021800
0 0.254600 0.510100 0.015100 0.027200
0 0.538700 0.134300 0.015200 0.024600
0 0.592200 0.834900 0.013700 0.025800
0 0.401200 0.893800 0.014800 0.022100
0 0.678000 0.317700 0.013800 0.019700
0 0.841700 0.735100 0.016100 0.019100
0 0.893300 0.127500 0.012900 0.028100
0 0.821600 0.607900 0.011000 0.031600
0 0.131800 0.754600 0.012200 0.032500
0 0.808700 0.176800 0.016400 0.019600
0 0.445900 0.285400 0.015900 0.023000
0 0.010800 0.223700 0.016800 0.019500
0 0.643600 0.017300 0.011800 0.029400
0 0.351300 0.489700 0.014000 0.023500
0 0.779800 0.410900 0.015800 0.019900
0 0.773700 0.764300 0.015800 0.020400
0 0.706600 0.626400 0.014300 0.024000
0 0.791200 0.791800 0.015100 0.019900
0 0.494900 0.598500 0.016700 0.022800
0 0.455400 0.136400 0.015900 0.021200
0 0.707500 0.410000 0.012100 0.029700
0 0.638200 0.627700 0.013500 0.025000
0 0.051000 0.271400 0.015100 0.023300
0 0.282800 0.979800 0.011800 0.028900
0 0.993500 0.417300 0.010500 0.023800
0 0.664000 0.065800 0.015800 0.021700
0 0.844100 0.111100 0.016300 0.020700
0 0.266700 0.064300 0.017400 0.020000
0 0.927800 0.839800 0.016200 0.021500
0 0.005800 0.915300 0.012400 0.021300
0 0.061000 0.952500 0.017300 0.019700
0 0.403400 0.673800 0.015700 0.021400
0 0.298100 0.410400 0.013400 0.026300
0 0.429800 0.856200 0.012100 0.031200
0 0.279700 0.751600 0.017300 0.021800
0 0.466500 0.555400 0.016900 0.022300
0 0.388800 0.207400 0.016500 0.024700
0 0.089000 0.417400 0.015500 0.022700
0 0.401500 0.032100 0.014500 0.024900
0 0.413500 0.884100 0.015300 0.021100
0 0.753500 0.135000 0.014800 0.021500
0 0.255900 0.561000 0.017600 0.023300
0 0.289100 0.129300 0.014700 0.021600
0 0.993700 0.019500 0.010700 0.026800
0 0.020400 0.518300 0.015800 0.022200
0 0.019600 0.939600 0.017200 0.019700
0 0.576500 0.509900 0.013900 0.026700
0 0.931000 0.901500 0.016200 0.021500
0 0.791900 0.465400 0.014400 0.025800
0 0.866000 0.577200 0.013000 0.025700
0 0.863200 0.890700 0.014200 0.024400
0 0.623700 0.386000 0.015900 0.021100
0 0.818000 0.414300 0.015000 0.026300
0 0.560300 0.958000 0.016400 0.019900
0 0.694200 0.081600 0.016500 0.020700
0 0.152600 0.914200 0.017600 0.021000
0 0.750800 0.531800 0.013700 0.027200
0 0.973300 0.583600 0.016000 0.025200
0 0.235800 0.184800 0.014700 0.021600
0 0.916900 0.347900 0.015000 0.026500
0 0.351700 0.331800 0.015200 0.020900
0 0.202800 0.403000 0.015900 0.019300
0 0.623300 0.054000 0.012600 0.033400
0 0.986100 0.209900 0.016900 0.024900
0 0.126600 0.903800 0.013100 0.028100
0 0.485000 0.214400 0.015500 0.020500
0 0.213600 0.604300 0.016400 0.020900
0 0.822800 0.339400 0.014000 0.023900
0 0.326000 0.342400 0.015900 0.020400
0 0.495800 0.259200 0.014400 0.019000
0 0.469500 0.564800 0.017700 0.020400
0 0.172300 0.697900 0.011300 0.030300
0 0.124200 0.066800 0.014600 0.023200
0 0.992700 0.928500 0.010000 0.018600
0 0.273700 0.331900 0.018100 0.022000
0 0.410300 0.648500 0.014400 0.022300
0 0.251800 0.869600 0.015300 0.020700
0 0.979900 0.398200 0.016600 0.022500
0 0.006100 0.751400 0.012400 0.021900
0 0.329000 0.653600 0.012000 0.034800
0 0.439200 0.389600 0.014100 0.025200
0 0.354200 0.209900 0.012100 0.032200
0 0.380300 0.836400 0.015600 0.019600
0 0.880300 0.380900 0.010600 0.036100
0 0.421600 0.939500 0.012800 0.025300
0 0.501000 0.466000 0.016100 0.023000
0 0.722300 0.363600 0.015100 0.021900
0 0.874000 0.616900 0.014900 0.023100
0 0.570900 0.688800 0.014400 0.023000
0 0.938500 0.408400 0.015100 0.021900
0 0.333700 0.573600 0.018300 0.021800
0 0.661600 0.444700 0.014500 0.020200
0 0.219000 0.384100 0.011000 0.035500
0 0.101300 0.256800 0.013900 0.026900
0 0.844300 0.323800 0.015000 0.022800
0 0.375900 0.422800 0.011700 0.032000
0 0.629000 0.159800 0.012900 0.028200
0 0.630100 0.326500 0.015400 0.020700
0 0.926200 0.948000 0.018100 0.021700
0 0.897300 0.258400 0.017800 0.021900
0 0.260000 0.823200 0.016100 0.019200
0 0.697200 0.048300 0.012800 0.025600
0 0.539400 0.197600 0.013400 0.027400
0 0.829300 0.031800 0.012100 0.034700
0 0.921700 0.021300 0.013800 0.025600
0 0.011200 0.361100 0.017700 0.021300
0 0.872700 0.226200 0.017700 0.019300
0 0.798600 0.289000 0.014600 0.021500
0 0.828500 0.476600 0.014500 0.023700
0 0.924000 0.219600 0.017200 0.021400
0 0.786700 0.239300 0.012000 0.030600
0 0.293300 0.985700 0.013500 0.026500
0 0.652900 0.926700 0.011600 0.030500
0 0.789000 0.307400 0.015400 0.022600
0 0.408600 0.960800 0.015300 0.018800
0 0.350800 0.158200 0.015400 0.023600
0 0.771300 0.136400 0.015300 0.020200
0 0.326400 0.520700 0.013800 0.021900
0 0.408900 0.015900 0.011200 0.026800
0 0.669400 0.910600 0.012900 0.027000
0 0.632100 0.614200 0.014300 0.023400
0 0.944200 0.810300 0.015300 0.024800
0 0.964200 0.435600 0.015400 0.020200
0 0.723600 0.847400 0.015100 0.021400
0 0.294500 0.726700 0.018500 0.022000
0 0.869100 0.726700 0.013000 0.022000
0 0.747500 0.623400 0.015300 0.019700
0 0.115800 0.601300 0.011300 0.027100
0 0.033600 0.053200 0.017600 0.022400
0 0.833900 0.728500 0.015900 0.019900
0 0.684200 0.219900 0.015000 0.019100
0 0.178100 0.976100 0.016900 0.019600
0 0.938900 0.286200 0.016600 0.020500
0 0.181300 0.073300 0.015700 0.019700
0 0.568500 0.580300 0.012800 0.022400
0 0.960100 0.302200 0.014200 0.024100
0 0.548047 0.961806 0.011719 0.020833
0 0.864453 0.935417 0.011719 0.018056
0 0.988672 0.762500 0.014844 0.019444
0 0.991016 0.643056 0.010156 0.022222
0 0.976563 0.663194 0.010937 0.023611
0 0.980469 0.863889 0.012500 0.022222
0 0.400000 0.854861 0.010937 0.018056
0 0.474609 0.400694 0.011719 0.023611
0 0.347656 0.040972 0.010937 0.020833
0 0.261719 0.200000 0.012500 0.019444
0 0.212500 0.917361 0.010937 0.020833
0 0.634766 0.686111 0.011719 0.027778
0 0.760547 0.306250 0.010156 0.023611
0 0.648047 0.063889 0.013281 0.025000
0 0.451562 0.950000 0.012500 0.019444
0 0.763672 0.900000 0.011719 0.016667
0 0.531641 0.387500 0.010156 0.033333
0 0.279297 0.395833 0.008594 0.036111
0 0.060156 0.311806 0.017188 0.023611
0 0.150000 0.673611 0.012500 0.041667
0 0.135547 0.038889 0.010156 0.036111
0 0.040234 0.014583 0.016406 0.020833
0 0.765625 0.436111 0.017188 0.030556
0 0.712500 0.262500 0.012500 0.033333
0 0.700781 0.014583 0.018750 0.020833
0 0.913281 0.384028 0.010937 0.037500
0 0.992188 0.789583 0.012500 0.026389
0 0.988281 0.587500 0.012500 0.030556
0 0.310156 0.244444 0.014062 0.025000
