0 0.258400 0.872600 0.019500 0.023900
0 0.285300 0.888500 0.019500 0.021500
0 0.279900 0.855800 0.018200 0.025100
0 0.058700 0.810700 0.013300 0.033000
0 0.195100 0.854000 0.019600 0.021800
0 0.831300 0.097000 0.015900 0.028100
0 0.440500 0.071700 0.019000 0.022800
0 0.757300 0.729100 0.015700 0.024700
0 0.016700 0.142900 0.018400 0.026200
0 0.446700 0.657200 0.019100 0.022300
0 0.740300 0.891900 0.014500 0.030900
0 0.029500 0.121300 0.016300 0.028900
0 0.373200 0.441100 0.016500 0.025100
0 0.381500 0.694600 0.016700 0.025000
0 0.794500 0.602100 0.015100 0.028000
0 0.790000 0.141100 0.019200 0.024200
0 0.530300 0.081300 0.016800 0.023300
0 0.815300 0.122000 0.014500 0.030400
0 0.053300 0.846600 0.012700 0.028800
0 0.470100 0.391200 0.017100 0.023700
0 0.673700 0.143800 0.017500 0.022800
0 0.923500 0.079500 0.016500 0.023100
0 0.696700 0.231200 0.019400 0.021300
0 0.817200 0.832100 0.016100 0.024300
0 0.743800 0.745400 0.017900 0.021200
0 0.715800 0.316600 0.018000 0.026100
0 0.897300 0.430100 0.016900 0.024700
0 0.052500 0.239600 0.018000 0.023600
0 0.702500 0.179100 0.019300 0.021500
0 0.623000 0.053600 0.019800 0.021200
0 0.982300 0.406500 0.014700 0.031700
0 0.848800 0.041600 0.016000 0.025100
0 0.419800 0.558600 0.019300 0.022000
0 0.928600 0.103200 0.016800 0.024800
0 0.243700 0.101400 0.016600 0.023700
0 0.785700 0.058600 0.018300 0.023500
0 0.508600 0.966000 0.015300 0.023400
0 0.744700 0.223100 0.017700 0.021500
0 0.788600 0.881100 0.015800 0.028800
0 0.273600 0.341100 0.016400 0.027900
0 0.479700 0.022100 0.019800 0.022600
0 0.478300 0.191300 0.016700 0.022800
0 0.883000 0.100600 0.017800 0.025400
0 0.039500 0.256500 0.017300 0.026800
0 0.466800 0.342200 0.015800 0.024500
0 0.315500 0.085600 0.015200 0.028900
0 0.810000 0.073100 0.016500 0.024400
0 0.166500 0.849300 0.018700 0.024000
0 0.184600 0.894400 0.018100 0.020500
0 0.811000 0.867200 0.015400 0.026200
0 0.468800 0.317100 0.016600 0.023900
0 0.946000 0.058500 0.014000 0.031100
0 0.929600 0.171800 0.018000 0.022000
0 0.844400 0.570300 0.014000 0.031100
0 0.960000 0.569600 0.016600 0.027300
0 0.584200 0.147100 0.015200 0.030500
0 0.047000 0.872300 0.013500 0.022000
0 0.481300 0.777000 0.015300 0.026000
0 0.104900 0.528400 0.018500 0.023100
0 0.198100 0.760200 0.018000 0.022500
0 0.007400 0.245200 0.016100 0.024900
0 0.135500 0.154200 0.018000 0.022900
0 0.895300 0.652900 0.019100 0.023900
0 0.023700 0.091200 0.021200 0.021700
0 0.132700 0.828000 0.016900 0.021300
0 0.851700 0.289900 0.018400 0.024400
0 0.081300 0.347800 0.016500 0.023800
0 0.430600 0.847300 0.015700 0.024300
0 0.803100 0.553700 0.015400 0.026300
0 0.835600 0.631300 0.017600 0.022900
0 0.380100 0.519800 0.015900 0.025800
0 0.440400 0.696700 0.015400 0.024300
0 0.789900 0.245200 0.015700 0.025400
0 0.460400 0.611200 0.018000 0.021100
0 0.384000 0.551500 0.015200 0.026300
0 0.589700 0.048500 0.020300 0.023300
0 0.701600 0.409400 0.016600 0.025600
0 0.858800 0.596800 0.016700 0.027700
0 0.422200 0.342500 0.014900 0.022400
0 0.155400 0.570900 0.013700 0.028600
0 0.828900 0.039300 0.017700 0.023700
0 0.185700 0.771600 0.016000 0.025900
0 0.332400 0.072600 0.015700 0.026500
0 0.448000 0.675300 0.016900 0.021900
0 0.076600 0.555300 0.017900 0.026500
0 0.628800 0.859800 0.013600 0.026500
0 0.685600 0.529800 0.017400 0.023400
0 0.165300 0.816100 0.019600 0.025100
0 0.277400 0.307200 0.018700 0.025300
0 0.417800 0.779500 0.014400 0.027200
0 0.392400 0.477800 0.018900 0.021600
0 0.661700 0.695300 0.017100 0.025000
0 0.278800 0.926600 0.013800 0.026000
0 0.607300 0.196200 0.017500 0.022700
0 0.148700 0.514000 0.016300 0.026200
0 0.409400 0.276700 0.014300 0.031400
0 0.168300 0.786200 0.016700 0.025800
0 0.277300 0.740800 0.017300 0.024700
0 0.523200 0.209200 0.021400 0.022200
0 0.218000 0.132300 0.016000 0.025000
0 0.388300 0.671300 0.015500 0.026300
0 0.045400 0.914100 0.017200 0.021800
0 0.529700 0.318900 0.019400 0.021000
0 0.301000 0.057800 0.017800 0.025100
0 0.821200 0.618600 0.016900 0.025400
0 0.947600 0.319300 0.020100 0.020700
0 0.026100 0.882000 0.013500 0.031300
0 0.645700 0.581900 0.017800 0.026400
0 0.173900 0.178900 0.016800 0.024200
0 0.061600 0.289600 0.016800 0.026800
0 0.695900 0.463800 0.017800 0.022200
0 0.818700 0.210500 0.017000 0.020300
0 0.730500 0.417100 0.016300 0.027700
0 0.007700 0.592500 0.015500 0.028700
0 0.817100 0.456700 0.017700 0.028100
0 0.249400 0.198000 0.015100 0.028700
0 0.780200 0.040800 0.018700 0.021700
0 0.292400 0.357000 0.018600 0.025800
0 0.584100 0.434700 0.017700 0.024200
0 0.883700 0.715300 0.016900 0.023300
0 0.715000 0.158000 0.018000 0.024200
0 0.340800 0.867800 0.013500 0.027600
0 0.046800 0.309000 0.016700 0.027600
0 0.055700 0.026800 0.018100 0.022300
0 0.756200 0.852700 0.012600 0.033200
0 0.456300 0.701600 0.014900 0.027400
0 0.791200 0.573100 0.014200 0.030400
0 0.201400 0.906300 0.017100 0.019900
0 0.770200 0.230400 0.013900 0.026600
0 0.409900 0.030000 0.018400 0.023600
0 0.394600 0.804500 0.017200 0.023900
0 0.024200 0.015800 0.017200 0.020500
0 0.777500 0.579500 0.012600 0.034800
0 0.329700 0.417400 0.017800 0.026100
0 0.841300 0.867700 0.017100 0.022400
0 0.030100 0.177900 0.018000 0.024700
0 0.790000 0.372500 0.018400 0.024100
0 0.699300 0.302300 0.016100 0.024300
0 0.714300 0.732100 0.016900 0.023700
0 0.886200 0.557000 0.017400 0.025700
0 0.456100 0.529200 0.020100 0.021100
0 0.361000 0.470900 0.019300 0.021800
0 0.377400 0.464300 0.017400 0.022600
0 0.793700 0.816400 0.014100 0.025500
0 0.796800 0.685400 0.014400 0.030600
0 0.759100 0.703400 0.016600 0.028700
0 0.379900 0.585200 0.020300 0.020900
0 0.406100 0.122700 0.015800 0.028600
0 0.278200 0.294000 0.018500 0.022500
0 0.528900 0.539800 0.017300 0.025700
0 0.327600 0.785700 0.018100 0.022600
0 0.145000 0.645900 0.017000 0.023700
0 0.854700 0.199200 0.018200 0.023000
0 0.572500 0.679300 0.018500 0.019600
0 0.145700 0.670800 0.019600 0.021400
0 0.222800 0.415300 0.016200 0.028800
0 0.075800 0.243400 0.015800 0.023800
0 0.538600 0.419300 0.017300 0.026200
0 0.952600 0.511300 0.017300 0.023200
0 0.638800 0.554700 0.016200 0.023500
0 0.842900 0.881800 0.016000 0.024400
0 0.424700 0.588700 0.016800 0.024100
0 0.239400 0.219200 0.015300 0.029600
0 0.567700 0.348100 0.016400 0.026100
0 0.861500 0.341200 0.014900 0.024500
0 0.835300 0.143800 0.018400 0.021500
0 0.972500 0.134100 0.018400 0.022600
0 0.339100 0.645500 0.016400 0.025900
0 0.234000 0.641300 0.011800 0.034700
0 0.228200 0.095900 0.017000 0.023200
0 0.182200 0.648800 0.018400 0.025400
0 0.093600 0.710100 0.017800 0.025700
0 0.692000 0.629300 0.018900 0.023300
0 0.723200 0.967800 0.014100 0.025000
0 0.743000 0.933800 0.014500 0.028500
0 0.697800 0.256800 0.017700 0.028200
0 0.926300 0.468200 0.017200 0.023600
0 0.233800 0.790500 0.013400 0.031700
0 0.366800 0.232100 0.013200 0.029800
0 0.991100 0.917300 0.013500 0.028900
0 0.532100 0.623200 0.019300 0.021500
0 0.133900 0.493900 0.018200 0.023300
0 0.667200 0.721800 0.014500 0.032600
0 0.317000 0.172200 0.019200 0.020600
0 0.830000 0.016100 0.016000 0.023000
0 0.870500 0.265200 0.013600 0.030600
0 0.767500 0.411300 0.017000 0.027000
0 0.440000 0.505500 0.017900 0.021900
0 0.817500 0.927900 0.018800 0.022000
0 0.773300 0.323500 0.016000 0.026600
0 0.877800 0.533500 0.015200 0.026300
0 0.079700 0.266300 0.016600 0.025900
0 0.802000 0.803200 0.012800 0.029200
0 0.476900 0.705400 0.016400 0.023100
0 0.121600 0.042800 0.018700 0.021200
0 0.684800 0.772600 0.015400 0.028600
0 0.907000 0.685900 0.017700 0.025100
0 0.403200 0.676300 0.014200 0.029800
0 0.114700 0.882800 0.017400 0.021200
0 0.445300 0.197300 0.013200 0.034100
0 0.679100 0.077100 0.019600 0.022600
0 0.238100 0.941200 0.015000 0.025800
0 0.570400 0.153300 0.014700 0.027100
0 0.492400 0.648000 0.018400 0.023400
0 0.250400 0.818800 0.015800 0.028400
0 0.288200 0.947700 0.012800 0.025100
0 0.911400 0.540200 0.020900 0.023000
0 0.278000 0.239400 0.018600 0.023600
0 0.383200 0.422400 0.013900 0.023500
0 0.739000 0.700900 0.019100 0.023800
0 0.778600 0.863200 0.014100 0.025400
0 0.074300 0.605800 0.012900 0.036100
0 0.379700 0.835400 0.012900 0.024500
0 0.390900 0.313800 0.016700 0.024600
0 0.878400 0.377000 0.016500 0.024500
0 0.025900 0.758100 0.013700 0.033200
0 0.521500 0.454200 0.015800 0.026700
0 0.895200 0.735300 0.012900 0.030700
0 0.906100 0.508000 0.017800 0.023800
0 0.177100 0.401100 0.018500 0.026000
0 0.492600 0.810600 0.016600 0.023800
0 0.566000 0.783500 0.014400 0.032100
0 0.929600 0.495200 0.014600 0.028500
0 0.979000 0.930700 0.016800 0.026800
0 0.647100 0.711800 0.018300 0.023900
0 0.329300 0.223600 0.018400 0.021700
0 0.558800 0.473600 0.017800 0.022300
0 0.856900 0.907900 0.015600 0.026000
0 0.880300 0.129600 0.014800 0.028000
0 0.979600 0.308600 0.018600 0.021600
0 0.155700 0.601500 0.016100 0.026000
0 0.588400 0.359100 0.015200 0.026100
0 0.343400 0.673300 0.013300 0.030600
0 0.426300 0.531000 0.020900 0.018200
0 0.835600 0.123900 0.015900 0.025100
0 0.688500 0.343600 0.019100 0.020900
0 0.314600 0.807200 0.015400 0.028800
0 0.898800 0.256900 0.015900 0.024700
0 0.468400 0.705800 0.015700 0.023900
0 0.471300 0.297400 0.015200 0.025200
0 0.549100 0.277100 0.017200 0.022500
0 0.413400 0.439200 0.018200 0.024600
0 0.170000 0.490700 0.018100 0.023500
0 0.801700 0.651200 0.016100 0.027200
0 0.367600 0.575900 0.019100 0.021200
0 0.491500 0.578300 0.017500 0.023300
0 0.505200 0.535200 0.016100 0.022300
0 0.256600 0.320200 0.017800 0.024800
0 0.118000 0.492500 0.017200 0.024000
0 0.101200 0.040400 0.018800 0.022600
0 0.538400 0.488600 0.019300 0.022500
0 0.688400 0.674300 0.017900 0.023400
0 0.570100 0.182400 0.016500 0.024100
0 0.148700 0.850700 0.018700 0.022300
0 0.858100 0.664100 0.016900 0.022900
0 0.801800 0.969400 0.017200 0.020500
0 0.583800 0.185500 0.017300 0.022600
0 0.963700 0.115500 0.019100 0.021900
0 0.007600 0.343700 0.013000 0.034700
0 0.633800 0.832000 0.013600 0.030500
0 0.136600 0.743800 0.017800 0.023200
0 0.493600 0.215400 0.017400 0.026700
0 0.369400 0.830400 0.014800 0.023600
0 0.516600 0.880900 0.015700 0.024000
0 0.703800 0.519100 0.017300 0.026600
0 0.129000 0.015100 0.014800 0.023300
0 0.764400 0.270600 0.016700 0.024200
0 0.986300 0.105000 0.016000 0.024600
0 0.710800 0.978200 0.015500 0.024300
0 0.652400 0.372700 0.017100 0.024700
0 0.207300 0.310500 0.014200 0.030700
0 0.439400 0.431000 0.012700 0.036400
0 0.267500 0.899200 0.015500 0.025200
0 0.166500 0.681200 0.019200 0.020800
0 0.979800 0.672400 0.016300 0.024800
0 0.801800 0.848500 0.015300 0.022300
0 0.352900 0.880000 0.012400 0.029200
0 0.392800 0.522900 0.016500 0.020100
0 0.309500 0.601900 0.016400 0.023600
0 0.493500 0.530900 0.017700 0.023000
0 0.873100 0.399000 0.015900 0.025100
0 0.167700 0.323600 0.013900 0.032100
0 0.702300 0.490500 0.018500 0.022100
0 0.526100 0.604300 0.020200 0.020400
0 0.778100 0.278400 0.018400 0.024100
0 0.807100 0.039300 0.016300 0.024900
0 0.654300 0.063300 0.019500 0.022900
0 0.578200 0.746700 0.017500 0.024000
0 0.054300 0.591000 0.016700 0.026500
0 0.441400 0.823900 0.012500 0.035100
0 0.602500 0.903500 0.016900 0.022900
0 0.311000 0.845400 0.016700 0.022100
0 0.880300 0.971300 0.016200 0.026200
0 0.052800 0.915900 0.015600 0.021100
0 0.956300 0.967700 0.013000 0.029600
0 0.638000 0.016700 0.014300 0.023400
0 0.289900 0.972400 0.014100 0.025900
0 0.223400 0.621200 0.016800 0.026700
0 0.958300 0.243000 0.015800 0.029600
0 0.652600 0.349300 0.017000 0.023200
0 0.780200 0.486600 0.018000 0.024700
0 0.496500 0.705100 0.013500 0.029600
0 0.388100 0.633100 0.017000 0.022600
0 0.111500 0.251600 0.016700 0.022800
0 0.555200 0.591800 0.018800 0.022800
0 0.842200 0.211700 0.017800 0.022200
0 0.821400 0.741800 0.016400 0.023400
0 0.844000 0.525800 0.015600 0.025400
0 0.326400 0.454100 0.019300 0.023600
0 0.868200 0.148800 0.015000 0.029100
0 0.637100 0.744700 0.013000 0.034100
0 0.080300 0.475700 0.016600 0.027000
0 0.929300 0.192200 0.017800 0.027500
0 0.398800 0.494800 0.019000 0.021800
0 0.773400 0.200700 0.016200 0.023000
0 0.151100 0.202400 0.018600 0.026100
0 0.926000 0.859200 0.016400 0.023200
0 0.981600 0.327000 0.014400 0.026700
0 0.022900 0.679000 0.015300 0.035500
0 0.232100 0.825800 0.017400 0.024600
0 0.990200 0.470500 0.013300 0.027500
0 0.873500 0.514700 0.016700 0.023900
0 0.079000 0.091800 0.016600 0.022000
0 0.323000 0.680600 0.017100 0.022600
0 0.777100 0.686800 0.016500 0.026300
0 0.680300 0.184300 0.013600 0.029900
0 0.862800 0.073300 0.015400 0.026900
0 0.349500 0.519600 0.018800 0.022700
0 0.400500 0.210400 0.015200 0.026100
0 0.755900 0.761500 0.015200 0.018600
0 0.632500 0.231100 0.017200 0.022700
0 0.875900 0.026600 0.011900 0.037200
0 0.638000 0.533200 0.018300 0.022400
0 0.180800 0.504500 0.016300 0.025500
0 0.705000 0.885400 0.015700 0.023600
0 0.174400 0.369500 0.019800 0.023400
0 0.645800 0.957500 0.020100 0.023300
0 0.133700 0.034600 0.017200 0.022300
0 0.301000 0.168700 0.020100 0.021400
0 0.862000 0.313200 0.016500 0.023600
0 0.050900 0.421100 0.015700 0.029700
0 0.993700 0.840200 0.011400 0.026300
0 0.190200 0.313700 0.017000 0.022500
0 0.991700 0.634500 0.011400 0.025000
0 0.910400 0.919400 0.014800 0.031600
0 0.036600 0.149200 0.017600 0.025400
0 0.756700 0.979600 0.016200 0.023700
0 0.413100 0.406200 0.013800 0.027800
0 0.777600 0.517900 0.015500 0.026300
0 0.672200 0.235800 0.017300 0.027700
0 0.381400 0.722700 0.016500 0.020000
0 0.212200 0.836000 0.013600 0.028800
0 0.050800 0.677600 0.015400 0.031600
0 0.427400 0.496900 0.016800 0.021100
0 0.418400 0.498200 0.018200 0.023100
0 0.331300 0.902700 0.015400 0.024900
0 0.553600 0.303300 0.017600 0.020300
0 0.347100 0.151000 0.017600 0.024800
0 0.083000 0.824100 0.015500 0.026100
0 0.137900 0.369900 0.018100 0.024400
0 0.698900 0.613700 0.017000 0.021200
0 0.461700 0.411700 0.015600 0.024800
0 0.138100 0.276500 0.016500 0.025400
0 0.741800 0.378300 0.012400 0.028400
0 0.680300 0.235300 0.018300 0.023600
0 0.299300 0.776100 0.018800 0.021300
0 0.786100 0.647900 0.014700 0.031100
0 0.990800 0.071500 0.010400 0.035200
0 0.374500 0.319800 0.013100 0.030300
0 0.966500 0.163900 0.015700 0.029700
0 0.567000 0.979000 0.017300 0.026400
0 0.714100 0.873500 0.012900 0.031100
0 0.254600 0.505300 0.013600 0.033500
0 0.969300 0.909700 0.013000 0.031600
0 0.871400 0.355400 0.013600 0.023600
0 0.231100 0.116700 0.013100 0.026100
0 0.312100 0.314900 0.014800 0.031800
0 0.293200 0.031200 0.013800 0.025000
0 0.823900 0.419200 0.019200 0.026000
0 0.147300 0.807300 0.018800 0.023500
0 0.227100 0.286200 0.013600 0.033600
0 0.956700 0.381200 0.014100 0.032200
0 0.950700 0.790500 0.014600 0.027100
0 0.038300 0.659600 0.014800 0.036600
0 0.519100 0.652500 0.016700 0.021200
0 0.943000 0.643200 0.018000 0.027200
0 0.903500 0.589400 0.016300 0.028800
0 0.784300 0.986200 0.018600 0.023500
0 0.283600 0.011500 0.014000 0.020300
0 0.466000 0.927700 0.012400 0.024500
0 0.367400 0.756300 0.017900 0.018000
0 0.827100 0.430000 0.017900 0.027700
0 0.151800 0.081100 0.019200 0.025400
0 0.293500 0.517800 0.016200 0.019100
0 0.340800 0.892800 0.014400 0.023300
0 0.660300 0.768400 0.011900 0.036600
0 0.313500 0.515500 0.017700 0.025200
0 0.189700 0.296200 0.017200 0.023400
0 0.488100 0.178300 0.015500 0.021000
0 0.399100 0.960000 0.017600 0.022900
0 0.909700 0.072400 0.012800 0.028300
0 0.618000 0.436800 0.018000 0.023000
0 0.959400 0.436300 0.012000 0.034500
0 0.908400 0.769700 0.012900 0.020300
0 0.561100 0.292500 0.015900 0.021000
0 0.982100 0.451700 0.014300 0.026800
0 0.900500 0.206100 0.014300 0.031400
0 0.613000 0.926400 0.016500 0.025400
0 0.787000 0.848000 0.015900 0.023400
0 0.620400 0.232500 0.014700 0.022100
0 0.238300 0.378300 0.014600 0.032700
0 0.624100 0.341600 0.013100 0.033200
0 0.722300 0.536100 0.013100 0.035000
0 0.037100 0.598100 0.014700 0.031100
0 0.501400 0.695400 0.015400 0.026500
0 0.477300 0.935900 0.013900 0.023200
0 0.851300 0.878700 0.015900 0.019500
0 0.913100 0.265400 0.016200 0.024400
0 0.961100 0.072400 0.011800 0.027800
0 0.960300 0.876000 0.017200 0.024400
0 0.014400 0.986000 0.018800 0.023700
0 0.388900 0.014700 0.013900 0.023800
0 0.794800 0.170000 0.015700 0.022700
0 0.018100 0.801000 0.017000 0.033600
0 0.217000 0.568100 0.013900 0.030500
0 0.462000 0.911000 0.017400 0.018900
0 0.277344 0.622917 0.014062 0.018056
0 0.501172 0.238194 0.014844 0.029167
0 0.888281 0.885417 0.009375 0.029167
0 0.588281 0.087500 0.009375 0.025000
0 0.597656 0.097222 0.015625 0.022222
0 0.200000 0.335417 0.009375 0.029167
0 0.212500 0.334028 0.012500 0.026389
