0 0.584800 0.423600 0.018300 0.023200
0 0.854200 0.614200 0.019000 0.020800
0 0.271400 0.878500 0.015400 0.027900
0 0.734300 0.290300 0.018900 0.022100
0 0.667000 0.680900 0.013900 0.027400
0 0.810200 0.273600 0.020300 0.022500
0 0.490400 0.346300 0.016800 0.023800
0 0.299300 0.054900 0.016500 0.025500
0 0.077900 0.591800 0.015300 0.028300
0 0.806800 0.073100 0.016100 0.026100
0 0.772300 0.027600 0.018800 0.023400
0 0.006200 0.245300 0.013600 0.022700
0 0.042900 0.042800 0.016100 0.027900
0 0.504900 0.535300 0.016300 0.023400
0 0.893800 0.074300 0.017000 0.023600
0 0.746100 0.842300 0.014800 0.027000
0 0.334300 0.415400 0.017800 0.025300
0 0.367900 0.546800 0.014500 0.026100
0 0.391900 0.706000 0.012900 0.029100
0 0.946800 0.073700 0.017100 0.023500
0 0.435300 0.541000 0.017100 0.023700
0 0.055700 0.564800 0.021000 0.023000
0 0.944500 0.195500 0.015700 0.023000
0 0.119000 0.066800 0.015800 0.022300
0 0.284800 0.085300 0.017900 0.021000
0 0.039300 0.385200 0.017200 0.023500
0 0.242900 0.907700 0.016600 0.024900
0 0.819200 0.247900 0.019500 0.023600
0 0.279400 0.818500 0.014900 0.029300
0 0.093400 0.070300 0.016600 0.023000
0 0.325800 0.207500 0.015800 0.025200
0 0.843000 0.935700 0.019300 0.023900
0 0.195300 0.267700 0.016200 0.027600
0 0.359000 0.528800 0.018700 0.019600
0 0.196000 0.076000 0.017500 0.024200
0 0.520100 0.702700 0.017500 0.021700
0 0.493500 0.727500 0.017000 0.022400
0 0.055700 0.543700 0.020600 0.022700
0 0.699300 0.103500 0.019100 0.022300
0 0.269900 0.032600 0.017800 0.024100
0 0.894300 0.430900 0.017800 0.024000
0 0.023200 0.521400 0.018100 0.023900
0 0.423300 0.291000 0.020300 0.023200
0 0.779900 0.352300 0.020600 0.017900
0 0.604500 0.439800 0.018800 0.025000
0 0.713400 0.620700 0.017300 0.024300
0 0.790500 0.672100 0.017900 0.023300
0 0.443900 0.802400 0.017800 0.024500
0 0.807400 0.470800 0.016500 0.026200
0 0.511900 0.466200 0.015600 0.025700
0 0.782400 0.956200 0.013500 0.029900
0 0.330600 0.724100 0.018000 0.025300
0 0.030800 0.178500 0.018500 0.022400
0 0.705100 0.335800 0.019900 0.023700
0 0.534500 0.520100 0.017900 0.022800
0 0.893700 0.352700 0.017000 0.025000
0 0.941500 0.101200 0.015000 0.024500
0 0.475800 0.371100 0.016600 0.024000
0 0.077600 0.541000 0.016300 0.028800
0 0.892600 0.122100 0.017200 0.024100
0 0.770900 0.108900 0.017000 0.022300
0 0.828700 0.155500 0.015900 0.024800
0 0.223700 0.147800 0.015500 0.024800
0 0.104000 0.135200 0.019500 0.023500
0 0.005800 0.619200 0.013700 0.023700
0 0.706900 0.434800 0.017000 0.023800
0 0.697700 0.302600 0.021200 0.021400
0 0.897000 0.754500 0.017900 0.024300
0 0.363800 0.840000 0.019100 0.025000
0 0.686000 0.544500 0.017700 0.023400
0 0.711100 0.139500 0.016300 0.023200
0 0.180500 0.595500 0.017600 0.023300
0 0.431500 0.166200 0.017500 0.024500
0 0.030900 0.591200 0.014000 0.033400
0 0.505000 0.091000 0.020200 0.022500
0 0.286500 0.363400 0.018000 0.020800
0 0.909300 0.040800 0.018500 0.022300
0 0.507000 0.402400 0.017400 0.022500
0 0.580000 0.156600 0.017000 0.026400
0 0.738200 0.804500 0.014200 0.030700
0 0.185800 0.192900 0.016700 0.022000
0 0.382300 0.515200 0.017500 0.022700
0 0.378100 0.146500 0.018800 0.020500
0 0.032400 0.541900 0.018500 0.025800
0 0.848300 0.055200 0.017900 0.024000
0 0.421500 0.805900 0.016500 0.024200
0 0.030000 0.076500 0.017700 0.022000
0 0.209600 0.828000 0.017500 0.025000
0 0.110200 0.467700 0.017300 0.024200
0 0.382700 0.064700 0.016000 0.024800
0 0.355000 0.033100 0.017400 0.023700
0 0.426100 0.066000 0.016100 0.022800
0 0.444500 0.581400 0.015200 0.030900
0 0.093000 0.732800 0.014900 0.026900
0 0.194100 0.210700 0.016800 0.023700
0 0.044600 0.616700 0.015100 0.028700
0 0.048800 0.941400 0.019300 0.022600
0 0.090800 0.707000 0.017300 0.024600
0 0.331300 0.902700 0.014600 0.024600
0 0.260200 0.902100 0.013200 0.033200
0 0.565900 0.484800 0.016400 0.026000
0 0.852100 0.460100 0.017000 0.023300
0 0.778800 0.367600 0.020200 0.021900
0 0.343700 0.182100 0.014300 0.025800
0 0.405500 0.854900 0.018100 0.023900
0 0.053000 0.846900 0.011500 0.029000
0 0.323000 0.818100 0.017500 0.024200
0 0.335200 0.392000 0.016900 0.024600
0 0.867800 0.415800 0.015400 0.028500
0 0.857000 0.494000 0.018500 0.022000
0 0.944500 0.373900 0.016300 0.026400
0 0.721300 0.788300 0.015700 0.026400
0 0.232800 0.731100 0.016800 0.025400
0 0.118900 0.030200 0.018200 0.022700
0 0.754400 0.257000 0.016500 0.023900
0 0.910700 0.242500 0.013000 0.019600
0 0.230400 0.167200 0.016300 0.023300
0 0.715200 0.805000 0.016400 0.024200
0 0.456700 0.508100 0.018300 0.023600
0 0.171000 0.226000 0.018100 0.021700
0 0.490700 0.458000 0.015600 0.026900
0 0.417000 0.694000 0.016000 0.021900
0 0.955700 0.643200 0.017500 0.024700
0 0.432600 0.031900 0.014200 0.027400
0 0.982400 0.690000 0.013200 0.030500
0 0.843900 0.572500 0.017000 0.025000
0 0.680800 0.068500 0.014600 0.031200
0 0.331900 0.681700 0.016300 0.027100
0 0.815400 0.494700 0.017200 0.024800
0 0.929600 0.205000 0.013600 0.024700
0 0.688600 0.034200 0.019000 0.027100
0 0.845800 0.756600 0.015600 0.027100
0 0.891700 0.458300 0.017100 0.025200
0 0.769700 0.144500 0.017400 0.019400
0 0.081700 0.885900 0.017100 0.024000
0 0.857600 0.683800 0.019200 0.021700
0 0.327000 0.173300 0.014700 0.026800
0 0.308000 0.380900 0.017400 0.021500
0 0.898000 0.891100 0.014900 0.026300
0 0.145800 0.183000 0.017100 0.024500
0 0.302600 0.169800 0.017600 0.024200
0 0.178300 0.041800 0.019500 0.021000
0 0.384000 0.655600 0.016500 0.024900
0 0.682100 0.695400 0.014200 0.026700
0 0.354200 0.672900 0.017400 0.023700
0 0.634300 0.531000 0.017800 0.023500
0 0.602700 0.592000 0.016100 0.025800
0 0.102200 0.596600 0.017100 0.026400
0 0.610800 0.332800 0.017500 0.023300
0 0.372700 0.382500 0.012400 0.037100
0 0.215400 0.402100 0.015900 0.028900
0 0.951000 0.129800 0.017200 0.027100
0 0.926300 0.671000 0.019800 0.024200
0 0.915800 0.781200 0.018500 0.020200
0 0.054300 0.926800 0.018300 0.021300
0 0.873700 0.673700 0.019200 0.020200
0 0.832200 0.506600 0.014900 0.028000
0 0.589700 0.603100 0.018500 0.023000
0 0.700600 0.185100 0.018600 0.022800
0 0.711600 0.217700 0.018600 0.022100
0 0.200800 0.745300 0.017300 0.023200
0 0.165400 0.114800 0.013600 0.033200
0 0.198800 0.908100 0.016800 0.021400
0 0.352900 0.197700 0.015000 0.026300
0 0.281900 0.505300 0.015000 0.029100
0 0.473400 0.720500 0.017300 0.021300
0 0.861800 0.343600 0.014700 0.025600
0 0.608200 0.056300 0.014300 0.032600
0 0.790300 0.141300 0.016800 0.022600
0 0.479800 0.533200 0.017600 0.023500
0 0.785900 0.106200 0.015800 0.023000
0 0.467800 0.441100 0.013500 0.026800
0 0.672100 0.222100 0.019500 0.022400
0 0.077900 0.442100 0.012700 0.036800
0 0.706300 0.779200 0.014700 0.030300
0 0.416100 0.128600 0.018100 0.022500
0 0.269700 0.132800 0.017800 0.022600
0 0.851400 0.126800 0.017700 0.023800
0 0.829800 0.636600 0.019100 0.020600
0 0.816800 0.956300 0.017800 0.019800
0 0.640400 0.576500 0.015700 0.028200
0 0.956000 0.308600 0.014800 0.025500
0 0.807400 0.793300 0.015000 0.029300
0 0.757900 0.493000 0.014600 0.029700
0 0.523300 0.273000 0.018900 0.021600
0 0.347800 0.641500 0.018900 0.020700
0 0.096400 0.034100 0.014100 0.024400
0 0.793500 0.782000 0.016100 0.024200
0 0.230300 0.627800 0.018700 0.023700
0 0.141400 0.936600 0.019100 0.021700
0 0.244000 0.782300 0.015100 0.030300
0 0.357700 0.652200 0.017500 0.020000
0 0.710800 0.383500 0.020100 0.020800
0 0.980400 0.307500 0.016800 0.024700
0 0.823700 0.040600 0.021100 0.023200
0 0.053600 0.648800 0.016600 0.022200
0 0.821600 0.333600 0.018800 0.023600
0 0.797100 0.692400 0.014100 0.027100
0 0.935200 0.881800 0.018000 0.023100
0 0.460700 0.199100 0.020900 0.020000
0 0.334300 0.765400 0.016600 0.026400
0 0.567800 0.842700 0.017100 0.025100
0 0.450800 0.718100 0.016000 0.023800
0 0.878900 0.376100 0.014200 0.029000
0 0.042700 0.456700 0.012400 0.035800
0 0.901900 0.909900 0.017500 0.024700
0 0.157000 0.052100 0.016100 0.028700
0 0.855800 0.731400 0.017600 0.023500
0 0.168400 0.293800 0.012800 0.036100
0 0.529700 0.318200 0.017200 0.024000
0 0.720200 0.451300 0.015300 0.030700
0 0.719200 0.039900 0.018500 0.021000
0 0.593200 0.655600 0.017500 0.026100
0 0.231900 0.981600 0.016700 0.024300
0 0.689000 0.354400 0.017000 0.026400
0 0.872900 0.494800 0.018300 0.020700
0 0.776600 0.273500 0.013600 0.030600
0 0.661500 0.340500 0.017400 0.023500
0 0.121300 0.089300 0.018400 0.024400
0 0.667400 0.807900 0.013800 0.021200
0 0.364100 0.891800 0.014400 0.026600
0 0.315900 0.531000 0.017600 0.022900
0 0.853800 0.793900 0.018100 0.026100
0 0.956000 0.473400 0.015400 0.026200
0 0.490600 0.768000 0.016100 0.023600
0 0.860500 0.114400 0.017300 0.020700
0 0.866200 0.751000 0.016100 0.027000
0 0.265000 0.736600 0.018100 0.023800
0 0.095600 0.971600 0.015500 0.025000
0 0.705900 0.651400 0.012000 0.038400
0 0.017700 0.258400 0.020000 0.021900
0 0.048200 0.668800 0.016100 0.025300
0 0.280000 0.285000 0.018800 0.024500
0 0.267000 0.459400 0.017200 0.023300
0 0.970400 0.728200 0.017900 0.023200
0 0.318300 0.801100 0.016400 0.024000
0 0.665400 0.627000 0.014100 0.030800
0 0.529200 0.918200 0.016100 0.024300
0 0.119100 0.743600 0.012000 0.038200
0 0.300600 0.473000 0.015700 0.032800
0 0.082400 0.553800 0.017400 0.025100
0 0.095200 0.797700 0.015500 0.025300
0 0.091700 0.289300 0.016900 0.023100
0 0.611100 0.237000 0.019000 0.022200
0 0.326100 0.371000 0.018000 0.023000
0 0.830000 0.601300 0.016700 0.023900
0 0.736200 0.314100 0.019000 0.025800
0 0.391100 0.836900 0.019100 0.021800
0 0.617200 0.882700 0.015500 0.026400
0 0.783400 0.170700 0.016200 0.023400
0 0.490200 0.576200 0.016700 0.023300
0 0.226300 0.879200 0.018500 0.021400
0 0.581800 0.959100 0.016700 0.031600
0 0.746900 0.638200 0.015700 0.031000
0 0.801800 0.246100 0.020000 0.021800
0 0.765700 0.221400 0.014600 0.025700
0 0.529000 0.636100 0.016200 0.023800
0 0.609700 0.621400 0.017600 0.024000
0 0.742500 0.868500 0.011400 0.031300
0 0.286000 0.347400 0.018900 0.022800
0 0.485700 0.753400 0.016900 0.024400
0 0.872900 0.039000 0.013300 0.035100
0 0.412100 0.651800 0.014600 0.024300
0 0.205800 0.223700 0.017700 0.021700
0 0.471900 0.227200 0.018300 0.021000
0 0.093300 0.386300 0.015500 0.028900
0 0.685300 0.232000 0.019300 0.021300
0 0.764300 0.790400 0.016700 0.027600
0 0.075700 0.257400 0.020200 0.022400
0 0.203400 0.208300 0.016900 0.022300
0 0.572000 0.450500 0.018700 0.026400
0 0.442600 0.061200 0.014700 0.029600
0 0.936500 0.123600 0.014800 0.027200
0 0.260800 0.778900 0.018300 0.022000
0 0.946400 0.697500 0.016100 0.026500
0 0.602500 0.966400 0.015300 0.031800
0 0.929800 0.484100 0.013900 0.028200
0 0.179500 0.852700 0.017300 0.028300
0 0.626600 0.852200 0.014800 0.024100
0 0.643400 0.942600 0.015100 0.025900
0 0.454000 0.282800 0.018100 0.021400
0 0.986300 0.193100 0.015600 0.023900
0 0.672300 0.321400 0.019000 0.023900
0 0.078800 0.794300 0.014600 0.025200
0 0.586400 0.016000 0.016800 0.022200
0 0.426000 0.831600 0.017000 0.023000
0 0.007000 0.923300 0.013200 0.028400
0 0.713100 0.508200 0.014000 0.030600
0 0.815100 0.514000 0.014700 0.026700
0 0.908200 0.771300 0.014700 0.020300
0 0.284400 0.967200 0.015900 0.025200
0 0.089500 0.308200 0.015600 0.025600
0 0.745200 0.213000 0.017800 0.020400
0 0.971200 0.782900 0.014500 0.030900
0 0.990800 0.505500 0.010600 0.036000
0 0.623200 0.309500 0.017900 0.025200
0 0.078200 0.136100 0.019800 0.022600
0 0.776200 0.048900 0.017900 0.026300
0 0.915800 0.071800 0.016200 0.021500
0 0.852500 0.966200 0.018200 0.023200
0 0.478100 0.323700 0.013600 0.027300
0 0.658400 0.973200 0.015900 0.027500
0 0.314600 0.851500 0.014200 0.022800
0 0.469300 0.339100 0.013900 0.023500
0 0.802600 0.714700 0.016600 0.025700
0 0.677400 0.467500 0.014400 0.025000
0 0.653500 0.866900 0.014300 0.025500
0 0.350800 0.134500 0.020800 0.021200
0 0.709200 0.360900 0.020600 0.024900
0 0.470500 0.692900 0.018100 0.021100
0 0.420100 0.919800 0.016400 0.026200
0 0.092800 0.820400 0.015300 0.024500
0 0.417100 0.319100 0.013200 0.035100
0 0.805600 0.649300 0.019400 0.023000
0 0.792300 0.877200 0.014200 0.028000
0 0.920100 0.047800 0.016600 0.022700
0 0.357800 0.873100 0.015900 0.022100
0 0.706800 0.929200 0.013400 0.030900
0 0.982000 0.631400 0.016300 0.028700
0 0.881100 0.868200 0.014600 0.029400
0 0.150800 0.515100 0.012100 0.039500
0 0.409600 0.186800 0.018500 0.022400
0 0.782400 0.850900 0.015500 0.025200
0 0.542400 0.898800 0.014100 0.031200
0 0.081100 0.613500 0.017100 0.023100
0 0.893000 0.488400 0.017400 0.022700
0 0.192400 0.623600 0.013600 0.030200
0 0.895800 0.951200 0.017300 0.022700
0 0.314800 0.696300 0.018000 0.023700
0 0.210000 0.585800 0.020700 0.023400
0 0.377900 0.321700 0.016400 0.025200
0 0.396900 0.199200 0.018500 0.021900
0 0.777500 0.476100 0.016300 0.023900
0 0.111100 0.666100 0.014900 0.028600
0 0.527200 0.498700 0.011700 0.033000
0 0.701200 0.910100 0.014500 0.031000
0 0.543700 0.216700 0.015300 0.023300
0 0.144600 0.099000 0.016400 0.026100
0 0.438600 0.632200 0.015600 0.026800
0 0.286700 0.905600 0.014600 0.028700
0 0.816100 0.574100 0.018600 0.023800
0 0.941300 0.238500 0.016900 0.022500
0 0.499600 0.803400 0.015200 0.029200
0 0.248000 0.430500 0.018100 0.023300
0 0.717300 0.563300 0.018200 0.022400
0 0.654100 0.716400 0.014400 0.024200
0 0.213700 0.848100 0.017100 0.027100
0 0.509200 0.423700 0.016400 0.022700
0 0.988200 0.944100 0.012600 0.023900
0 0.463000 0.354700 0.013000 0.026500
0 0.532700 0.171500 0.012700 0.035000
0 0.805400 0.519100 0.014200 0.030300
0 0.863000 0.521600 0.017600 0.026500
0 0.008400 0.411800 0.017200 0.022300
0 0.770400 0.239700 0.013900 0.026200
0 0.724300 0.389500 0.019000 0.021100
0 0.767200 0.490500 0.013900 0.026500
0 0.486100 0.188300 0.022100 0.020300
0 0.326500 0.835700 0.019200 0.023600
0 0.732300 0.985800 0.018300 0.023600
0 0.046900 0.734800 0.012200 0.035000
0 0.359800 0.760900 0.012400 0.032500
0 0.185800 0.672200 0.017100 0.024800
0 0.788600 0.504100 0.014100 0.031400
0 0.580100 0.647300 0.014300 0.031000
0 0.988100 0.823200 0.011900 0.024100
0 0.394600 0.768900 0.015400 0.021900
0 0.742500 0.939400 0.015100 0.028000
0 0.991600 0.290100 0.011700 0.024700
0 0.241400 0.509800 0.013000 0.035000
0 0.664100 0.460400 0.013600 0.026300
0 0.088100 0.355500 0.013500 0.031700
0 0.796600 0.974200 0.018100 0.022000
0 0.989300 0.020100 0.012200 0.022700
0 0.479300 0.403200 0.016800 0.023200
0 0.579600 0.755100 0.018400 0.024400
0 0.644500 0.860200 0.014200 0.027700
0 0.425700 0.505700 0.018500 0.024100
0 0.788400 0.434700 0.016400 0.025500
0 0.974400 0.388700 0.014300 0.032200
0 0.083100 0.288500 0.015700 0.025300
0 0.517200 0.443000 0.015900 0.022100
0 0.899400 0.018200 0.017200 0.024700
0 0.348200 0.886500 0.014900 0.026700
0 0.931800 0.559300 0.016000 0.026100
0 0.289600 0.168000 0.018400 0.023900
0 0.005800 0.015800 0.008500 0.023300
0 0.964300 0.017200 0.018900 0.020000
0 0.389900 0.561800 0.016400 0.024700
0 0.197900 0.291800 0.018100 0.030100
0 0.003900 0.634900 0.010000 0.023600
0 0.802200 0.138400 0.016200 0.027500
0 0.479300 0.809500 0.013700 0.034700
0 0.383700 0.423600 0.014100 0.023200
0 0.732600 0.882600 0.011800 0.034400
0 0.671200 0.447500 0.012600 0.024600
0 0.926000 0.535200 0.017800 0.024300
0 0.554300 0.588300 0.017900 0.024700
0 0.226900 0.513900 0.013800 0.031200
0 0.746800 0.010900 0.015900 0.021200
0 0.138600 0.778800 0.015000 0.028500
0 0.411500 0.676100 0.017000 0.024400
0 0.663100 0.701400 0.012000 0.032000
0 0.406300 0.735600 0.014200 0.020100
0 0.270300 0.234500 0.013100 0.033900
0 0.085200 0.014300 0.010100 0.023300
0 0.993500 0.171200 0.011800 0.031300
0 0.108500 0.875800 0.016800 0.024500
0 0.993500 0.415400 0.009000 0.032300
0 0.476800 0.696200 0.017500 0.020400
0 0.815800 0.940400 0.014200 0.025200
0 0.629300 0.011200 0.015000 0.020700
0 0.336300 0.326400 0.016000 0.026300
0 0.087900 0.885800 0.015400 0.025000
0 0.359400 0.265800 0.014700 0.024900
0 0.470500 0.182800 0.023800 0.017300
0 0.461300 0.985300 0.019100 0.024400
0 0.730500 0.018200 0.014000 0.025600
0 0.147266 0.389583 0.014844 0.034722
0 0.100391 0.253472 0.016406 0.029167
0 0.299219 0.713889 0.012500 0.038889
0 0.611719 0.573611 0.014062 0.030556
0 0.874609 0.202778 0.014844 0.030556
0 0.112500 0.500000 0.012500 0.025000
0 0.061719 0.129861 0.010937 0.029167
0 0.350000 0.277778 0.012500 0.027778
0 0.946875 0.409722 0.010937 0.033333
0 0.957812 0.413889 0.010937 0.033333
0 0.837500 0.808333 0.010937 0.033333
0 0.343750 0.847917 0.012500 0.026389
0 0.519531 0.654167 0.015625 0.022222
0 0.277344 0.619444 0.014062 0.025000
