0 0.370800 0.534800 0.019900 0.022700
0 0.805400 0.072800 0.015200 0.026000
0 0.116000 0.044300 0.016100 0.026300
0 0.718800 0.039700 0.016900 0.021000
0 0.094200 0.047900 0.016200 0.027100
0 0.069000 0.260800 0.019600 0.021800
0 0.035100 0.060200 0.018200 0.025400
0 0.273800 0.798400 0.019100 0.022200
0 0.773000 0.291800 0.014200 0.032000
0 0.884600 0.177000 0.016800 0.022200
0 0.077500 0.477700 0.018400 0.024600
0 0.209400 0.868900 0.019100 0.023200
0 0.882500 0.067100 0.018100 0.023600
0 0.356200 0.183400 0.014800 0.025200
0 0.720500 0.105600 0.017300 0.025400
0 0.709700 0.533000 0.013900 0.032600
0 0.565100 0.484800 0.018300 0.023900
0 0.816200 0.140400 0.017800 0.025900
0 0.792900 0.119400 0.017600 0.022300
0 0.881100 0.116400 0.018000 0.021600
0 0.256600 0.909500 0.016800 0.023500
0 0.696600 0.159100 0.017800 0.024100
0 0.694100 0.436200 0.017200 0.023800
0 0.355500 0.902900 0.013700 0.027200
0 0.040700 0.579100 0.018100 0.026900
0 0.020700 0.406900 0.019600 0.023400
0 0.394900 0.566100 0.017800 0.022500
0 0.942800 0.117600 0.014900 0.025700
0 0.956700 0.105200 0.013400 0.030300
0 0.392900 0.155800 0.017800 0.025400
0 0.668700 0.596100 0.014800 0.026200
0 0.576500 0.132100 0.017200 0.024700
0 0.703200 0.319500 0.018900 0.023100
0 0.442500 0.204500 0.018700 0.023700
0 0.704200 0.465500 0.020100 0.022200
0 0.434400 0.790800 0.016600 0.024900
0 0.945100 0.209800 0.019200 0.022800
0 0.119600 0.073200 0.017700 0.023000
0 0.674300 0.690200 0.018000 0.023200
0 0.251600 0.804200 0.016800 0.029900
0 0.755500 0.832100 0.014700 0.030600
0 0.768400 0.347800 0.017600 0.022000
0 0.439800 0.739200 0.013200 0.031200
0 0.115500 0.120500 0.019200 0.022600
0 0.755700 0.118600 0.018300 0.023200
0 0.095200 0.290000 0.017700 0.024300
0 0.247400 0.757400 0.019500 0.024500
0 0.264000 0.857700 0.017500 0.027900
0 0.941000 0.096600 0.015700 0.021800
0 0.530000 0.480700 0.014800 0.027100
0 0.069700 0.104400 0.015900 0.028400
0 0.820500 0.616700 0.016000 0.025700
0 0.759600 0.015300 0.016400 0.021500
0 0.289600 0.202900 0.015400 0.030000
0 0.192500 0.229800 0.017100 0.023000
0 0.870600 0.039000 0.013800 0.029000
0 0.451400 0.704900 0.018200 0.024000
0 0.256000 0.120300 0.016500 0.021900
0 0.266000 0.208500 0.016500 0.024800
0 0.866600 0.807400 0.016000 0.026400
0 0.491500 0.539000 0.016200 0.023300
0 0.279600 0.151700 0.018000 0.022000
0 0.041200 0.953700 0.016700 0.022700
0 0.910900 0.774000 0.015000 0.019400
0 0.610400 0.953400 0.016600 0.024400
0 0.690900 0.341200 0.016600 0.025900
0 0.071900 0.288400 0.018500 0.023400
0 0.702900 0.942100 0.014000 0.033200
0 0.872600 0.780100 0.013800 0.029800
0 0.293500 0.857100 0.016200 0.027400
0 0.217000 0.839300 0.017700 0.025900
0 0.859600 0.072000 0.017100 0.024800
0 0.402400 0.044500 0.015300 0.024300
0 0.361100 0.641700 0.017600 0.025800
0 0.356700 0.867700 0.018200 0.023300
0 0.716900 0.019600 0.019500 0.024400
0 0.471000 0.369800 0.013100 0.034900
0 0.584800 0.428700 0.018500 0.020900
0 0.004600 0.698200 0.011000 0.024100
0 0.315900 0.531400 0.018600 0.022100
0 0.917700 0.753700 0.017800 0.023900
0 0.931700 0.783800 0.017200 0.023800
0 0.570600 0.417800 0.016400 0.022200
0 0.968200 0.176400 0.018800 0.021800
0 0.753600 0.141800 0.017100 0.023800
0 0.219400 0.118900 0.016500 0.026300
0 0.397400 0.114100 0.018200 0.025000
0 0.293000 0.281100 0.019000 0.022000
0 0.418600 0.659600 0.017000 0.023300
0 0.469400 0.341800 0.015000 0.027600
0 0.788700 0.497500 0.018100 0.023900
0 0.096200 0.465100 0.018200 0.024000
0 0.073400 0.901400 0.015700 0.025700
0 0.864700 0.440400 0.019100 0.023700
0 0.505100 0.535000 0.014400 0.024600
0 0.809000 0.497500 0.018400 0.026300
0 0.288500 0.790200 0.018500 0.022900
0 0.160000 0.942800 0.016600 0.023000
0 0.758800 0.186600 0.015600 0.023400
0 0.664100 0.468200 0.017500 0.021600
0 0.386800 0.673100 0.016700 0.022700
0 0.432700 0.051800 0.013200 0.032200
0 0.627600 0.326600 0.015400 0.026000
0 0.369800 0.403000 0.015500 0.025500
0 0.745300 0.965000 0.014200 0.029500
0 0.676200 0.479600 0.013800 0.027300
0 0.020400 0.384600 0.017900 0.022700
0 0.315300 0.717700 0.018700 0.024900
0 0.211700 0.084400 0.018200 0.023100
0 0.416900 0.819800 0.016700 0.024400
0 0.367400 0.141000 0.017800 0.022800
0 0.608600 0.075900 0.016100 0.027700
0 0.229200 0.433100 0.018000 0.022600
0 0.391500 0.029400 0.016600 0.025100
0 0.044300 0.623100 0.017000 0.025900
0 0.769100 0.678200 0.017500 0.024100
0 0.595400 0.258900 0.018600 0.022600
0 0.678500 0.532900 0.015200 0.025800
0 0.696100 0.223200 0.016900 0.021200
0 0.439700 0.540600 0.015100 0.026500
0 0.451900 0.602300 0.015700 0.023100
0 0.590400 0.457000 0.019600 0.022600
0 0.661700 0.670700 0.016800 0.025600
0 0.319500 0.403800 0.017000 0.022500
0 0.823300 0.495900 0.018200 0.023400
0 0.008800 0.621900 0.017900 0.025700
0 0.317000 0.359300 0.017100 0.021900
0 0.030900 0.177000 0.018500 0.023700
0 0.858800 0.151700 0.012400 0.031400
0 0.342800 0.202200 0.011500 0.033700
0 0.249100 0.163900 0.018100 0.023600
0 0.951900 0.078400 0.018100 0.021200
0 0.631200 0.885300 0.017100 0.022800
0 0.447800 0.080400 0.016400 0.028000
0 0.218700 0.197800 0.018600 0.023100
0 0.477300 0.719700 0.015700 0.027300
0 0.058900 0.895000 0.015900 0.028500
0 0.033600 0.706100 0.016200 0.027200
0 0.345700 0.664600 0.017500 0.023600
0 0.584300 0.847600 0.016700 0.022900
0 0.485400 0.358700 0.015600 0.026700
0 0.861400 0.343900 0.014500 0.029400
0 0.790400 0.644300 0.018500 0.023500
0 0.486800 0.831500 0.015100 0.028000
0 0.073500 0.321400 0.014500 0.031500
0 0.454400 0.222400 0.020200 0.020900
0 0.956600 0.480900 0.015100 0.027900
0 0.807500 0.170700 0.017600 0.025700
0 0.739800 0.910200 0.013900 0.031000
0 0.272700 0.097000 0.017900 0.020500
0 0.955000 0.742300 0.017700 0.023800
0 0.196800 0.033500 0.018100 0.023200
0 0.366400 0.315500 0.016900 0.025800
0 0.240700 0.532800 0.014800 0.029600
0 0.828200 0.466500 0.017500 0.025400
0 0.797200 0.708800 0.015000 0.033300
0 0.773800 0.129000 0.015700 0.023800
0 0.970100 0.717100 0.014100 0.032800
0 0.748000 0.320400 0.019800 0.023300
0 0.496700 0.496600 0.012900 0.031400
0 0.516500 0.446600 0.015800 0.027100
0 0.515100 0.922500 0.016600 0.025500
0 0.677700 0.820000 0.009900 0.035300
0 0.008200 0.314100 0.017500 0.021300
0 0.969300 0.601400 0.017300 0.024300
0 0.507800 0.830900 0.015100 0.026500
0 0.393600 0.186600 0.017500 0.024800
0 0.989500 0.530200 0.011800 0.033200
0 0.053100 0.846800 0.012600 0.030700
0 0.317500 0.173700 0.014400 0.028000
0 0.855600 0.934700 0.019700 0.023800
0 0.911300 0.561000 0.019500 0.022800
0 0.347300 0.407500 0.016400 0.023800
0 0.101400 0.403700 0.014900 0.031400
0 0.385800 0.840600 0.019700 0.021200
0 0.007600 0.243400 0.015400 0.024300
0 0.664100 0.718100 0.013900 0.034100
0 0.646900 0.504000 0.014500 0.025100
0 0.697100 0.610400 0.016700 0.022500
0 0.278700 0.720800 0.016100 0.027700
0 0.273300 0.923700 0.016700 0.022300
0 0.486400 0.189800 0.019400 0.020500
0 0.992000 0.629600 0.012100 0.023600
0 0.818400 0.694700 0.016200 0.026000
0 0.296300 0.348700 0.017800 0.022100
0 0.627300 0.852900 0.016000 0.023500
0 0.014300 0.896500 0.013400 0.034200
0 0.957600 0.235200 0.017600 0.023300
0 0.091200 0.706800 0.017600 0.025400
0 0.946600 0.719800 0.016700 0.026400
0 0.400700 0.628200 0.017500 0.023100
0 0.844400 0.048800 0.016600 0.024700
0 0.799200 0.343100 0.018300 0.024000
0 0.128200 0.196200 0.019300 0.021000
0 0.635300 0.701400 0.018300 0.021900
0 0.426700 0.940300 0.012400 0.030700
0 0.290600 0.041400 0.014200 0.026300
0 0.008200 0.072900 0.017000 0.022400
0 0.506200 0.270300 0.017500 0.023800
0 0.705800 0.799000 0.015300 0.026200
0 0.788900 0.135500 0.017500 0.020500
0 0.131900 0.080800 0.017700 0.021200
0 0.958800 0.903000 0.019400 0.021200
0 0.722600 0.982600 0.017500 0.024000
0 0.729700 0.826200 0.013900 0.031100
0 0.134700 0.904300 0.012900 0.035500
0 0.766800 0.258400 0.015200 0.023000
0 0.859000 0.675900 0.018400 0.022100
0 0.166100 0.672100 0.018700 0.023900
0 0.790400 0.026100 0.018800 0.023100
0 0.477700 0.323100 0.017300 0.023900
0 0.424200 0.505900 0.018900 0.025300
0 0.126300 0.795900 0.018500 0.027200
0 0.638400 0.918200 0.015000 0.026000
0 0.480800 0.503200 0.015900 0.025600
0 0.106100 0.754900 0.017200 0.025100
0 0.611900 0.607300 0.013500 0.028700
0 0.011100 0.336000 0.019400 0.022400
0 0.151200 0.542400 0.018100 0.028200
0 0.245200 0.633100 0.016500 0.026900
0 0.594800 0.984300 0.016100 0.023200
0 0.421100 0.343700 0.012400 0.035700
0 0.156700 0.213300 0.018100 0.022700
0 0.416100 0.148900 0.016300 0.026100
0 0.938700 0.314500 0.016800 0.024600
0 0.990400 0.894300 0.014000 0.023400
0 0.764800 0.509900 0.014800 0.034300
0 0.950700 0.297500 0.016700 0.024800
0 0.703300 0.669800 0.015900 0.027500
0 0.535600 0.194600 0.014600 0.029300
0 0.156400 0.097700 0.016800 0.021000
0 0.733300 0.784900 0.016100 0.023100
0 0.761100 0.074500 0.017200 0.021900
0 0.636800 0.832700 0.013500 0.026000
0 0.080100 0.142500 0.018800 0.024300
0 0.705800 0.744500 0.014300 0.029300
0 0.195000 0.591000 0.017800 0.024000
0 0.769900 0.204700 0.013800 0.023800
0 0.407700 0.061500 0.016100 0.023300
0 0.828100 0.639400 0.017300 0.023700
0 0.299100 0.364100 0.016500 0.019900
0 0.184000 0.291600 0.016300 0.026800
0 0.044000 0.477500 0.012500 0.036800
0 0.682900 0.238700 0.016100 0.022200
0 0.535000 0.621800 0.015100 0.019200
0 0.790400 0.378600 0.019400 0.023400
0 0.707300 0.371800 0.016300 0.022400
0 0.967300 0.029100 0.016000 0.021800
0 0.868900 0.616000 0.019300 0.022500
0 0.627800 0.629500 0.018000 0.025800
0 0.406200 0.286800 0.018200 0.024900
0 0.354600 0.244500 0.015500 0.023800
0 0.367800 0.842400 0.018200 0.023200
0 0.526200 0.210500 0.015400 0.022100
0 0.649300 0.352000 0.016600 0.026700
0 0.890700 0.482700 0.017400 0.023700
0 0.780400 0.768300 0.017300 0.025500
0 0.382100 0.424300 0.016700 0.020800
0 0.708800 0.283500 0.016300 0.025000
0 0.152000 0.118500 0.016100 0.025400
0 0.257900 0.443800 0.013500 0.035200
0 0.918800 0.580100 0.019000 0.024700
0 0.840200 0.488700 0.018200 0.025400
0 0.541900 0.513600 0.014800 0.023300
0 0.328300 0.153400 0.013500 0.030300
0 0.009800 0.501800 0.017400 0.028000
0 0.797300 0.151000 0.018500 0.024800
0 0.091700 0.768700 0.015600 0.029600
0 0.911300 0.868700 0.018100 0.023700
0 0.873200 0.486200 0.018000 0.023200
0 0.311100 0.500500 0.019000 0.022800
0 0.715400 0.295200 0.017500 0.023600
0 0.202400 0.245400 0.014200 0.026000
0 0.411800 0.208900 0.018400 0.021700
0 0.991500 0.955200 0.013700 0.024500
0 0.039800 0.643500 0.015300 0.022500
0 0.509400 0.719900 0.017400 0.025700
0 0.352100 0.531000 0.018700 0.022900
0 0.171000 0.305100 0.015400 0.025300
0 0.583100 0.673700 0.017100 0.024400
0 0.405200 0.679100 0.017700 0.023300
0 0.542300 0.320100 0.019200 0.022100
0 0.073500 0.581800 0.014200 0.027000
0 0.979600 0.021900 0.016000 0.022100
0 0.465300 0.821800 0.015500 0.024900
0 0.180700 0.169900 0.015600 0.027300
0 0.450800 0.690000 0.017800 0.023500
0 0.781700 0.263400 0.016000 0.023600
0 0.282000 0.985500 0.015500 0.023400
0 0.791800 0.877200 0.013500 0.027300
0 0.970000 0.944900 0.016300 0.025600
0 0.831300 0.258600 0.014900 0.029400
0 0.834100 0.784500 0.013900 0.024700
0 0.971800 0.829100 0.017400 0.022400
0 0.734100 0.655300 0.016100 0.029400
0 0.700500 0.182100 0.017000 0.024500
0 0.035000 0.656800 0.018500 0.022600
0 0.572000 0.581300 0.014800 0.024300
0 0.343400 0.047100 0.017600 0.025100
0 0.733400 0.864900 0.011500 0.036600
0 0.731100 0.557700 0.017100 0.024500
0 0.331100 0.902900 0.015000 0.026300
0 0.922400 0.228600 0.013400 0.030700
0 0.594600 0.577100 0.015200 0.026800
0 0.088000 0.606600 0.016000 0.028100
0 0.971300 0.651400 0.018000 0.022400
0 0.014500 0.563300 0.013300 0.033300
0 0.086700 0.115400 0.018500 0.024500
0 0.877200 0.682900 0.019100 0.022100
0 0.660900 0.311700 0.017500 0.025000
0 0.487200 0.074100 0.013900 0.029300
0 0.663500 0.883100 0.015700 0.029000
0 0.127900 0.014400 0.019400 0.017900
0 0.074200 0.922800 0.016700 0.024300
0 0.889100 0.349200 0.013000 0.032000
0 0.943400 0.175900 0.016700 0.025800
0 0.991800 0.156900 0.011300 0.033300
0 0.849100 0.106400 0.019700 0.024500
0 0.993300 0.302000 0.011800 0.025600
0 0.110600 0.772600 0.019000 0.023300
0 0.311700 0.689700 0.017300 0.027300
0 0.461300 0.985800 0.017200 0.022800
0 0.977800 0.451800 0.011700 0.036600
0 0.686500 0.210800 0.017000 0.024100
0 0.906300 0.667200 0.019400 0.023700
0 0.496800 0.765700 0.015000 0.023100
0 0.783600 0.970500 0.015400 0.024800
0 0.707400 0.389600 0.019700 0.023700
0 0.514100 0.576300 0.019300 0.020200
0 0.973800 0.757900 0.016100 0.027700
0 0.484400 0.473300 0.014700 0.028700
0 0.265100 0.901200 0.015200 0.024500
0 0.314500 0.860000 0.019700 0.022700
0 0.446000 0.622200 0.015800 0.023100
0 0.858500 0.559700 0.017500 0.024200
0 0.917100 0.033700 0.013500 0.027200
0 0.285100 0.024200 0.017700 0.022700
0 0.571600 0.683600 0.016400 0.023500
0 0.338600 0.307300 0.014500 0.029800
0 0.173700 0.860000 0.019000 0.027100
0 0.911600 0.368400 0.015800 0.030300
0 0.027300 0.609100 0.019300 0.024400
0 0.025600 0.251500 0.020400 0.024900
0 0.807800 0.916700 0.012000 0.034300
0 0.199200 0.908900 0.016500 0.021200
0 0.474500 0.848900 0.015000 0.023600
0 0.488900 0.449000 0.016500 0.024200
0 0.709600 0.899300 0.014600 0.029800
0 0.973000 0.361600 0.014100 0.034400
0 0.864400 0.708800 0.015600 0.027200
0 0.807300 0.588700 0.017700 0.024900
0 0.351500 0.689600 0.015900 0.028900
0 0.187000 0.738400 0.017800 0.024800
0 0.891000 0.847700 0.013500 0.032000
0 0.796100 0.813900 0.015900 0.029000
0 0.774200 0.447100 0.017200 0.022700
0 0.465500 0.296600 0.016000 0.027700
0 0.772900 0.470600 0.017200 0.026800
0 0.579900 0.756400 0.018600 0.023500
0 0.917300 0.907500 0.019100 0.023200
0 0.080600 0.384300 0.013900 0.032300
0 0.976100 0.316500 0.017700 0.025500
0 0.006500 0.985600 0.012700 0.024500
0 0.936700 0.396700 0.015100 0.031000
0 0.770200 0.233900 0.013800 0.026500
0 0.536600 0.456400 0.016300 0.023300
0 0.820300 0.964000 0.019600 0.021500
0 0.549100 0.626500 0.017200 0.020400
0 0.313600 0.386700 0.017000 0.019400
0 0.323900 0.789100 0.016300 0.025800
0 0.092000 0.538500 0.020400 0.025100
0 0.118000 0.913900 0.013800 0.031400
0 0.017800 0.985700 0.016600 0.024300
0 0.233200 0.498300 0.013600 0.032200
0 0.490500 0.780100 0.013700 0.028700
0 0.841000 0.738800 0.013000 0.032700
0 0.613300 0.333700 0.010800 0.037000
0 0.295300 0.521300 0.013900 0.024600
0 0.376300 0.833700 0.020100 0.021100
0 0.085800 0.842800 0.016600 0.026400
0 0.725700 0.771600 0.015500 0.027400
0 0.519800 0.652800 0.015000 0.020500
0 0.852900 0.629200 0.018400 0.017700
0 0.350900 0.735600 0.012700 0.032200
0 0.313700 0.773300 0.018700 0.021400
0 0.508100 0.461300 0.015700 0.025000
0 0.089500 0.816500 0.015900 0.032900
0 0.695100 0.547200 0.016800 0.020100
0 0.854300 0.539100 0.016300 0.025700
0 0.086200 0.020200 0.012700 0.026500
0 0.912000 0.245500 0.015800 0.020800
0 0.799600 0.838600 0.016100 0.028600
0 0.116100 0.470300 0.012400 0.024100
0 0.880700 0.953000 0.019000 0.028100
0 0.113800 0.496100 0.014900 0.033700
0 0.694200 0.371600 0.015200 0.023000
0 0.918900 0.042600 0.012500 0.028200
0 0.203100 0.011700 0.014000 0.018300
0 0.542400 0.878800 0.013000 0.034300
0 0.935500 0.464000 0.013500 0.034500
0 0.273800 0.523600 0.012600 0.034900
0 0.352800 0.673200 0.016300 0.022000
0 0.515900 0.723300 0.017300 0.022700
0 0.074300 0.550900 0.016800 0.024000
0 0.244000 0.011400 0.014800 0.017200
0 0.164200 0.091600 0.017100 0.020100
0 0.835800 0.802400 0.015800 0.025500
0 0.345100 0.856000 0.015600 0.025700
0 0.828400 0.964300 0.018200 0.022900
0 0.314500 0.845200 0.017300 0.019500
0 0.225900 0.383000 0.013200 0.027600
0 0.577300 0.939600 0.012900 0.032300
0 0.155859 0.368056 0.014844 0.033333
0 0.494141 0.383333 0.016406 0.027778
0 0.199219 0.643750 0.017188 0.029167
0 0.105078 0.642361 0.014844 0.037500
0 0.662109 0.947222 0.014844 0.033333
0 0.965625 0.984028 0.012500 0.020833
0 0.371094 0.261111 0.012500 0.030556
0 0.005859 0.265278 0.011719 0.025000
0 0.951563 0.391667 0.010937 0.033333
0 0.960938 0.388194 0.010937 0.031944
0 0.802344 0.527083 0.009375 0.029167
0 0.616406 0.561806 0.012500 0.026389
0 0.628125 0.560417 0.014062 0.029167
0 0.408594 0.748611 0.014062 0.022222
0 0.397656 0.766667 0.014062 0.013889
0 0.199219 0.838889 0.014062 0.022222
0 0.186719 0.836806 0.014062 0.031944
0 0.863281 0.390278 0.015625 0.022222
0 0.897656 0.440972 0.012500 0.029167
0 0.892187 0.429861 0.014062 0.029167
0 0.327344 0.690278 0.017188 0.022222
0 0.326562 0.699306 0.009375 0.031944
0 0.210156 0.022222 0.420312 0.044444
