0 0.621800 0.553900 0.015900 0.028900
0 0.923600 0.117200 0.019600 0.020200
0 0.101000 0.385800 0.020100 0.023000
0 0.703500 0.522800 0.018300 0.022700
0 0.323300 0.496800 0.020900 0.022800
0 0.767100 0.230000 0.020100 0.022000
0 0.956700 0.777500 0.014800 0.026800
0 0.605300 0.264600 0.017200 0.023200
0 0.667200 0.472300 0.017300 0.020200
0 0.769200 0.304100 0.019800 0.022100
0 0.281200 0.172200 0.017000 0.023100
0 0.093000 0.604600 0.016300 0.027800
0 0.060300 0.713500 0.017700 0.021300
0 0.767300 0.052800 0.018100 0.025000
0 0.510900 0.127800 0.016700 0.027600
0 0.817700 0.798000 0.014400 0.025500
0 0.847200 0.805700 0.015000 0.025400
0 0.030600 0.918600 0.015800 0.022300
0 0.566800 0.197600 0.017200 0.023200
0 0.503300 0.153100 0.017600 0.024400
0 0.286300 0.367500 0.018900 0.022600
0 0.947100 0.801000 0.017500 0.023500
0 0.440400 0.132700 0.016800 0.021900
0 0.207300 0.552400 0.016100 0.023600
0 0.479300 0.535400 0.019000 0.021300
0 0.883500 0.102600 0.019700 0.020300
0 0.580700 0.226700 0.017800 0.022300
0 0.342800 0.515800 0.021600 0.022200
0 0.540700 0.683100 0.018000 0.022600
0 0.934200 0.940500 0.018300 0.023500
0 0.013300 0.877600 0.014200 0.029200
0 0.042600 0.954100 0.016500 0.022000
0 0.584100 0.174000 0.017700 0.022200
0 0.211300 0.518600 0.017200 0.026400
0 0.068500 0.501800 0.016000 0.028500
0 0.148400 0.035700 0.014100 0.029100
0 0.470100 0.509200 0.019100 0.021600
0 0.589600 0.855200 0.016600 0.024200
0 0.145800 0.440400 0.017700 0.024400
0 0.957000 0.651600 0.016700 0.025100
0 0.100900 0.582700 0.017700 0.023400
0 0.309300 0.639100 0.019700 0.021000
0 0.611400 0.351800 0.015800 0.027400
0 0.920600 0.394800 0.012500 0.034900
0 0.935700 0.695800 0.019400 0.019400
0 0.472100 0.928700 0.014900 0.024300
0 0.883200 0.042500 0.017800 0.023100
0 0.031800 0.621700 0.017800 0.025200
0 0.790900 0.136900 0.017800 0.022900
0 0.022100 0.543300 0.016800 0.024400
0 0.802100 0.294800 0.016400 0.021000
0 0.042000 0.853900 0.012600 0.029900
0 0.554900 0.123400 0.017900 0.023900
0 0.819200 0.685900 0.017200 0.025800
0 0.336100 0.066300 0.016600 0.026500
0 0.220000 0.104400 0.014300 0.027900
0 0.597400 0.042800 0.017800 0.026400
0 0.485100 0.396800 0.016200 0.024700
0 0.267700 0.753600 0.016000 0.029100
0 0.448600 0.185800 0.017700 0.023700
0 0.290600 0.135400 0.013900 0.027900
0 0.839400 0.232000 0.014700 0.027800
0 0.268800 0.721400 0.016500 0.024500
0 0.093000 0.704200 0.018200 0.025700
0 0.007400 0.245000 0.016400 0.024700
0 0.332200 0.529900 0.023900 0.021800
0 0.683500 0.498200 0.017800 0.021000
0 0.716900 0.541100 0.016700 0.024700
0 0.829500 0.767700 0.016100 0.024700
0 0.108700 0.523700 0.018000 0.026400
0 0.669900 0.084400 0.014400 0.032300
0 0.519500 0.652400 0.015100 0.022600
0 0.502300 0.580700 0.019200 0.024800
0 0.657000 0.804800 0.016300 0.022200
0 0.701700 0.497600 0.016700 0.024100
0 0.483600 0.161500 0.017100 0.023100
0 0.666700 0.353600 0.014700 0.032600
0 0.680600 0.530700 0.013900 0.031300
0 0.702500 0.941200 0.014200 0.028500
0 0.479600 0.704300 0.016400 0.025500
0 0.216800 0.403600 0.016700 0.025400
0 0.656300 0.178900 0.018100 0.020300
0 0.044800 0.701400 0.019500 0.023100
0 0.572000 0.142700 0.017600 0.022100
0 0.028700 0.939000 0.015900 0.023200
0 0.756000 0.192300 0.018800 0.020800
0 0.452300 0.281500 0.016500 0.025100
0 0.310700 0.232000 0.015300 0.029900
0 0.769700 0.100800 0.017500 0.022300
0 0.519200 0.607300 0.014400 0.028300
0 0.609400 0.590300 0.015800 0.030200
0 0.846600 0.647100 0.018800 0.024000
0 0.627800 0.031700 0.018800 0.024200
0 0.719000 0.192000 0.019200 0.018600
0 0.332700 0.160300 0.016900 0.022400
0 0.201300 0.020800 0.018800 0.023900
0 0.580300 0.357600 0.018200 0.022700
0 0.005100 0.465900 0.011400 0.025100
0 0.678400 0.414600 0.014300 0.030500
0 0.595500 0.100900 0.017600 0.024800
0 0.169900 0.273600 0.015000 0.030200
0 0.180300 0.891800 0.015500 0.031000
0 0.820700 0.727400 0.013900 0.024700
0 0.701800 0.168900 0.017800 0.020300
0 0.173100 0.161000 0.018400 0.024200
0 0.022600 0.428800 0.015900 0.028500
0 0.829900 0.634500 0.018500 0.021600
0 0.334100 0.119400 0.018000 0.022100
0 0.549000 0.839300 0.019800 0.023300
0 0.168500 0.849100 0.015800 0.027300
0 0.305400 0.419700 0.018100 0.024100
0 0.654100 0.097400 0.015200 0.029000
0 0.481400 0.191200 0.015200 0.023000
0 0.610500 0.559500 0.018500 0.024900
0 0.095000 0.243400 0.016500 0.029900
0 0.303400 0.369700 0.016300 0.026900
0 0.530900 0.463500 0.016300 0.022300
0 0.829500 0.586100 0.018000 0.025700
0 0.347300 0.903500 0.016000 0.022100
0 0.505100 0.416900 0.017200 0.023400
0 0.678700 0.909100 0.017500 0.024000
0 0.283900 0.767600 0.018500 0.023800
0 0.354300 0.198200 0.013900 0.027500
0 0.480800 0.428000 0.015200 0.026400
0 0.929900 0.065100 0.013400 0.030900
0 0.647600 0.735200 0.017200 0.023800
0 0.027100 0.970900 0.017600 0.021900
0 0.039300 0.760200 0.015200 0.028200
0 0.445700 0.935400 0.015700 0.025200
0 0.756000 0.754900 0.014000 0.027100
0 0.695200 0.121900 0.014300 0.032400
0 0.838900 0.134100 0.015000 0.028800
0 0.678200 0.456700 0.013700 0.019500
0 0.244800 0.029600 0.015300 0.029000
0 0.718000 0.655600 0.017800 0.024400
0 0.899200 0.043900 0.017400 0.021800
0 0.583900 0.874000 0.016400 0.022200
0 0.191900 0.266000 0.014900 0.027600
0 0.814200 0.743800 0.012900 0.031300
0 0.756600 0.784500 0.015300 0.023900
0 0.060600 0.802400 0.013300 0.031900
0 0.947100 0.488600 0.017500 0.023500
0 0.566000 0.469400 0.018400 0.024900
0 0.633500 0.458200 0.012500 0.036200
0 0.746200 0.929900 0.017300 0.023000
0 0.806000 0.709900 0.011700 0.039100
0 0.846200 0.017900 0.017700 0.023700
0 0.196300 0.635500 0.017000 0.024500
0 0.226100 0.852900 0.021000 0.023100
0 0.476000 0.035400 0.020600 0.025000
0 0.803800 0.316700 0.015600 0.023400
0 0.771100 0.348300 0.016000 0.025000
0 0.522500 0.697400 0.013700 0.029000
0 0.542900 0.663200 0.016300 0.022000
0 0.298200 0.609000 0.022100 0.021400
0 0.923300 0.154100 0.017100 0.023400
0 0.540800 0.102800 0.015900 0.026600
0 0.748200 0.061700 0.019900 0.024400
0 0.371600 0.732000 0.015300 0.025500
0 0.791600 0.910900 0.013100 0.026700
0 0.184500 0.833000 0.015600 0.027400
0 0.026900 0.173000 0.019900 0.023900
0 0.715500 0.488800 0.016300 0.028900
0 0.634700 0.864200 0.016600 0.020700
0 0.575400 0.119500 0.016400 0.026300
0 0.567800 0.267100 0.013500 0.030700
0 0.090200 0.847200 0.017300 0.023700
0 0.906500 0.409600 0.013800 0.031000
0 0.857800 0.703000 0.014400 0.033200
0 0.967200 0.903700 0.016600 0.030300
0 0.043500 0.047200 0.019200 0.023700
0 0.276500 0.708400 0.016500 0.023800
0 0.468500 0.945900 0.016500 0.022300
0 0.858400 0.221300 0.015900 0.025500
0 0.151600 0.496100 0.017000 0.027600
0 0.114100 0.407400 0.016200 0.027000
0 0.578100 0.893100 0.015100 0.025500
0 0.119800 0.035600 0.014800 0.029300
0 0.767300 0.183900 0.016300 0.024100
0 0.643800 0.531400 0.013900 0.028300
0 0.009200 0.432500 0.015500 0.028300
0 0.956500 0.101000 0.020300 0.022600
0 0.950800 0.843300 0.012500 0.030200
0 0.326200 0.809800 0.017600 0.023200
0 0.126500 0.467200 0.016700 0.022900
0 0.979600 0.527600 0.017700 0.024300
0 0.872000 0.864700 0.015600 0.022300
0 0.307700 0.340100 0.017900 0.022000
0 0.669700 0.578200 0.013100 0.032700
0 0.470700 0.457000 0.015800 0.023600
0 0.369600 0.310400 0.016600 0.024600
0 0.765700 0.917400 0.015200 0.030000
0 0.405800 0.368000 0.016000 0.024100
0 0.871300 0.259000 0.014300 0.030800
0 0.276800 0.121500 0.013800 0.024900
0 0.801100 0.231700 0.018200 0.024500
0 0.483300 0.966800 0.013900 0.027100
0 0.367200 0.910400 0.015600 0.023700
0 0.953100 0.829500 0.015600 0.023600
0 0.751900 0.293500 0.019300 0.022100
0 0.174000 0.082500 0.013400 0.034500
0 0.541600 0.981000 0.015400 0.024800
0 0.432800 0.119500 0.015800 0.024100
0 0.473400 0.091600 0.017800 0.023200
0 0.422400 0.447500 0.015800 0.027500
0 0.871800 0.534800 0.015500 0.026400
0 0.240000 0.555200 0.017000 0.024700
0 0.403300 0.485500 0.015900 0.026000
0 0.908800 0.673200 0.017800 0.027100
0 0.817300 0.264900 0.017200 0.021200
0 0.668100 0.307200 0.015100 0.027300
0 0.132200 0.724200 0.019200 0.025000
0 0.631300 0.629900 0.016800 0.023600
0 0.057300 0.271900 0.016300 0.026300
0 0.896600 0.476200 0.017700 0.025400
0 0.270200 0.880300 0.013600 0.029900
0 0.636000 0.691000 0.017900 0.023800
0 0.616600 0.076000 0.017500 0.023600
0 0.566400 0.545000 0.018600 0.021900
0 0.266500 0.966200 0.017000 0.022000
0 0.713300 0.690500 0.015500 0.026800
0 0.088800 0.363300 0.016500 0.026600
0 0.414200 0.849100 0.016800 0.023700
0 0.827600 0.527200 0.015200 0.029000
0 0.869800 0.631800 0.012500 0.036000
0 0.106100 0.210700 0.017200 0.024800
0 0.404600 0.523900 0.016300 0.027900
0 0.037000 0.408600 0.015500 0.027000
0 0.944800 0.954500 0.013900 0.026700
0 0.192100 0.576000 0.012800 0.033700
0 0.501600 0.358400 0.013000 0.033100
0 0.345600 0.107500 0.016900 0.021300
0 0.340100 0.264900 0.018800 0.024200
0 0.503400 0.222300 0.016300 0.022500
0 0.674000 0.702700 0.015900 0.028800
0 0.980000 0.309800 0.014700 0.025200
0 0.134100 0.027700 0.013400 0.030100
0 0.590700 0.677500 0.017400 0.022500
0 0.566300 0.342000 0.019100 0.022600
0 0.542700 0.399000 0.016600 0.026800
0 0.933500 0.965700 0.015600 0.021800
0 0.434400 0.601200 0.012600 0.032000
0 0.377600 0.653400 0.017300 0.023400
0 0.264600 0.895500 0.014100 0.025100
0 0.002700 0.604700 0.007600 0.029800
0 0.174300 0.621700 0.017400 0.024200
0 0.932800 0.259600 0.015000 0.029900
0 0.821700 0.957000 0.016400 0.024900
0 0.780200 0.910100 0.015100 0.024500
0 0.989200 0.569700 0.012100 0.023400
0 0.163700 0.226100 0.017800 0.028600
0 0.272700 0.500500 0.018500 0.022100
0 0.304000 0.523600 0.021200 0.023100
0 0.764900 0.765000 0.012700 0.029600
0 0.819300 0.211600 0.015700 0.025500
0 0.908200 0.768600 0.014800 0.019800
0 0.181500 0.209600 0.014400 0.026700
0 0.245100 0.305100 0.016100 0.027600
0 0.468200 0.859300 0.015400 0.024700
0 0.558100 0.020600 0.017100 0.026100
0 0.238900 0.473500 0.015500 0.030700
0 0.989700 0.293400 0.009700 0.035200
0 0.351500 0.593600 0.019300 0.021500
0 0.072000 0.016600 0.014200 0.023000
0 0.309100 0.436700 0.020700 0.020500
0 0.910300 0.597900 0.015700 0.022500
0 0.698500 0.723100 0.013900 0.029400
0 0.852900 0.747600 0.016700 0.023500
0 0.547400 0.920200 0.015500 0.027300
0 0.370400 0.215000 0.012300 0.029600
0 0.317400 0.408300 0.016700 0.025200
0 0.750800 0.675900 0.016200 0.024200
0 0.277800 0.634400 0.017400 0.023600
0 0.906500 0.607200 0.013200 0.031800
0 0.590700 0.903600 0.015600 0.024900
0 0.269200 0.386500 0.016800 0.023800
0 0.331000 0.901900 0.014200 0.023600
0 0.939600 0.709100 0.018600 0.019700
0 0.731900 0.966500 0.014400 0.032400
0 0.154100 0.613100 0.017600 0.024700
0 0.273600 0.610300 0.018700 0.023100
0 0.058300 0.250500 0.018900 0.023200
0 0.382100 0.721300 0.016700 0.021500
0 0.484900 0.208800 0.015400 0.022500
0 0.769000 0.802500 0.012200 0.027700
0 0.452000 0.342800 0.015700 0.021900
0 0.424600 0.255600 0.013300 0.032300
0 0.464100 0.169100 0.015500 0.024700
0 0.831100 0.176600 0.013600 0.031000
0 0.981800 0.204800 0.015200 0.029500
0 0.361600 0.756100 0.017800 0.023100
0 0.005800 0.415500 0.011300 0.027900
0 0.807500 0.068700 0.015200 0.029500
0 0.053400 0.846900 0.012100 0.027100
0 0.038800 0.261000 0.018200 0.023500
0 0.406700 0.563100 0.018800 0.022800
0 0.791900 0.936700 0.015400 0.025400
0 0.109700 0.976200 0.016800 0.025100
0 0.945100 0.279100 0.015600 0.027200
0 0.497000 0.655900 0.012600 0.034000
0 0.984700 0.043500 0.014500 0.027600
0 0.245900 0.440000 0.013100 0.026800
0 0.553600 0.335100 0.020200 0.023200
0 0.090600 0.821500 0.015800 0.026400
0 0.288600 0.588800 0.020600 0.022800
0 0.579300 0.517000 0.016500 0.025800
0 0.974400 0.020900 0.017200 0.021700
0 0.881500 0.422300 0.018500 0.025700
0 0.382600 0.422300 0.012300 0.030700
0 0.110100 0.363400 0.016000 0.026000
0 0.920600 0.130300 0.020000 0.019700
0 0.465600 0.343700 0.016700 0.024500
0 0.408400 0.736600 0.014000 0.028500
0 0.200500 0.964600 0.016200 0.023000
0 0.120600 0.511500 0.016300 0.024100
0 0.991000 0.581300 0.010900 0.022500
0 0.302100 0.768000 0.015100 0.028700
0 0.855100 0.439500 0.015800 0.026600
0 0.108000 0.063900 0.016200 0.025000
0 0.566600 0.874600 0.018500 0.022000
0 0.388900 0.848000 0.017100 0.019600
0 0.535900 0.784500 0.018600 0.023700
0 0.064500 0.980300 0.011700 0.025800
0 0.489500 0.824200 0.015400 0.024300
0 0.407300 0.291600 0.014300 0.030200
0 0.267300 0.035000 0.013400 0.033500
0 0.708000 0.903600 0.013900 0.030800
0 0.774200 0.327500 0.016700 0.024800
0 0.967500 0.358000 0.016500 0.024300
0 0.329700 0.458400 0.018600 0.023400
0 0.944500 0.097900 0.018200 0.022100
0 0.032900 0.575700 0.017800 0.024500
0 0.313300 0.193700 0.018500 0.023100
0 0.323900 0.624300 0.021400 0.019900
0 0.580300 0.286500 0.015800 0.026100
0 0.537000 0.905700 0.016500 0.024400
0 0.556000 0.813100 0.020000 0.023300
0 0.982500 0.260700 0.014500 0.025000
0 0.330000 0.881700 0.010000 0.030200
0 0.400800 0.700700 0.017400 0.024200
0 0.011000 0.188800 0.015100 0.028200
0 0.286200 0.789300 0.017100 0.026000
0 0.639800 0.130700 0.016200 0.024600
0 0.717700 0.051000 0.018500 0.022400
0 0.049300 0.034800 0.019400 0.020500
0 0.529700 0.185700 0.014600 0.030900
0 0.704400 0.585700 0.012500 0.034600
0 0.919700 0.234700 0.015700 0.025200
0 0.411900 0.069500 0.017500 0.023000
0 0.656300 0.551200 0.012400 0.033700
0 0.148800 0.066800 0.016600 0.025100
0 0.437100 0.507500 0.017500 0.023700
0 0.960200 0.166600 0.014200 0.033800
0 0.426100 0.530800 0.022900 0.019600
0 0.877300 0.341400 0.010500 0.038600
0 0.679200 0.245000 0.016800 0.025600
0 0.496800 0.520000 0.016300 0.023400
0 0.450500 0.143600 0.014500 0.025600
0 0.777600 0.798000 0.011300 0.029600
0 0.719300 0.334900 0.013400 0.034300
0 0.408200 0.166000 0.011900 0.037200
0 0.106200 0.465800 0.012500 0.026400
0 0.116700 0.490100 0.014300 0.027000
0 0.504800 0.535300 0.017100 0.022400
0 0.668700 0.976700 0.015700 0.025200
0 0.805500 0.786600 0.011900 0.032000
0 0.338400 0.534000 0.022300 0.022000
0 0.200700 0.906600 0.016600 0.022400
0 0.714600 0.299200 0.015000 0.028500
0 0.536700 0.720200 0.016700 0.024900
0 0.882400 0.919700 0.013500 0.033800
0 0.993100 0.128800 0.011300 0.030500
0 0.968200 0.034800 0.017000 0.021500
0 0.969000 0.276300 0.013500 0.028600
0 0.480700 0.798800 0.012100 0.030600
0 0.959000 0.354100 0.015300 0.025500
0 0.093500 0.129300 0.016300 0.026100
0 0.660300 0.823300 0.013600 0.021900
0 0.198700 0.328300 0.012800 0.034900
0 0.839600 0.898500 0.013100 0.037900
0 0.311500 0.683000 0.016600 0.025500
0 0.384400 0.067300 0.013600 0.029900
0 0.863600 0.980700 0.018400 0.020500
0 0.802000 0.885900 0.013600 0.024200
0 0.915500 0.750900 0.016000 0.022000
0 0.331800 0.422000 0.017600 0.029600
0 0.777000 0.485300 0.020300 0.026000
0 0.866600 0.470300 0.018600 0.027000
0 0.919500 0.723600 0.015500 0.022700
0 0.225500 0.128300 0.016800 0.026000
0 0.024000 0.365900 0.014300 0.033200
0 0.983500 0.373300 0.014200 0.031000
0 0.149500 0.139100 0.014100 0.028400
0 0.242100 0.315600 0.014600 0.028800
0 0.070500 0.541300 0.016700 0.027600
0 0.181600 0.985800 0.017100 0.023900
0 0.450500 0.814700 0.015600 0.029500
0 0.329200 0.634400 0.018700 0.021200
0 0.296600 0.199000 0.018100 0.023200
0 0.513200 0.894900 0.014100 0.032200
0 0.004000 0.595600 0.007800 0.024200
0 0.083900 0.824000 0.015300 0.027800
0 0.845600 0.085200 0.015800 0.022800
0 0.492700 0.235200 0.016700 0.024300
0 0.087000 0.862900 0.016900 0.021600
0 0.273300 0.067500 0.013300 0.031700
0 0.496800 0.240100 0.016500 0.023400
0 0.741300 0.149300 0.016400 0.022700
0 0.233600 0.666000 0.016000 0.030700
0 0.582300 0.750900 0.018000 0.025000
0 0.775600 0.235000 0.019400 0.023100
0 0.701000 0.963800 0.014200 0.028800
0 0.392000 0.772300 0.012900 0.022500
0 0.449300 0.665900 0.014500 0.034100
0 0.955600 0.011200 0.015200 0.018100
0 0.164600 0.192500 0.019500 0.022300
0 0.818900 0.019600 0.013600 0.027700
0 0.795700 0.880300 0.014300 0.024200
0 0.032800 0.479700 0.017200 0.026800
0 0.029300 0.472900 0.016200 0.026900
