0 0.194500 0.934900 0.013900 0.030200
0 0.881500 0.082900 0.018400 0.024200
0 0.028900 0.408300 0.021200 0.023800
0 0.547500 0.602100 0.018300 0.024800
0 0.018100 0.231900 0.014600 0.027200
0 0.070000 0.726300 0.016500 0.025300
0 0.226000 0.919900 0.014300 0.028500
0 0.620000 0.056100 0.018000 0.022500
0 0.271400 0.352000 0.021300 0.020000
0 0.779200 0.171800 0.017600 0.026700
0 0.309100 0.523700 0.018900 0.023700
0 0.539300 0.183700 0.014500 0.025400
0 0.602100 0.153600 0.015300 0.023400
0 0.765500 0.195700 0.018700 0.024700
0 0.694000 0.065500 0.014600 0.023900
0 0.155600 0.954500 0.014900 0.027900
0 0.734800 0.093700 0.016900 0.019900
0 0.434700 0.633500 0.013100 0.033100
0 0.046800 0.568100 0.019700 0.025000
0 0.698500 0.215200 0.018000 0.023400
0 0.518800 0.144000 0.017600 0.024300
0 0.183500 0.460700 0.018700 0.027500
0 0.689900 0.391300 0.013700 0.034600
0 0.428600 0.527800 0.021000 0.020600
0 0.345300 0.898800 0.015900 0.023200
0 0.842700 0.069300 0.017100 0.027100
0 0.394000 0.148400 0.018700 0.021400
0 0.134200 0.405500 0.015400 0.026900
0 0.045900 0.602200 0.021900 0.021500
0 0.373300 0.060200 0.018900 0.022700
0 0.793600 0.503000 0.018200 0.023800
0 0.863800 0.053800 0.015500 0.025800
0 0.285300 0.341100 0.021800 0.019500
0 0.092400 0.704200 0.018100 0.024600
0 0.795000 0.201200 0.016500 0.024100
0 0.515300 0.627800 0.016900 0.023800
0 0.742100 0.764000 0.015300 0.023400
0 0.045200 0.983600 0.015600 0.026000
0 0.069100 0.601200 0.020100 0.023500
0 0.690400 0.493400 0.017600 0.023800
0 0.056000 0.716600 0.015900 0.026400
0 0.690300 0.189800 0.019000 0.025700
0 0.621200 0.079700 0.016600 0.025100
0 0.288700 0.784000 0.017500 0.023200
0 0.606200 0.245500 0.017100 0.027700
0 0.272200 0.456000 0.022300 0.022900
0 0.727600 0.244700 0.018600 0.022000
0 0.077200 0.206500 0.017900 0.026000
0 0.510600 0.781800 0.015700 0.026800
0 0.732900 0.292500 0.017900 0.020700
0 0.815600 0.659800 0.018000 0.022500
0 0.195300 0.855000 0.019200 0.022200
0 0.591300 0.041500 0.016600 0.025500
0 0.955700 0.141400 0.016900 0.026200
0 0.305100 0.172400 0.015500 0.022700
0 0.395900 0.254600 0.014900 0.031700
0 0.322700 0.506100 0.019700 0.022200
0 0.202500 0.903100 0.018000 0.023100
0 0.058900 0.969700 0.017700 0.023100
0 0.834500 0.539500 0.018600 0.024500
0 0.328300 0.577500 0.020300 0.021000
0 0.376200 0.534700 0.018400 0.024000
0 0.903600 0.205600 0.017800 0.022500
0 0.022100 0.567500 0.018400 0.026700
0 0.244700 0.209800 0.017000 0.023200
0 0.572300 0.469200 0.016700 0.027600
0 0.709600 0.846500 0.013200 0.029700
0 0.596100 0.625700 0.018400 0.023800
0 0.960600 0.063900 0.017800 0.022900
0 0.340000 0.634200 0.020900 0.020900
0 0.603700 0.509200 0.016000 0.024600
0 0.263200 0.927100 0.013400 0.033400
0 0.798900 0.667800 0.015700 0.026100
0 0.129700 0.082500 0.013500 0.031600
0 0.703700 0.157300 0.018400 0.021900
0 0.510200 0.442500 0.017700 0.023300
0 0.708700 0.665500 0.020700 0.022500
0 0.028200 0.176600 0.019300 0.022700
0 0.094400 0.026500 0.016400 0.024600
0 0.765200 0.922700 0.015200 0.026700
0 0.097500 0.190500 0.015200 0.028000
0 0.193800 0.434600 0.017400 0.025200
0 0.264900 0.431800 0.020600 0.023500
0 0.932200 0.216900 0.018400 0.021800
0 0.480700 0.707800 0.017000 0.024600
0 0.198300 0.523000 0.017300 0.025900
0 0.326300 0.025700 0.017100 0.024900
0 0.053700 0.105700 0.016800 0.026400
0 0.065800 0.931900 0.016000 0.024700
0 0.008100 0.454600 0.013500 0.027300
0 0.232400 0.467200 0.013000 0.035200
0 0.966700 0.332900 0.015500 0.031300
0 0.817600 0.179800 0.015900 0.027800
0 0.309000 0.034000 0.013100 0.030200
0 0.351800 0.886100 0.015100 0.022000
0 0.543000 0.227600 0.017300 0.022900
0 0.294000 0.425700 0.018000 0.023100
0 0.320400 0.682500 0.015200 0.030300
0 0.956400 0.242800 0.016200 0.024900
0 0.192900 0.185300 0.017200 0.024400
0 0.260500 0.185500 0.019800 0.020300
0 0.389900 0.556500 0.020100 0.021600
0 0.033000 0.588500 0.020600 0.021500
0 0.882400 0.061700 0.016100 0.024100
0 0.523300 0.521900 0.017200 0.024200
0 0.380700 0.347700 0.018200 0.022100
0 0.305400 0.102600 0.017500 0.023800
0 0.441300 0.664700 0.017100 0.026600
0 0.269800 0.795400 0.016000 0.028500
0 0.053200 0.453500 0.015700 0.024900
0 0.944700 0.705800 0.014800 0.022800
0 0.006500 0.243400 0.012000 0.024300
0 0.690600 0.255600 0.018800 0.022900
0 0.446900 0.514200 0.020800 0.021000
0 0.148400 0.392100 0.016500 0.023500
0 0.316900 0.355700 0.019400 0.023000
0 0.456600 0.079400 0.015400 0.028200
0 0.395500 0.366700 0.014900 0.025100
0 0.310000 0.286200 0.018400 0.024100
0 0.801800 0.285500 0.016500 0.024800
0 0.777500 0.489000 0.016900 0.025300
0 0.829200 0.297700 0.019100 0.020200
0 0.848600 0.922000 0.014300 0.028600
0 0.729900 0.881600 0.012800 0.032600
0 0.419200 0.776500 0.016400 0.023000
0 0.496000 0.720400 0.015900 0.027900
0 0.531100 0.423600 0.019000 0.023900
0 0.552100 0.407300 0.019400 0.023100
0 0.902800 0.704400 0.016800 0.024500
0 0.569500 0.923300 0.015100 0.023900
0 0.370100 0.235300 0.015300 0.026500
0 0.165900 0.842500 0.019100 0.021800
0 0.905400 0.803200 0.015400 0.022600
0 0.254100 0.489000 0.015100 0.024500
0 0.717600 0.051600 0.018300 0.021200
0 0.118500 0.396700 0.016200 0.024000
0 0.284000 0.367600 0.019200 0.020400
0 0.284500 0.488400 0.018900 0.022000
0 0.190200 0.631700 0.015300 0.027700
0 0.268700 0.880400 0.013700 0.025800
0 0.809800 0.033700 0.014900 0.032400
0 0.904700 0.953500 0.020500 0.021400
0 0.747400 0.849100 0.013300 0.031700
0 0.890000 0.719200 0.015400 0.023300
0 0.304700 0.151000 0.015600 0.021600
0 0.423700 0.565000 0.018000 0.020200
0 0.178700 0.244300 0.018500 0.021100
0 0.392300 0.807500 0.016600 0.023500
0 0.502400 0.245100 0.016700 0.026800
0 0.055900 0.825700 0.014400 0.025200
0 0.555500 0.801100 0.016000 0.023100
0 0.566400 0.132900 0.013700 0.028500
0 0.046400 0.495100 0.015300 0.027300
0 0.744600 0.315300 0.015400 0.027100
0 0.955400 0.565200 0.018400 0.024200
0 0.129400 0.929600 0.016200 0.026500
0 0.577600 0.871500 0.016500 0.023400
0 0.465900 0.342100 0.017300 0.025100
0 0.466900 0.840400 0.013800 0.032100
0 0.640200 0.244600 0.016700 0.022700
0 0.492600 0.409400 0.011900 0.037400
0 0.903900 0.097300 0.014500 0.022300
0 0.193300 0.243600 0.017300 0.022700
0 0.955300 0.490800 0.015800 0.028500
0 0.791100 0.132700 0.015900 0.025600
0 0.710800 0.520900 0.014800 0.026500
0 0.684900 0.464800 0.015400 0.027600
0 0.456000 0.476200 0.018400 0.022800
0 0.019300 0.456000 0.016900 0.025800
0 0.144800 0.858900 0.017400 0.025400
0 0.510400 0.327700 0.017400 0.025900
0 0.154600 0.445900 0.015600 0.027700
0 0.461600 0.135100 0.018700 0.024400
0 0.222300 0.644400 0.015000 0.026000
0 0.629200 0.127400 0.016900 0.022400
0 0.252900 0.556500 0.015000 0.029700
0 0.914700 0.403500 0.017700 0.024600
0 0.880200 0.214200 0.017200 0.024800
0 0.210300 0.657800 0.016400 0.026900
0 0.432600 0.505200 0.019300 0.023000
0 0.422500 0.871700 0.016700 0.026100
0 0.833400 0.931800 0.012700 0.034600
0 0.331700 0.901900 0.013100 0.024800
0 0.608200 0.531800 0.015400 0.025000
0 0.907600 0.771500 0.013300 0.020600
0 0.160500 0.078200 0.014300 0.034000
0 0.270400 0.707300 0.018700 0.023200
0 0.271700 0.120000 0.020600 0.024900
0 0.064800 0.485800 0.016800 0.024300
0 0.591000 0.889400 0.017300 0.020700
0 0.856500 0.671100 0.017300 0.025900
0 0.854800 0.257400 0.017800 0.023300
0 0.594800 0.907500 0.015500 0.023800
0 0.317400 0.647300 0.019200 0.023400
0 0.496000 0.452300 0.017400 0.021000
0 0.603300 0.184700 0.015100 0.025700
0 0.919400 0.477900 0.014300 0.033800
0 0.217400 0.166100 0.021200 0.018900
0 0.982000 0.260900 0.013000 0.032500
0 0.035400 0.915500 0.016100 0.026000
0 0.140300 0.033400 0.015400 0.030100
0 0.573700 0.891600 0.015100 0.023300
0 0.767800 0.251200 0.014100 0.032800
0 0.881400 0.761000 0.014200 0.023200
0 0.783900 0.938400 0.017200 0.023500
0 0.505000 0.535400 0.015100 0.023800
0 0.353000 0.622800 0.020200 0.021900
0 0.441300 0.896800 0.018100 0.023400
0 0.405500 0.229100 0.017400 0.026400
0 0.991500 0.647100 0.012100 0.022100
0 0.892300 0.973700 0.019000 0.022300
0 0.563900 0.939100 0.016600 0.024400
0 0.052700 0.846400 0.012300 0.027400
0 0.171500 0.782000 0.017100 0.024000
0 0.807100 0.147400 0.015800 0.028200
0 0.573200 0.697100 0.016700 0.024600
0 0.554800 0.117300 0.014200 0.027000
0 0.913700 0.376400 0.014800 0.028500
0 0.931000 0.059700 0.013200 0.031800
0 0.779600 0.778900 0.017400 0.023300
0 0.941500 0.385800 0.016500 0.028500
0 0.471600 0.169300 0.017400 0.022700
0 0.119500 0.103100 0.014100 0.027300
0 0.089900 0.730200 0.017900 0.023000
0 0.961300 0.372100 0.017300 0.024400
0 0.571900 0.558700 0.015900 0.028100
0 0.290900 0.959000 0.013700 0.025800
0 0.088600 0.628700 0.017200 0.024600
0 0.696700 0.967200 0.015700 0.023900
0 0.801200 0.746900 0.014300 0.027600
0 0.853600 0.763700 0.013300 0.029300
0 0.815500 0.251200 0.017000 0.023900
0 0.678100 0.818300 0.015700 0.019500
0 0.296000 0.031500 0.013500 0.031500
0 0.294100 0.739300 0.017000 0.022400
0 0.065700 0.542100 0.018600 0.025300
0 0.256600 0.748500 0.017700 0.025000
0 0.870100 0.454300 0.016600 0.024900
0 0.227300 0.631200 0.014800 0.027200
0 0.502200 0.886500 0.017200 0.026600
0 0.676500 0.659600 0.017200 0.022800
0 0.563100 0.089800 0.016600 0.024000
0 0.591800 0.173400 0.015800 0.026300
0 0.701100 0.360600 0.013800 0.031300
0 0.502600 0.965900 0.014500 0.027300
0 0.864800 0.764200 0.015100 0.025000
0 0.669200 0.535700 0.014700 0.026900
0 0.944300 0.319000 0.016100 0.027500
0 0.651100 0.131500 0.016900 0.024500
0 0.748900 0.922100 0.015800 0.027000
0 0.391300 0.604100 0.020400 0.022600
0 0.433900 0.309200 0.016100 0.023400
0 0.503200 0.271500 0.016700 0.024200
0 0.317700 0.980800 0.015200 0.029300
0 0.604500 0.352200 0.019700 0.023500
0 0.271400 0.031300 0.014500 0.031900
0 0.753700 0.967100 0.015000 0.026800
0 0.974500 0.864300 0.015700 0.027000
0 0.834900 0.716000 0.016400 0.027300
0 0.454800 0.870700 0.016500 0.028800
0 0.204300 0.061200 0.016700 0.027900
0 0.992100 0.044900 0.012400 0.023500
0 0.991200 0.252300 0.009100 0.038100
0 0.659200 0.588800 0.014000 0.028400
0 0.711200 0.021200 0.017100 0.024200
0 0.916600 0.661400 0.014400 0.024400
0 0.984200 0.433400 0.014600 0.032600
0 0.010600 0.622400 0.018400 0.025900
0 0.204800 0.877900 0.019000 0.023300
0 0.829100 0.636700 0.016500 0.022700
0 0.797100 0.881500 0.015500 0.024100
0 0.471800 0.535500 0.020200 0.023700
0 0.628400 0.602100 0.013000 0.036800
0 0.595500 0.348300 0.018600 0.024500
0 0.539100 0.833300 0.017400 0.025500
0 0.267200 0.666400 0.013400 0.034400
0 0.314600 0.388200 0.016900 0.024900
0 0.707000 0.615600 0.017400 0.029400
0 0.499600 0.609700 0.013600 0.031200
0 0.951500 0.607400 0.018500 0.023100
0 0.340200 0.389000 0.013900 0.026700
0 0.909000 0.983400 0.020300 0.022300
0 0.591200 0.398100 0.016400 0.027300
0 0.101400 0.261100 0.020000 0.022600
0 0.509200 0.811300 0.016300 0.026400
0 0.003300 0.477800 0.007200 0.023800
0 0.681700 0.669500 0.017500 0.020700
0 0.984100 0.148300 0.016300 0.028600
0 0.135500 0.064900 0.014000 0.024900
0 0.182300 0.224500 0.019300 0.021000
0 0.563700 0.836400 0.018400 0.023200
0 0.347900 0.576500 0.019800 0.021600
0 0.354800 0.919900 0.012200 0.026400
0 0.102300 0.317600 0.015000 0.031800
0 0.806600 0.070100 0.014300 0.028000
0 0.176100 0.488100 0.018800 0.024600
0 0.949100 0.841200 0.013700 0.030400
0 0.805700 0.092300 0.012200 0.032300
0 0.411200 0.793200 0.012800 0.029100
0 0.873300 0.568600 0.017400 0.024300
0 0.251000 0.332200 0.017900 0.026300
0 0.993500 0.579300 0.011500 0.027500
0 0.871600 0.340000 0.011300 0.034300
0 0.525500 0.201600 0.017000 0.023000
0 0.813600 0.360900 0.018400 0.022100
0 0.313200 0.210100 0.014300 0.029200
0 0.523900 0.019300 0.017800 0.024900
0 0.433400 0.016000 0.018100 0.021600
0 0.318100 0.764500 0.018300 0.023600
0 0.186200 0.276600 0.014800 0.025100
0 0.381300 0.016100 0.013400 0.024800
0 0.536700 0.744400 0.012900 0.034700
0 0.390100 0.694000 0.012400 0.035500
0 0.992800 0.331400 0.013200 0.033900
0 0.582900 0.198100 0.015000 0.027800
0 0.815600 0.472300 0.013500 0.032400
0 0.899300 0.751800 0.016000 0.021100
0 0.979200 0.806100 0.013900 0.026800
0 0.907200 0.673700 0.016000 0.024800
0 0.499300 0.468500 0.018400 0.024600
0 0.478700 0.972100 0.012700 0.029000
0 0.819800 0.207500 0.014100 0.025500
0 0.777300 0.870500 0.012700 0.031700
0 0.976500 0.123900 0.018900 0.022600
0 0.925600 0.258500 0.016800 0.023600
0 0.581100 0.748100 0.016100 0.024800
0 0.741000 0.566800 0.017300 0.024200
0 0.157300 0.486200 0.017400 0.027800
0 0.576200 0.356400 0.017400 0.029200
0 0.707600 0.984800 0.014600 0.026400
0 0.695600 0.731300 0.014000 0.022100
0 0.917700 0.419900 0.016100 0.024500
0 0.292300 0.471300 0.016200 0.024100
0 0.816300 0.385700 0.015900 0.027400
0 0.691300 0.808000 0.017200 0.023000
0 0.305500 0.739400 0.016800 0.025000
0 0.075700 0.414000 0.014600 0.030200
0 0.949400 0.170300 0.018000 0.022100
0 0.413100 0.520900 0.016200 0.025800
0 0.384300 0.719400 0.014400 0.023600
0 0.816400 0.069200 0.014100 0.033300
0 0.286500 0.147600 0.016800 0.020900
0 0.195000 0.293600 0.015400 0.024900
0 0.657800 0.550900 0.016400 0.024200
0 0.892300 0.732800 0.015900 0.021000
0 0.558700 0.888700 0.017900 0.025200
0 0.260100 0.511200 0.015100 0.027400
0 0.853300 0.572000 0.017400 0.022600
0 0.184300 0.598900 0.012300 0.033900
0 0.557100 0.064000 0.015600 0.025000
0 0.943800 0.225900 0.017900 0.021600
0 0.727500 0.374400 0.016400 0.025600
0 0.421200 0.310600 0.017400 0.022200
0 0.370400 0.286800 0.017500 0.023800
0 0.178800 0.333900 0.015000 0.029900
0 0.213500 0.179300 0.020600 0.020200
0 0.331700 0.388700 0.015700 0.026400
0 0.518600 0.651800 0.014600 0.021600
0 0.850800 0.656100 0.017700 0.024500
0 0.301300 0.569500 0.017000 0.023900
0 0.944700 0.116300 0.014100 0.026400
0 0.804500 0.775900 0.015100 0.025600
0 0.051400 0.238700 0.014000 0.030100
0 0.671500 0.488600 0.018400 0.023400
0 0.888200 0.629800 0.016900 0.027600
0 0.633500 0.863700 0.015500 0.023500
0 0.014200 0.765900 0.013400 0.042100
0 0.834800 0.189800 0.015500 0.022500
0 0.039300 0.392900 0.018600 0.023500
0 0.839300 0.906100 0.016900 0.026400
0 0.384200 0.420200 0.011200 0.032100
0 0.526400 0.127700 0.017100 0.021800
0 0.470300 0.190600 0.017400 0.025600
0 0.896600 0.424000 0.015100 0.025900
0 0.395700 0.489800 0.011900 0.036800
0 0.987200 0.108000 0.015200 0.023000
0 0.808500 0.888900 0.016100 0.025700
0 0.052900 0.758400 0.011300 0.038100
0 0.884400 0.411200 0.011700 0.032000
0 0.540900 0.126000 0.016300 0.022900
0 0.618000 0.498500 0.013400 0.028300
0 0.672400 0.470500 0.017200 0.022400
0 0.358200 0.175800 0.016100 0.021300
0 0.831900 0.171600 0.012400 0.031000
0 0.196000 0.877700 0.017800 0.025300
0 0.670200 0.613500 0.012800 0.031800
0 0.418200 0.152000 0.014000 0.030700
0 0.168100 0.016900 0.012200 0.027500
0 0.323100 0.883900 0.010800 0.030100
0 0.082100 0.824300 0.014800 0.025800
0 0.527500 0.651700 0.013700 0.024700
0 0.242200 0.178100 0.020700 0.018900
0 0.092400 0.376700 0.014700 0.031900
0 0.978700 0.297100 0.013200 0.029300
0 0.291000 0.479100 0.018400 0.022800
0 0.448700 0.588400 0.014400 0.031300
0 0.286600 0.977400 0.016100 0.024300
0 0.701400 0.733000 0.013000 0.024000
0 0.930800 0.326400 0.014700 0.029600
0 0.416800 0.553200 0.015900 0.022300
0 0.536600 0.985600 0.015900 0.025500
0 0.991900 0.789300 0.007700 0.036800
0 0.908100 0.402100 0.017000 0.026100
0 0.465600 0.183900 0.017100 0.024500
0 0.937000 0.714500 0.014200 0.024600
0 0.909700 0.015300 0.014000 0.022600
0 0.984000 0.058900 0.016200 0.021700
0 0.579900 0.169100 0.015400 0.027900
0 0.685700 0.801900 0.015900 0.024900
0 0.390600 0.989200 0.013700 0.016200
0 0.459900 0.877600 0.015700 0.031300
0 0.898900 0.484900 0.015700 0.030400
0 0.794400 0.759000 0.016000 0.024600
0 0.111100 0.492700 0.013400 0.031800
0 0.968500 0.046900 0.013900 0.020900
0 0.854297 0.848611 0.014844 0.038889
0 0.535156 0.683333 0.023438 0.025000
0 0.227734 0.382639 0.014844 0.037500
0 0.019922 0.318056 0.014844 0.027778
0 0.027734 0.304167 0.014844 0.027778
0 0.275000 0.625000 0.015625 0.022222
0 0.394531 0.772222 0.014062 0.025000
0 0.767969 0.699306 0.009375 0.031944
0 0.775781 0.701389 0.009375 0.036111
0 0.725000 0.549306 0.014062 0.029167
0 0.733594 0.534722 0.009375 0.036111
