0 0.690000 0.184100 0.016600 0.022100
0 0.178800 0.366800 0.015000 0.025700
0 0.767700 0.065000 0.015500 0.023700
0 0.363400 0.102800 0.017900 0.026300
0 0.558500 0.033200 0.016800 0.024100
0 0.694300 0.032800 0.016400 0.025100
0 0.979700 0.477100 0.015600 0.026300
0 0.330400 0.427500 0.016600 0.024900
0 0.167300 0.184100 0.017300 0.022400
0 0.070300 0.823000 0.016900 0.024700
0 0.009900 0.915900 0.017000 0.020900
0 0.407500 0.705900 0.013600 0.034000
0 0.283400 0.144500 0.017400 0.022100
0 0.718900 0.040800 0.019000 0.019600
0 0.832200 0.353300 0.017000 0.025700
0 0.480900 0.142900 0.017900 0.027100
0 0.597400 0.546700 0.016100 0.024700
0 0.658100 0.506000 0.016800 0.023800
0 0.046500 0.970800 0.015500 0.025500
0 0.820700 0.820900 0.014900 0.027200
0 0.510500 0.133300 0.017100 0.025900
0 0.963900 0.298400 0.015700 0.028500
0 0.768400 0.604700 0.014800 0.031900
0 0.281700 0.940700 0.014500 0.027100
0 0.438800 0.486300 0.017200 0.023200
0 0.065400 0.636300 0.019500 0.022000
0 0.590600 0.119800 0.017300 0.024300
0 0.477500 0.081200 0.015900 0.026900
0 0.196200 0.843900 0.019000 0.023900
0 0.435200 0.598200 0.015100 0.030600
0 0.516400 0.622900 0.018500 0.023000
0 0.206300 0.408800 0.017300 0.023900
0 0.419000 0.072100 0.017600 0.024000
0 0.197600 0.110300 0.017300 0.023800
0 0.086200 0.078300 0.017000 0.022300
0 0.817200 0.059600 0.013800 0.033800
0 0.645900 0.147200 0.015000 0.029800
0 0.043000 0.905800 0.015600 0.027800
0 0.343900 0.267500 0.018800 0.024400
0 0.196200 0.742000 0.015500 0.026500
0 0.339800 0.248800 0.021100 0.022300
0 0.021600 0.839300 0.013900 0.032400
0 0.192200 0.184600 0.016600 0.021600
0 0.158400 0.127900 0.016300 0.022900
0 0.447700 0.564800 0.013300 0.030600
0 0.791900 0.334700 0.019900 0.021800
0 0.355400 0.458700 0.019000 0.023300
0 0.534300 0.106500 0.018100 0.022900
0 0.689400 0.268200 0.017900 0.022900
0 0.606500 0.483800 0.019100 0.024200
0 0.067900 0.726400 0.018100 0.026800
0 0.818800 0.673400 0.017600 0.024000
0 0.596000 0.213600 0.015700 0.026500
0 0.631600 0.608700 0.016800 0.025900
0 0.073400 0.510800 0.017800 0.025200
0 0.804400 0.070200 0.014800 0.027800
0 0.320100 0.493000 0.018700 0.021500
0 0.479500 0.188600 0.017900 0.021100
0 0.831900 0.439900 0.012700 0.033400
0 0.801300 0.685800 0.018200 0.022800
0 0.916400 0.380600 0.017700 0.024200
0 0.205000 0.201700 0.017200 0.021700
0 0.030000 0.171900 0.017200 0.025400
0 0.065000 0.603500 0.020200 0.023200
0 0.891200 0.340600 0.013700 0.032600
0 0.790500 0.130700 0.017900 0.024900
0 0.609500 0.532400 0.016400 0.025200
0 0.266800 0.204800 0.018600 0.021300
0 0.596900 0.397600 0.019200 0.024100
0 0.065700 0.403000 0.017300 0.026800
0 0.967500 0.118800 0.016100 0.027500
0 0.916900 0.281900 0.017100 0.025200
0 0.356000 0.933900 0.013100 0.029200
0 0.815600 0.319300 0.019500 0.022300
0 0.043500 0.246400 0.018100 0.024400
0 0.052700 0.846700 0.013500 0.029500
0 0.678200 0.598500 0.020300 0.023800
0 0.434100 0.715600 0.014900 0.028800
0 0.504700 0.535700 0.014600 0.024900
0 0.687000 0.207000 0.016700 0.020500
0 0.159300 0.386000 0.016200 0.028100
0 0.693000 0.927100 0.015600 0.025100
0 0.259500 0.897400 0.013000 0.027800
0 0.735500 0.236100 0.017300 0.023300
0 0.170500 0.835000 0.016900 0.026400
0 0.436600 0.188400 0.018300 0.023500
0 0.659800 0.321300 0.019100 0.022000
0 0.956600 0.084700 0.017700 0.024700
0 0.104500 0.952800 0.016400 0.021700
0 0.572200 0.664300 0.020400 0.022600
0 0.444700 0.134100 0.014300 0.031800
0 0.481400 0.055700 0.017900 0.023400
0 0.408600 0.796700 0.017100 0.026100
0 0.403000 0.549200 0.015300 0.026700
0 0.891300 0.369300 0.015700 0.026500
0 0.553700 0.644300 0.017500 0.023700
0 0.551000 0.129900 0.018400 0.022700
0 0.444100 0.658500 0.019200 0.022200
0 0.247500 0.694100 0.012500 0.036800
0 0.361600 0.708800 0.018800 0.024400
0 0.920500 0.856100 0.018700 0.023100
0 0.675800 0.233400 0.016200 0.026200
0 0.216600 0.934200 0.015300 0.023200
0 0.431800 0.513400 0.015400 0.027200
0 0.126000 0.806900 0.019000 0.025700
0 0.473700 0.336100 0.019400 0.022900
0 0.892800 0.406600 0.016100 0.024700
0 0.398000 0.579200 0.013600 0.032600
0 0.497100 0.885000 0.017400 0.026400
0 0.121700 0.106800 0.015100 0.029900
0 0.465700 0.395200 0.016500 0.024000
0 0.506100 0.106200 0.017000 0.022300
0 0.902900 0.722900 0.016000 0.023700
0 0.313300 0.606100 0.016300 0.024100
0 0.004600 0.156400 0.010800 0.030500
0 0.664300 0.377700 0.015200 0.026200
0 0.197800 0.909200 0.017500 0.019700
0 0.591400 0.235200 0.017400 0.022600
0 0.927300 0.827900 0.016800 0.023900
0 0.635800 0.096700 0.017900 0.022500
0 0.280300 0.097100 0.015600 0.028900
0 0.473000 0.039200 0.017000 0.026400
0 0.639200 0.543700 0.014700 0.028600
0 0.920500 0.977300 0.017300 0.022800
0 0.255600 0.623300 0.018400 0.023800
0 0.689200 0.304100 0.018900 0.022300
0 0.356800 0.155700 0.018100 0.024300
0 0.846100 0.617000 0.016700 0.023300
0 0.560200 0.456200 0.018200 0.025700
0 0.142200 0.672500 0.019400 0.023400
0 0.530500 0.916000 0.016500 0.024300
0 0.663700 0.166000 0.017600 0.022400
0 0.355600 0.047300 0.014300 0.031600
0 0.357300 0.683500 0.015300 0.032000
0 0.189000 0.343800 0.013800 0.028500
0 0.991700 0.218900 0.011700 0.028800
0 0.032400 0.557100 0.018000 0.025000
0 0.841800 0.782700 0.019300 0.023100
0 0.325900 0.270700 0.017900 0.022600
0 0.728600 0.969100 0.016200 0.023300
0 0.296600 0.359100 0.016200 0.024100
0 0.235600 0.952100 0.015300 0.023100
0 0.204000 0.305200 0.018000 0.025700
0 0.392700 0.494700 0.015700 0.029100
0 0.291600 0.477200 0.015800 0.023300
0 0.223000 0.719400 0.014100 0.031100
0 0.947000 0.565500 0.013800 0.033600
0 0.967100 0.529300 0.014300 0.031000
0 0.821100 0.297700 0.017400 0.021800
0 0.019000 0.405200 0.018000 0.023400
0 0.127500 0.183200 0.018000 0.023900
0 0.429700 0.904800 0.015800 0.030200
0 0.567800 0.051100 0.016900 0.022100
0 0.032100 0.141300 0.016500 0.024700
0 0.677900 0.344900 0.014400 0.029400
0 0.274400 0.452000 0.016000 0.024400
0 0.300700 0.858600 0.018100 0.024600
0 0.899100 0.908300 0.017200 0.023200
0 0.247700 0.570300 0.019100 0.022700
0 0.053900 0.727700 0.017400 0.025900
0 0.089600 0.757400 0.018300 0.024100
0 0.018600 0.265100 0.016800 0.027000
0 0.784400 0.471100 0.017400 0.027100
0 0.252600 0.879900 0.017600 0.025100
0 0.215100 0.563600 0.018000 0.025100
0 0.173200 0.773200 0.016000 0.024400
0 0.043000 0.154000 0.017600 0.024000
0 0.565900 0.486200 0.018900 0.022500
0 0.207100 0.435800 0.015900 0.025400
0 0.007200 0.019700 0.012800 0.024400
0 0.727800 0.192200 0.018300 0.019000
0 0.457600 0.219600 0.016200 0.023500
0 0.808900 0.841100 0.015600 0.022700
0 0.888900 0.736600 0.016000 0.023600
0 0.301800 0.489700 0.014800 0.025700
0 0.029800 0.640900 0.012400 0.036900
0 0.878500 0.693400 0.016800 0.023000
0 0.007400 0.245000 0.016900 0.025400
0 0.327700 0.021300 0.016700 0.026100
0 0.580100 0.015700 0.015900 0.022400
0 0.167400 0.801800 0.014600 0.031000
0 0.676000 0.939700 0.016300 0.017500
0 0.750900 0.807400 0.015600 0.024500
0 0.954300 0.854000 0.020800 0.024000
0 0.531400 0.291300 0.016700 0.024100
0 0.569000 0.741100 0.017600 0.022800
0 0.727800 0.595200 0.017300 0.026800
0 0.649400 0.180400 0.015400 0.029300
0 0.465500 0.442900 0.016400 0.024000
0 0.326000 0.789300 0.017700 0.025400
0 0.090200 0.593800 0.015700 0.029400
0 0.544400 0.628000 0.015100 0.027600
0 0.949600 0.266600 0.014100 0.032000
0 0.580100 0.801000 0.016700 0.025200
0 0.976600 0.706200 0.016800 0.024700
0 0.926400 0.148700 0.016700 0.024800
0 0.991600 0.065200 0.011200 0.030000
0 0.859600 0.726200 0.018600 0.022300
0 0.083300 0.870700 0.016600 0.022100
0 0.680100 0.113800 0.016100 0.026900
0 0.076600 0.151500 0.018400 0.023500
0 0.993900 0.316700 0.010700 0.028800
0 0.800800 0.870600 0.014600 0.027300
0 0.151300 0.984700 0.022600 0.020700
0 0.436400 0.356500 0.016500 0.029400
0 0.904200 0.923400 0.016800 0.022700
0 0.373100 0.897100 0.017100 0.023500
0 0.420100 0.955500 0.015500 0.026000
0 0.892800 0.591000 0.016500 0.025500
0 0.684700 0.459900 0.016700 0.029200
0 0.973000 0.253100 0.014800 0.028100
0 0.538600 0.957100 0.014600 0.025700
0 0.831200 0.624400 0.016900 0.023600
0 0.408000 0.198200 0.016900 0.023100
0 0.130800 0.483400 0.018100 0.024000
0 0.184800 0.748500 0.017500 0.023900
0 0.240700 0.186400 0.014500 0.026600
0 0.475700 0.290000 0.019900 0.023100
0 0.375900 0.471800 0.018800 0.022800
0 0.056100 0.423400 0.015600 0.028200
0 0.578900 0.483300 0.017900 0.023900
0 0.142800 0.511400 0.016300 0.024400
0 0.413000 0.680800 0.014100 0.029400
0 0.220100 0.616200 0.017700 0.025700
0 0.353100 0.959600 0.017700 0.021200
0 0.975800 0.514600 0.016000 0.025900
0 0.727100 0.710200 0.017000 0.021500
0 0.927100 0.472700 0.015400 0.026300
0 0.963500 0.907000 0.019000 0.024500
0 0.800600 0.959700 0.018800 0.023100
0 0.081000 0.966900 0.017900 0.022700
0 0.973200 0.554300 0.016300 0.025000
0 0.111300 0.923300 0.015600 0.026300
0 0.495600 0.500500 0.018100 0.023500
0 0.977100 0.673000 0.018400 0.024000
0 0.733300 0.459500 0.016500 0.028300
0 0.667000 0.016000 0.011500 0.027400
0 0.547300 0.765400 0.012900 0.029400
0 0.961900 0.374100 0.018200 0.023300
0 0.831400 0.528500 0.016000 0.025500
0 0.034900 0.355800 0.018100 0.025200
0 0.284900 0.259900 0.016700 0.023400
0 0.313600 0.972200 0.016900 0.023500
0 0.920900 0.551700 0.014600 0.028300
0 0.504300 0.732500 0.017600 0.024700
0 0.333400 0.154700 0.015500 0.021200
0 0.379100 0.497400 0.014700 0.029300
0 0.457300 0.810500 0.012500 0.036000
0 0.628200 0.790700 0.016700 0.028600
0 0.101100 0.104400 0.015100 0.020900
0 0.520200 0.282400 0.019200 0.020600
0 0.669800 0.397000 0.016900 0.022600
0 0.613600 0.697500 0.020700 0.021400
0 0.005300 0.279600 0.013500 0.024200
0 0.786700 0.918200 0.017400 0.026300
0 0.626700 0.856600 0.016100 0.023700
0 0.038000 0.593200 0.018300 0.023300
0 0.013100 0.127300 0.013700 0.030500
0 0.726400 0.420900 0.018100 0.023300
0 0.801100 0.352500 0.017300 0.023700
0 0.205000 0.516800 0.011800 0.037800
0 0.891700 0.186600 0.017900 0.023200
0 0.469500 0.833500 0.014900 0.032000
0 0.809500 0.897800 0.013700 0.034400
0 0.565300 0.633500 0.018200 0.020800
0 0.178700 0.641200 0.018400 0.024700
0 0.607000 0.438400 0.019600 0.022400
0 0.526300 0.639100 0.015700 0.026800
0 0.045700 0.886200 0.015900 0.025900
0 0.354400 0.315600 0.013800 0.029700
0 0.324100 0.041100 0.016600 0.023400
0 0.119700 0.967500 0.013500 0.025300
0 0.825500 0.596900 0.015900 0.023300
0 0.221600 0.211800 0.017200 0.021300
0 0.205900 0.390500 0.018500 0.020700
0 0.348300 0.608900 0.012100 0.035300
0 0.233200 0.480700 0.012100 0.037600
0 0.348700 0.809000 0.017300 0.025200
0 0.637000 0.720900 0.018900 0.022800
0 0.511500 0.165500 0.020100 0.021600
0 0.231300 0.105700 0.014500 0.029700
0 0.666500 0.456400 0.015100 0.031800
0 0.864000 0.835500 0.014300 0.031000
0 0.981900 0.969900 0.015100 0.024000
0 0.916500 0.309500 0.014300 0.034500
0 0.466200 0.233000 0.018400 0.021000
0 0.366500 0.646600 0.016600 0.026200
0 0.972500 0.573100 0.017900 0.025800
0 0.681900 0.735200 0.018400 0.025000
0 0.730400 0.176300 0.017400 0.020900
0 0.831900 0.472700 0.016500 0.027500
0 0.298300 0.264900 0.017000 0.021400
0 0.859400 0.409500 0.014500 0.032300
0 0.292100 0.527000 0.015700 0.025500
0 0.560600 0.111900 0.016100 0.019800
0 0.530700 0.172500 0.017300 0.021600
0 0.855100 0.632000 0.015600 0.027000
0 0.127900 0.978900 0.015000 0.024500
0 0.595000 0.672200 0.017600 0.021100
0 0.964200 0.052800 0.017800 0.026100
0 0.768100 0.777000 0.016100 0.024400
0 0.698300 0.336700 0.019400 0.022900
0 0.568300 0.321400 0.013300 0.033900
0 0.839000 0.985200 0.021400 0.021700
0 0.377700 0.783100 0.016700 0.021400
0 0.122300 0.723400 0.017100 0.024400
0 0.363100 0.619300 0.014200 0.027200
0 0.943600 0.925700 0.014200 0.031600
0 0.284000 0.683600 0.016400 0.028400
0 0.474700 0.360800 0.014500 0.028700
0 0.818000 0.853900 0.011400 0.034700
0 0.614300 0.663200 0.018000 0.026100
0 0.453700 0.979800 0.015200 0.025700
0 0.699400 0.220600 0.015200 0.023700
0 0.434600 0.415000 0.013000 0.032900
0 0.326500 0.167100 0.015400 0.023100
0 0.319900 0.298900 0.016300 0.024000
0 0.462000 0.418900 0.016600 0.024500
0 0.839500 0.468800 0.015200 0.026700
0 0.528500 0.898600 0.016000 0.023100
0 0.843800 0.688900 0.017400 0.026300
0 0.268600 0.025800 0.014500 0.028500
0 0.471900 0.700600 0.016600 0.025000
0 0.739400 0.511700 0.018500 0.024700
0 0.869400 0.601400 0.013100 0.032900
0 0.278600 0.519600 0.013200 0.026300
0 0.008100 0.361200 0.016100 0.028100
0 0.324100 0.686400 0.016300 0.029000
0 0.949400 0.204600 0.016900 0.028000
0 0.045400 0.498500 0.015700 0.029300
0 0.259300 0.661400 0.018200 0.025700
0 0.990300 0.608200 0.013900 0.021100
0 0.913100 0.532700 0.012700 0.031400
0 0.435600 0.985500 0.018400 0.023100
0 0.977400 0.885400 0.020100 0.028500
0 0.857600 0.291200 0.017000 0.025400
0 0.910300 0.250800 0.017100 0.024400
0 0.876400 0.373700 0.016500 0.028700
0 0.175400 0.574400 0.016900 0.023200
0 0.315400 0.559500 0.016300 0.025000
0 0.875800 0.964900 0.017400 0.026900
0 0.538300 0.531600 0.014100 0.028200
0 0.273300 0.684000 0.016200 0.025800
0 0.373100 0.561900 0.015100 0.024500
0 0.476200 0.457800 0.016900 0.024400
0 0.894300 0.715200 0.015200 0.024300
0 0.139500 0.304700 0.011200 0.039700
0 0.579400 0.943700 0.014800 0.025400
0 0.196100 0.388200 0.018600 0.021600
0 0.263600 0.142200 0.014400 0.030100
0 0.918900 0.659400 0.011800 0.038600
0 0.088000 0.890500 0.009900 0.032400
0 0.211300 0.138300 0.016000 0.024800
0 0.535600 0.744300 0.014100 0.028900
0 0.792500 0.798000 0.014500 0.026000
0 0.349500 0.354000 0.014100 0.029100
0 0.514100 0.299000 0.018900 0.022500
0 0.081300 0.883200 0.014100 0.022700
0 0.876300 0.711000 0.017200 0.022000
0 0.614300 0.273600 0.015800 0.031800
0 0.761700 0.886900 0.017300 0.022000
0 0.294000 0.629500 0.019900 0.026300
0 0.484600 0.411600 0.016300 0.026000
0 0.555600 0.789200 0.014100 0.027900
0 0.221800 0.473900 0.012700 0.032000
0 0.599500 0.971200 0.018000 0.021500
0 0.123900 0.672900 0.018900 0.023000
0 0.063000 0.288100 0.013900 0.030700
0 0.726500 0.925900 0.017300 0.024100
0 0.222400 0.236500 0.017500 0.022300
0 0.473200 0.664000 0.016500 0.023300
0 0.678000 0.896500 0.012200 0.034000
0 0.811700 0.193200 0.017600 0.024500
0 0.344200 0.733500 0.016000 0.024800
0 0.776800 0.789600 0.014900 0.025400
0 0.868000 0.985200 0.016600 0.024900
0 0.776500 0.234800 0.012700 0.043800
0 0.085000 0.689800 0.020100 0.023500
0 0.442000 0.761300 0.013700 0.032800
0 0.382500 0.985300 0.014000 0.025200
0 0.724500 0.625600 0.016200 0.025500
0 0.385300 0.415400 0.016600 0.029500
0 0.260300 0.153600 0.012900 0.026200
0 0.330900 0.903100 0.014500 0.024500
0 0.700400 0.459800 0.013700 0.029000
0 0.675900 0.178400 0.016400 0.021800
0 0.090600 0.820600 0.017000 0.024000
0 0.333800 0.733700 0.014600 0.024100
0 0.536800 0.856700 0.013300 0.034500
0 0.071000 0.188700 0.013900 0.028900
0 0.111200 0.636700 0.019400 0.024400
0 0.808800 0.471700 0.011100 0.046200
0 0.228900 0.011300 0.015000 0.020900
0 0.704400 0.793800 0.011800 0.033200
0 0.384400 0.242900 0.017700 0.024000
0 0.213500 0.251600 0.016100 0.029200
0 0.151000 0.210900 0.017100 0.024100
0 0.625700 0.974100 0.016200 0.022200
0 0.950300 0.502500 0.012700 0.035700
0 0.514300 0.726000 0.015700 0.022800
0 0.372400 0.452000 0.016200 0.022000
0 0.647656 0.652083 0.012500 0.034722
0 0.803125 0.607639 0.017188 0.031944
0 0.733594 0.985417 0.009375 0.026389
0 0.722656 0.983333 0.012500 0.022222
0 0.675000 0.638194 0.010937 0.031944
0 0.666406 0.643056 0.012500 0.036111
0 0.687500 0.630556 0.010937 0.033333
0 0.275000 0.619444 0.012500 0.025000
