0 0.654300 0.442400 0.014900 0.026600
0 0.053200 0.846500 0.012700 0.030500
0 0.790100 0.132900 0.018200 0.025800
0 0.761500 0.204000 0.016700 0.022200
0 0.779000 0.166900 0.020200 0.023000
0 0.017700 0.895500 0.015300 0.028300
0 0.771800 0.092800 0.015400 0.024600
0 0.558600 0.130800 0.017400 0.023900
0 0.193800 0.452900 0.017600 0.025700
0 0.039200 0.145900 0.017400 0.023700
0 0.344000 0.527600 0.018300 0.022100
0 0.929400 0.140300 0.017900 0.026700
0 0.049300 0.703400 0.018400 0.023200
0 0.688900 0.083500 0.016000 0.026700
0 0.804400 0.070800 0.013700 0.026600
0 0.295100 0.103500 0.017400 0.022200
0 0.840400 0.153900 0.018900 0.021900
0 0.951300 0.551600 0.017500 0.022500
0 0.234900 0.891000 0.015200 0.022000
0 0.791100 0.202200 0.017300 0.022100
0 0.027000 0.933900 0.017000 0.022500
0 0.732600 0.702100 0.021200 0.022100
0 0.556800 0.077900 0.017700 0.022500
0 0.828600 0.484700 0.018700 0.021200
0 0.044800 0.347700 0.017200 0.025800
0 0.667200 0.589700 0.016700 0.023000
0 0.031400 0.173700 0.017000 0.024400
0 0.268900 0.690900 0.016200 0.026100
0 0.673900 0.484800 0.013000 0.034500
0 0.593900 0.461500 0.018300 0.023400
0 0.294900 0.882100 0.016300 0.025400
0 0.316600 0.197700 0.015200 0.025400
0 0.657200 0.472600 0.015300 0.024400
0 0.890100 0.858300 0.016200 0.024500
0 0.290500 0.908500 0.013900 0.035300
0 0.855400 0.353300 0.009800 0.036900
0 0.661000 0.663700 0.015700 0.024100
0 0.161100 0.889800 0.017100 0.020400
0 0.155700 0.117400 0.016800 0.026400
0 0.315900 0.266500 0.015600 0.031100
0 0.430400 0.417600 0.018100 0.024800
0 0.404800 0.092800 0.018000 0.022500
0 0.282700 0.193600 0.015600 0.028500
0 0.246900 0.726400 0.016200 0.025800
0 0.580200 0.720400 0.015000 0.026000
0 0.468200 0.039600 0.017100 0.024300
0 0.119100 0.588700 0.018300 0.023200
0 0.416800 0.160200 0.016600 0.022800
0 0.244000 0.333300 0.013300 0.027700
0 0.258900 0.279200 0.013200 0.034000
0 0.693300 0.021800 0.016900 0.024900
0 0.838700 0.074600 0.017500 0.022800
0 0.691300 0.398000 0.014600 0.025900
0 0.643600 0.429800 0.014800 0.026500
0 0.246200 0.613700 0.016700 0.021800
0 0.694100 0.356100 0.016500 0.024600
0 0.081600 0.575700 0.019800 0.021600
0 0.867200 0.165600 0.017800 0.022500
0 0.209900 0.438600 0.017100 0.025600
0 0.029700 0.520300 0.020400 0.022500
0 0.872500 0.823100 0.017300 0.023800
0 0.269300 0.059400 0.018400 0.023500
0 0.191200 0.323100 0.017300 0.026300
0 0.698300 0.619100 0.016800 0.022900
0 0.954800 0.056200 0.017100 0.023800
0 0.513900 0.720300 0.015800 0.023600
0 0.568400 0.465900 0.018800 0.025400
0 0.170200 0.091200 0.017000 0.023900
0 0.863300 0.056200 0.017100 0.025300
0 0.194500 0.604400 0.019700 0.022200
0 0.498800 0.100800 0.020400 0.019000
0 0.059000 0.101400 0.019400 0.022100
0 0.546500 0.295300 0.018400 0.022700
0 0.329000 0.478400 0.015800 0.026200
0 0.666000 0.419700 0.014200 0.023700
0 0.335600 0.927700 0.018100 0.023900
0 0.743100 0.730600 0.016300 0.025100
0 0.582000 0.186300 0.014800 0.023700
0 0.404000 0.026500 0.018100 0.024000
0 0.406600 0.710100 0.017000 0.026000
0 0.271700 0.883400 0.013200 0.027500
0 0.508000 0.778200 0.013400 0.030600
0 0.693500 0.109600 0.016700 0.022900
0 0.888900 0.419600 0.017000 0.025200
0 0.770700 0.220600 0.016600 0.021700
0 0.377400 0.483900 0.015800 0.025700
0 0.382800 0.078800 0.014600 0.028600
0 0.007500 0.244900 0.016000 0.024200
0 0.354200 0.609700 0.018000 0.023000
0 0.967800 0.056400 0.014200 0.031300
0 0.830500 0.634500 0.017700 0.022200
0 0.077000 0.508800 0.017700 0.023000
0 0.978300 0.565100 0.015200 0.029200
0 0.505200 0.534900 0.015100 0.024200
0 0.335700 0.759900 0.016800 0.023600
0 0.026300 0.093500 0.019000 0.024200
0 0.485900 0.041900 0.018700 0.021800
0 0.335400 0.231700 0.011900 0.036300
0 0.529600 0.506100 0.012100 0.034200
0 0.554900 0.943600 0.017100 0.025800
0 0.364500 0.918700 0.019600 0.023500
0 0.640800 0.395400 0.016100 0.026400
0 0.489800 0.754500 0.014600 0.024600
0 0.034100 0.247400 0.018900 0.022400
0 0.985100 0.905800 0.015900 0.028800
0 0.034300 0.848000 0.013900 0.031200
0 0.881500 0.597200 0.017900 0.023600
0 0.258900 0.934500 0.015500 0.027200
0 0.415500 0.581700 0.017100 0.024300
0 0.470200 0.338800 0.016200 0.026100
0 0.167000 0.218700 0.018700 0.024300
0 0.844800 0.872700 0.012600 0.027700
0 0.530600 0.331900 0.017300 0.027600
0 0.647400 0.647900 0.015100 0.026900
0 0.708500 0.807900 0.015200 0.026700
0 0.732100 0.920000 0.016300 0.026500
0 0.865700 0.246900 0.018000 0.022000
0 0.364300 0.174200 0.015000 0.027100
0 0.985700 0.317700 0.016200 0.023100
0 0.169200 0.056100 0.018500 0.021500
0 0.092600 0.252200 0.018600 0.025300
0 0.940700 0.503300 0.018800 0.021000
0 0.056300 0.322600 0.016800 0.022500
0 0.182900 0.410200 0.018200 0.026100
0 0.797200 0.052600 0.013900 0.026400
0 0.922000 0.856800 0.016400 0.024300
0 0.854700 0.793500 0.016800 0.023800
0 0.334600 0.848100 0.015800 0.025200
0 0.096800 0.123500 0.020400 0.021800
0 0.066500 0.161000 0.017000 0.025200
0 0.831000 0.209400 0.017600 0.022900
0 0.466400 0.131500 0.017500 0.025600
0 0.291300 0.433500 0.019000 0.027200
0 0.210100 0.320600 0.013700 0.034900
0 0.483700 0.622500 0.015900 0.023700
0 0.090100 0.693000 0.017500 0.025700
0 0.481500 0.705900 0.018000 0.025800
0 0.757600 0.174200 0.017900 0.025800
0 0.724100 0.840300 0.014500 0.028100
0 0.042900 0.724200 0.018700 0.025300
0 0.820600 0.131400 0.016400 0.021200
0 0.617300 0.774300 0.017100 0.024400
0 0.792600 0.220300 0.014000 0.029800
0 0.039000 0.432300 0.013500 0.030000
0 0.711200 0.950800 0.017400 0.020400
0 0.571200 0.704300 0.016500 0.021900
0 0.164100 0.842600 0.016800 0.025000
0 0.785000 0.623100 0.018100 0.025200
0 0.509700 0.746000 0.016100 0.026000
0 0.664400 0.865800 0.016700 0.022900
0 0.827800 0.135200 0.018000 0.019300
0 0.052700 0.433700 0.014200 0.029700
0 0.878800 0.353200 0.012100 0.033700
0 0.429900 0.920200 0.016000 0.021700
0 0.984800 0.508200 0.014400 0.031500
0 0.792300 0.770200 0.018300 0.023200
0 0.508000 0.551900 0.018000 0.022300
0 0.756200 0.538800 0.018800 0.023300
0 0.655600 0.886500 0.017100 0.023000
0 0.081400 0.154900 0.016500 0.026200
0 0.318200 0.095100 0.018300 0.021400
0 0.096500 0.144200 0.019800 0.021900
0 0.114900 0.342500 0.017500 0.025500
0 0.443700 0.511200 0.019200 0.022400
0 0.492100 0.778900 0.014800 0.025700
0 0.107600 0.566600 0.018400 0.022900
0 0.092600 0.196900 0.018900 0.021200
0 0.806900 0.496800 0.016200 0.025700
0 0.840700 0.335100 0.013100 0.032800
0 0.623900 0.355500 0.016900 0.024000
0 0.307600 0.383200 0.016400 0.024000
0 0.219500 0.738900 0.015200 0.027300
0 0.722400 0.810200 0.014200 0.029600
0 0.034800 0.551200 0.017800 0.025300
0 0.016700 0.619100 0.016700 0.026000
0 0.782700 0.590800 0.018900 0.019700
0 0.440500 0.160900 0.014700 0.024600
0 0.882100 0.229900 0.016900 0.023000
0 0.891300 0.969900 0.016700 0.022700
0 0.677000 0.295500 0.018300 0.021300
0 0.455000 0.803700 0.015000 0.023800
0 0.930300 0.043400 0.015900 0.025700
0 0.393000 0.418500 0.016800 0.024600
0 0.529000 0.118700 0.018400 0.024100
0 0.369100 0.283100 0.013500 0.034900
0 0.349100 0.430300 0.015800 0.025900
0 0.310000 0.524200 0.018500 0.023000
0 0.123300 0.022100 0.020600 0.026100
0 0.406800 0.172800 0.016200 0.024000
0 0.553500 0.272500 0.019300 0.022700
0 0.273400 0.839100 0.013400 0.032000
0 0.203200 0.815300 0.013500 0.035600
0 0.418500 0.497100 0.016700 0.022200
0 0.094500 0.610300 0.017100 0.025300
0 0.950900 0.025600 0.019600 0.023300
0 0.778100 0.603500 0.017700 0.023500
0 0.308600 0.766300 0.018200 0.021400
0 0.289700 0.557600 0.019000 0.021800
0 0.756200 0.748200 0.018300 0.022300
0 0.586700 0.750600 0.017300 0.024300
0 0.461600 0.183800 0.015600 0.026400
0 0.007700 0.644200 0.017200 0.025700
0 0.615500 0.880200 0.017900 0.022400
0 0.264100 0.639400 0.016800 0.024100
0 0.439100 0.790100 0.013200 0.032100
0 0.372800 0.641900 0.017100 0.023100
0 0.093000 0.560400 0.017300 0.022300
0 0.055200 0.024000 0.020900 0.023000
0 0.518500 0.421000 0.017700 0.023700
0 0.947300 0.515800 0.019000 0.020300
0 0.149000 0.427100 0.018200 0.023200
0 0.379600 0.656100 0.014800 0.027400
0 0.080700 0.429100 0.017700 0.025800
0 0.704900 0.173200 0.017000 0.028900
0 0.004500 0.860800 0.010000 0.029100
0 0.956300 0.731000 0.015600 0.023800
0 0.781600 0.492500 0.018600 0.023000
0 0.283100 0.627700 0.016300 0.026000
0 0.733000 0.282200 0.017300 0.023800
0 0.432000 0.078900 0.017200 0.021400
0 0.504200 0.340400 0.013900 0.032800
0 0.491700 0.121000 0.022800 0.020300
0 0.351700 0.142100 0.017500 0.023300
0 0.217100 0.778500 0.016900 0.023200
0 0.216100 0.595100 0.018500 0.021700
0 0.744000 0.246600 0.015500 0.024100
0 0.773000 0.379600 0.018100 0.025600
0 0.795600 0.806600 0.016100 0.025100
0 0.600800 0.866400 0.016200 0.024500
0 0.538500 0.607100 0.014700 0.026900
0 0.159200 0.063900 0.017100 0.024100
0 0.754400 0.617200 0.012300 0.035000
0 0.064500 0.648400 0.016500 0.029300
0 0.881300 0.619000 0.017600 0.025300
0 0.470700 0.972200 0.013700 0.022100
0 0.636100 0.869900 0.016300 0.021000
0 0.352100 0.771000 0.017000 0.023900
0 0.238100 0.906500 0.015100 0.026400
0 0.476500 0.102200 0.019600 0.022700
0 0.806900 0.857900 0.011600 0.025600
0 0.494400 0.493300 0.016800 0.023300
0 0.235400 0.185200 0.014900 0.028700
0 0.951800 0.426800 0.017000 0.025500
0 0.488900 0.346200 0.016700 0.026200
0 0.689000 0.194700 0.015000 0.028800
0 0.498600 0.236400 0.018400 0.022200
0 0.909200 0.124400 0.018100 0.026400
0 0.329200 0.427600 0.014000 0.035800
0 0.613200 0.909100 0.016700 0.023700
0 0.519400 0.223200 0.018700 0.023000
0 0.503000 0.698000 0.015000 0.021700
0 0.928100 0.053500 0.017900 0.023400
0 0.179600 0.107300 0.017200 0.026900
0 0.767000 0.763800 0.016100 0.023600
0 0.551900 0.708200 0.016800 0.022900
0 0.506300 0.476500 0.013700 0.027600
0 0.880400 0.509600 0.016400 0.023000
0 0.130300 0.245600 0.015400 0.032000
0 0.545900 0.984100 0.015300 0.027900
0 0.618100 0.293800 0.016500 0.022800
0 0.592500 0.057100 0.013800 0.033500
0 0.414100 0.303200 0.015500 0.027400
0 0.391400 0.965300 0.014000 0.027600
0 0.656400 0.526200 0.012800 0.030000
0 0.977300 0.144700 0.012700 0.034700
0 0.844400 0.421500 0.014400 0.025500
0 0.270000 0.663600 0.015100 0.027000
0 0.583100 0.785000 0.014800 0.032100
0 0.382700 0.701600 0.012500 0.032400
0 0.295000 0.463300 0.016400 0.027600
0 0.498000 0.620400 0.014200 0.027800
0 0.542700 0.075700 0.017000 0.022000
0 0.017200 0.385800 0.021900 0.022900
0 0.526400 0.022800 0.017500 0.021100
0 0.428400 0.858900 0.013100 0.025200
0 0.424400 0.531000 0.019100 0.020500
0 0.019000 0.451000 0.012600 0.035800
0 0.678800 0.668300 0.016300 0.024400
0 0.040900 0.667500 0.015600 0.030800
0 0.603900 0.980300 0.018300 0.023400
0 0.738100 0.871200 0.011300 0.038000
0 0.693000 0.258900 0.016200 0.023300
0 0.460800 0.416500 0.017100 0.024000
0 0.383100 0.535900 0.016300 0.025800
0 0.854900 0.552400 0.018200 0.025500
0 0.873700 0.492600 0.015300 0.026200
0 0.483900 0.392700 0.016700 0.023300
0 0.622500 0.424100 0.016600 0.027600
0 0.520900 0.854600 0.015400 0.027200
0 0.503800 0.121600 0.020900 0.020800
0 0.542200 0.178300 0.011700 0.036200
0 0.360200 0.393200 0.013100 0.032900
0 0.428200 0.231500 0.013400 0.026900
0 0.610500 0.046400 0.015200 0.027700
0 0.620400 0.953900 0.013200 0.032000
0 0.077600 0.034800 0.017400 0.025400
0 0.636900 0.554200 0.018400 0.023300
0 0.469200 0.230900 0.017700 0.023800
0 0.712200 0.214300 0.014000 0.030800
0 0.138300 0.199300 0.015900 0.025600
0 0.448700 0.538800 0.013800 0.030200
0 0.918800 0.778100 0.012100 0.030000
0 0.717900 0.051000 0.018800 0.020500
0 0.638300 0.890400 0.016700 0.021500
0 0.431600 0.934200 0.015300 0.023400
0 0.460900 0.969900 0.013700 0.022300
0 0.556100 0.022600 0.012500 0.032600
0 0.852500 0.829600 0.011200 0.036100
0 0.026900 0.370200 0.021300 0.023500
0 0.987100 0.427700 0.014000 0.029000
0 0.430900 0.499000 0.016700 0.023700
0 0.796100 0.111600 0.017400 0.021400
0 0.958200 0.933700 0.015600 0.025700
0 0.469400 0.386500 0.017500 0.025000
0 0.907800 0.235500 0.018300 0.022100
0 0.076100 0.850700 0.014100 0.027000
0 0.341400 0.320200 0.016500 0.025600
0 0.118300 0.757400 0.016500 0.028200
0 0.792000 0.923300 0.014700 0.024500
0 0.546500 0.461900 0.017900 0.023300
0 0.975600 0.684200 0.011800 0.035500
0 0.070800 0.768100 0.016300 0.030000
0 0.156300 0.578000 0.017500 0.023900
0 0.929800 0.252100 0.017000 0.024700
0 0.420400 0.459900 0.016700 0.022900
0 0.648500 0.025500 0.015200 0.023800
0 0.033300 0.490200 0.020000 0.022900
0 0.231100 0.849300 0.017100 0.022700
0 0.011600 0.793500 0.020700 0.023300
0 0.356200 0.085600 0.015000 0.027800
0 0.940500 0.642800 0.011800 0.039500
0 0.704000 0.409300 0.012500 0.033300
0 0.884400 0.344800 0.013200 0.032800
0 0.755600 0.700600 0.019300 0.021200
0 0.382100 0.425700 0.012500 0.023400
0 0.479400 0.151400 0.018500 0.023400
0 0.091000 0.821000 0.015300 0.025800
0 0.205200 0.182400 0.014900 0.023900
0 0.133700 0.589400 0.015500 0.025900
0 0.050700 0.761800 0.018100 0.023300
0 0.824400 0.411000 0.015700 0.027400
0 0.639800 0.252400 0.015500 0.028400
0 0.972200 0.838900 0.011500 0.038200
0 0.435000 0.867700 0.014100 0.023400
0 0.080900 0.014300 0.016800 0.023600
0 0.985500 0.118600 0.012100 0.025500
0 0.698600 0.966500 0.015000 0.026400
0 0.237100 0.405200 0.015300 0.029600
0 0.420300 0.341600 0.015500 0.021500
0 0.809800 0.695100 0.019100 0.021700
0 0.052700 0.567100 0.016200 0.023700
0 0.695700 0.831000 0.013000 0.035500
0 0.114600 0.492900 0.016200 0.024300
0 0.263200 0.384300 0.015700 0.025000
0 0.870600 0.097100 0.015600 0.022900
0 0.853300 0.754600 0.013600 0.033300
0 0.040000 0.505800 0.023600 0.021900
0 0.034100 0.384000 0.016500 0.024500
0 0.547200 0.772400 0.014300 0.030500
0 0.199000 0.526500 0.018700 0.023300
0 0.279300 0.251400 0.015200 0.031200
0 0.110000 0.470000 0.014900 0.026200
0 0.464900 0.715200 0.016500 0.025200
0 0.875700 0.957500 0.017500 0.023500
0 0.932300 0.951600 0.017600 0.023700
0 0.519300 0.652900 0.014000 0.023600
0 0.638200 0.363500 0.012300 0.029900
0 0.454400 0.299200 0.016600 0.024900
0 0.381400 0.899300 0.014600 0.029400
0 0.884400 0.318800 0.015400 0.024100
0 0.198500 0.905900 0.015800 0.021200
0 0.882500 0.309500 0.016000 0.025200
0 0.325700 0.511600 0.016500 0.025000
0 0.782900 0.448400 0.018400 0.022700
0 0.771300 0.102700 0.017100 0.022500
0 0.624400 0.205700 0.015300 0.028200
0 0.350500 0.117300 0.013700 0.027300
0 0.789000 0.457900 0.019800 0.022900
0 0.623000 0.306600 0.016000 0.024100
0 0.657100 0.423800 0.013400 0.025100
0 0.410100 0.454400 0.014500 0.024400
0 0.313300 0.783100 0.015900 0.022500
0 0.454500 0.082000 0.015400 0.025800
0 0.926600 0.183300 0.014000 0.034700
0 0.418100 0.220500 0.015200 0.026200
0 0.082700 0.824000 0.015000 0.025800
0 0.277800 0.138600 0.015500 0.026300
0 0.674400 0.033300 0.012500 0.031600
0 0.326300 0.491100 0.016300 0.022900
0 0.423200 0.355100 0.014400 0.027300
0 0.681000 0.251200 0.015000 0.027400
0 0.201800 0.248800 0.015100 0.029600
0 0.994000 0.704800 0.010200 0.024600
0 0.732500 0.366400 0.012900 0.035800
0 0.278600 0.541500 0.017900 0.022700
0 0.399400 0.858200 0.015300 0.031000
0 0.860700 0.888600 0.014100 0.028000
0 0.210700 0.475800 0.019000 0.022700
0 0.935200 0.781500 0.012800 0.030800
0 0.911700 0.188400 0.014600 0.026800
0 0.447700 0.073600 0.015600 0.024800
0 0.277500 0.530000 0.015200 0.022400
0 0.823600 0.188800 0.018300 0.023200
0 0.911500 0.776300 0.013800 0.021400
0 0.301500 0.436000 0.015700 0.028500
0 0.101600 0.182900 0.018300 0.020900
0 0.993900 0.308100 0.011700 0.021600
0 0.583000 0.134600 0.019400 0.021000
0 0.887100 0.734300 0.013400 0.033100
0 0.204500 0.645300 0.013200 0.035200
0 0.311900 0.844200 0.012300 0.034800
0 0.488100 0.330000 0.014700 0.027800
0 0.601800 0.238600 0.013300 0.033200
0 0.973800 0.579400 0.015500 0.022600
0 0.810400 0.907200 0.013700 0.021700
0 0.776100 0.816000 0.013600 0.031900
0 0.101300 0.029100 0.016100 0.030700
0 0.251100 0.326000 0.014300 0.023400
0 0.961800 0.379400 0.014600 0.028300
0 0.580859 0.384028 0.013281 0.034722
0 0.924219 0.887500 0.017188 0.027778
0 0.974609 0.209722 0.013281 0.033333
0 0.987109 0.226389 0.011719 0.030556
0 0.628906 0.627083 0.015625 0.026389
0 0.629687 0.636111 0.020312 0.022222
0 0.642187 0.681250 0.014062 0.026389
0 0.650781 0.684722 0.012500 0.033333
0 0.234375 0.668750 0.009375 0.029167
0 0.223438 0.672917 0.012500 0.029167
0 0.800000 0.884028 0.010937 0.026389
0 0.810156 0.886111 0.012500 0.036111
0 0.332031 0.902083 0.020312 0.018056
0 0.339063 0.890972 0.012500 0.031944
0 0.990625 0.203472 0.010937 0.031944
