0 0.481200 0.370800 0.017300 0.025000
0 0.469100 0.341200 0.014900 0.027500
0 0.098400 0.514700 0.016200 0.029800
0 0.697800 0.144600 0.017800 0.022000
0 0.804100 0.071200 0.015900 0.026100
0 0.791200 0.133800 0.018200 0.022300
0 0.158100 0.057900 0.016700 0.026500
0 0.972400 0.072200 0.019400 0.021600
0 0.517500 0.128600 0.017500 0.022100
0 0.521000 0.093300 0.017700 0.023000
0 0.304600 0.561500 0.019600 0.021800
0 0.705000 0.122800 0.016600 0.022200
0 0.054700 0.147700 0.017900 0.023900
0 0.282300 0.094200 0.018000 0.021000
0 0.424400 0.922400 0.015400 0.029300
0 0.246100 0.354600 0.012400 0.033000
0 0.248300 0.944900 0.015700 0.027100
0 0.806400 0.147500 0.017200 0.025500
0 0.432800 0.357200 0.015100 0.026200
0 0.804400 0.758900 0.019700 0.021900
0 0.921700 0.116800 0.018200 0.024500
0 0.816800 0.210900 0.016300 0.022500
0 0.011300 0.365700 0.018900 0.022900
0 0.892700 0.829700 0.015900 0.027400
0 0.456400 0.534300 0.016100 0.025300
0 0.241800 0.910200 0.015800 0.027700
0 0.144500 0.893600 0.018200 0.023000
0 0.595100 0.040400 0.015800 0.030500
0 0.708700 0.340400 0.018400 0.022800
0 0.821800 0.483900 0.016600 0.028900
0 0.454200 0.119300 0.015700 0.026100
0 0.681400 0.097200 0.015600 0.024900
0 0.146700 0.208700 0.016300 0.022300
0 0.655300 0.641300 0.016700 0.021900
0 0.802700 0.115300 0.018700 0.022700
0 0.498300 0.639400 0.011900 0.029900
0 0.430900 0.094600 0.018700 0.023900
0 0.478400 0.221100 0.017500 0.023100
0 0.946000 0.057400 0.017800 0.023100
0 0.777600 0.193700 0.019300 0.021700
0 0.220300 0.447600 0.018100 0.026800
0 0.029300 0.173700 0.018300 0.022600
0 0.261200 0.298800 0.013200 0.029900
0 0.017300 0.943800 0.015500 0.022200
0 0.291500 0.296100 0.016600 0.022800
0 0.029600 0.817300 0.013700 0.027700
0 0.666500 0.454000 0.015700 0.026500
0 0.830800 0.635100 0.019200 0.020700
0 0.445300 0.929000 0.016800 0.025800
0 0.232800 0.689400 0.017400 0.022400
0 0.359200 0.474100 0.017500 0.025300
0 0.858800 0.366600 0.012600 0.027900
0 0.882900 0.419600 0.017200 0.026300
0 0.832000 0.407300 0.020000 0.021900
0 0.364300 0.441400 0.017500 0.024100
0 0.516200 0.539400 0.015000 0.023100
0 0.084400 0.134100 0.018400 0.025100
0 0.952000 0.902600 0.017000 0.024100
0 0.881400 0.168300 0.017200 0.025400
0 0.173200 0.591300 0.015800 0.026200
0 0.331000 0.902300 0.014100 0.027500
0 0.028400 0.391800 0.017800 0.028100
0 0.258900 0.613900 0.018500 0.024100
0 0.177100 0.044800 0.017700 0.025600
0 0.277100 0.634500 0.018000 0.023300
0 0.618000 0.643700 0.016900 0.023900
0 0.977700 0.309000 0.017900 0.024400
0 0.682200 0.502300 0.017400 0.026300
0 0.111100 0.157700 0.018600 0.022200
0 0.445400 0.552100 0.012400 0.030200
0 0.473100 0.403200 0.017800 0.022700
0 0.668000 0.047700 0.018100 0.021600
0 0.068900 0.179000 0.012600 0.035100
0 0.599200 0.145400 0.014600 0.024200
0 0.925900 0.167300 0.016700 0.024400
0 0.102100 0.633500 0.018000 0.023600
0 0.377200 0.191400 0.016800 0.021800
0 0.019400 0.229800 0.018200 0.023300
0 0.448300 0.177900 0.014600 0.029300
0 0.308200 0.918300 0.016600 0.026300
0 0.393500 0.057700 0.016000 0.024900
0 0.423900 0.528900 0.018500 0.019600
0 0.679500 0.609900 0.019400 0.022300
0 0.391900 0.091400 0.018800 0.023600
0 0.652400 0.573700 0.016500 0.022500
0 0.113800 0.126400 0.019200 0.025000
0 0.040500 0.039400 0.014400 0.030600
0 0.452400 0.407700 0.016400 0.021100
0 0.615800 0.459800 0.017400 0.022900
0 0.877800 0.105000 0.016500 0.024100
0 0.623300 0.554500 0.017000 0.023000
0 0.053600 0.846500 0.012200 0.031800
0 0.816800 0.090400 0.017600 0.023500
0 0.861400 0.418200 0.017700 0.025200
0 0.784400 0.101100 0.018200 0.023600
0 0.007700 0.328500 0.014000 0.026900
0 0.529800 0.526600 0.012500 0.029300
0 0.543100 0.798100 0.013700 0.031900
0 0.043000 0.079300 0.016800 0.022800
0 0.983800 0.695900 0.014500 0.028500
0 0.316600 0.467500 0.014300 0.030600
0 0.719900 0.797600 0.018100 0.025300
0 0.570600 0.955900 0.016600 0.023000
0 0.240600 0.653900 0.015800 0.026900
0 0.442800 0.811200 0.015200 0.028700
0 0.852000 0.236500 0.015600 0.024300
0 0.310200 0.527000 0.018600 0.023500
0 0.606800 0.445700 0.017000 0.023100
0 0.017900 0.653500 0.018300 0.023000
0 0.342700 0.602700 0.018700 0.023700
0 0.417800 0.031400 0.014900 0.024000
0 0.288700 0.052700 0.017000 0.022900
0 0.193700 0.429100 0.017600 0.024400
0 0.236300 0.215400 0.015400 0.028100
0 0.778900 0.076200 0.014900 0.027200
0 0.224100 0.933300 0.018800 0.022700
0 0.099100 0.017800 0.015700 0.025900
0 0.869700 0.786300 0.016200 0.025400
0 0.338500 0.255600 0.012900 0.034000
0 0.040400 0.460700 0.019900 0.025600
0 0.006300 0.244900 0.015600 0.024300
0 0.038600 0.826900 0.011500 0.031600
0 0.289500 0.207300 0.015600 0.025100
0 0.292100 0.931000 0.014000 0.029800
0 0.390200 0.718800 0.017700 0.020700
0 0.038400 0.421900 0.019300 0.024800
0 0.822200 0.157100 0.015600 0.030500
0 0.007700 0.626600 0.014500 0.026300
0 0.090500 0.696300 0.017700 0.024600
0 0.033100 0.760000 0.016500 0.022400
0 0.815200 0.120900 0.015500 0.029100
0 0.540300 0.342500 0.019700 0.023100
0 0.401500 0.483900 0.016800 0.025600
0 0.269400 0.854600 0.011700 0.037200
0 0.443500 0.841600 0.015600 0.026600
0 0.771100 0.701400 0.018700 0.021600
0 0.480600 0.708200 0.015800 0.025500
0 0.566000 0.704400 0.015000 0.022500
0 0.929100 0.020900 0.014500 0.025100
0 0.017200 0.470100 0.015600 0.029100
0 0.261500 0.681400 0.019400 0.022600
0 0.348700 0.842800 0.016200 0.024700
0 0.447400 0.423700 0.017300 0.019500
0 0.979300 0.659700 0.015400 0.030700
0 0.032200 0.525900 0.015400 0.028600
0 0.203100 0.620200 0.015200 0.029900
0 0.405400 0.290100 0.016000 0.024300
0 0.947900 0.954100 0.018900 0.023200
0 0.410200 0.438200 0.016900 0.021500
0 0.607100 0.848900 0.015600 0.026700
0 0.885100 0.342400 0.011600 0.031100
0 0.695300 0.219500 0.012000 0.037300
0 0.148100 0.093100 0.016600 0.027500
0 0.701400 0.369800 0.015500 0.026900
0 0.366800 0.544000 0.016500 0.020400
0 0.840800 0.464200 0.015400 0.032000
0 0.702100 0.430300 0.011700 0.040400
0 0.639400 0.864200 0.017700 0.023600
0 0.545000 0.283700 0.016800 0.025000
0 0.636600 0.233000 0.016100 0.027200
0 0.106800 0.240700 0.016700 0.024200
0 0.714300 0.191000 0.014900 0.024100
0 0.563700 0.148700 0.015700 0.021600
0 0.069300 0.309500 0.016600 0.025000
0 0.923300 0.505100 0.017000 0.025200
0 0.097700 0.555100 0.016200 0.025400
0 0.971700 0.230200 0.013000 0.037000
0 0.864900 0.585600 0.020400 0.023500
0 0.564200 0.184300 0.016000 0.024000
0 0.642600 0.452500 0.013700 0.029800
0 0.172200 0.321000 0.018500 0.027300
0 0.166600 0.844800 0.014600 0.026100
0 0.252200 0.386100 0.016200 0.023400
0 0.409000 0.229300 0.015200 0.025000
0 0.661500 0.509800 0.016300 0.023700
0 0.618500 0.031400 0.015500 0.027300
0 0.656500 0.015400 0.015000 0.022900
0 0.457800 0.097100 0.015400 0.022300
0 0.042800 0.652200 0.019200 0.024400
0 0.353300 0.131300 0.014700 0.028200
0 0.795700 0.691000 0.018000 0.023200
0 0.501300 0.110400 0.019200 0.021900
0 0.911400 0.157200 0.015500 0.027500
0 0.128800 0.553900 0.018500 0.029000
0 0.108800 0.491400 0.015500 0.028000
0 0.761300 0.173100 0.020900 0.023900
0 0.844600 0.137000 0.018500 0.023200
0 0.026700 0.913500 0.016000 0.023700
0 0.527300 0.881000 0.015700 0.025200
0 0.484700 0.245000 0.015800 0.022800
0 0.545600 0.981600 0.015500 0.027300
0 0.524500 0.597300 0.015300 0.028800
0 0.448900 0.692400 0.017200 0.023100
0 0.500900 0.017300 0.015200 0.024200
0 0.257800 0.706800 0.018100 0.026000
0 0.979200 0.356400 0.012200 0.035400
0 0.922200 0.793800 0.013400 0.032900
0 0.068700 0.627900 0.015100 0.028600
0 0.476000 0.170800 0.017100 0.023500
0 0.584500 0.748900 0.019100 0.024300
0 0.509600 0.796500 0.012000 0.030500
0 0.741700 0.748500 0.016500 0.026200
0 0.232200 0.783500 0.017100 0.024400
0 0.763900 0.583200 0.018300 0.025100
0 0.606600 0.195000 0.016100 0.023700
0 0.243300 0.843000 0.014300 0.025600
0 0.068900 0.256300 0.016800 0.028700
0 0.696000 0.023000 0.015700 0.026700
0 0.488900 0.717300 0.014000 0.025200
0 0.930100 0.754400 0.012400 0.034600
0 0.302600 0.088200 0.016400 0.025800
0 0.198500 0.906600 0.016500 0.021600
0 0.514700 0.458300 0.014700 0.026800
0 0.783700 0.390800 0.018900 0.024700
0 0.376000 0.880500 0.015900 0.029600
0 0.733200 0.961500 0.017100 0.021300
0 0.782500 0.493300 0.018500 0.026000
0 0.581800 0.708300 0.016200 0.020000
0 0.883300 0.709000 0.014000 0.030100
0 0.505300 0.535700 0.013800 0.025200
0 0.974000 0.916900 0.018300 0.025200
0 0.507000 0.739400 0.014400 0.026300
0 0.355300 0.916100 0.015300 0.023800
0 0.453700 0.900900 0.015100 0.022300
0 0.803400 0.455900 0.022000 0.025500
0 0.706800 0.782900 0.013300 0.035500
0 0.397100 0.553600 0.015100 0.027400
0 0.507000 0.770800 0.015200 0.027300
0 0.322400 0.758500 0.016400 0.025200
0 0.573200 0.469900 0.018200 0.028200
0 0.654100 0.458700 0.012800 0.031800
0 0.848400 0.868000 0.014800 0.027700
0 0.494900 0.235800 0.018400 0.024300
0 0.183000 0.523200 0.016900 0.025200
0 0.298400 0.460600 0.016900 0.029500
0 0.854600 0.843900 0.012800 0.033200
0 0.838600 0.306100 0.012500 0.033500
0 0.425700 0.203900 0.015200 0.026500
0 0.478700 0.791500 0.016500 0.025100
0 0.943600 0.255700 0.017200 0.024100
0 0.768800 0.754800 0.016600 0.024500
0 0.538500 0.475800 0.017700 0.025100
0 0.192600 0.154600 0.015500 0.026800
0 0.975800 0.541600 0.016400 0.026100
0 0.331700 0.765900 0.016300 0.022400
0 0.968600 0.857000 0.013300 0.035100
0 0.813400 0.798100 0.018200 0.024600
0 0.634900 0.307800 0.016100 0.025400
0 0.405400 0.151600 0.015400 0.024000
0 0.431300 0.500900 0.018700 0.024200
0 0.297300 0.396200 0.016800 0.024600
0 0.365100 0.365200 0.013900 0.028600
0 0.624200 0.890900 0.017800 0.019300
0 0.810400 0.395000 0.017000 0.020800
0 0.499200 0.404300 0.015800 0.027800
0 0.140700 0.029600 0.019000 0.024400
0 0.668500 0.396900 0.012400 0.036700
0 0.919400 0.243600 0.016600 0.021600
0 0.620200 0.904800 0.018800 0.020400
0 0.202600 0.308800 0.016000 0.031400
0 0.360100 0.648400 0.017300 0.025400
0 0.464500 0.095600 0.015000 0.022800
0 0.103100 0.470700 0.016500 0.025700
0 0.519400 0.652600 0.013700 0.021500
0 0.665300 0.661300 0.014700 0.024600
0 0.466600 0.283800 0.016400 0.028000
0 0.735500 0.529700 0.018300 0.023600
0 0.280900 0.613200 0.016800 0.021800
0 0.478700 0.018500 0.015300 0.026000
0 0.153900 0.223600 0.017200 0.023100
0 0.231100 0.611700 0.016600 0.026700
0 0.796800 0.866700 0.014200 0.022200
0 0.755200 0.699300 0.018400 0.024200
0 0.730500 0.388700 0.014700 0.032000
0 0.769200 0.626100 0.018000 0.023400
0 0.905500 0.845800 0.018500 0.023200
0 0.329500 0.493600 0.014300 0.032200
0 0.273400 0.123300 0.015800 0.027400
0 0.263300 0.332700 0.017100 0.026000
0 0.413500 0.193700 0.015200 0.026100
0 0.211700 0.207900 0.013200 0.031000
0 0.492500 0.598600 0.013100 0.033100
0 0.331600 0.459700 0.013900 0.031000
0 0.110000 0.200600 0.018800 0.022200
0 0.005700 0.272100 0.014900 0.022000
0 0.855000 0.955700 0.017600 0.025200
0 0.548400 0.038900 0.013800 0.025500
0 0.671800 0.422000 0.012000 0.026400
0 0.135700 0.765200 0.015800 0.026400
0 0.847600 0.748000 0.015800 0.031700
0 0.623400 0.981600 0.020900 0.021500
0 0.285400 0.516000 0.013800 0.030800
0 0.067800 0.829500 0.012200 0.036600
0 0.828900 0.850800 0.014900 0.025500
0 0.873900 0.853500 0.017600 0.023400
0 0.973000 0.403900 0.013700 0.030800
0 0.506500 0.360900 0.013000 0.035500
0 0.742100 0.271800 0.016800 0.025300
0 0.064900 0.431500 0.021400 0.023000
0 0.991100 0.192200 0.008300 0.040000
0 0.324300 0.403300 0.017100 0.023800
0 0.165600 0.088700 0.016500 0.025000
0 0.174400 0.442700 0.019500 0.024600
0 0.472100 0.982900 0.014900 0.025600
0 0.896700 0.305400 0.017900 0.030500
0 0.734800 0.268800 0.014400 0.030500
0 0.198100 0.471300 0.014500 0.026100
0 0.489600 0.494500 0.017900 0.023600
0 0.617100 0.932100 0.015300 0.027700
0 0.063800 0.785500 0.015800 0.031700
0 0.195900 0.211000 0.014700 0.027000
0 0.717300 0.051100 0.018500 0.021500
0 0.873500 0.623800 0.016500 0.026000
0 0.306500 0.823700 0.014000 0.032100
0 0.544400 0.015500 0.014200 0.027000
0 0.398800 0.458200 0.017800 0.020400
0 0.638300 0.907000 0.017600 0.023600
0 0.419500 0.875700 0.016700 0.025800
0 0.698500 0.841800 0.013700 0.024500
0 0.702500 0.174000 0.017100 0.021800
0 0.682400 0.835500 0.014900 0.024400
0 0.407000 0.465000 0.015500 0.022800
0 0.608100 0.875800 0.017200 0.023800
0 0.730400 0.903700 0.014600 0.030900
0 0.226800 0.716700 0.017400 0.028300
0 0.797500 0.892700 0.016300 0.029300
0 0.332700 0.874400 0.014800 0.028900
0 0.279800 0.685700 0.013100 0.035300
0 0.111700 0.176100 0.017600 0.021700
0 0.785100 0.982200 0.012700 0.030000
0 0.349300 0.742100 0.017400 0.023500
0 0.712000 0.261400 0.015700 0.025300
0 0.679300 0.024200 0.017200 0.023900
0 0.022200 0.710600 0.018600 0.023500
0 0.065000 0.014700 0.014400 0.024000
0 0.336400 0.158700 0.014600 0.024500
0 0.868900 0.561900 0.020300 0.024000
0 0.368100 0.560000 0.014200 0.028600
0 0.263300 0.530800 0.017600 0.023500
0 0.472100 0.148200 0.017000 0.022400
0 0.548400 0.060600 0.014900 0.024900
0 0.126100 0.277900 0.016800 0.028000
0 0.930400 0.527300 0.013500 0.029400
0 0.549200 0.190000 0.015500 0.024700
0 0.229300 0.388300 0.016800 0.021000
0 0.615700 0.284500 0.017200 0.024700
0 0.108500 0.580900 0.016100 0.029600
0 0.742300 0.636700 0.015900 0.025700
0 0.134000 0.407000 0.014200 0.031200
0 0.679900 0.251300 0.014500 0.029000
0 0.932500 0.026900 0.017300 0.021200
0 0.663500 0.303600 0.018500 0.021900
0 0.563300 0.294200 0.020000 0.021300
0 0.875900 0.332400 0.013200 0.029300
0 0.921300 0.984900 0.015300 0.026800
0 0.799500 0.031300 0.016200 0.026700
0 0.104300 0.560600 0.017500 0.025500
0 0.988200 0.567500 0.012600 0.027500
0 0.421800 0.340000 0.013000 0.029700
0 0.644900 0.489200 0.011900 0.028200
0 0.702100 0.926700 0.015800 0.021900
0 0.940300 0.535800 0.014300 0.027500
0 0.370900 0.251100 0.015300 0.027800
0 0.599500 0.219700 0.016700 0.025400
0 0.973100 0.148300 0.012600 0.034200
0 0.038200 0.102400 0.019900 0.024800
0 0.787000 0.597300 0.017900 0.023000
0 0.784900 0.797900 0.013600 0.029400
0 0.976500 0.714100 0.014700 0.025500
0 0.027000 0.701400 0.017800 0.022600
0 0.892400 0.211600 0.014800 0.025200
0 0.176200 0.132100 0.013400 0.030200
0 0.968300 0.419900 0.015900 0.026300
0 0.210700 0.166000 0.014200 0.030300
0 0.319500 0.251300 0.013100 0.032900
0 0.479500 0.148900 0.018100 0.021900
0 0.525900 0.015600 0.015000 0.026200
0 0.566100 0.361300 0.017500 0.025900
0 0.948300 0.035000 0.016600 0.019200
0 0.381000 0.422200 0.010900 0.031200
0 0.601200 0.761900 0.018800 0.020100
0 0.644900 0.672100 0.016300 0.021300
0 0.736900 0.821300 0.016600 0.024900
0 0.423900 0.949300 0.016000 0.024400
0 0.044200 0.571700 0.016200 0.024600
0 0.640600 0.381700 0.010500 0.049200
0 0.344300 0.146100 0.014600 0.023100
0 0.387800 0.673200 0.015200 0.026600
0 0.649200 0.660700 0.016000 0.022100
0 0.781700 0.223800 0.017400 0.024000
0 0.993900 0.064400 0.010900 0.028700
0 0.969800 0.584100 0.015400 0.020600
0 0.774000 0.936700 0.016100 0.025400
0 0.192200 0.838400 0.012000 0.037900
0 0.100800 0.356000 0.016600 0.026100
0 0.299200 0.764800 0.013300 0.033100
0 0.789300 0.235000 0.015300 0.028200
0 0.578100 0.810200 0.015500 0.030200
0 0.989800 0.483400 0.009300 0.037400
0 0.195200 0.478100 0.011700 0.031500
0 0.234000 0.019400 0.015600 0.024800
0 0.048400 0.510200 0.018600 0.024300
0 0.698500 0.859600 0.014400 0.024300
0 0.938200 0.860400 0.013200 0.035300
0 0.388400 0.951300 0.013700 0.030300
0 0.944100 0.043800 0.016500 0.018500
0 0.467800 0.736100 0.012300 0.024100
0 0.626100 0.377400 0.014800 0.027700
0 0.492900 0.317100 0.013600 0.035800
0 0.994400 0.870200 0.010100 0.032500
0 0.050500 0.333500 0.014500 0.033500
0 0.639300 0.371200 0.015700 0.028100
0 0.938900 0.660700 0.012000 0.038400
0 0.303900 0.188800 0.014500 0.028200
0 0.325400 0.348000 0.011400 0.034100
0 0.910200 0.226700 0.013600 0.019300
0 0.885600 0.470900 0.014200 0.034800
0 0.873438 0.984028 0.017188 0.020833
0 0.278906 0.885417 0.010937 0.029167
0 0.281250 0.876389 0.018750 0.025000
0 0.700000 0.952778 0.014062 0.033333
0 0.541406 0.089583 0.012500 0.029167
0 0.410156 0.098611 0.014062 0.033333
0 0.991406 0.306250 0.012500 0.029167
0 0.861719 0.080556 0.012500 0.033333
0 0.452344 0.015278 0.010937 0.025000
0 0.805469 0.885417 0.012500 0.029167
