0 0.771800 0.304300 0.014800 0.027500
0 0.690600 0.168400 0.017000 0.023500
0 0.573500 0.680100 0.019000 0.021000
0 0.346900 0.873200 0.016000 0.030500
0 0.761000 0.346100 0.020300 0.021100
0 0.265900 0.917000 0.017100 0.022600
0 0.028600 0.627500 0.017600 0.026200
0 0.565300 0.483300 0.018200 0.025500
0 0.427800 0.654100 0.017500 0.025700
0 0.667900 0.034100 0.014000 0.024100
0 0.304100 0.776400 0.020200 0.020800
0 0.842000 0.101800 0.020100 0.021500
0 0.567900 0.115700 0.016700 0.025000
0 0.934500 0.105400 0.018200 0.021900
0 0.804800 0.072800 0.015400 0.026500
0 0.138800 0.918500 0.015400 0.033700
0 0.804600 0.131000 0.020800 0.024700
0 0.085800 0.465500 0.017000 0.023900
0 0.863700 0.085400 0.019000 0.022200
0 0.089800 0.921300 0.017100 0.023800
0 0.248000 0.014800 0.018300 0.021000
0 0.779500 0.145200 0.015800 0.025200
0 0.392500 0.698800 0.018200 0.022800
0 0.745900 0.201200 0.015200 0.026300
0 0.674200 0.515400 0.013700 0.029000
0 0.389200 0.042300 0.016900 0.023700
0 0.023600 0.660900 0.018000 0.023800
0 0.827400 0.642500 0.018200 0.022500
0 0.169000 0.952200 0.018500 0.020600
0 0.407200 0.136400 0.017800 0.022700
0 0.334700 0.678400 0.017900 0.022800
0 0.267500 0.788900 0.018500 0.023100
0 0.692000 0.477300 0.019300 0.022300
0 0.440400 0.540400 0.015700 0.025100
0 0.298600 0.283800 0.017600 0.024100
0 0.867500 0.107900 0.018100 0.020200
0 0.331100 0.902800 0.014900 0.026100
0 0.093500 0.056100 0.015800 0.026100
0 0.816200 0.629500 0.018000 0.025200
0 0.481800 0.206600 0.017400 0.022700
0 0.790800 0.164300 0.015400 0.026000
0 0.134400 0.019100 0.016400 0.023100
0 0.410800 0.809500 0.015900 0.024500
0 0.870500 0.953000 0.017600 0.020300
0 0.276500 0.894400 0.014700 0.027900
0 0.100900 0.785100 0.018100 0.023700
0 0.672600 0.485300 0.016700 0.022000
0 0.926800 0.414800 0.017300 0.029000
0 0.066100 0.917500 0.013100 0.035400
0 0.308400 0.367200 0.018600 0.021800
0 0.655100 0.470800 0.017300 0.022100
0 0.439700 0.748500 0.014300 0.027300
0 0.283700 0.228300 0.014700 0.029800
0 0.369900 0.830200 0.019000 0.023100
0 0.770800 0.235100 0.013400 0.027900
0 0.520900 0.582700 0.017400 0.024300
0 0.971800 0.346900 0.014700 0.031100
0 0.560600 0.617900 0.015000 0.024400
0 0.236000 0.553100 0.016800 0.024300
0 0.614200 0.088700 0.017500 0.026300
0 0.221100 0.083200 0.016900 0.019600
0 0.179500 0.726600 0.017400 0.022900
0 0.407000 0.033500 0.015600 0.025700
0 0.103500 0.539600 0.015800 0.027400
0 0.485600 0.190300 0.019400 0.019000
0 0.641700 0.639800 0.017000 0.024000
0 0.943400 0.119500 0.016900 0.025000
0 0.495300 0.727100 0.018700 0.025800
0 0.633800 0.906400 0.015500 0.023900
0 0.198000 0.866900 0.018100 0.023600
0 0.657000 0.657600 0.015500 0.025300
0 0.264300 0.933700 0.017700 0.022300
0 0.398300 0.671000 0.018000 0.023500
0 0.017200 0.314900 0.018000 0.024400
0 0.259500 0.819800 0.016000 0.025100
0 0.269500 0.136000 0.018300 0.021100
0 0.319800 0.708500 0.015400 0.027600
0 0.689300 0.231700 0.013100 0.024300
0 0.830600 0.481800 0.016700 0.027800
0 0.364000 0.541100 0.018100 0.023000
0 0.643800 0.357900 0.018200 0.025700
0 0.822700 0.684100 0.017200 0.024000
0 0.369600 0.903600 0.015700 0.028200
0 0.718100 0.032600 0.015200 0.024900
0 0.860600 0.343700 0.014300 0.030200
0 0.117300 0.816900 0.017800 0.024700
0 0.368000 0.631700 0.016600 0.024100
0 0.897800 0.578700 0.019900 0.020900
0 0.167100 0.872600 0.017400 0.022300
0 0.626900 0.852500 0.016500 0.025600
0 0.593400 0.848200 0.015900 0.024100
0 0.314700 0.392900 0.016200 0.027100
0 0.869700 0.039000 0.013900 0.027700
0 0.729200 0.839600 0.014900 0.031700
0 0.552500 0.456800 0.017000 0.024600
0 0.729100 0.798000 0.019100 0.022800
0 0.347100 0.916200 0.012700 0.034300
0 0.660300 0.573300 0.016400 0.022200
0 0.191800 0.839000 0.016000 0.023900
0 0.018700 0.879400 0.014300 0.030400
0 0.758000 0.826900 0.014900 0.029900
0 0.344300 0.292700 0.018300 0.023700
0 0.730000 0.116300 0.016000 0.024000
0 0.695000 0.793800 0.016200 0.024200
0 0.066000 0.266200 0.019200 0.021900
0 0.030000 0.959900 0.017000 0.023900
0 0.958400 0.022500 0.014300 0.025100
0 0.638900 0.319900 0.016600 0.024900
0 0.293900 0.020000 0.018500 0.020900
0 0.454300 0.092900 0.018500 0.024100
0 0.894000 0.435300 0.015800 0.025900
0 0.108000 0.415600 0.014600 0.030500
0 0.314900 0.532500 0.019400 0.022400
0 0.898500 0.840500 0.015000 0.024200
0 0.007200 0.131800 0.015400 0.024700
0 0.696800 0.683900 0.015300 0.029600
0 0.256800 0.169900 0.018400 0.021600
0 0.631400 0.553300 0.016400 0.025800
0 0.071300 0.085300 0.015300 0.029300
0 0.839700 0.245500 0.013700 0.026000
0 0.046300 0.901800 0.017800 0.027000
0 0.952600 0.591900 0.018100 0.023700
0 0.304400 0.713600 0.016500 0.025500
0 0.749600 0.082300 0.017600 0.022400
0 0.060800 0.287000 0.018800 0.023300
0 0.071900 0.340300 0.015700 0.029100
0 0.353300 0.516000 0.019100 0.023000
0 0.514600 0.844500 0.015800 0.026800
0 0.584400 0.269900 0.018300 0.024700
0 0.380500 0.664000 0.015900 0.025400
0 0.376600 0.142500 0.019100 0.021600
0 0.601300 0.457100 0.018700 0.022800
0 0.563800 0.697500 0.020100 0.020700
0 0.497200 0.784600 0.016300 0.024600
0 0.179100 0.852200 0.016100 0.025400
0 0.652100 0.304100 0.015700 0.027000
0 0.779300 0.639600 0.016900 0.026000
0 0.003300 0.157000 0.009300 0.027500
0 0.960500 0.070900 0.015200 0.024000
0 0.007300 0.245100 0.016200 0.024600
0 0.030500 0.176400 0.019000 0.023600
0 0.091700 0.708000 0.018700 0.023600
0 0.730600 0.879900 0.014600 0.032300
0 0.347300 0.681700 0.016300 0.024500
0 0.939300 0.451600 0.015000 0.030800
0 0.656600 0.493900 0.014700 0.024100
0 0.945000 0.285700 0.015600 0.025200
0 0.889500 0.670300 0.019100 0.023800
0 0.113700 0.896700 0.013300 0.036500
0 0.966700 0.728700 0.012900 0.034400
0 0.976200 0.031900 0.016200 0.020800
0 0.382200 0.422100 0.015000 0.022000
0 0.914400 0.028200 0.013900 0.024300
0 0.782700 0.827100 0.011600 0.039000
0 0.085400 0.847600 0.016500 0.024600
0 0.738700 0.929300 0.015600 0.029100
0 0.020500 0.348300 0.018300 0.025500
0 0.953600 0.382200 0.013700 0.028700
0 0.698000 0.406900 0.018500 0.020900
0 0.163900 0.127700 0.015200 0.029400
0 0.506100 0.770500 0.015100 0.028900
0 0.218000 0.101900 0.015800 0.025100
0 0.342400 0.535700 0.021000 0.021800
0 0.743300 0.980400 0.014700 0.028300
0 0.053600 0.847000 0.012400 0.030400
0 0.864700 0.929000 0.019000 0.022200
0 0.876700 0.807500 0.013600 0.028900
0 0.091300 0.751300 0.015400 0.027400
0 0.469600 0.326500 0.016200 0.024900
0 0.352100 0.314200 0.020700 0.021900
0 0.776400 0.015300 0.018300 0.019100
0 0.194900 0.822300 0.016500 0.025000
0 0.684200 0.441700 0.017000 0.022400
0 0.075800 0.569600 0.013800 0.030500
0 0.795300 0.721000 0.015100 0.031900
0 0.232700 0.190100 0.019200 0.022800
0 0.470200 0.291300 0.016900 0.025500
0 0.703300 0.307400 0.018700 0.021300
0 0.785600 0.197000 0.015300 0.021900
0 0.761900 0.313900 0.018300 0.024000
0 0.807800 0.831500 0.014400 0.028700
0 0.352700 0.728300 0.014300 0.029100
0 0.667800 0.689300 0.016400 0.025300
0 0.859300 0.485900 0.018000 0.023200
0 0.941700 0.781600 0.015900 0.023500
0 0.698800 0.180400 0.017600 0.021900
0 0.900700 0.473700 0.017800 0.024600
0 0.889700 0.331800 0.014100 0.032900
0 0.830700 0.791300 0.015800 0.025800
0 0.345500 0.227800 0.014100 0.022400
0 0.886600 0.616200 0.018400 0.024100
0 0.961200 0.093200 0.015900 0.025400
0 0.505100 0.930500 0.014400 0.030600
0 0.793400 0.879700 0.014400 0.026900
0 0.873100 0.064400 0.019500 0.019900
0 0.681300 0.348900 0.017100 0.024100
0 0.178500 0.238500 0.016100 0.021900
0 0.801600 0.602300 0.016800 0.027800
0 0.126600 0.113400 0.018300 0.020900
0 0.699400 0.952700 0.014000 0.029800
0 0.117000 0.208700 0.020500 0.020900
0 0.255100 0.644700 0.018000 0.024900
0 0.973400 0.319800 0.016400 0.024100
0 0.078000 0.607500 0.016000 0.028200
0 0.641200 0.890700 0.016900 0.020400
0 0.701800 0.207200 0.016800 0.024100
0 0.427000 0.957100 0.014800 0.023900
0 0.493700 0.507800 0.015000 0.025400
0 0.007600 0.689200 0.014800 0.024400
0 0.847800 0.254900 0.016300 0.022100
0 0.772900 0.189400 0.013500 0.029200
0 0.119600 0.063200 0.019400 0.022600
0 0.975800 0.740200 0.013900 0.028800
0 0.895700 0.683200 0.019700 0.022100
0 0.843000 0.467300 0.018300 0.024600
0 0.961000 0.372100 0.012500 0.027500
0 0.290600 0.713200 0.015400 0.027000
0 0.384600 0.553300 0.013200 0.021600
0 0.916200 0.856600 0.015300 0.028100
0 0.480000 0.483600 0.015200 0.029100
0 0.323900 0.342300 0.017700 0.020700
0 0.146800 0.209400 0.019600 0.022000
0 0.479500 0.869700 0.015900 0.027700
0 0.221200 0.824200 0.016200 0.026500
0 0.529000 0.718900 0.021400 0.021800
0 0.730700 0.018600 0.015500 0.022600
0 0.324000 0.870600 0.017000 0.025300
0 0.479300 0.061700 0.017600 0.026100
0 0.456100 0.978000 0.019400 0.024600
0 0.667400 0.891000 0.015000 0.026500
0 0.264300 0.189300 0.017400 0.024300
0 0.206700 0.590200 0.019500 0.021700
0 0.357000 0.417600 0.014700 0.025400
0 0.956400 0.939800 0.015900 0.026400
0 0.179900 0.291300 0.016500 0.025400
0 0.507200 0.461600 0.013500 0.024600
0 0.030000 0.402000 0.018700 0.023800
0 0.185200 0.555800 0.020100 0.022200
0 0.959500 0.210900 0.018600 0.023500
0 0.036800 0.249200 0.019200 0.023900
0 0.553700 0.411600 0.019000 0.024400
0 0.365700 0.855900 0.016700 0.027800
0 0.383400 0.180100 0.017000 0.022800
0 0.402100 0.161700 0.017700 0.024700
0 0.588600 0.973300 0.015600 0.022900
0 0.745000 0.555000 0.016700 0.022900
0 0.165800 0.093400 0.019600 0.024400
0 0.925700 0.318000 0.015200 0.024800
0 0.694500 0.355900 0.015900 0.025900
0 0.791100 0.497600 0.018600 0.023700
0 0.542900 0.869200 0.014700 0.029500
0 0.920400 0.015700 0.013300 0.022300
0 0.972700 0.233200 0.017800 0.022300
0 0.346900 0.208000 0.013800 0.024000
0 0.867600 0.423100 0.015300 0.026800
0 0.141500 0.082000 0.021700 0.019500
0 0.205300 0.020100 0.017400 0.023600
0 0.852700 0.680000 0.018200 0.023600
0 0.988800 0.547900 0.011900 0.029800
0 0.331600 0.058700 0.018800 0.023100
0 0.945200 0.735200 0.014000 0.031400
0 0.768300 0.760800 0.016900 0.023800
0 0.903400 0.598200 0.018200 0.024400
0 0.467600 0.343300 0.015500 0.026800
0 0.394800 0.057700 0.017700 0.022800
0 0.751000 0.678200 0.016500 0.027500
0 0.288900 0.032800 0.016700 0.022000
0 0.089200 0.033000 0.015500 0.026900
0 0.249200 0.127400 0.017200 0.022200
0 0.271100 0.540100 0.011700 0.036400
0 0.480500 0.391300 0.013100 0.036800
0 0.330700 0.773600 0.016700 0.024200
0 0.004300 0.377600 0.010600 0.021500
0 0.424100 0.506800 0.017700 0.024900
0 0.749000 0.126500 0.017200 0.023000
0 0.009300 0.285300 0.015900 0.028600
0 0.766300 0.526800 0.015600 0.028600
0 0.172900 0.309700 0.016300 0.024800
0 0.234600 0.489600 0.018800 0.023600
0 0.113000 0.023700 0.014700 0.026800
0 0.932700 0.757200 0.015900 0.027900
0 0.078400 0.403700 0.012700 0.036400
0 0.365000 0.418100 0.013800 0.025600
0 0.257000 0.847200 0.016300 0.030500
0 0.089100 0.088300 0.017500 0.023700
0 0.570400 0.571800 0.016100 0.024200
0 0.549100 0.312000 0.017400 0.024500
0 0.045200 0.496500 0.012300 0.038300
0 0.648700 0.023300 0.010800 0.024200
0 0.476900 0.722700 0.021100 0.022900
0 0.412000 0.619200 0.016900 0.022700
0 0.990400 0.022400 0.011000 0.024200
0 0.664600 0.732700 0.013700 0.032700
0 0.505000 0.534000 0.014300 0.023000
0 0.495300 0.269200 0.017000 0.024000
0 0.613400 0.553000 0.017000 0.023800
0 0.297300 0.800500 0.019800 0.021300
0 0.842900 0.716400 0.012100 0.034100
0 0.836500 0.767900 0.014100 0.028900
0 0.983800 0.656200 0.014500 0.024400
0 0.011300 0.389300 0.015100 0.020500
0 0.019600 0.611800 0.018200 0.025300
0 0.313300 0.673100 0.015500 0.028400
0 0.899300 0.166900 0.014800 0.030700
0 0.390100 0.284600 0.016500 0.022700
0 0.092700 0.820100 0.016900 0.022200
0 0.979800 0.938800 0.018100 0.024500
0 0.191000 0.246600 0.012300 0.027400
0 0.861600 0.161500 0.016000 0.026700
0 0.615300 0.691700 0.017800 0.020500
0 0.025900 0.074100 0.015200 0.030700
0 0.710800 0.318200 0.019700 0.020600
0 0.719100 0.271700 0.015900 0.029700
0 0.323400 0.135800 0.015100 0.028300
0 0.948000 0.160600 0.015500 0.027800
0 0.094200 0.629500 0.014000 0.034000
0 0.438300 0.693000 0.019700 0.018900
0 0.871100 0.685400 0.014800 0.029700
0 0.832400 0.965500 0.017300 0.022900
0 0.971500 0.473100 0.014300 0.033400
0 0.157600 0.560700 0.016900 0.025800
0 0.815100 0.489000 0.017500 0.028200
0 0.088300 0.540500 0.014600 0.031400
0 0.636400 0.820400 0.013600 0.031800
0 0.566100 0.419900 0.016700 0.024900
0 0.021800 0.584200 0.020700 0.027500
0 0.801100 0.017100 0.017400 0.021500
0 0.920100 0.245500 0.014300 0.027000
0 0.693400 0.384400 0.017600 0.025900
0 0.616400 0.942800 0.016800 0.025300
0 0.211700 0.430300 0.016700 0.026500
0 0.714200 0.973700 0.017500 0.023100
0 0.397400 0.574000 0.016500 0.021400
0 0.199400 0.227800 0.013000 0.025400
0 0.534700 0.621400 0.014000 0.019200
0 0.116000 0.471700 0.013700 0.024300
0 0.098800 0.282400 0.017000 0.027900
0 0.818200 0.175700 0.014300 0.024100
0 0.083500 0.489500 0.015800 0.027400
0 0.152800 0.675800 0.017100 0.024100
0 0.513300 0.208800 0.019200 0.021500
0 0.605800 0.628900 0.011400 0.039500
0 0.482300 0.836200 0.016300 0.029200
0 0.336900 0.708200 0.017200 0.023400
0 0.980200 0.885000 0.017000 0.025700
0 0.112000 0.767600 0.017500 0.023600
0 0.028500 0.686000 0.016000 0.027500
0 0.307700 0.858100 0.014000 0.024900
0 0.175600 0.157700 0.016400 0.024800
0 0.263000 0.765100 0.017700 0.023800
0 0.886000 0.945700 0.016500 0.022500
0 0.804000 0.493800 0.016300 0.025900
0 0.858300 0.379300 0.014700 0.026700
0 0.043600 0.623500 0.015200 0.032500
0 0.438100 0.065800 0.016100 0.027200
0 0.990400 0.146500 0.008900 0.036000
0 0.326200 0.522000 0.020000 0.019900
0 0.903500 0.011200 0.015200 0.018900
0 0.199300 0.908400 0.016200 0.020700
0 0.804000 0.543500 0.014700 0.032300
0 0.550400 0.511000 0.016700 0.024000
0 0.436700 0.706900 0.020500 0.019900
0 0.928700 0.909400 0.020000 0.022400
0 0.456800 0.619300 0.014500 0.021500
0 0.756400 0.448000 0.013100 0.026200
0 0.091200 0.149400 0.020100 0.022000
0 0.770900 0.265800 0.016200 0.025700
0 0.668500 0.011400 0.014100 0.020000
0 0.720700 0.038900 0.015400 0.021400
0 0.580200 0.758000 0.018200 0.023500
0 0.389100 0.111100 0.016200 0.022700
0 0.955500 0.829800 0.017800 0.025100
0 0.251900 0.423600 0.011900 0.034400
0 0.583900 0.569800 0.016300 0.024200
0 0.723700 0.666800 0.013700 0.034400
0 0.679400 0.242200 0.013900 0.020700
0 0.294300 0.861700 0.017800 0.025200
0 0.706500 0.551100 0.013400 0.032700
0 0.490900 0.351000 0.015900 0.028300
0 0.874200 0.549000 0.018400 0.021600
0 0.082000 0.824100 0.014800 0.025100
0 0.232100 0.369500 0.013200 0.033800
0 0.149500 0.089800 0.019500 0.021200
0 0.208500 0.663600 0.015200 0.029900
0 0.377000 0.239900 0.014000 0.030300
0 0.488800 0.791500 0.016100 0.026500
0 0.778600 0.453500 0.013700 0.031900
0 0.906400 0.423100 0.014400 0.025400
0 0.498800 0.546000 0.016700 0.022900
0 0.307900 0.349300 0.018300 0.021000
0 0.520000 0.652600 0.014300 0.021300
0 0.361700 0.168900 0.017400 0.023700
0 0.444200 0.776500 0.015900 0.027900
0 0.463400 0.274100 0.014700 0.024000
0 0.457600 0.609600 0.015400 0.018400
0 0.537000 0.471000 0.013700 0.029400
0 0.300800 0.401000 0.014200 0.027600
0 0.502000 0.371100 0.017500 0.031500
0 0.443700 0.223500 0.017000 0.022000
0 0.072300 0.585700 0.016300 0.026000
0 0.713200 0.894100 0.015100 0.028700
0 0.305900 0.164000 0.014500 0.027000
0 0.800500 0.386600 0.017400 0.022500
0 0.804100 0.904800 0.013600 0.030000
0 0.466900 0.752400 0.017400 0.021500
0 0.728500 0.761800 0.015700 0.026900
0 0.666400 0.929900 0.012900 0.036600
0 0.004400 0.981200 0.008000 0.022400
0 0.705200 0.726900 0.015900 0.024500
0 0.079000 0.852700 0.016700 0.024900
0 0.845200 0.548500 0.013900 0.032600
0 0.686500 0.598400 0.016300 0.025200
0 0.609400 0.352000 0.010400 0.049000
0 0.785800 0.351300 0.019600 0.023600
0 0.961800 0.163600 0.015300 0.022800
0 0.974400 0.911500 0.018100 0.021900
0 0.926800 0.383400 0.016600 0.028700
0 0.662900 0.458500 0.013100 0.025700
0 0.430500 0.211100 0.017700 0.022900
0 0.463800 0.185100 0.018700 0.018000
0 0.678500 0.826400 0.010000 0.034600
0 0.955400 0.484700 0.013500 0.034100
0 0.763300 0.447200 0.013000 0.024200
0 0.368000 0.847000 0.017400 0.023900
0 0.839900 0.972700 0.015000 0.022300
0 0.574600 0.922300 0.013800 0.032700
0 0.536700 0.213700 0.013800 0.034500
0 0.911600 0.774000 0.010500 0.027900
0 0.423047 0.361806 0.014844 0.040278
0 0.161328 0.354861 0.021094 0.034722
0 0.965234 0.984028 0.013281 0.018056
0 0.002734 0.953472 0.000781 0.001389
0 0.783594 0.979861 0.012500 0.029167
0 0.793750 0.969444 0.010937 0.022222
0 0.264844 0.109722 0.017188 0.025000
