0 0.117100 0.908900 0.016700 0.023700
0 0.763200 0.186300 0.019900 0.021600
0 0.232700 0.921600 0.014900 0.024900
0 0.147900 0.048900 0.017300 0.025500
0 0.222300 0.892700 0.019100 0.019300
0 0.116700 0.065100 0.016800 0.023900
0 0.472800 0.710800 0.020100 0.019800
0 0.296800 0.841400 0.017400 0.025900
0 0.895400 0.422100 0.017800 0.027800
0 0.052800 0.518900 0.017100 0.027900
0 0.498900 0.688400 0.018900 0.023500
0 0.744000 0.045000 0.016100 0.023300
0 0.946200 0.159900 0.012600 0.031800
0 0.084200 0.080600 0.015800 0.026900
0 0.178500 0.953000 0.014600 0.025900
0 0.655500 0.046800 0.018700 0.022600
0 0.045600 0.596000 0.016800 0.025900
0 0.442800 0.846400 0.016100 0.023000
0 0.422800 0.655400 0.019000 0.022200
0 0.767200 0.077500 0.015900 0.028700
0 0.460600 0.086600 0.018700 0.021800
0 0.386500 0.559800 0.016800 0.022500
0 0.289600 0.859100 0.016600 0.027000
0 0.643600 0.253100 0.016900 0.022800
0 0.702700 0.546700 0.016800 0.019800
0 0.027700 0.948700 0.017000 0.030200
0 0.495900 0.385500 0.016400 0.027800
0 0.695500 0.560700 0.017600 0.021800
0 0.235600 0.858700 0.018600 0.021700
0 0.928700 0.102400 0.017900 0.024500
0 0.459700 0.398100 0.016300 0.027400
0 0.058100 0.767900 0.015700 0.026600
0 0.105500 0.867100 0.015700 0.024400
0 0.807200 0.371600 0.019000 0.024400
0 0.431400 0.860900 0.017900 0.021000
0 0.668800 0.657100 0.014400 0.023800
0 0.105500 0.883200 0.017800 0.023600
0 0.731100 0.248000 0.018500 0.022000
0 0.530900 0.446300 0.019600 0.021300
0 0.485100 0.669900 0.019300 0.023600
0 0.882600 0.798600 0.016500 0.023500
0 0.829200 0.751500 0.016100 0.025300
0 0.277900 0.407700 0.015700 0.024100
0 0.806200 0.104700 0.016100 0.027000
0 0.782400 0.943400 0.017500 0.022300
0 0.632000 0.458100 0.015600 0.029300
0 0.284400 0.922700 0.013600 0.030100
0 0.169000 0.052200 0.017100 0.024900
0 0.745400 0.081200 0.017200 0.022200
0 0.923600 0.218600 0.017800 0.024700
0 0.807400 0.072800 0.015500 0.026000
0 0.671400 0.086100 0.015400 0.023600
0 0.116400 0.572100 0.016200 0.027500
0 0.669700 0.719000 0.013000 0.034400
0 0.458200 0.565600 0.017300 0.022700
0 0.821800 0.947600 0.017800 0.022100
0 0.857400 0.346400 0.015700 0.029300
0 0.718200 0.042700 0.016000 0.020500
0 0.170500 0.853100 0.015500 0.028100
0 0.433000 0.030800 0.016000 0.027500
0 0.014500 0.780600 0.016800 0.025300
0 0.459800 0.510700 0.017900 0.023600
0 0.433400 0.615400 0.016700 0.021900
0 0.838400 0.109400 0.016800 0.025200
0 0.454700 0.186300 0.019800 0.019600
0 0.378800 0.636200 0.017500 0.023200
0 0.716300 0.306800 0.019300 0.023300
0 0.034900 0.107000 0.019500 0.024700
0 0.414300 0.846000 0.018300 0.022500
0 0.527500 0.600900 0.018200 0.023000
0 0.117600 0.289500 0.017500 0.025800
0 0.130200 0.816700 0.017100 0.024000
0 0.381700 0.820500 0.017400 0.022600
0 0.505500 0.247100 0.020000 0.020500
0 0.201300 0.905800 0.017500 0.020200
0 0.252900 0.027600 0.016500 0.023700
0 0.755400 0.352100 0.020700 0.023300
0 0.540600 0.422300 0.018400 0.021900
0 0.356300 0.754600 0.016800 0.023500
0 0.821700 0.596700 0.019400 0.025500
0 0.815100 0.804500 0.016600 0.023500
0 0.920400 0.067800 0.014100 0.029700
0 0.518200 0.435300 0.017200 0.024300
0 0.794500 0.795900 0.016700 0.023300
0 0.029800 0.177900 0.017800 0.023900
0 0.077700 0.643300 0.016800 0.025900
0 0.565100 0.696800 0.016800 0.024100
0 0.367300 0.188800 0.018300 0.021300
0 0.731200 0.469400 0.016400 0.029600
0 0.067400 0.914700 0.014200 0.030200
0 0.848400 0.317500 0.017600 0.026200
0 0.826600 0.678000 0.018500 0.022100
0 0.079700 0.383800 0.017200 0.025100
0 0.908300 0.055300 0.016600 0.024000
0 0.772300 0.731300 0.017100 0.025100
0 0.389300 0.608000 0.017000 0.026500
0 0.091900 0.709200 0.015000 0.024000
0 0.420700 0.431400 0.021100 0.019400
0 0.266000 0.961000 0.018000 0.023600
0 0.504000 0.655500 0.019400 0.021900
0 0.892700 0.074200 0.015900 0.025500
0 0.309900 0.816700 0.016900 0.026000
0 0.788000 0.086200 0.015600 0.023100
0 0.732000 0.815400 0.015100 0.027600
0 0.595500 0.860900 0.017400 0.023200
0 0.114600 0.318700 0.015200 0.031900
0 0.334700 0.151200 0.018000 0.020200
0 0.780900 0.238500 0.014600 0.029400
0 0.093400 0.111000 0.017400 0.023300
0 0.556700 0.256800 0.018500 0.023000
0 0.402000 0.330900 0.015900 0.026800
0 0.630000 0.854700 0.015200 0.023300
0 0.226400 0.875600 0.018500 0.021600
0 0.307200 0.055000 0.017800 0.021600
0 0.134600 0.599100 0.018000 0.024500
0 0.816200 0.040900 0.016600 0.025300
0 0.870900 0.493000 0.018900 0.024800
0 0.147000 0.106600 0.014800 0.027500
0 0.258300 0.897300 0.018500 0.024600
0 0.478500 0.960900 0.017600 0.021400
0 0.384400 0.422000 0.015700 0.020800
0 0.822000 0.968700 0.017700 0.022500
0 0.315600 0.869700 0.017200 0.027800
0 0.427000 0.728500 0.016300 0.026900
0 0.291200 0.469900 0.014100 0.026700
0 0.346600 0.338500 0.017600 0.022200
0 0.956700 0.694100 0.017400 0.029200
0 0.874100 0.456500 0.016200 0.027000
0 0.641000 0.209200 0.017800 0.022900
0 0.007800 0.244200 0.015600 0.024600
0 0.734800 0.199300 0.017900 0.021300
0 0.990000 0.069600 0.010400 0.030300
0 0.531400 0.114800 0.015300 0.026000
0 0.544600 0.129400 0.013300 0.031000
0 0.751500 0.434700 0.021300 0.023300
0 0.615100 0.434100 0.018300 0.022800
0 0.661700 0.672300 0.012900 0.029600
0 0.030700 0.419200 0.012700 0.036800
0 0.066600 0.406700 0.014700 0.029500
0 0.406200 0.491300 0.018900 0.023800
0 0.021200 0.557400 0.017800 0.026900
0 0.324200 0.188500 0.017100 0.023300
0 0.733600 0.443300 0.020000 0.021500
0 0.386800 0.859300 0.014900 0.026300
0 0.768800 0.807800 0.015200 0.029100
0 0.373200 0.588800 0.014600 0.028800
0 0.321700 0.101400 0.016900 0.019500
0 0.661500 0.620100 0.016000 0.025500
0 0.738100 0.647300 0.017700 0.025000
0 0.357100 0.140800 0.020200 0.020300
0 0.237000 0.729900 0.014300 0.033000
0 0.260500 0.355600 0.015900 0.023900
0 0.173800 0.148200 0.015900 0.022800
0 0.076700 0.696000 0.014100 0.024400
0 0.079300 0.335400 0.014300 0.027800
0 0.972700 0.538400 0.020300 0.023300
0 0.778700 0.469600 0.018200 0.022100
0 0.204100 0.840100 0.017600 0.025100
0 0.796100 0.492400 0.018000 0.023500
0 0.883600 0.136800 0.018800 0.022500
0 0.431500 0.533800 0.017600 0.021500
0 0.830700 0.644100 0.021100 0.022200
0 0.976600 0.330900 0.015300 0.027900
0 0.336100 0.219400 0.016500 0.024800
0 0.153800 0.480100 0.013800 0.035800
0 0.873500 0.031700 0.014800 0.033600
0 0.705900 0.468800 0.017600 0.024500
0 0.601200 0.021900 0.014700 0.025300
0 0.471400 0.639300 0.013100 0.030600
0 0.338500 0.302600 0.016800 0.025800
0 0.242700 0.768900 0.017100 0.026000
0 0.471000 0.339700 0.015500 0.026100
0 0.071500 0.171100 0.014500 0.028400
0 0.820400 0.619100 0.021100 0.021500
0 0.816900 0.639900 0.020900 0.020500
0 0.768600 0.972400 0.015700 0.025100
0 0.261400 0.331700 0.016600 0.021800
0 0.833600 0.794100 0.016300 0.025700
0 0.831900 0.492700 0.017500 0.023100
0 0.552100 0.909300 0.015800 0.022900
0 0.129000 0.463700 0.016200 0.026600
0 0.934100 0.685700 0.016500 0.028600
0 0.353700 0.306700 0.016000 0.029900
0 0.807700 0.545500 0.015900 0.028700
0 0.964300 0.115000 0.017100 0.026400
0 0.959400 0.347100 0.013600 0.031300
0 0.096700 0.014700 0.016200 0.023900
0 0.464500 0.696800 0.018700 0.023800
0 0.868600 0.773800 0.016800 0.024300
0 0.489700 0.772700 0.013600 0.028500
0 0.941600 0.517200 0.015200 0.032500
0 0.333700 0.359900 0.014300 0.025800
0 0.313900 0.369900 0.017200 0.023000
0 0.245600 0.805000 0.019200 0.023700
0 0.590600 0.035300 0.015200 0.025200
0 0.818400 0.547000 0.014900 0.031200
0 0.829300 0.219300 0.017400 0.021500
0 0.914600 0.654600 0.018000 0.025900
0 0.778700 0.490700 0.015200 0.026200
0 0.060200 0.543700 0.018500 0.022900
0 0.170900 0.584500 0.017500 0.025700
0 0.439800 0.539400 0.012400 0.027600
0 0.944300 0.430500 0.014300 0.031100
0 0.068600 0.706600 0.012200 0.029200
0 0.794300 0.143700 0.018700 0.023400
0 0.084400 0.353200 0.016700 0.027200
0 0.057200 0.021900 0.014600 0.029600
0 0.204800 0.179600 0.012600 0.026700
0 0.285000 0.489500 0.014300 0.026600
0 0.756500 0.264600 0.015500 0.027800
0 0.371700 0.796900 0.012900 0.028100
0 0.359300 0.626300 0.013500 0.033400
0 0.852900 0.189400 0.016800 0.024200
0 0.060200 0.075500 0.018300 0.022700
0 0.885600 0.204900 0.019800 0.021600
0 0.405900 0.979800 0.014400 0.029300
0 0.619100 0.617100 0.017600 0.022700
0 0.860600 0.841500 0.015100 0.025900
0 0.750900 0.391900 0.021900 0.022700
0 0.483300 0.185700 0.017900 0.022400
0 0.431400 0.196700 0.020700 0.018100
0 0.318500 0.119300 0.014800 0.022300
0 0.221900 0.767000 0.018200 0.022900
0 0.355000 0.445500 0.018500 0.023400
0 0.359800 0.084200 0.018200 0.024400
0 0.275800 0.433400 0.016600 0.024700
0 0.729800 0.896100 0.013700 0.025200
0 0.928800 0.642100 0.019200 0.022900
0 0.093800 0.030700 0.016300 0.025300
0 0.285500 0.152800 0.017000 0.023000
0 0.750700 0.866400 0.016100 0.024200
0 0.160500 0.973600 0.016600 0.025100
0 0.356000 0.846900 0.015100 0.026400
0 0.840700 0.488800 0.016900 0.024300
0 0.852200 0.239000 0.016900 0.023200
0 0.622500 0.257000 0.014500 0.030700
0 0.013400 0.668800 0.019200 0.024600
0 0.492900 0.356000 0.015800 0.025100
0 0.657800 0.895100 0.015200 0.027500
0 0.753100 0.465100 0.017000 0.029700
0 0.130300 0.422700 0.017700 0.027100
0 0.547700 0.835700 0.017500 0.023000
0 0.832400 0.561100 0.019500 0.024200
0 0.929500 0.130600 0.015400 0.023000
0 0.747700 0.895500 0.012200 0.032100
0 0.793200 0.877400 0.014000 0.027300
0 0.676600 0.745800 0.013900 0.023000
0 0.321600 0.836300 0.018600 0.025300
0 0.053400 0.846400 0.012200 0.031600
0 0.091700 0.166300 0.016800 0.028900
0 0.033000 0.552400 0.016300 0.026400
0 0.240700 0.459100 0.013300 0.036100
0 0.566000 0.486100 0.017600 0.023900
0 0.433600 0.288800 0.017000 0.023700
0 0.504600 0.518500 0.016300 0.024100
0 0.717100 0.809400 0.014000 0.026600
0 0.290800 0.420700 0.015600 0.027400
0 0.424100 0.503600 0.020100 0.019600
0 0.917700 0.522900 0.016600 0.027300
0 0.602000 0.042000 0.014400 0.026200
0 0.072500 0.617100 0.013400 0.030500
0 0.645000 0.825800 0.015500 0.026900
0 0.991100 0.672200 0.013400 0.027500
0 0.921400 0.501300 0.018200 0.023000
0 0.336900 0.783300 0.014900 0.028500
0 0.278500 0.684300 0.018100 0.023400
0 0.702400 0.226300 0.019200 0.020900
0 0.329600 0.253700 0.015400 0.027400
0 0.508200 0.372200 0.016400 0.024900
0 0.566800 0.219200 0.018700 0.023000
0 0.456900 0.329300 0.014900 0.027000
0 0.802200 0.021000 0.018500 0.024400
0 0.644800 0.984600 0.014000 0.027100
0 0.642600 0.438400 0.017900 0.024800
0 0.965000 0.079100 0.011800 0.028000
0 0.089000 0.845500 0.016100 0.028500
0 0.847500 0.576000 0.017900 0.025300
0 0.681000 0.233000 0.015500 0.026100
0 0.632800 0.332300 0.018800 0.021700
0 0.422800 0.516700 0.020800 0.019500
0 0.313800 0.077700 0.017100 0.021300
0 0.581500 0.604000 0.019100 0.025800
0 0.693200 0.704300 0.017900 0.025900
0 0.485300 0.427200 0.017700 0.024100
0 0.602500 0.623100 0.016500 0.023500
0 0.870700 0.896100 0.015600 0.027500
0 0.090300 0.820900 0.013900 0.025500
0 0.478400 0.734000 0.017700 0.025400
0 0.189100 0.251100 0.017000 0.025100
0 0.349100 0.723600 0.017700 0.023500
0 0.314400 0.525700 0.017000 0.024900
0 0.616000 0.630400 0.018500 0.023900
0 0.266600 0.271800 0.014600 0.029600
0 0.729000 0.333500 0.017600 0.022100
0 0.799200 0.233900 0.017700 0.023500
0 0.819200 0.413500 0.017700 0.023000
0 0.919600 0.021600 0.012700 0.030100
0 0.676400 0.102600 0.014000 0.027700
0 0.928100 0.967000 0.019100 0.020800
0 0.384000 0.351000 0.011600 0.036500
0 0.738900 0.859100 0.012600 0.031500
0 0.949100 0.642800 0.017900 0.022000
0 0.731900 0.369800 0.018700 0.025800
0 0.192800 0.227000 0.016800 0.026400
0 0.153300 0.016300 0.014100 0.024300
0 0.411200 0.889000 0.017300 0.023200
0 0.871800 0.419700 0.013300 0.032100
0 0.181400 0.304400 0.014700 0.029700
0 0.847700 0.019100 0.016800 0.026800
0 0.726900 0.308100 0.017000 0.022300
0 0.129300 0.697400 0.017800 0.024200
0 0.294400 0.514700 0.013300 0.022700
0 0.011800 0.910400 0.015700 0.025900
0 0.201500 0.706300 0.016100 0.025100
0 0.700500 0.182400 0.018400 0.022800
0 0.961400 0.464800 0.016500 0.024100
0 0.744600 0.770000 0.013400 0.035600
0 0.448700 0.295300 0.018900 0.020800
0 0.323500 0.670200 0.020300 0.022800
0 0.765400 0.624100 0.020700 0.024500
0 0.205800 0.429800 0.015400 0.028900
0 0.478100 0.760700 0.012700 0.027900
0 0.166600 0.158800 0.015400 0.023300
0 0.609400 0.541900 0.013500 0.026400
0 0.505800 0.534500 0.016100 0.023800
0 0.434800 0.186400 0.020100 0.018900
0 0.916800 0.253100 0.018700 0.023600
0 0.205100 0.624200 0.019000 0.023900
0 0.988700 0.419400 0.010300 0.037300
0 0.955000 0.441300 0.014400 0.031300
0 0.168900 0.264600 0.014000 0.033200
0 0.279200 0.738400 0.015700 0.027800
0 0.340300 0.853800 0.016400 0.020300
0 0.355600 0.680800 0.016500 0.026200
0 0.230400 0.773500 0.018900 0.022800
0 0.376300 0.522000 0.016700 0.024000
0 0.954700 0.033200 0.018000 0.023500
0 0.388300 0.679100 0.017900 0.024100
0 0.880500 0.505900 0.019000 0.024200
0 0.979100 0.305700 0.018200 0.024100
0 0.513300 0.314700 0.019300 0.023400
0 0.418500 0.282500 0.012400 0.033700
0 0.059600 0.161400 0.014300 0.028200
0 0.904000 0.856700 0.016200 0.027000
0 0.588100 0.344700 0.018300 0.022200
0 0.083300 0.823400 0.014300 0.023400
0 0.142700 0.735800 0.012100 0.034400
0 0.984000 0.469900 0.013400 0.032100
0 0.482500 0.780200 0.014000 0.028600
0 0.721200 0.852100 0.011000 0.034300
0 0.713000 0.615500 0.014100 0.035400
0 0.908600 0.771100 0.013500 0.019300
0 0.234400 0.592800 0.016000 0.022300
0 0.686400 0.933600 0.015600 0.028200
0 0.214700 0.703300 0.017600 0.025000
0 0.450700 0.141900 0.019400 0.021400
0 0.226400 0.294600 0.017500 0.025300
0 0.883900 0.915500 0.016700 0.024500
0 0.005800 0.017700 0.009200 0.024600
0 0.806300 0.980000 0.017000 0.023400
0 0.774000 0.285000 0.016400 0.024400
0 0.276200 0.905500 0.012200 0.025300
0 0.716200 0.821700 0.013500 0.024600
0 0.080900 0.549400 0.017100 0.025300
0 0.829900 0.983700 0.019000 0.019200
0 0.967000 0.290800 0.018200 0.024600
0 0.689600 0.318400 0.018500 0.025700
0 0.090200 0.258500 0.017100 0.022600
0 0.107100 0.638200 0.018200 0.023200
0 0.649400 0.806000 0.017400 0.018300
0 0.579400 0.754000 0.018700 0.024400
0 0.367100 0.805200 0.015800 0.023800
0 0.534900 0.923300 0.012700 0.026100
0 0.139600 0.691500 0.017400 0.023300
0 0.470200 0.181200 0.019200 0.018300
0 0.455000 0.439000 0.015400 0.023200
0 0.986800 0.978700 0.015000 0.025900
0 0.858000 0.714400 0.012100 0.033400
0 0.227800 0.186000 0.015200 0.028200
0 0.102700 0.253900 0.018100 0.021400
0 0.993500 0.441100 0.011800 0.029900
0 0.073700 0.775900 0.014200 0.025100
0 0.092700 0.748100 0.015200 0.026800
0 0.800400 0.660500 0.013400 0.033700
0 0.585700 0.193200 0.013100 0.033800
0 0.798000 0.030300 0.017900 0.023700
0 0.083000 0.985700 0.017700 0.022500
0 0.651100 0.973900 0.013700 0.027400
0 0.331000 0.902400 0.013700 0.026500
0 0.816900 0.011100 0.015400 0.020400
0 0.453100 0.516400 0.018800 0.021600
0 0.749200 0.524100 0.014200 0.029200
0 0.967700 0.302400 0.017400 0.023800
0 0.794100 0.160800 0.019600 0.022500
0 0.736700 0.341700 0.019400 0.021600
0 0.932000 0.165000 0.012400 0.028800
0 0.126100 0.014800 0.017000 0.020500
0 0.348700 0.664000 0.018400 0.024200
0 0.679500 0.318900 0.019900 0.025100
0 0.614000 0.552900 0.014400 0.022100
0 0.778000 0.926100 0.013000 0.028000
0 0.486100 0.356300 0.015400 0.026000
0 0.407100 0.732600 0.015700 0.028400
0 0.838600 0.858400 0.010300 0.053500
0 0.615600 0.545800 0.014500 0.023100
0 0.643800 0.331800 0.018500 0.019400
0 0.981600 0.773500 0.012000 0.021700
0 0.377500 0.531300 0.013200 0.024800
0 0.136700 0.075700 0.018000 0.023400
0 0.241000 0.604400 0.015000 0.023300
0 0.514100 0.523000 0.014500 0.025900
0 0.401600 0.723100 0.016700 0.024200
0 0.808100 0.972300 0.015600 0.025100
0 0.967100 0.986000 0.014800 0.022700
0 0.779000 0.160600 0.016300 0.022100
0 0.223828 0.527778 0.013281 0.033333
0 0.960156 0.826389 0.015625 0.033333
0 0.355469 0.937500 0.015625 0.036111
0 0.669141 0.444444 0.017969 0.025000
0 0.110156 0.493056 0.014062 0.025000
0 0.410937 0.775000 0.012500 0.025000
0 0.396875 0.768750 0.012500 0.018056
0 0.848437 0.538194 0.014062 0.029167
0 0.849219 0.525694 0.015625 0.026389
0 0.744531 0.131250 0.015625 0.026389
0 0.277344 0.619444 0.014062 0.025000
0 0.520312 0.652778 0.014062 0.025000
