0 0.906000 0.100000 0.016000 0.021000
0 0.914000 0.079000 0.016000 0.021000
0 0.883000 0.058000 0.016000 0.021000
0 0.873000 0.060000 0.016000 0.021000
0 0.836000 0.033000 0.016000 0.021000
0 0.838000 0.067000 0.016000 0.021000
0 0.955000 0.225000 0.016000 0.021000
0 0.909000 0.129000 0.016000 0.021000
0 0.823000 0.129000 0.016000 0.021000
0 0.825000 0.102000 0.016000 0.021000
0 0.828000 0.173000 0.016000 0.021000
0 0.784000 0.171000 0.016000 0.021000
0 0.802000 0.142000 0.016000 0.021000
0 0.791000 0.265000 0.016000 0.021000
0 0.783000 0.227000 0.016000 0.021000
0 0.894000 0.267000 0.016000 0.021000
0 0.881000 0.315000 0.016000 0.021000
0 0.867000 0.335000 0.016000 0.021000
0 0.855000 0.331000 0.016000 0.021000
0 0.844000 0.369000 0.016000 0.021000
0 0.809000 0.338000 0.016000 0.021000
0 0.803000 0.321000 0.016000 0.021000
0 0.911000 0.323000 0.016000 0.021000
0 0.923000 0.306000 0.016000 0.021000
0 0.920000 0.340000 0.016000 0.021000
0 0.939000 0.344000 0.016000 0.021000
0 0.928000 0.388000 0.016000 0.021000
0 0.914000 0.456000 0.016000 0.021000
0 0.914000 0.471000 0.016000 0.021000
0 0.877000 0.421000 0.016000 0.021000
0 0.853000 0.435000 0.016000 0.021000
0 0.836000 0.417000 0.016000 0.021000
0 0.842000 0.454000 0.016000 0.021000
0 0.945000 0.506000 0.016000 0.021000
0 0.944000 0.535000 0.016000 0.021000
0 0.961000 0.508000 0.016000 0.021000
0 0.889000 0.567000 0.016000 0.021000
0 0.872000 0.558000 0.016000 0.021000
0 0.859000 0.579000 0.016000 0.021000
0 0.853000 0.596000 0.016000 0.021000
0 0.845000 0.562000 0.016000 0.021000
0 0.812000 0.569000 0.016000 0.021000
0 0.794000 0.596000 0.016000 0.021000
0 0.809000 0.602000 0.016000 0.021000
0 0.794000 0.621000 0.016000 0.021000
0 0.816000 0.621000 0.016000 0.021000
0 0.836000 0.644000 0.016000 0.021000
0 0.852000 0.633000 0.016000 0.021000
0 0.823000 0.677000 0.016000 0.021000
0 0.838000 0.677000 0.016000 0.021000
0 0.956000 0.608000 0.016000 0.021000
0 0.948000 0.713000 0.016000 0.021000
0 0.969000 0.700000 0.016000 0.021000
0 0.880000 0.790000 0.016000 0.021000
0 0.848000 0.729000 0.016000 0.021000
0 0.838000 0.727000 0.016000 0.021000
0 0.808000 0.715000 0.016000 0.021000
0 0.834000 0.796000 0.016000 0.021000
0 0.806000 0.800000 0.016000 0.021000
0 0.841000 0.858000 0.016000 0.021000
0 0.844000 0.910000 0.016000 0.021000
0 0.836000 0.904000 0.016000 0.021000
0 0.819000 0.887000 0.016000 0.021000
0 0.791000 0.898000 0.016000 0.021000
0 0.802000 0.933000 0.016000 0.021000
0 0.934000 0.883000 0.016000 0.021000
0 0.778000 0.892000 0.016000 0.021000
0 0.750000 0.875000 0.016000 0.021000
0 0.758000 0.815000 0.016000 0.021000
0 0.711000 0.827000 0.016000 0.021000
0 0.692000 0.769000 0.016000 0.021000
0 0.705000 0.894000 0.016000 0.021000
0 0.745000 0.925000 0.016000 0.021000
0 0.677000 0.912000 0.016000 0.021000
0 0.638000 0.879000 0.016000 0.021000
0 0.759000 0.727000 0.016000 0.021000
0 0.744000 0.719000 0.016000 0.021000
0 0.761000 0.708000 0.016000 0.021000
0 0.752000 0.688000 0.016000 0.021000
0 0.747000 0.660000 0.016000 0.021000
0 0.706000 0.667000 0.016000 0.021000
0 0.759000 0.540000 0.016000 0.021000
0 0.748000 0.527000 0.016000 0.021000
0 0.744000 0.525000 0.016000 0.021000
0 0.722000 0.517000 0.016000 0.021000
0 0.766000 0.469000 0.016000 0.021000
0 0.772000 0.438000 0.016000 0.021000
0 0.758000 0.423000 0.016000 0.021000
0 0.761000 0.367000 0.016000 0.021000
0 0.803000 0.367000 0.016000 0.021000
0 0.652000 0.885000 0.016000 0.021000
0 0.592000 0.800000 0.016000 0.021000
0 0.622000 0.790000 0.016000 0.021000
0 0.634000 0.760000 0.016000 0.021000
0 0.570000 0.838000 0.016000 0.021000
0 0.558000 0.869000 0.016000 0.021000
0 0.452000 0.906000 0.016000 0.021000
0 0.408000 0.900000 0.016000 0.021000
0 0.438000 0.844000 0.016000 0.021000
0 0.492000 0.850000 0.016000 0.021000
0 0.514000 0.829000 0.016000 0.021000
0 0.520000 0.804000 0.016000 0.021000
0 0.539000 0.760000 0.016000 0.021000
0 0.505000 0.760000 0.016000 0.021000
0 0.505000 0.740000 0.016000 0.021000
0 0.488000 0.748000 0.016000 0.021000
0 0.486000 0.719000 0.016000 0.021000
0 0.486000 0.704000 0.016000 0.021000
0 0.378000 0.798000 0.016000 0.021000
0 0.334000 0.767000 0.016000 0.021000
0 0.308000 0.858000 0.016000 0.021000
0 0.267000 0.892000 0.016000 0.021000
0 0.264000 0.871000 0.016000 0.021000
0 0.166000 0.854000 0.016000 0.021000
0 0.186000 0.804000 0.016000 0.021000
0 0.155000 0.785000 0.016000 0.021000
0 0.131000 0.867000 0.016000 0.021000
0 0.070000 0.904000 0.016000 0.021000
0 0.078000 0.906000 0.016000 0.021000
0 0.095000 0.777000 0.016000 0.021000
0 0.050000 0.758000 0.016000 0.021000
0 0.109000 0.690000 0.016000 0.021000
0 0.103000 0.679000 0.016000 0.021000
0 0.125000 0.692000 0.016000 0.021000
0 0.061000 0.635000 0.016000 0.021000
0 0.084000 0.562000 0.016000 0.021000
0 0.067000 0.552000 0.016000 0.021000
0 0.080000 0.556000 0.016000 0.021000
0 0.183000 0.569000 0.016000 0.021000
0 0.214000 0.521000 0.016000 0.021000
0 0.231000 0.573000 0.016000 0.021000
0 0.081000 0.465000 0.016000 0.021000
0 0.070000 0.483000 0.016000 0.021000
0 0.128000 0.404000 0.016000 0.021000
0 0.088000 0.340000 0.016000 0.021000
0 0.095000 0.329000 0.016000 0.021000
0 0.119000 0.331000 0.016000 0.021000
0 0.103000 0.298000 0.016000 0.021000
0 0.138000 0.287000 0.016000 0.021000
0 0.152000 0.271000 0.016000 0.021000
0 0.189000 0.188000 0.016000 0.021000
0 0.144000 0.169000 0.016000 0.021000
0 0.138000 0.096000 0.016000 0.021000
0 0.102000 0.106000 0.016000 0.021000
0 0.083000 0.113000 0.016000 0.021000
0 0.070000 0.131000 0.016000 0.021000
0 0.058000 0.158000 0.016000 0.021000
0 0.056000 0.129000 0.016000 0.021000
0 0.091000 0.065000 0.016000 0.021000
0 0.088000 0.042000 0.016000 0.021000
0 0.041000 0.073000 0.016000 0.021000
0 0.716000 0.110000 0.016000 0.021000
0 0.709000 0.123000 0.016000 0.021000
0 0.695000 0.073000 0.016000 0.021000
0 0.702000 0.085000 0.016000 0.021000
0 0.709000 0.071000 0.016000 0.021000
0 0.695000 0.044000 0.016000 0.021000
0 0.669000 0.054000 0.016000 0.021000
0 0.663000 0.081000 0.016000 0.021000
0 0.675000 0.090000 0.016000 0.021000
0 0.667000 0.110000 0.016000 0.021000
0 0.667000 0.121000 0.016000 0.021000
0 0.670000 0.150000 0.016000 0.021000
0 0.666000 0.169000 0.016000 0.021000
0 0.652000 0.204000 0.016000 0.021000
0 0.627000 0.121000 0.016000 0.021000
0 0.620000 0.102000 0.016000 0.021000
0 0.566000 0.119000 0.016000 0.021000
0 0.544000 0.081000 0.016000 0.021000
0 0.530000 0.085000 0.016000 0.021000
0 0.509000 0.138000 0.016000 0.021000
0 0.489000 0.106000 0.016000 0.021000
0 0.472000 0.075000 0.016000 0.021000
0 0.434000 0.075000 0.016000 0.021000
0 0.417000 0.081000 0.016000 0.021000
0 0.397000 0.065000 0.016000 0.021000
0 0.172000 0.075000 0.016000 0.021000
0 0.177000 0.040000 0.016000 0.021000
0 0.263000 0.071000 0.016000 0.021000
0 0.219000 0.108000 0.016000 0.021000
0 0.231000 0.121000 0.016000 0.021000
0 0.238000 0.142000 0.016000 0.021000
0 0.231000 0.156000 0.016000 0.021000
0 0.213000 0.177000 0.016000 0.021000
0 0.177000 0.113000 0.016000 0.021000
0 0.273000 0.133000 0.016000 0.021000
0 0.284000 0.119000 0.016000 0.021000
0 0.292000 0.129000 0.016000 0.021000
0 0.311000 0.131000 0.016000 0.021000
0 0.330000 0.123000 0.016000 0.021000
0 0.352000 0.160000 0.016000 0.021000
0 0.283000 0.196000 0.016000 0.021000
0 0.298000 0.179000 0.016000 0.021000
0 0.380000 0.217000 0.016000 0.021000
0 0.377000 0.202000 0.016000 0.021000
0 0.391000 0.177000 0.016000 0.021000
0 0.422000 0.146000 0.016000 0.021000
0 0.428000 0.125000 0.016000 0.021000
0 0.403000 0.110000 0.016000 0.021000
0 0.384000 0.117000 0.016000 0.021000
0 0.436000 0.148000 0.016000 0.021000
0 0.453000 0.188000 0.016000 0.021000
0 0.467000 0.204000 0.016000 0.021000
0 0.452000 0.215000 0.016000 0.021000
0 0.438000 0.244000 0.016000 0.021000
0 0.423000 0.240000 0.016000 0.021000
0 0.519000 0.212000 0.016000 0.021000
0 0.516000 0.229000 0.016000 0.021000
0 0.486000 0.265000 0.016000 0.021000
0 0.491000 0.281000 0.016000 0.021000
0 0.492000 0.296000 0.016000 0.021000
0 0.556000 0.223000 0.016000 0.021000
0 0.564000 0.188000 0.016000 0.021000
0 0.564000 0.156000 0.016000 0.021000
0 0.663000 0.244000 0.016000 0.021000
0 0.703000 0.265000 0.016000 0.021000
0 0.703000 0.290000 0.016000 0.021000
0 0.714000 0.390000 0.016000 0.021000
0 0.642000 0.342000 0.016000 0.021000
0 0.583000 0.319000 0.016000 0.021000
0 0.561000 0.365000 0.016000 0.021000
0 0.603000 0.398000 0.016000 0.021000
0 0.633000 0.385000 0.016000 0.021000
0 0.645000 0.425000 0.016000 0.021000
0 0.645000 0.425000 0.016000 0.021000
0 0.452000 0.383000 0.016000 0.021000
0 0.438000 0.383000 0.016000 0.021000
0 0.431000 0.371000 0.016000 0.021000
0 0.741000 0.510000 0.016000 0.021000
0 0.747000 0.498000 0.016000 0.021000
0 0.720000 0.558000 0.016000 0.021000
0 0.642000 0.525000 0.016000 0.021000
0 0.633000 0.512000 0.016000 0.021000
0 0.639000 0.494000 0.016000 0.021000
0 0.608000 0.452000 0.016000 0.021000
0 0.589000 0.485000 0.016000 0.021000
0 0.570000 0.481000 0.016000 0.021000
0 0.561000 0.496000 0.016000 0.021000
0 0.484000 0.492000 0.016000 0.021000
0 0.548000 0.435000 0.016000 0.021000
0 0.558000 0.425000 0.016000 0.021000
0 0.519000 0.412000 0.016000 0.021000
0 0.513000 0.396000 0.016000 0.021000
0 0.503000 0.408000 0.016000 0.021000
0 0.475000 0.388000 0.016000 0.021000
0 0.433000 0.340000 0.016000 0.021000
0 0.433000 0.300000 0.016000 0.021000
0 0.373000 0.300000 0.016000 0.021000
0 0.350000 0.281000 0.016000 0.021000
0 0.381000 0.344000 0.016000 0.021000
0 0.436000 0.415000 0.016000 0.021000
0 0.433000 0.487000 0.016000 0.021000
0 0.409000 0.510000 0.016000 0.021000
0 0.372000 0.460000 0.016000 0.021000
0 0.386000 0.454000 0.016000 0.021000
0 0.330000 0.421000 0.016000 0.021000
0 0.281000 0.398000 0.016000 0.021000
0 0.269000 0.373000 0.016000 0.021000
0 0.275000 0.335000 0.016000 0.021000
0 0.263000 0.325000 0.016000 0.021000
0 0.247000 0.392000 0.016000 0.021000
0 0.217000 0.425000 0.016000 0.021000
0 0.217000 0.433000 0.016000 0.021000
0 0.197000 0.446000 0.016000 0.021000
0 0.189000 0.438000 0.016000 0.021000
0 0.181000 0.404000 0.016000 0.021000
0 0.194000 0.475000 0.016000 0.021000
0 0.244000 0.502000 0.016000 0.021000
0 0.250000 0.446000 0.016000 0.021000
0 0.286000 0.469000 0.016000 0.021000
0 0.303000 0.462000 0.016000 0.021000
0 0.248000 0.677000 0.016000 0.021000
0 0.263000 0.688000 0.016000 0.021000
0 0.263000 0.713000 0.016000 0.021000
0 0.291000 0.706000 0.016000 0.021000
0 0.305000 0.731000 0.016000 0.021000
0 0.314000 0.740000 0.016000 0.021000
0 0.314000 0.688000 0.016000 0.021000
0 0.350000 0.650000 0.016000 0.021000
0 0.408000 0.723000 0.016000 0.021000
0 0.391000 0.681000 0.016000 0.021000
0 0.416000 0.615000 0.016000 0.021000
0 0.442000 0.637000 0.016000 0.021000
0 0.477000 0.621000 0.016000 0.021000
0 0.486000 0.625000 0.016000 0.021000
0 0.452000 0.577000 0.016000 0.021000
0 0.438000 0.565000 0.016000 0.021000
0 0.483000 0.542000 0.016000 0.021000
0 0.492000 0.523000 0.016000 0.021000
0 0.516000 0.558000 0.016000 0.021000
0 0.541000 0.604000 0.016000 0.021000
0 0.586000 0.637000 0.016000 0.021000
0 0.536000 0.667000 0.016000 0.021000
0 0.542000 0.642000 0.016000 0.021000
0 0.602000 0.644000 0.016000 0.021000
0 0.625000 0.629000 0.016000 0.021000
0 0.639000 0.606000 0.016000 0.021000
0 0.617000 0.662000 0.016000 0.021000
0 0.722000 0.746000 0.016000 0.021000
0 0.194000 0.946000 0.016000 0.021000
0 0.036000 0.702000 0.016000 0.021000
0 0.970000 0.073000 0.016000 0.021000
0 0.984000 0.158000 0.016000 0.021000
0 0.978000 0.181000 0.016000 0.021000
0 0.966000 0.188000 0.016000 0.021000
0 0.953000 0.188000 0.016000 0.021000
0 0.953000 0.204000 0.016000 0.021000
0 0.934000 0.221000 0.016000 0.021000
0 0.931000 0.244000 0.016000 0.021000
0 0.981000 0.256000 0.016000 0.021000
0 0.983000 0.294000 0.016000 0.021000
0 0.959000 0.383000 0.016000 0.021000
0 0.967000 0.540000 0.016000 0.021000
0 0.988000 0.544000 0.016000 0.021000
0 0.972000 0.588000 0.016000 0.021000
0 0.970000 0.606000 0.016000 0.021000
0 0.981000 0.581000 0.016000 0.021000
0 0.973000 0.738000 0.016000 0.021000
0 0.983000 0.887000 0.016000 0.021000
0 0.963000 0.915000 0.016000 0.021000
0 0.944000 0.904000 0.016000 0.021000
0 0.914000 0.919000 0.016000 0.021000
0 0.950000 0.969000 0.016000 0.021000
0 0.961000 0.969000 0.016000 0.021000
0 0.981000 0.969000 0.016000 0.021000
0 0.841000 0.883000 0.016000 0.021000
0 0.812000 0.969000 0.016000 0.021000
0 0.756000 0.965000 0.016000 0.021000
0 0.725000 0.977000 0.016000 0.021000
0 0.789000 0.685000 0.016000 0.021000
0 0.695000 0.873000 0.016000 0.021000
0 0.595000 0.965000 0.016000 0.021000
0 0.566000 0.979000 0.016000 0.021000
0 0.517000 0.896000 0.016000 0.021000
0 0.339000 0.975000 0.016000 0.021000
0 0.450000 0.750000 0.016000 0.021000
0 0.413000 0.688000 0.016000 0.021000
0 0.409000 0.675000 0.016000 0.021000
0 0.222000 0.979000 0.016000 0.021000
0 0.092000 0.931000 0.016000 0.021000
0 0.084000 0.925000 0.016000 0.021000
0 0.039000 0.881000 0.016000 0.021000
0 0.031000 0.787000 0.016000 0.021000
0 0.169000 0.621000 0.016000 0.021000
0 0.275000 0.608000 0.016000 0.021000
0 0.219000 0.496000 0.016000 0.021000
0 0.058000 0.442000 0.016000 0.021000
0 0.052000 0.427000 0.016000 0.021000
0 0.030000 0.348000 0.016000 0.021000
0 0.111000 0.390000 0.016000 0.021000
0 0.264000 0.052000 0.016000 0.021000
0 0.400000 0.046000 0.016000 0.021000
0 0.292000 0.440000 0.016000 0.021000
0 0.514000 0.023000 0.016000 0.021000
0 0.667000 0.035000 0.016000 0.021000
0 0.639000 0.152000 0.016000 0.021000
0 0.770000 0.113000 0.016000 0.021000
0 0.781000 0.125000 0.016000 0.021000
0 0.491000 0.571000 0.016000 0.021000
0 0.541000 0.517000 0.016000 0.021000
0 0.448000 0.633000 0.016000 0.021000
0 0.472000 0.598000 0.016000 0.021000
0 0.678000 0.619000 0.016000 0.021000
0 0.711000 0.608000 0.016000 0.021000
0 0.695000 0.554000 0.016000 0.021000
0 0.608000 0.752000 0.016000 0.021000
0 0.842000 0.179000 0.016000 0.021000
0 0.769000 0.271000 0.016000 0.021000
0 0.317000 0.181000 0.016000 0.021000
0 0.291000 0.150000 0.016000 0.021000
0 0.122000 0.404000 0.016000 0.021000
0 0.761000 0.383000 0.016000 0.021000
0 0.680000 0.698000 0.016000 0.021000
0 0.009000 0.308000 0.016000 0.021000
0 0.034000 0.019000 0.016000 0.021000
0 0.322000 0.015000 0.016000 0.021000
0 0.446484 0.741667 0.008594 0.041667
0 0.051562 0.010417 0.018750 0.018056
0 0.226172 0.014583 0.017969 0.020833
0 0.007813 0.216667 0.015625 0.025000
0 0.007031 0.150694 0.014062 0.018056
0 0.383594 0.873611 0.010937 0.030556
0 0.576563 0.697222 0.014062 0.036111
0 0.823438 0.830556 0.010937 0.036111
0 0.913281 0.985417 0.012500 0.020833
0 0.658594 0.986111 0.012500 0.016667
0 0.486328 0.981944 0.013281 0.019444
0 0.169141 0.788194 0.011719 0.037500
0 0.144922 0.459722 0.011719 0.033333
0 0.156250 0.422917 0.012500 0.034722
0 0.198828 0.542361 0.011719 0.031944
0 0.185937 0.559722 0.015625 0.022222
0 0.303125 0.262500 0.012500 0.036111
0 0.317578 0.239583 0.014844 0.031944
0 0.245703 0.218750 0.013281 0.037500
0 0.206250 0.147917 0.010937 0.031944
0 0.120703 0.082639 0.010156 0.034722
0 0.059375 0.303472 0.012500 0.031944
0 0.021094 0.661806 0.012500 0.031944
0 0.024609 0.846528 0.011719 0.034722
0 0.283594 0.802083 0.014062 0.034722
0 0.369531 0.927083 0.014062 0.037500
0 0.472266 0.743056 0.011719 0.036111
0 0.383984 0.648611 0.011719 0.027778
0 0.371094 0.681944 0.010937 0.030556
0 0.474609 0.263889 0.013281 0.022222
0 0.851563 0.011806 0.010937 0.023611
0 0.989844 0.379861 0.018750 0.020833
0 0.989453 0.474306 0.019531 0.026389
0 0.987891 0.510417 0.019531 0.020833
0 0.992969 0.720139 0.012500 0.029167
0 0.681641 0.988889 0.016406 0.022222
0 0.585938 0.990972 0.020312 0.018056
0 0.351953 0.359722 0.017969 0.033333
0 0.580859 0.245139 0.014844 0.040278
0 0.580469 0.354167 0.015625 0.033333
0 0.847266 0.252083 0.010156 0.034722
0 0.826172 0.494444 0.013281 0.036111
0 0.802344 0.486806 0.015625 0.034722
0 0.906641 0.660417 0.013281 0.031944
0 0.902344 0.782639 0.012500 0.034722
0 0.988672 0.234028 0.010156 0.031944
0 0.732422 0.922222 0.013281 0.027778
0 0.331250 0.089583 0.012500 0.029167
0 0.100391 0.809028 0.013281 0.031944
0 0.160547 0.136111 0.013281 0.027778
0 0.158203 0.104167 0.010156 0.027778
0 0.028125 0.083333 0.010937 0.027778
0 0.664453 0.682639 0.010156 0.029167
0 0.674609 0.676389 0.010156 0.033333
0 0.733594 0.681250 0.009375 0.029167
0 0.971094 0.835417 0.010937 0.031944
0 0.965234 0.785417 0.013281 0.029167
0 0.793359 0.534028 0.010156 0.026389
0 0.676953 0.189583 0.011719 0.031944
0 0.773047 0.078472 0.011719 0.029167
0 0.796484 0.027083 0.010156 0.031944
0 0.810547 0.122917 0.011719 0.034722
0 0.915234 0.431944 0.013281 0.030556
0 0.079297 0.856250 0.013281 0.023611
0 0.073437 0.844444 0.012500 0.027778
0 0.017188 0.895139 0.014062 0.029167
0 0.522656 0.952778 0.015625 0.019444
0 0.384375 0.482639 0.012500 0.026389
0 0.941797 0.607639 0.010156 0.034722
0 0.729297 0.574306 0.010156 0.026389
0 0.642187 0.702083 0.012500 0.026389
0 0.532812 0.536111 0.010937 0.025000
0 0.524609 0.485417 0.011719 0.029167
0 0.416406 0.409028 0.010937 0.023611
0 0.568359 0.567361 0.013281 0.031944
0 0.535937 0.580556 0.010937 0.025000
0 0.858594 0.900000 0.012500 0.033333
0 0.817578 0.915972 0.011719 0.031944
0 0.730078 0.031250 0.010156 0.034722
0 0.583984 0.034722 0.013281 0.030556
0 0.305078 0.392361 0.011719 0.029167
0 0.744922 0.431250 0.014844 0.026389
0 0.128516 0.809028 0.011719 0.029167
0 0.125000 0.838194 0.012500 0.023611
0 0.148828 0.574306 0.011719 0.040278
0 0.387109 0.823611 0.011719 0.033333
0 0.876562 0.752083 0.010937 0.034722
0 0.532812 0.165278 0.012500 0.036111
0 0.660156 0.727778 0.017188 0.025000
0 0.193359 0.695139 0.019531 0.023611
0 0.113281 0.514583 0.017188 0.026389
0 0.763281 0.190278 0.012500 0.044444
0 0.554688 0.773611 0.018750 0.027778
0 0.759375 0.786111 0.012500 0.041667
0 0.310156 0.790278 0.015625 0.038889
0 0.739062 0.305556 0.018750 0.033333
0 0.621094 0.229167 0.015625 0.027778
0 0.182422 0.207639 0.011719 0.037500
0 0.150391 0.018750 0.017969 0.026389
0 0.344531 0.050694 0.015625 0.026389
0 0.433203 0.027083 0.011719 0.026389
0 0.210156 0.289583 0.012500 0.026389
0 0.041016 0.459028 0.000781 0.001389
0 0.044531 0.474306 0.010937 0.034722
0 0.723047 0.802778 0.014844 0.022222
0 0.411328 0.295139 0.013281 0.034722
0 0.937891 0.952083 0.017969 0.023611
0 0.969922 0.028472 0.017969 0.034722
0 0.832812 0.267361 0.015625 0.029167
0 0.668750 0.338889 0.017188 0.019444
0 0.077734 0.961806 0.016406 0.026389
0 0.231641 0.965972 0.013281 0.029167
0 0.636328 0.926389 0.017969 0.016667
0 0.634375 0.938889 0.009375 0.033333
0 0.631250 0.964583 0.012500 0.031944
0 0.648047 0.957639 0.011719 0.023611
0 0.658984 0.959028 0.013281 0.026389
0 0.646875 0.911806 0.018750 0.023611
0 0.326172 0.503472 0.013281 0.034722
0 0.881250 0.959028 0.018750 0.029167
0 0.989844 0.617361 0.009375 0.045833
0 0.872266 0.365972 0.010156 0.040278
0 0.230859 0.281944 0.014844 0.036111
0 0.253125 0.123611 0.012500 0.027778
0 0.393359 0.597222 0.019531 0.019444
0 0.539453 0.357639 0.013281 0.020833
0 0.795703 0.246528 0.010156 0.026389
0 0.122266 0.505556 0.016406 0.022222
0 0.309766 0.529167 0.007031 0.025000
0 0.312891 0.527778 0.013281 0.016667
0 0.682813 0.152778 0.010937 0.027778
0 0.666016 0.495139 0.011719 0.026389
0 0.666797 0.477778 0.013281 0.027778
