0 0.952000 0.046000 0.016000 0.021000
0 0.948000 0.065000 0.016000 0.021000
0 0.980000 0.090000 0.016000 0.021000
0 0.958000 0.094000 0.016000 0.021000
0 0.969000 0.115000 0.016000 0.021000
0 0.891000 0.077000 0.016000 0.021000
0 0.888000 0.058000 0.016000 0.021000
0 0.917000 0.142000 0.016000 0.021000
0 0.927000 0.140000 0.016000 0.021000
0 0.919000 0.163000 0.016000 0.021000
0 0.928000 0.160000 0.016000 0.021000
0 0.966000 0.196000 0.016000 0.021000
0 0.956000 0.194000 0.016000 0.021000
0 0.983000 0.198000 0.016000 0.021000
0 0.977000 0.233000 0.016000 0.021000
0 0.955000 0.217000 0.016000 0.021000
0 0.938000 0.233000 0.016000 0.021000
0 0.938000 0.265000 0.016000 0.021000
0 0.948000 0.277000 0.016000 0.021000
0 0.894000 0.198000 0.016000 0.021000
0 0.867000 0.163000 0.016000 0.021000
0 0.819000 0.071000 0.016000 0.021000
0 0.775000 0.035000 0.016000 0.021000
0 0.695000 0.056000 0.016000 0.021000
0 0.683000 0.025000 0.016000 0.021000
0 0.673000 0.054000 0.016000 0.021000
0 0.678000 0.065000 0.016000 0.021000
0 0.663000 0.067000 0.016000 0.021000
0 0.723000 0.077000 0.016000 0.021000
0 0.769000 0.077000 0.016000 0.021000
0 0.767000 0.092000 0.016000 0.021000
0 0.808000 0.150000 0.016000 0.021000
0 0.814000 0.160000 0.016000 0.021000
0 0.902000 0.098000 0.016000 0.021000
0 0.897000 0.254000 0.016000 0.021000
0 0.873000 0.258000 0.016000 0.021000
0 0.855000 0.256000 0.016000 0.021000
0 0.834000 0.248000 0.016000 0.021000
0 0.717000 0.106000 0.016000 0.021000
0 0.706000 0.140000 0.016000 0.021000
0 0.719000 0.171000 0.016000 0.021000
0 0.534000 0.071000 0.016000 0.021000
0 0.411000 0.060000 0.016000 0.021000
0 0.402000 0.079000 0.016000 0.021000
0 0.600000 0.156000 0.016000 0.021000
0 0.873000 0.281000 0.016000 0.021000
0 0.814000 0.292000 0.016000 0.021000
0 0.764000 0.277000 0.016000 0.021000
0 0.669000 0.258000 0.016000 0.021000
0 0.611000 0.256000 0.016000 0.021000
0 0.544000 0.250000 0.016000 0.021000
0 0.503000 0.235000 0.016000 0.021000
0 0.434000 0.169000 0.016000 0.021000
0 0.414000 0.175000 0.016000 0.021000
0 0.427000 0.148000 0.016000 0.021000
0 0.417000 0.140000 0.016000 0.021000
0 0.355000 0.081000 0.016000 0.021000
0 0.369000 0.144000 0.016000 0.021000
0 0.367000 0.169000 0.016000 0.021000
0 0.367000 0.179000 0.016000 0.021000
0 0.336000 0.025000 0.016000 0.021000
0 0.317000 0.050000 0.016000 0.021000
0 0.280000 0.062000 0.016000 0.021000
0 0.289000 0.073000 0.016000 0.021000
0 0.286000 0.096000 0.016000 0.021000
0 0.300000 0.117000 0.016000 0.021000
0 0.312000 0.117000 0.016000 0.021000
0 0.328000 0.196000 0.016000 0.021000
0 0.436000 0.269000 0.016000 0.021000
0 0.425000 0.290000 0.016000 0.021000
0 0.314000 0.298000 0.016000 0.021000
0 0.231000 0.113000 0.016000 0.021000
0 0.198000 0.040000 0.016000 0.021000
0 0.183000 0.054000 0.016000 0.021000
0 0.203000 0.060000 0.016000 0.021000
0 0.208000 0.121000 0.016000 0.021000
0 0.217000 0.135000 0.016000 0.021000
0 0.183000 0.121000 0.016000 0.021000
0 0.173000 0.100000 0.016000 0.021000
0 0.163000 0.085000 0.016000 0.021000
0 0.131000 0.056000 0.016000 0.021000
0 0.120000 0.065000 0.016000 0.021000
0 0.072000 0.033000 0.016000 0.021000
0 0.048000 0.102000 0.016000 0.021000
0 0.069000 0.142000 0.016000 0.021000
0 0.059000 0.150000 0.016000 0.021000
0 0.080000 0.140000 0.016000 0.021000
0 0.069000 0.265000 0.016000 0.021000
0 0.059000 0.287000 0.016000 0.021000
0 0.080000 0.306000 0.016000 0.021000
0 0.055000 0.325000 0.016000 0.021000
0 0.219000 0.173000 0.016000 0.021000
0 0.220000 0.223000 0.016000 0.021000
0 0.200000 0.235000 0.016000 0.021000
0 0.147000 0.327000 0.016000 0.021000
0 0.158000 0.333000 0.016000 0.021000
0 0.178000 0.335000 0.016000 0.021000
0 0.183000 0.344000 0.016000 0.021000
0 0.159000 0.346000 0.016000 0.021000
0 0.244000 0.321000 0.016000 0.021000
0 0.920000 0.385000 0.016000 0.021000
0 0.908000 0.377000 0.016000 0.021000
0 0.900000 0.400000 0.016000 0.021000
0 0.861000 0.354000 0.016000 0.021000
0 0.844000 0.340000 0.016000 0.021000
0 0.845000 0.315000 0.016000 0.021000
0 0.833000 0.331000 0.016000 0.021000
0 0.817000 0.340000 0.016000 0.021000
0 0.798000 0.350000 0.016000 0.021000
0 0.789000 0.373000 0.016000 0.021000
0 0.839000 0.433000 0.016000 0.021000
0 0.863000 0.540000 0.016000 0.021000
0 0.909000 0.552000 0.016000 0.021000
0 0.925000 0.573000 0.016000 0.021000
0 0.980000 0.571000 0.016000 0.021000
0 0.925000 0.738000 0.016000 0.021000
0 0.913000 0.742000 0.016000 0.021000
0 0.881000 0.683000 0.016000 0.021000
0 0.864000 0.677000 0.016000 0.021000
0 0.892000 0.796000 0.016000 0.021000
0 0.881000 0.821000 0.016000 0.021000
0 0.916000 0.850000 0.016000 0.021000
0 0.919000 0.881000 0.016000 0.021000
0 0.919000 0.925000 0.016000 0.021000
0 0.898000 0.925000 0.016000 0.021000
0 0.883000 0.894000 0.016000 0.021000
0 0.875000 0.865000 0.016000 0.021000
0 0.895000 0.858000 0.016000 0.021000
0 0.861000 0.756000 0.016000 0.021000
0 0.853000 0.748000 0.016000 0.021000
0 0.841000 0.760000 0.016000 0.021000
0 0.830000 0.748000 0.016000 0.021000
0 0.817000 0.892000 0.016000 0.021000
0 0.795000 0.906000 0.016000 0.021000
0 0.825000 0.721000 0.016000 0.021000
0 0.817000 0.713000 0.016000 0.021000
0 0.817000 0.529000 0.016000 0.021000
0 0.808000 0.531000 0.016000 0.021000
0 0.713000 0.402000 0.016000 0.021000
0 0.713000 0.375000 0.016000 0.021000
0 0.694000 0.404000 0.016000 0.021000
0 0.691000 0.444000 0.016000 0.021000
0 0.714000 0.460000 0.016000 0.021000
0 0.733000 0.475000 0.016000 0.021000
0 0.719000 0.510000 0.016000 0.021000
0 0.719000 0.546000 0.016000 0.021000
0 0.764000 0.583000 0.016000 0.021000
0 0.778000 0.619000 0.016000 0.021000
0 0.777000 0.658000 0.016000 0.021000
0 0.802000 0.727000 0.016000 0.021000
0 0.788000 0.731000 0.016000 0.021000
0 0.756000 0.727000 0.016000 0.021000
0 0.758000 0.950000 0.016000 0.021000
0 0.736000 0.931000 0.016000 0.021000
0 0.812000 0.958000 0.016000 0.021000
0 0.833000 0.954000 0.016000 0.021000
0 0.844000 0.960000 0.016000 0.021000
0 0.881000 0.931000 0.016000 0.021000
0 0.748000 0.671000 0.016000 0.021000
0 0.744000 0.660000 0.016000 0.021000
0 0.711000 0.619000 0.016000 0.021000
0 0.688000 0.581000 0.016000 0.021000
0 0.678000 0.590000 0.016000 0.021000
0 0.683000 0.621000 0.016000 0.021000
0 0.698000 0.640000 0.016000 0.021000
0 0.680000 0.710000 0.016000 0.021000
0 0.678000 0.725000 0.016000 0.021000
0 0.678000 0.765000 0.016000 0.021000
0 0.684000 0.823000 0.016000 0.021000
0 0.711000 0.879000 0.016000 0.021000
0 0.677000 0.892000 0.016000 0.021000
0 0.684000 0.925000 0.016000 0.021000
0 0.614000 0.862000 0.016000 0.021000
0 0.584000 0.871000 0.016000 0.021000
0 0.667000 0.790000 0.016000 0.021000
0 0.655000 0.769000 0.016000 0.021000
0 0.639000 0.769000 0.016000 0.021000
0 0.652000 0.802000 0.016000 0.021000
0 0.598000 0.771000 0.016000 0.021000
0 0.550000 0.792000 0.016000 0.021000
0 0.559000 0.758000 0.016000 0.021000
0 0.555000 0.762000 0.016000 0.021000
0 0.634000 0.675000 0.016000 0.021000
0 0.530000 0.710000 0.016000 0.021000
0 0.537000 0.692000 0.016000 0.021000
0 0.548000 0.681000 0.016000 0.021000
0 0.523000 0.646000 0.016000 0.021000
0 0.539000 0.648000 0.016000 0.021000
0 0.555000 0.621000 0.016000 0.021000
0 0.602000 0.558000 0.016000 0.021000
0 0.614000 0.485000 0.016000 0.021000
0 0.656000 0.458000 0.016000 0.021000
0 0.648000 0.479000 0.016000 0.021000
0 0.619000 0.438000 0.016000 0.021000
0 0.630000 0.431000 0.016000 0.021000
0 0.580000 0.362000 0.016000 0.021000
0 0.555000 0.325000 0.016000 0.021000
0 0.531000 0.323000 0.016000 0.021000
0 0.548000 0.523000 0.016000 0.021000
0 0.544000 0.471000 0.016000 0.021000
0 0.552000 0.433000 0.016000 0.021000
0 0.527000 0.458000 0.016000 0.021000
0 0.514000 0.398000 0.016000 0.021000
0 0.572000 0.483000 0.016000 0.021000
0 0.555000 0.500000 0.016000 0.021000
0 0.492000 0.412000 0.016000 0.021000
0 0.478000 0.400000 0.016000 0.021000
0 0.467000 0.404000 0.016000 0.021000
0 0.445000 0.373000 0.016000 0.021000
0 0.450000 0.406000 0.016000 0.021000
0 0.434000 0.452000 0.016000 0.021000
0 0.481000 0.560000 0.016000 0.021000
0 0.469000 0.546000 0.016000 0.021000
0 0.411000 0.388000 0.016000 0.021000
0 0.344000 0.325000 0.016000 0.021000
0 0.323000 0.348000 0.016000 0.021000
0 0.241000 0.348000 0.016000 0.021000
0 0.167000 0.396000 0.016000 0.021000
0 0.167000 0.373000 0.016000 0.021000
0 0.117000 0.367000 0.016000 0.021000
0 0.072000 0.338000 0.016000 0.021000
0 0.066000 0.369000 0.016000 0.021000
0 0.044000 0.506000 0.016000 0.021000
0 0.147000 0.481000 0.016000 0.021000
0 0.120000 0.531000 0.016000 0.021000
0 0.116000 0.552000 0.016000 0.021000
0 0.219000 0.408000 0.016000 0.021000
0 0.239000 0.412000 0.016000 0.021000
0 0.261000 0.398000 0.016000 0.021000
0 0.264000 0.415000 0.016000 0.021000
0 0.242000 0.444000 0.016000 0.021000
0 0.231000 0.458000 0.016000 0.021000
0 0.297000 0.425000 0.016000 0.021000
0 0.300000 0.442000 0.016000 0.021000
0 0.331000 0.465000 0.016000 0.021000
0 0.386000 0.454000 0.016000 0.021000
0 0.414000 0.442000 0.016000 0.021000
0 0.416000 0.467000 0.016000 0.021000
0 0.381000 0.335000 0.016000 0.021000
0 0.420000 0.523000 0.016000 0.021000
0 0.409000 0.535000 0.016000 0.021000
0 0.395000 0.535000 0.016000 0.021000
0 0.380000 0.550000 0.016000 0.021000
0 0.372000 0.550000 0.016000 0.021000
0 0.363000 0.508000 0.016000 0.021000
0 0.211000 0.554000 0.016000 0.021000
0 0.177000 0.550000 0.016000 0.021000
0 0.170000 0.575000 0.016000 0.021000
0 0.188000 0.613000 0.016000 0.021000
0 0.247000 0.608000 0.016000 0.021000
0 0.172000 0.650000 0.016000 0.021000
0 0.156000 0.656000 0.016000 0.021000
0 0.133000 0.656000 0.016000 0.021000
0 0.117000 0.646000 0.016000 0.021000
0 0.106000 0.562000 0.016000 0.021000
0 0.077000 0.735000 0.016000 0.021000
0 0.016000 0.742000 0.016000 0.021000
0 0.091000 0.744000 0.016000 0.021000
0 0.128000 0.706000 0.016000 0.021000
0 0.169000 0.723000 0.016000 0.021000
0 0.127000 0.765000 0.016000 0.021000
0 0.131000 0.835000 0.016000 0.021000
0 0.188000 0.790000 0.016000 0.021000
0 0.261000 0.746000 0.016000 0.021000
0 0.305000 0.631000 0.016000 0.021000
0 0.317000 0.631000 0.016000 0.021000
0 0.372000 0.581000 0.016000 0.021000
0 0.422000 0.598000 0.016000 0.021000
0 0.361000 0.654000 0.016000 0.021000
0 0.423000 0.762000 0.016000 0.021000
0 0.481000 0.756000 0.016000 0.021000
0 0.494000 0.779000 0.016000 0.021000
0 0.470000 0.781000 0.016000 0.021000
0 0.461000 0.808000 0.016000 0.021000
0 0.444000 0.815000 0.016000 0.021000
0 0.672000 0.967000 0.016000 0.021000
0 0.645000 0.938000 0.016000 0.021000
0 0.463000 0.933000 0.016000 0.021000
0 0.458000 0.958000 0.016000 0.021000
0 0.434000 0.862000 0.016000 0.021000
0 0.459000 0.906000 0.016000 0.021000
0 0.523000 0.904000 0.016000 0.021000
0 0.461000 0.588000 0.016000 0.021000
0 0.214000 0.852000 0.016000 0.021000
0 0.272000 0.881000 0.016000 0.021000
0 0.252000 0.906000 0.016000 0.021000
0 0.142000 0.912000 0.016000 0.021000
0 0.061000 0.873000 0.016000 0.021000
0 0.044000 0.867000 0.016000 0.021000
0 0.286000 0.933000 0.016000 0.021000
0 0.361000 0.929000 0.016000 0.021000
0 0.358000 0.952000 0.016000 0.021000
0 0.017000 0.248000 0.016000 0.021000
0 0.020000 0.027000 0.016000 0.021000
0 0.019000 0.946000 0.016000 0.021000
0 0.169000 0.910000 0.016000 0.021000
0 0.223000 0.979000 0.016000 0.021000
0 0.533000 0.971000 0.016000 0.021000
0 0.586000 0.958000 0.016000 0.021000
0 0.642000 0.958000 0.016000 0.021000
0 0.691000 0.958000 0.016000 0.021000
0 0.881000 0.975000 0.016000 0.021000
0 0.869000 0.969000 0.016000 0.021000
0 0.917000 0.967000 0.016000 0.021000
0 0.958000 0.875000 0.016000 0.021000
0 0.970000 0.869000 0.016000 0.021000
0 0.908000 0.892000 0.016000 0.021000
0 0.909000 0.938000 0.016000 0.021000
0 0.984000 0.608000 0.016000 0.021000
0 0.281000 0.042000 0.016000 0.021000
0 0.048000 0.942000 0.016000 0.021000
0 0.450000 0.796000 0.016000 0.021000
0 0.584000 0.738000 0.016000 0.021000
0 0.970000 0.979000 0.016000 0.021000
0 0.944000 0.971000 0.016000 0.021000
0 0.016000 0.121000 0.016000 0.021000
0 0.236000 0.198000 0.016000 0.021000
0 0.345000 0.652000 0.016000 0.021000
0 0.598000 0.860000 0.016000 0.021000
0 0.558000 0.792000 0.016000 0.021000
0 0.952000 0.885000 0.016000 0.021000
0 0.944000 0.858000 0.016000 0.021000
0 0.973000 0.844000 0.016000 0.021000
0 0.427000 0.275000 0.016000 0.021000
0 0.942000 0.071000 0.016000 0.021000
0 0.936000 0.075000 0.016000 0.021000
0 0.832031 0.978472 0.014062 0.018056
0 0.307813 0.013194 0.018750 0.026389
0 0.633203 0.015972 0.014844 0.020833
0 0.698828 0.015972 0.013281 0.026389
0 0.427734 0.983333 0.014844 0.033333
0 0.498047 0.987500 0.016406 0.025000
0 0.723828 0.223611 0.011719 0.038889
0 0.930078 0.340972 0.008594 0.037500
0 0.957031 0.365278 0.010937 0.033333
0 0.306250 0.581250 0.010937 0.029167
0 0.005859 0.024306 0.010156 0.031944
0 0.004688 0.552778 0.007813 0.036111
0 0.961719 0.688889 0.010937 0.038889
0 0.934375 0.681944 0.012500 0.030556
0 0.456641 0.323611 0.011719 0.030556
0 0.462891 0.287500 0.014844 0.019444
0 0.993359 0.727083 0.013281 0.020833
0 0.012500 0.550000 0.009375 0.030556
0 0.021875 0.565278 0.010937 0.036111
0 0.630469 0.965278 0.015625 0.025000
0 0.580859 0.986806 0.017969 0.018056
0 0.275000 0.963889 0.010937 0.030556
0 0.089844 0.985417 0.017188 0.018056
0 0.082813 0.955556 0.012500 0.030556
0 0.454297 0.169444 0.010156 0.036111
0 0.102734 0.136806 0.010156 0.029167
0 0.132813 0.179167 0.010937 0.033333
0 0.035547 0.220139 0.010156 0.026389
0 0.051172 0.231944 0.008594 0.027778
0 0.100391 0.253472 0.011719 0.029167
0 0.074219 0.409722 0.010937 0.033333
0 0.020703 0.625694 0.011719 0.037500
0 0.033594 0.540972 0.010937 0.031944
0 0.075391 0.493056 0.014844 0.022222
0 0.296484 0.670833 0.011719 0.033333
0 0.221875 0.659722 0.017188 0.025000
0 0.212500 0.734722 0.009375 0.025000
0 0.207422 0.754167 0.010156 0.030556
0 0.103516 0.902778 0.011719 0.027778
0 0.085938 0.911806 0.010937 0.029167
0 0.060156 0.106944 0.010937 0.027778
0 0.101953 0.027778 0.016406 0.019444
0 0.109766 0.010417 0.021094 0.020833
0 0.363672 0.111111 0.017969 0.019444
0 0.351563 0.223611 0.010937 0.033333
0 0.296484 0.141667 0.014844 0.030556
0 0.207031 0.181250 0.012500 0.023611
0 0.167969 0.208333 0.017188 0.022222
0 0.508984 0.186111 0.013281 0.027778
0 0.529297 0.286111 0.010156 0.030556
0 0.539844 0.223611 0.012500 0.033333
0 0.627344 0.138889 0.006250 0.025000
0 0.621094 0.153472 0.007813 0.037500
0 0.431641 0.247222 0.008594 0.030556
0 0.622266 0.087500 0.011719 0.019444
0 0.609766 0.085417 0.013281 0.018056
0 0.739453 0.114583 0.016406 0.023611
0 0.753125 0.120833 0.010937 0.025000
0 0.765625 0.118750 0.009375 0.023611
0 0.764844 0.180556 0.014062 0.019444
0 0.789453 0.143056 0.013281 0.030556
0 0.816406 0.131250 0.015625 0.023611
0 0.873047 0.013194 0.017969 0.012500
0 0.784766 0.333333 0.011719 0.022222
0 0.793750 0.325000 0.015625 0.019444
0 0.871094 0.310417 0.018750 0.020833
0 0.645312 0.227083 0.009375 0.034722
0 0.660156 0.427778 0.010937 0.027778
0 0.798047 0.527083 0.010156 0.029167
0 0.664453 0.284722 0.008594 0.041667
0 0.519531 0.595833 0.009375 0.033333
0 0.577734 0.570139 0.011719 0.026389
0 0.596875 0.529167 0.009375 0.030556
0 0.595703 0.697222 0.010156 0.036111
0 0.534766 0.740972 0.014844 0.031944
0 0.497266 0.714583 0.008594 0.034722
0 0.403125 0.710417 0.010937 0.031944
0 0.351563 0.359722 0.010937 0.033333
0 0.275391 0.537500 0.011719 0.033333
0 0.238281 0.533333 0.015625 0.025000
0 0.320703 0.597917 0.013281 0.029167
0 0.340234 0.415278 0.013281 0.025000
0 0.492188 0.370833 0.015625 0.025000
0 0.586328 0.241667 0.016406 0.019444
0 0.847266 0.795139 0.011719 0.034722
0 0.913281 0.656944 0.014062 0.019444
0 0.915234 0.667361 0.010156 0.031944
0 0.980859 0.679167 0.008594 0.033333
0 0.962109 0.525694 0.010156 0.031944
0 0.928125 0.475694 0.009375 0.031944
0 0.932031 0.470139 0.014062 0.015278
0 0.995313 0.484722 0.007813 0.038889
0 0.922656 0.264583 0.010937 0.034722
0 0.961719 0.165278 0.010937 0.036111
0 0.910156 0.127083 0.010937 0.026389
0 0.841406 0.049306 0.012500 0.031944
0 0.665625 0.466667 0.014062 0.025000
0 0.705469 0.669444 0.014062 0.030556
0 0.755078 0.611111 0.011719 0.033333
0 0.774219 0.736806 0.010937 0.029167
0 0.767969 0.786111 0.014062 0.027778
0 0.715625 0.798611 0.010937 0.027778
0 0.705859 0.761111 0.013281 0.022222
0 0.644922 0.568056 0.011719 0.030556
0 0.871484 0.451389 0.011719 0.027778
0 0.826563 0.445139 0.012500 0.029167
0 0.806250 0.490972 0.012500 0.026389
0 0.787500 0.693056 0.014062 0.030556
0 0.692187 0.197222 0.010937 0.033333
0 0.658203 0.101389 0.013281 0.022222
0 0.363672 0.473611 0.011719 0.027778
0 0.162500 0.500000 0.012500 0.030556
0 0.205469 0.812500 0.015625 0.019444
0 0.426562 0.802778 0.010937 0.025000
0 0.760938 0.043750 0.009375 0.026389
0 0.822266 0.185417 0.011719 0.031944
0 0.474609 0.281250 0.011719 0.026389
0 0.262109 0.360417 0.010156 0.031944
0 0.249609 0.465278 0.011719 0.025000
0 0.371484 0.654167 0.010156 0.025000
0 0.820703 0.544444 0.014844 0.019444
0 0.828125 0.550694 0.009375 0.026389
0 0.875000 0.505556 0.009375 0.027778
0 0.893750 0.509722 0.012500 0.030556
0 0.852344 0.510417 0.015625 0.020833
0 0.862109 0.500694 0.014844 0.023611
0 0.783203 0.395139 0.013281 0.029167
0 0.752344 0.444444 0.012500 0.027778
0 0.512891 0.429167 0.010156 0.030556
0 0.678906 0.279861 0.012500 0.031944
0 0.579687 0.169444 0.010937 0.027778
0 0.585156 0.177778 0.014062 0.025000
0 0.481641 0.083333 0.014844 0.022222
0 0.484375 0.124306 0.015625 0.029167
0 0.423047 0.101389 0.011719 0.027778
0 0.445313 0.097222 0.015625 0.030556
0 0.444922 0.045833 0.013281 0.027778
0 0.426172 0.648611 0.013281 0.027778
0 0.480469 0.495833 0.010937 0.033333
0 0.510547 0.504167 0.008594 0.025000
0 0.502734 0.524306 0.008594 0.031944
0 0.531641 0.535417 0.016406 0.020833
0 0.723437 0.279167 0.014062 0.033333
0 0.790625 0.079861 0.015625 0.020833
0 0.855078 0.082639 0.011719 0.029167
0 0.617188 0.822222 0.010937 0.030556
0 0.639063 0.888889 0.009375 0.027778
0 0.381641 0.822917 0.013281 0.029167
0 0.226953 0.930556 0.011719 0.027778
0 0.201953 0.925000 0.013281 0.025000
0 0.104297 0.661111 0.013281 0.030556
0 0.298438 0.406250 0.009375 0.026389
0 0.627734 0.877083 0.013281 0.029167
0 0.042578 0.118056 0.011719 0.033333
0 0.642969 0.356944 0.017188 0.022222
0 0.693750 0.472222 0.010937 0.038889
0 0.871875 0.559028 0.014062 0.023611
0 0.620703 0.115278 0.010156 0.019444
0 0.614453 0.118750 0.011719 0.023611
0 0.944531 0.425000 0.010937 0.025000
0 0.059766 0.945833 0.010156 0.019444
0 0.633594 0.810417 0.015625 0.020833
0 0.214062 0.197917 0.009375 0.031944
