0 0.032500 0.347200 0.017200 0.020900
0 0.043100 0.392200 0.016000 0.020500
0 0.867100 0.708100 0.012700 0.024500
0 0.732500 0.718300 0.013400 0.022700
0 0.006100 0.179500 0.011300 0.021400
0 0.007200 0.709000 0.014800 0.021100
0 0.806200 0.932100 0.014500 0.022100
0 0.072200 0.170500 0.011600 0.029300
0 0.118300 0.530400 0.012700 0.025700
0 0.005200 0.731600 0.010500 0.023500
0 0.045200 0.052600 0.016800 0.020600
0 0.408400 0.142200 0.015500 0.019300
0 0.821800 0.620800 0.013300 0.023800
0 0.495400 0.540600 0.015700 0.020900
0 0.144700 0.872000 0.016400 0.022400
0 0.530100 0.331300 0.015500 0.022000
0 0.795400 0.980500 0.013900 0.024100
0 0.592100 0.304600 0.015300 0.022000
0 0.083700 0.668600 0.015400 0.025400
0 0.097600 0.431100 0.014500 0.021000
0 0.818900 0.728900 0.012900 0.026300
0 0.957500 0.467800 0.016200 0.021600
0 0.169400 0.556300 0.014500 0.023600
0 0.006000 0.390100 0.010600 0.025100
0 0.068400 0.495300 0.015900 0.023300
0 0.659500 0.707500 0.013700 0.021600
0 0.109500 0.107400 0.013600 0.022700
0 0.921900 0.293900 0.014100 0.022200
0 0.396800 0.768700 0.014400 0.024400
0 0.890800 0.772300 0.015700 0.021800
0 0.833000 0.519400 0.016100 0.022400
0 0.746300 0.858000 0.014700 0.020900
0 0.103000 0.783900 0.015000 0.022300
0 0.604700 0.407100 0.014200 0.021100
0 0.759200 0.843700 0.012300 0.023400
0 0.093600 0.106000 0.015000 0.022800
0 0.331000 0.469700 0.014300 0.022600
0 0.804300 0.808700 0.014200 0.024200
0 0.429300 0.320600 0.015300 0.020700
0 0.043300 0.559500 0.016200 0.021600
0 0.166700 0.181800 0.012400 0.027100
0 0.729000 0.933800 0.016000 0.020200
0 0.190900 0.421000 0.016100 0.023300
0 0.308800 0.729600 0.015700 0.020800
0 0.671100 0.354700 0.015100 0.019100
0 0.014800 0.194600 0.012600 0.026600
0 0.445400 0.193100 0.015200 0.022100
0 0.040500 0.604400 0.016100 0.022100
0 0.522000 0.259400 0.016800 0.018100
0 0.596200 0.926700 0.015400 0.020800
0 0.528500 0.430200 0.014100 0.023000
0 0.352900 0.057000 0.015500 0.023400
0 0.621300 0.521000 0.014700 0.019700
0 0.717900 0.816600 0.015900 0.019500
0 0.080400 0.266200 0.015600 0.020800
0 0.067900 0.541400 0.014500 0.024300
0 0.306000 0.183200 0.014600 0.023700
0 0.472000 0.958500 0.016300 0.022300
0 0.142000 0.517500 0.014400 0.023900
0 0.871800 0.521000 0.015300 0.023400
0 0.203700 0.059100 0.014600 0.022000
0 0.804700 0.095500 0.014300 0.024800
0 0.794500 0.341900 0.015600 0.023100
0 0.532300 0.816800 0.016300 0.021400
0 0.269700 0.945400 0.017700 0.019900
0 0.456800 0.365700 0.015700 0.020500
0 0.705100 0.916800 0.013800 0.025300
0 0.059000 0.207200 0.014000 0.022800
0 0.615900 0.356100 0.015100 0.020700
0 0.481100 0.643800 0.015600 0.022100
0 0.705500 0.130900 0.016200 0.022500
0 0.059600 0.306600 0.014500 0.023800
0 0.469400 0.767600 0.014900 0.022700
0 0.864700 0.682300 0.014000 0.020800
0 0.871500 0.664800 0.015300 0.021200
0 0.168000 0.681300 0.014500 0.023200
0 0.396200 0.940600 0.016700 0.022600
0 0.494500 0.692700 0.016400 0.019300
0 0.069200 0.057600 0.016100 0.021300
0 0.746300 0.840100 0.014600 0.020200
0 0.521000 0.467100 0.015400 0.022700
0 0.608200 0.653900 0.015200 0.020400
0 0.928900 0.581700 0.016000 0.023100
0 0.068500 0.615000 0.016100 0.020200
0 0.894200 0.358000 0.016900 0.020600
0 0.626700 0.944500 0.015300 0.021300
0 0.690800 0.544900 0.014600 0.020900
0 0.114900 0.055100 0.015900 0.022800
0 0.581400 0.642700 0.013700 0.024800
0 0.856100 0.468100 0.016000 0.019300
0 0.533100 0.266400 0.016800 0.017800
0 0.692300 0.509000 0.013300 0.023800
0 0.260100 0.267600 0.015400 0.023400
0 0.373000 0.604400 0.015400 0.022700
0 0.230100 0.527800 0.013800 0.022700
0 0.966500 0.704900 0.012400 0.025400
0 0.553900 0.529500 0.014600 0.021900
0 0.456900 0.232500 0.014800 0.021100
0 0.373100 0.716600 0.015600 0.021100
0 0.340700 0.054100 0.014200 0.024100
0 0.339800 0.431800 0.014500 0.022100
0 0.545800 0.440200 0.014600 0.024300
0 0.868900 0.266400 0.015200 0.022200
0 0.082100 0.602800 0.016400 0.021000
0 0.130300 0.853500 0.014100 0.024000
0 0.253000 0.580700 0.016000 0.020500
0 0.969100 0.934100 0.016000 0.023100
0 0.359800 0.389500 0.015200 0.022400
0 0.059500 0.847400 0.015700 0.022700
0 0.192500 0.519900 0.013600 0.026400
0 0.365800 0.646400 0.016600 0.020600
0 0.756500 0.432500 0.015300 0.024400
0 0.060300 0.744200 0.014000 0.023100
0 0.959200 0.593300 0.016300 0.018500
0 0.935300 0.341100 0.015100 0.020700
0 0.233000 0.491900 0.013200 0.026100
0 0.872000 0.381200 0.016300 0.019500
0 0.903000 0.905500 0.012000 0.026700
0 0.935100 0.292900 0.014000 0.021100
0 0.417800 0.815300 0.014300 0.022100
0 0.779100 0.531600 0.015400 0.022900
0 0.091600 0.208000 0.014700 0.021300
0 0.379600 0.832500 0.013600 0.026300
0 0.291400 0.103100 0.014900 0.025400
0 0.384400 0.206400 0.013900 0.022500
0 0.852000 0.921100 0.013500 0.023900
0 0.881500 0.921900 0.012300 0.026900
0 0.247700 0.807900 0.015400 0.025500
0 0.215200 0.722500 0.016600 0.021100
0 0.179800 0.818700 0.013000 0.023400
0 0.105600 0.731100 0.016000 0.022200
0 0.593900 0.078800 0.014100 0.022800
0 0.615400 0.746100 0.015300 0.020900
0 0.258000 0.457800 0.016600 0.021400
0 0.809100 0.033200 0.017200 0.022000
0 0.343800 0.807700 0.014400 0.022200
0 0.207400 0.530800 0.012900 0.025100
0 0.742100 0.358600 0.013700 0.020400
0 0.822300 0.770700 0.014800 0.020800
0 0.383700 0.669100 0.014300 0.023600
0 0.395700 0.682700 0.013900 0.024300
0 0.947800 0.616100 0.014600 0.019900
0 0.681700 0.942100 0.015000 0.022200
0 0.367100 0.817900 0.014300 0.021900
0 0.369500 0.502400 0.014300 0.021100
0 0.483600 0.353300 0.014600 0.021100
0 0.510300 0.721600 0.014800 0.023900
0 0.093000 0.803900 0.015500 0.021600
0 0.554000 0.255900 0.015300 0.020800
0 0.166000 0.028500 0.016600 0.022700
0 0.017000 0.915900 0.014700 0.024500
0 0.807000 0.842800 0.014100 0.024100
0 0.008300 0.410200 0.014600 0.024600
0 0.707500 0.205100 0.013700 0.024200
0 0.580500 0.372800 0.014900 0.020400
0 0.046500 0.782700 0.016000 0.023200
0 0.671200 0.245500 0.014600 0.022700
0 0.241700 0.956600 0.016200 0.020800
0 0.441400 0.457700 0.015900 0.022300
0 0.967700 0.528500 0.017200 0.021000
0 0.883500 0.597000 0.013200 0.025700
0 0.066600 0.240500 0.015000 0.023400
0 0.603700 0.295500 0.016200 0.020900
0 0.584200 0.816600 0.013600 0.026800
0 0.923400 0.696300 0.012400 0.024700
0 0.486000 0.709100 0.014400 0.022700
0 0.685400 0.820400 0.015100 0.020300
0 0.244900 0.129400 0.013900 0.023900
0 0.404000 0.176900 0.014800 0.018700
0 0.265300 0.570900 0.016600 0.022600
0 0.289800 0.578900 0.016400 0.022100
0 0.069000 0.078200 0.013300 0.025500
0 0.364100 0.093800 0.014500 0.023500
0 0.310200 0.405600 0.013600 0.023800
0 0.254500 0.019100 0.012000 0.027300
0 0.107700 0.265300 0.015800 0.022500
0 0.027400 0.252400 0.016300 0.023000
0 0.051400 0.957300 0.013300 0.023300
0 0.451900 0.829800 0.014700 0.025900
0 0.920400 0.942300 0.013600 0.022000
0 0.377300 0.535400 0.013900 0.021900
0 0.627600 0.756000 0.015600 0.020600
0 0.303300 0.358700 0.014500 0.021400
0 0.918900 0.191200 0.015500 0.019600
0 0.283900 0.140400 0.014500 0.023400
0 0.022200 0.927500 0.013700 0.025300
0 0.547800 0.342300 0.016900 0.018100
0 0.210300 0.253500 0.015100 0.023600
0 0.403100 0.454900 0.012600 0.023800
0 0.810600 0.331500 0.015200 0.024100
0 0.980800 0.029800 0.014800 0.023100
0 0.176600 0.592700 0.012800 0.027200
0 0.108600 0.455800 0.013800 0.025800
0 0.096600 0.982800 0.013200 0.021000
0 0.591600 0.720300 0.014600 0.021400
0 0.369100 0.895000 0.016000 0.020600
0 0.497700 0.264900 0.016100 0.021400
0 0.245200 0.597800 0.015600 0.022600
0 0.702800 0.633400 0.016700 0.022600
0 0.847000 0.484400 0.013200 0.020100
0 0.635500 0.522700 0.014300 0.019800
0 0.182200 0.978500 0.012800 0.028100
0 0.740800 0.281600 0.014400 0.022800
0 0.964800 0.793000 0.014500 0.025600
0 0.468000 0.646100 0.014900 0.023200
0 0.182000 0.729400 0.016100 0.020100
0 0.628300 0.627300 0.015300 0.020100
0 0.177300 0.136000 0.013800 0.022300
0 0.792000 0.165500 0.015900 0.020800
0 0.583800 0.885000 0.015800 0.022200
0 0.870700 0.453000 0.013400 0.025900
0 0.260000 0.178100 0.014800 0.022000
0 0.257100 0.504800 0.013800 0.027200
0 0.972000 0.369700 0.018100 0.021100
0 0.989200 0.693300 0.008100 0.035600
0 0.326900 0.330100 0.013700 0.024200
0 0.095000 0.903200 0.015300 0.022100
0 0.540400 0.384900 0.011900 0.025400
0 0.104800 0.971300 0.011500 0.023500
0 0.484300 0.778900 0.012100 0.027400
0 0.494000 0.493600 0.016600 0.020000
0 0.955600 0.164200 0.015600 0.021000
0 0.216100 0.296400 0.014800 0.022300
0 0.890500 0.909200 0.012200 0.023800
0 0.544300 0.479300 0.014500 0.024300
0 0.496400 0.419600 0.014200 0.022200
0 0.283100 0.055000 0.012600 0.028200
0 0.810300 0.716400 0.012000 0.029100
0 0.406800 0.434700 0.013100 0.022400
0 0.264500 0.618800 0.017100 0.020700
0 0.320200 0.808800 0.012100 0.025100
0 0.447000 0.120700 0.014800 0.025200
0 0.110600 0.820900 0.016000 0.021200
0 0.115500 0.623000 0.015200 0.022400
0 0.589000 0.597000 0.015000 0.021600
0 0.177700 0.527500 0.015500 0.021000
0 0.533600 0.797900 0.016000 0.020200
0 0.509000 0.639300 0.016600 0.020100
0 0.378900 0.319600 0.012000 0.031400
0 0.622600 0.543800 0.014100 0.018800
0 0.618400 0.926700 0.016800 0.021100
0 0.366100 0.578200 0.012500 0.028200
0 0.881300 0.478700 0.013000 0.025400
0 0.979400 0.595200 0.016700 0.020800
0 0.353100 0.335700 0.016400 0.021000
0 0.852600 0.722700 0.013800 0.021300
0 0.429700 0.454700 0.015800 0.022500
0 0.670500 0.531600 0.014100 0.021700
0 0.772500 0.452500 0.011900 0.025000
0 0.870000 0.335700 0.018300 0.020100
0 0.915000 0.122000 0.012300 0.026200
0 0.910800 0.976800 0.012400 0.024800
0 0.564500 0.369600 0.012900 0.023200
0 0.177000 0.283000 0.015900 0.021000
0 0.154200 0.751900 0.016800 0.023500
0 0.733400 0.333900 0.013900 0.023300
0 0.311000 0.289800 0.015600 0.022900
0 0.093100 0.891000 0.014600 0.020500
0 0.573300 0.333300 0.014400 0.021300
0 0.347000 0.545500 0.012900 0.022100
0 0.635900 0.930500 0.014000 0.023100
0 0.617800 0.640200 0.014600 0.020400
0 0.659400 0.666900 0.012400 0.028300
0 0.169500 0.302600 0.016500 0.019800
0 0.622600 0.667300 0.015500 0.020800
0 0.983100 0.421800 0.014000 0.026200
0 0.151300 0.221900 0.015100 0.023400
0 0.134000 0.707600 0.011000 0.033700
0 0.914300 0.869500 0.015000 0.024000
0 0.194100 0.697500 0.013900 0.023000
0 0.418800 0.640100 0.015300 0.024100
0 0.779500 0.428100 0.012300 0.028600
0 0.639400 0.544500 0.014600 0.020300
0 0.929500 0.867600 0.015400 0.022500
0 0.529700 0.891300 0.012800 0.030400
0 0.378700 0.193100 0.013400 0.023900
0 0.322100 0.543800 0.013500 0.026600
0 0.319100 0.765400 0.015600 0.022500
0 0.093500 0.623300 0.015100 0.023600
0 0.879900 0.968600 0.011600 0.027300
0 0.484900 0.016000 0.015900 0.019800
0 0.566900 0.715100 0.012900 0.024100
0 0.896700 0.045500 0.015800 0.024700
0 0.347800 0.969200 0.015500 0.020900
0 0.844000 0.181100 0.012200 0.032100
0 0.728900 0.409000 0.013600 0.028300
0 0.818600 0.960600 0.016100 0.018800
0 0.430200 0.210500 0.014700 0.023800
0 0.051500 0.334900 0.015000 0.024600
0 0.122300 0.459200 0.013900 0.023000
0 0.048600 0.420900 0.015500 0.023600
0 0.009500 0.172700 0.010800 0.022700
0 0.146500 0.079300 0.010900 0.034100
0 0.229100 0.459900 0.015900 0.020300
0 0.490800 0.505900 0.015700 0.020800
0 0.159200 0.703900 0.015900 0.022700
0 0.469900 0.721700 0.012000 0.026700
0 0.835500 0.240500 0.015300 0.023200
0 0.034200 0.085900 0.013100 0.024600
0 0.736100 0.527100 0.014400 0.020700
0 0.691700 0.359800 0.013200 0.022500
0 0.273600 0.141600 0.013400 0.026200
0 0.664400 0.384300 0.014700 0.021900
0 0.502400 0.390600 0.014300 0.024000
0 0.910600 0.177300 0.014400 0.019900
0 0.842300 0.031600 0.015200 0.022700
0 0.965500 0.229000 0.015800 0.019500
0 0.302000 0.384000 0.015500 0.020400
0 0.260900 0.817900 0.015500 0.026600
0 0.929300 0.135800 0.013700 0.022200
0 0.429400 0.777200 0.014600 0.022000
0 0.876500 0.355000 0.016500 0.020600
0 0.972700 0.053200 0.015300 0.020500
0 0.756200 0.760600 0.016800 0.019800
0 0.985600 0.278800 0.014500 0.022500
0 0.958300 0.667000 0.013900 0.024600
0 0.190500 0.165300 0.012100 0.030400
0 0.572000 0.802700 0.015300 0.021200
0 0.728700 0.885400 0.013800 0.021000
0 0.173600 0.717700 0.015700 0.020700
0 0.155700 0.510800 0.012600 0.025300
0 0.392500 0.285200 0.014400 0.025800
0 0.333200 0.832200 0.015000 0.022600
0 0.239800 0.117100 0.015000 0.021700
0 0.786000 0.715400 0.013800 0.025700
0 0.086200 0.872300 0.014700 0.022000
0 0.345700 0.158500 0.011200 0.034300
0 0.057600 0.972700 0.013700 0.024000
0 0.188900 0.582000 0.011300 0.031800
0 0.711300 0.777100 0.015200 0.019700
0 0.529900 0.658800 0.013800 0.022800
0 0.342500 0.258800 0.014000 0.022400
0 0.761500 0.910900 0.015200 0.019300
0 0.763800 0.257600 0.010800 0.032800
0 0.823000 0.184800 0.017000 0.021200
0 0.372600 0.172900 0.014500 0.022300
0 0.913600 0.034900 0.014800 0.024100
0 0.366800 0.780200 0.010800 0.032800
0 0.533600 0.121600 0.012000 0.032400
0 0.040500 0.235100 0.016000 0.021600
0 0.615000 0.134100 0.014600 0.024300
0 0.321300 0.072700 0.013200 0.026600
0 0.934600 0.954800 0.015900 0.021700
0 0.859900 0.503200 0.015200 0.021800
0 0.665400 0.861300 0.015500 0.021000
0 0.874000 0.759900 0.013400 0.024100
0 0.484700 0.422600 0.015300 0.021500
0 0.294000 0.135100 0.013200 0.024800
0 0.472400 0.305700 0.014900 0.020800
0 0.678600 0.329300 0.016200 0.022700
0 0.540500 0.539700 0.012800 0.022900
0 0.729300 0.209700 0.012700 0.028200
0 0.060900 0.266200 0.015700 0.022200
0 0.931700 0.461000 0.012600 0.024500
0 0.444900 0.310500 0.014500 0.021600
0 0.439000 0.910500 0.019000 0.018800
0 0.234700 0.641400 0.016300 0.023200
0 0.153000 0.633200 0.012500 0.028700
0 0.613900 0.320800 0.014500 0.022400
0 0.790100 0.039500 0.016200 0.022500
0 0.169800 0.814700 0.013100 0.026200
0 0.868100 0.015900 0.012200 0.023700
0 0.496500 0.624000 0.017000 0.019500
0 0.940600 0.235700 0.012900 0.022200
0 0.155300 0.058100 0.014400 0.022200
0 0.955900 0.235400 0.015400 0.020100
0 0.192700 0.501900 0.016300 0.022000
0 0.290000 0.935500 0.017200 0.021000
0 0.483800 0.566600 0.016300 0.020300
0 0.640700 0.598600 0.015700 0.021900
0 0.266300 0.910800 0.016300 0.022600
0 0.343300 0.865200 0.015900 0.022000
0 0.477000 0.318600 0.013500 0.022400
0 0.427000 0.490700 0.012600 0.030100
0 0.896900 0.235200 0.013100 0.024900
0 0.772500 0.885800 0.014700 0.022700
0 0.686400 0.065300 0.016900 0.020700
0 0.691300 0.297200 0.013500 0.024800
0 0.520700 0.454900 0.014600 0.021400
0 0.783700 0.677500 0.012900 0.026000
0 0.726900 0.034600 0.012600 0.030000
0 0.564600 0.554300 0.014300 0.020300
0 0.369800 0.435600 0.013700 0.024600
0 0.827100 0.139700 0.014700 0.022200
0 0.964500 0.314800 0.017300 0.019300
0 0.222000 0.685100 0.013800 0.024300
0 0.520000 0.497100 0.015000 0.022600
0 0.194000 0.827000 0.009400 0.036100
0 0.565200 0.247200 0.013800 0.025800
0 0.783900 0.942500 0.016400 0.020000
0 0.314700 0.927100 0.015700 0.021200
0 0.357500 0.264500 0.014200 0.022600
0 0.559300 0.334900 0.014600 0.020200
0 0.230000 0.391600 0.011600 0.031600
0 0.766600 0.721200 0.014200 0.022600
0 0.956100 0.835800 0.012300 0.028100
0 0.009200 0.235200 0.015800 0.024900
0 0.126200 0.567400 0.015400 0.022500
0 0.185000 0.198200 0.014300 0.025300
0 0.239400 0.695300 0.016300 0.022400
0 0.308100 0.484500 0.013700 0.026900
0 0.886100 0.244700 0.014300 0.020000
0 0.823600 0.041200 0.015400 0.023500
0 0.264200 0.705100 0.018500 0.021800
0 0.148200 0.322900 0.016500 0.021200
0 0.739900 0.592800 0.012000 0.026600
0 0.589000 0.859500 0.016600 0.021900
0 0.685500 0.680400 0.015300 0.020100
0 0.907300 0.148500 0.014500 0.021800
0 0.492700 0.395400 0.014400 0.022100
0 0.969100 0.264400 0.014700 0.021300
0 0.111000 0.709800 0.015400 0.023400
0 0.958800 0.960600 0.016900 0.020600
0 0.702400 0.736400 0.015800 0.019900
0 0.841300 0.673200 0.011100 0.029400
0 0.788700 0.626600 0.015900 0.020900
0 0.480600 0.740300 0.014900 0.021200
0 0.163800 0.976800 0.013200 0.026100
0 0.389500 0.133400 0.014600 0.019900
0 0.017600 0.101400 0.012600 0.026100
0 0.909000 0.280400 0.014300 0.021700
0 0.521200 0.188600 0.015900 0.022500
0 0.013800 0.569400 0.015400 0.022000
0 0.481300 0.160600 0.014400 0.027400
0 0.966500 0.658300 0.015900 0.020900
0 0.239000 0.677400 0.015500 0.022000
0 0.749200 0.678400 0.011000 0.031300
0 0.052100 0.036400 0.017900 0.020200
0 0.574200 0.043900 0.015600 0.023700
0 0.111400 0.329500 0.016200 0.022000
0 0.127100 0.522900 0.013000 0.024600
0 0.981200 0.629100 0.012600 0.029700
0 0.071300 0.698800 0.015300 0.023100
0 0.785600 0.889400 0.013900 0.022300
0 0.860600 0.944900 0.014400 0.020000
0 0.439900 0.677700 0.015000 0.025700
0 0.689200 0.343800 0.014700 0.021400
0 0.626300 0.466800 0.014100 0.024600
0 0.902200 0.296700 0.015200 0.021600
0 0.914100 0.623400 0.014900 0.021200
0 0.503900 0.764100 0.015000 0.021000
0 0.914600 0.664600 0.015900 0.021900
0 0.764500 0.658700 0.013200 0.026900
0 0.359500 0.902100 0.015200 0.021300
0 0.923600 0.378700 0.015500 0.020400
0 0.697200 0.861100 0.013900 0.020800
0 0.523800 0.639600 0.014000 0.023400
0 0.031200 0.382500 0.015700 0.022500
0 0.901100 0.647900 0.015800 0.020100
0 0.333100 0.276600 0.013700 0.022400
0 0.111700 0.852300 0.011300 0.030200
0 0.771900 0.226800 0.012300 0.026700
0 0.533200 0.441500 0.013600 0.023400
0 0.603700 0.096000 0.013700 0.020400
0 0.794300 0.548100 0.015100 0.021500
0 0.009100 0.788800 0.013700 0.026600
0 0.398600 0.151600 0.015700 0.019300
0 0.688500 0.196400 0.015000 0.021500
0 0.027600 0.978500 0.014000 0.024600
0 0.666000 0.738500 0.014900 0.018800
0 0.813400 0.870500 0.012800 0.025700
0 0.311100 0.686200 0.017300 0.022100
0 0.327600 0.671600 0.016300 0.023100
0 0.992900 0.492000 0.008800 0.024700
0 0.944500 0.651500 0.015100 0.021200
0 0.981100 0.828900 0.012800 0.031200
0 0.320500 0.777500 0.015100 0.020000
0 0.099300 0.383000 0.013500 0.027100
0 0.941200 0.827100 0.013400 0.022700
0 0.549500 0.933300 0.011600 0.031200
0 0.782400 0.239700 0.012500 0.028700
0 0.879000 0.223800 0.015800 0.020100
0 0.366600 0.201800 0.014200 0.023800
0 0.076600 0.304000 0.017400 0.022800
0 0.364100 0.983000 0.014600 0.022400
0 0.972100 0.015500 0.015700 0.020700
0 0.210700 0.072100 0.013800 0.021700
0 0.827500 0.639400 0.015700 0.020700
0 0.863200 0.791300 0.012100 0.029500
0 0.875700 0.703900 0.011400 0.025400
0 0.984800 0.460400 0.013100 0.029200
0 0.233000 0.076700 0.012300 0.030400
0 0.177100 0.745800 0.016500 0.021100
0 0.361300 0.206200 0.013300 0.025200
0 0.515600 0.748200 0.014400 0.022200
0 0.099300 0.190000 0.012600 0.027900
0 0.641800 0.501900 0.014200 0.021600
0 0.107900 0.423700 0.015200 0.021100
0 0.338400 0.206300 0.014600 0.025400
0 0.798800 0.895300 0.012200 0.022700
0 0.928500 0.832600 0.013800 0.024900
0 0.261500 0.085700 0.015200 0.023700
0 0.123700 0.373500 0.013800 0.027200
0 0.711300 0.289400 0.014800 0.023400
0 0.004700 0.551200 0.010500 0.020900
0 0.951800 0.941800 0.016200 0.020300
0 0.304300 0.838800 0.015800 0.023200
0 0.160900 0.302600 0.016600 0.019700
0 0.932400 0.039500 0.012000 0.030500
0 0.849200 0.797100 0.014000 0.024700
0 0.321100 0.048200 0.015300 0.025000
0 0.313400 0.427900 0.014900 0.021700
0 0.699000 0.839800 0.014500 0.022500
0 0.710300 0.707900 0.015800 0.021800
0 0.160100 0.564500 0.014800 0.021700
0 0.983000 0.101600 0.016700 0.022600
0 0.227600 0.472100 0.015500 0.019600
0 0.854000 0.965000 0.014000 0.021900
0 0.636700 0.692700 0.014400 0.022500
0 0.840500 0.019000 0.014500 0.023100
0 0.086600 0.915500 0.013300 0.021200
0 0.258700 0.227100 0.012900 0.029600
0 0.422100 0.313900 0.016800 0.022000
0 0.176000 0.016000 0.017100 0.021400
0 0.872800 0.501600 0.014200 0.022000
0 0.506900 0.136300 0.015700 0.023400
0 0.510300 0.452700 0.016300 0.020500
0 0.138500 0.620200 0.015600 0.022500
0 0.755400 0.648000 0.013900 0.023000
0 0.010000 0.010900 0.018200 0.019100
0 0.450700 0.395000 0.014700 0.024800
0 0.002100 0.531200 0.006100 0.022300
0 0.586000 0.616700 0.014700 0.021800
0 0.247900 0.943500 0.016400 0.020000
0 0.735700 0.261300 0.014200 0.022100
0 0.966400 0.607700 0.015700 0.018700
0 0.577000 0.392800 0.013400 0.024900
0 0.766300 0.777600 0.015300 0.019000
0 0.569000 0.311100 0.014000 0.021900
0 0.425781 0.048611 0.015625 0.033333
0 0.650000 0.097222 0.018750 0.027778
0 0.597656 0.186111 0.023438 0.022222
0 0.497656 0.289583 0.020312 0.026389
0 0.214453 0.421528 0.019531 0.026389
0 0.637109 0.122917 0.014844 0.034722
0 0.899219 0.504167 0.012500 0.033333
0 0.649219 0.787500 0.014062 0.030556
0 0.711719 0.973611 0.014062 0.033333
0 0.748828 0.973611 0.014844 0.030556
0 0.650391 0.936111 0.014844 0.033333
0 0.466406 0.980556 0.018750 0.025000
0 0.325391 0.722917 0.013281 0.037500
0 0.346875 0.727083 0.001563 0.001389
0 0.611719 0.075000 0.012500 0.027778
0 0.548828 0.786111 0.019531 0.030556
0 0.262500 0.290278 0.017188 0.022222
0 0.470313 0.865278 0.020312 0.027778
0 0.582812 0.952083 0.014062 0.034722
0 0.943359 0.741667 0.011719 0.033333
0 0.800781 0.500000 0.017188 0.030556
0 0.350000 0.885417 0.015625 0.026389
0 0.337500 0.800000 0.012500 0.022222
0 0.084375 0.735417 0.009375 0.029167
0 0.075000 0.729861 0.012500 0.031944
0 0.092969 0.861806 0.017188 0.020833
0 0.166406 0.191667 0.007812 0.036111
0 0.984375 0.565278 0.014062 0.022222
0 0.148438 0.559722 0.009375 0.033333
