0 0.004500 0.819500 0.009700 0.021700
0 0.695500 0.606600 0.014300 0.023100
0 0.033000 0.404900 0.015700 0.023300
0 0.955700 0.694800 0.012800 0.022600
0 0.006900 0.032200 0.014800 0.020100
0 0.843100 0.810200 0.016500 0.020200
0 0.571100 0.153800 0.015200 0.022900
0 0.795100 0.729800 0.017600 0.018800
0 0.707600 0.731800 0.016400 0.022600
0 0.031900 0.882400 0.014300 0.027000
0 0.879800 0.946500 0.015000 0.020200
0 0.008800 0.095100 0.015000 0.019100
0 0.878800 0.931100 0.014300 0.021100
0 0.918900 0.679100 0.014600 0.019200
0 0.641500 0.607000 0.013500 0.022400
0 0.119100 0.668400 0.015800 0.021200
0 0.770600 0.795600 0.016400 0.020300
0 0.207400 0.718500 0.014600 0.020300
0 0.431000 0.107900 0.014600 0.022300
0 0.719200 0.956100 0.014400 0.022500
0 0.270800 0.632400 0.016000 0.021100
0 0.295000 0.892800 0.015600 0.023400
0 0.409100 0.666000 0.016100 0.021600
0 0.159000 0.570000 0.015400 0.021800
0 0.277300 0.169900 0.016100 0.022200
0 0.941600 0.256200 0.016000 0.020600
0 0.145700 0.644900 0.015700 0.020900
0 0.744500 0.719400 0.014600 0.021000
0 0.659100 0.869800 0.015300 0.022700
0 0.840400 0.157700 0.015500 0.021800
0 0.592600 0.879300 0.015900 0.020600
0 0.342900 0.180000 0.016200 0.021300
0 0.194900 0.568200 0.015200 0.020300
0 0.516800 0.819000 0.016000 0.022800
0 0.743400 0.780100 0.015400 0.019800
0 0.208900 0.647100 0.016200 0.021700
0 0.954400 0.769900 0.013400 0.023800
0 0.968300 0.741700 0.015700 0.019500
0 0.433000 0.680300 0.014800 0.022600
0 0.118100 0.441900 0.014800 0.022800
0 0.844900 0.520200 0.013300 0.025100
0 0.597800 0.420500 0.015100 0.023000
0 0.544900 0.503300 0.015700 0.020600
0 0.570200 0.182000 0.014200 0.023300
0 0.666600 0.959600 0.015900 0.020600
0 0.283400 0.804900 0.013200 0.026400
0 0.145300 0.516900 0.015300 0.021800
0 0.535000 0.870100 0.015800 0.021400
0 0.745100 0.692400 0.014600 0.021800
0 0.881900 0.981800 0.015200 0.020800
0 0.232800 0.795400 0.015400 0.022800
0 0.143600 0.571100 0.015800 0.020500
0 0.378900 0.642100 0.015500 0.021300
0 0.480900 0.356300 0.014000 0.024300
0 0.582300 0.131000 0.015500 0.021500
0 0.877600 0.070800 0.014700 0.023600
0 0.068500 0.656100 0.015700 0.023100
0 0.946700 0.754200 0.012400 0.023200
0 0.431900 0.642200 0.015400 0.021100
0 0.455400 0.806900 0.017300 0.021600
0 0.054900 0.067600 0.017200 0.021100
0 0.584100 0.455400 0.014200 0.020200
0 0.945700 0.854100 0.013800 0.025400
0 0.022500 0.346700 0.017200 0.021300
0 0.893300 0.642300 0.015200 0.021400
0 0.067500 0.618700 0.015300 0.021800
0 0.780100 0.168400 0.013800 0.020200
0 0.682600 0.668500 0.013300 0.022800
0 0.391900 0.129600 0.015300 0.022800
0 0.803200 0.947600 0.018600 0.018400
0 0.485200 0.945400 0.015000 0.020200
0 0.190000 0.441800 0.015300 0.021100
0 0.730100 0.741900 0.015500 0.020500
0 0.590700 0.255200 0.013700 0.023200
0 0.268200 0.330200 0.014900 0.023000
0 0.820300 0.743800 0.018500 0.017100
0 0.882400 0.119100 0.014800 0.022900
0 0.127100 0.456000 0.014400 0.024600
0 0.307300 0.318700 0.013700 0.024000
0 0.946500 0.645800 0.015400 0.019400
0 0.569300 0.957100 0.015400 0.022800
0 0.254500 0.321800 0.015900 0.021600
0 0.989900 0.153600 0.010200 0.029100
0 0.891200 0.267300 0.015400 0.020700
0 0.478500 0.045900 0.014600 0.024400
0 0.803300 0.754700 0.017000 0.017800
0 0.268900 0.270500 0.013700 0.023000
0 0.797800 0.781700 0.016500 0.018900
0 0.179200 0.732300 0.016300 0.021500
0 0.694300 0.520700 0.014100 0.024400
0 0.220800 0.205500 0.013000 0.022800
0 0.681200 0.545800 0.014800 0.021400
0 0.103500 0.171700 0.013300 0.024500
0 0.753200 0.618000 0.016100 0.020400
0 0.566600 0.132600 0.015500 0.021600
0 0.284300 0.556700 0.014700 0.023900
0 0.622800 0.792200 0.015400 0.023400
0 0.632300 0.855300 0.013700 0.025000
0 0.219100 0.578100 0.014900 0.021900
0 0.485100 0.908100 0.015500 0.024200
0 0.440200 0.457700 0.015000 0.021300
0 0.010200 0.601200 0.016500 0.021200
0 0.756100 0.331300 0.012300 0.029100
0 0.455400 0.545500 0.016300 0.021800
0 0.629500 0.181700 0.012500 0.024900
0 0.052900 0.955600 0.017200 0.019000
0 0.032800 0.165900 0.015100 0.024500
0 0.771500 0.817800 0.013900 0.021200
0 0.945300 0.330100 0.015900 0.020600
0 0.416600 0.097200 0.014000 0.023200
0 0.555700 0.231600 0.015000 0.024800
0 0.704900 0.143400 0.014300 0.023600
0 0.906800 0.909900 0.014900 0.024400
0 0.647300 0.770400 0.015300 0.021000
0 0.719900 0.707900 0.014600 0.023400
0 0.132900 0.659200 0.015500 0.021100
0 0.353500 0.607500 0.016800 0.019400
0 0.047600 0.357900 0.016700 0.019000
0 0.216200 0.753400 0.015400 0.021900
0 0.384200 0.429400 0.015200 0.022000
0 0.602900 0.558300 0.014800 0.022000
0 0.718000 0.645100 0.012700 0.025200
0 0.194900 0.482800 0.014900 0.021700
0 0.840000 0.632200 0.010300 0.034200
0 0.303700 0.134300 0.014600 0.023700
0 0.391300 0.731100 0.016100 0.020500
0 0.020900 0.303500 0.017100 0.022400
0 0.118700 0.697800 0.015400 0.021400
0 0.267000 0.383700 0.015100 0.022400
0 0.222500 0.027800 0.014800 0.019600
0 0.318800 0.756700 0.014700 0.022900
0 0.194700 0.321800 0.014500 0.021100
0 0.747500 0.544600 0.013700 0.024900
0 0.854800 0.704200 0.018400 0.018600
0 0.503400 0.534300 0.015500 0.020100
0 0.058500 0.116800 0.016700 0.022700
0 0.710500 0.817900 0.013600 0.025800
0 0.122500 0.147000 0.014900 0.020300
0 0.306400 0.583000 0.015800 0.021200
0 0.027800 0.659100 0.017000 0.020800
0 0.806400 0.169000 0.014400 0.021400
0 0.229900 0.882300 0.016600 0.023400
0 0.816000 0.096100 0.014800 0.023000
0 0.571600 0.304100 0.015300 0.022600
0 0.419600 0.728600 0.016100 0.020400
0 0.069800 0.859500 0.013800 0.024100
0 0.334600 0.606300 0.015300 0.023100
0 0.168300 0.371200 0.014300 0.025200
0 0.333300 0.784300 0.015500 0.022400
0 0.471600 0.168900 0.014500 0.027200
0 0.953400 0.057800 0.016600 0.023700
0 0.008600 0.491400 0.012100 0.026300
0 0.930400 0.822800 0.014000 0.021900
0 0.880700 0.247800 0.016600 0.021500
0 0.743600 0.429600 0.015500 0.021300
0 0.108100 0.397900 0.013800 0.022900
0 0.295900 0.391600 0.015500 0.021100
0 0.267600 0.734800 0.015000 0.024300
0 0.496300 0.278800 0.014900 0.023800
0 0.508000 0.367100 0.013600 0.027200
0 0.247100 0.716400 0.014500 0.022200
0 0.152700 0.792400 0.015800 0.022300
0 0.157800 0.696000 0.015700 0.021800
0 0.678200 0.128400 0.016200 0.021000
0 0.073000 0.492600 0.014300 0.027100
0 0.969600 0.885600 0.014800 0.025100
0 0.690300 0.141600 0.015700 0.020600
0 0.520500 0.247000 0.015500 0.022100
0 0.252800 0.134800 0.017500 0.022400
0 0.144000 0.208300 0.014900 0.024800
0 0.491200 0.444100 0.015800 0.021200
0 0.584800 0.796300 0.015800 0.021300
0 0.060700 0.905600 0.016100 0.024100
0 0.102200 0.718100 0.016700 0.021900
0 0.856200 0.394900 0.015600 0.024600
0 0.457400 0.496200 0.013100 0.026800
0 0.367100 0.280800 0.016000 0.023500
0 0.515600 0.229500 0.014600 0.021200
0 0.317600 0.128300 0.016100 0.021600
0 0.265500 0.519000 0.013700 0.024500
0 0.047600 0.143900 0.015900 0.021900
0 0.767900 0.603500 0.016200 0.020000
0 0.528700 0.496100 0.015100 0.020700
0 0.191100 0.342000 0.013300 0.025800
0 0.003200 0.509700 0.007800 0.025200
0 0.640500 0.531600 0.011400 0.029900
0 0.883400 0.672800 0.017000 0.018800
0 0.630800 0.517300 0.012000 0.028800
0 0.036600 0.860600 0.013700 0.023300
0 0.742600 0.452700 0.014700 0.022100
0 0.305200 0.217000 0.015900 0.021900
0 0.307100 0.103900 0.015200 0.023100
0 0.806400 0.257800 0.013800 0.021800
0 0.914700 0.241400 0.017300 0.019900
0 0.683900 0.879100 0.014200 0.020700
0 0.279600 0.657200 0.010400 0.029100
0 0.271800 0.753600 0.014900 0.022700
0 0.518200 0.753200 0.014600 0.024000
0 0.244900 0.184600 0.013700 0.027600
0 0.293500 0.602400 0.017600 0.020400
0 0.746200 0.182000 0.013500 0.024600
0 0.292200 0.771700 0.016300 0.021600
0 0.439200 0.130700 0.012700 0.028900
0 0.058000 0.970400 0.016000 0.021000
0 0.819100 0.277900 0.015500 0.020200
0 0.405300 0.098200 0.014300 0.023200
0 0.342000 0.572600 0.014100 0.023300
0 0.441500 0.556100 0.013700 0.026800
0 0.506700 0.966400 0.015800 0.021800
0 0.695800 0.939000 0.015400 0.021000
0 0.959900 0.164900 0.017400 0.019900
0 0.253500 0.645600 0.013200 0.028700
0 0.657000 0.794300 0.014000 0.022300
0 0.530900 0.560900 0.015200 0.021000
0 0.480700 0.966400 0.015400 0.019900
0 0.446600 0.291500 0.013200 0.023200
0 0.018600 0.905800 0.014000 0.031700
0 0.764700 0.941000 0.016300 0.022500
0 0.121800 0.833800 0.011900 0.032800
0 0.603900 0.105500 0.015300 0.022400
0 0.297400 0.378300 0.015000 0.022500
0 0.970300 0.079300 0.015100 0.025700
0 0.435900 0.333200 0.014000 0.024500
0 0.646100 0.253600 0.011700 0.028500
0 0.203500 0.390300 0.013900 0.024900
0 0.535400 0.519800 0.014000 0.021900
0 0.521400 0.065200 0.015300 0.023300
0 0.572400 0.371000 0.015700 0.022300
0 0.869500 0.303800 0.013900 0.025000
0 0.183500 0.117300 0.012600 0.030000
0 0.520800 0.434700 0.016900 0.021900
0 0.247600 0.584000 0.018200 0.022300
0 0.284500 0.923300 0.016800 0.021500
0 0.141900 0.895600 0.013200 0.026600
0 0.877700 0.814600 0.016900 0.021600
0 0.622200 0.534500 0.014900 0.023700
0 0.570200 0.230600 0.013400 0.029700
0 0.691400 0.167100 0.014400 0.024400
0 0.482100 0.602100 0.014600 0.022800
0 0.532200 0.132800 0.012000 0.029700
0 0.929200 0.608200 0.013200 0.028000
0 0.903300 0.778200 0.014200 0.020500
0 0.802000 0.846000 0.015700 0.022300
0 0.342000 0.660000 0.012400 0.026300
0 0.329000 0.583800 0.015300 0.022600
0 0.411400 0.319800 0.012100 0.029700
0 0.288900 0.517000 0.014100 0.024800
0 0.308800 0.519800 0.012700 0.030000
0 0.090400 0.911200 0.015900 0.020800
0 0.609800 0.080900 0.015900 0.024400
0 0.831100 0.278300 0.014700 0.020300
0 0.272500 0.043900 0.012000 0.029100
0 0.321600 0.728700 0.013700 0.025500
0 0.978600 0.640100 0.016100 0.021500
0 0.032200 0.789000 0.015000 0.026700
0 0.734000 0.268200 0.015500 0.026100
0 0.052500 0.230600 0.012000 0.028200
0 0.870000 0.640900 0.016400 0.022300
0 0.878100 0.658300 0.016600 0.018300
0 0.905300 0.747500 0.014200 0.022500
0 0.378600 0.384800 0.014100 0.024200
0 0.691000 0.866500 0.015300 0.020600
0 0.571500 0.796200 0.011800 0.027300
0 0.683200 0.065600 0.015900 0.020700
0 0.673400 0.672700 0.014700 0.021800
0 0.628000 0.577600 0.015000 0.021500
0 0.503600 0.228400 0.012700 0.024300
0 0.803100 0.579500 0.012000 0.026900
0 0.552100 0.032800 0.016500 0.022300
0 0.380500 0.680400 0.010500 0.032700
0 0.086400 0.827100 0.012400 0.028400
0 0.169800 0.885500 0.014100 0.023400
0 0.119000 0.218000 0.013600 0.028500
0 0.827600 0.108100 0.015400 0.021000
0 0.481000 0.228900 0.014900 0.023400
0 0.004800 0.715400 0.009300 0.032100
0 0.348500 0.730300 0.013700 0.022400
0 0.979300 0.592400 0.015200 0.022100
0 0.552400 0.645000 0.013900 0.022800
0 0.814000 0.615200 0.014500 0.021100
0 0.466400 0.115100 0.014200 0.022700
0 0.581300 0.490000 0.013800 0.024000
0 0.641000 0.822100 0.013200 0.024800
0 0.539900 0.472900 0.016400 0.020700
0 0.044000 0.645900 0.012700 0.032800
0 0.904900 0.717500 0.015300 0.021700
0 0.408800 0.935900 0.015500 0.023900
0 0.653100 0.380600 0.015100 0.023700
0 0.519500 0.040300 0.015800 0.023600
0 0.339900 0.967300 0.013000 0.023600
0 0.167700 0.196700 0.011500 0.026700
0 0.470700 0.316900 0.013800 0.022300
0 0.553700 0.528800 0.014300 0.022400
0 0.289700 0.628900 0.015100 0.020900
0 0.058500 0.707900 0.016600 0.022600
0 0.583900 0.523400 0.015400 0.021700
0 0.740700 0.815500 0.013500 0.022000
0 0.283700 0.721400 0.010900 0.032200
0 0.484500 0.167800 0.013100 0.028500
0 0.107900 0.983700 0.017200 0.021300
0 0.507700 0.256700 0.014000 0.020600
0 0.770900 0.223200 0.014700 0.022800
0 0.935000 0.321500 0.014500 0.022200
0 0.326900 0.191300 0.015700 0.020300
0 0.502800 0.315400 0.014900 0.021800
0 0.520400 0.868400 0.014600 0.025000
0 0.205600 0.519000 0.011500 0.030800
0 0.553300 0.823500 0.016000 0.020700
0 0.173500 0.296600 0.014300 0.020800
0 0.902500 0.892800 0.012700 0.023400
0 0.677900 0.772400 0.014600 0.021600
0 0.817200 0.120800 0.015300 0.020100
0 0.434000 0.493900 0.014600 0.023600
0 0.039500 0.077200 0.017000 0.019300
0 0.139300 0.960200 0.015900 0.020500
0 0.801900 0.867500 0.016500 0.023100
0 0.955800 0.252000 0.016300 0.020500
0 0.542000 0.016800 0.014800 0.022200
0 0.251600 0.531800 0.015100 0.020800
0 0.798000 0.819500 0.017200 0.018200
0 0.564600 0.672200 0.014300 0.022400
0 0.651400 0.954400 0.013900 0.023100
0 0.783300 0.190300 0.012600 0.023500
0 0.214000 0.057500 0.016400 0.022300
0 0.222600 0.246400 0.011200 0.035900
0 0.596000 0.095300 0.013800 0.024900
0 0.302300 0.959100 0.013000 0.026500
0 0.168700 0.457000 0.012300 0.030800
0 0.678000 0.046900 0.016300 0.023500
0 0.985700 0.604100 0.014400 0.023400
0 0.741100 0.981500 0.015500 0.021200
0 0.343400 0.636000 0.014400 0.021400
0 0.883300 0.540400 0.012800 0.024400
0 0.507300 0.439500 0.015600 0.021800
0 0.664700 0.767300 0.014500 0.020800
0 0.354900 0.471900 0.015700 0.021300
0 0.178200 0.515500 0.015500 0.019500
0 0.344200 0.326300 0.015000 0.021200
0 0.058700 0.552500 0.014200 0.025500
0 0.969400 0.372400 0.018400 0.019400
0 0.483000 0.098300 0.015000 0.022000
0 0.479200 0.558400 0.015400 0.022000
0 0.780300 0.678300 0.015200 0.023500
0 0.453300 0.390100 0.014200 0.022900
0 0.740700 0.795300 0.014700 0.018800
0 0.658400 0.484100 0.011400 0.032500
0 0.217000 0.691200 0.011600 0.030600
0 0.348500 0.490900 0.015200 0.019900
0 0.653300 0.714700 0.015500 0.023900
0 0.531600 0.759700 0.013100 0.025700
0 0.964300 0.340600 0.017300 0.019200
0 0.864100 0.084200 0.015800 0.022600
0 0.030100 0.551900 0.014900 0.023600
0 0.268800 0.802500 0.015200 0.023200
0 0.745300 0.376700 0.015800 0.021300
0 0.839100 0.027500 0.017300 0.019200
0 0.988500 0.903100 0.010300 0.028700
0 0.048500 0.716700 0.012400 0.030200
0 0.117200 0.563900 0.015600 0.022100
0 0.432200 0.614100 0.015600 0.023000
0 0.547900 0.157900 0.012000 0.023000
0 0.809600 0.135600 0.015100 0.020000
0 0.504300 0.458800 0.014900 0.021500
0 0.976900 0.394200 0.018700 0.019700
0 0.268600 0.223800 0.013600 0.023100
0 0.422600 0.495400 0.015100 0.022900
0 0.502400 0.772300 0.015400 0.022800
0 0.705700 0.485500 0.013100 0.024400
0 0.203000 0.923700 0.015800 0.022200
0 0.098500 0.402900 0.013100 0.021800
0 0.568600 0.652300 0.013700 0.023100
0 0.771100 0.451800 0.014900 0.023000
0 0.364400 0.497900 0.013600 0.021900
0 0.695000 0.721200 0.014000 0.023800
0 0.565500 0.701700 0.016600 0.021000
0 0.110800 0.198400 0.015800 0.022000
0 0.104900 0.627800 0.012100 0.030700
0 0.160800 0.516500 0.014700 0.022300
0 0.188600 0.753800 0.014300 0.025600
0 0.410300 0.818600 0.012200 0.034000
0 0.126100 0.529600 0.012400 0.031100
0 0.206600 0.198500 0.014400 0.022900
0 0.514600 0.666500 0.012000 0.032000
0 0.466600 0.498100 0.014000 0.021500
0 0.239700 0.341200 0.015300 0.023000
0 0.604100 0.444700 0.015000 0.022300
0 0.164900 0.035700 0.016100 0.021700
0 0.489400 0.205200 0.015800 0.022900
0 0.233800 0.342200 0.015300 0.022300
0 0.651200 0.659100 0.015400 0.020900
0 0.178300 0.385100 0.013800 0.027300
0 0.168100 0.521200 0.014800 0.020200
0 0.856800 0.039000 0.015000 0.023500
0 0.123700 0.966000 0.015500 0.020500
0 0.376100 0.922400 0.015000 0.023500
0 0.823200 0.723200 0.015300 0.020100
0 0.171300 0.064100 0.015600 0.023000
0 0.091300 0.036400 0.014500 0.025600
0 0.806900 0.495100 0.010400 0.029500
0 0.893000 0.869400 0.014300 0.023400
0 0.557700 0.098500 0.015100 0.022000
0 0.048300 0.373700 0.016900 0.020700
0 0.676600 0.145100 0.015900 0.022000
0 0.341900 0.539400 0.015600 0.021400
0 0.192100 0.189800 0.012100 0.029100
0 0.684600 0.659000 0.012800 0.023100
0 0.229400 0.851600 0.014800 0.023800
0 0.311700 0.769700 0.014000 0.024200
0 0.979600 0.214200 0.017100 0.021000
0 0.017200 0.786000 0.013500 0.029900
0 0.427600 0.021300 0.014900 0.024800
0 0.581700 0.839700 0.014300 0.023500
0 0.040300 0.826100 0.012900 0.027500
0 0.806000 0.236500 0.014800 0.020300
0 0.814800 0.689500 0.015300 0.021400
0 0.023300 0.102100 0.015100 0.021900
0 0.844900 0.073300 0.015700 0.022000
0 0.922800 0.742200 0.013600 0.020800
0 0.786100 0.017100 0.012700 0.025900
0 0.903500 0.551600 0.016700 0.020100
0 0.193700 0.864400 0.014300 0.026200
0 0.890700 0.285300 0.012100 0.025500
0 0.152600 0.022200 0.014000 0.023500
0 0.651100 0.281800 0.013300 0.025500
0 0.659100 0.340700 0.014800 0.020400
0 0.807000 0.153600 0.014600 0.020700
0 0.005000 0.051500 0.012000 0.020100
0 0.276200 0.869000 0.016400 0.020900
0 0.195300 0.089800 0.012200 0.024900
0 0.760800 0.573000 0.014600 0.020400
0 0.851400 0.172800 0.015900 0.023600
0 0.882300 0.389800 0.014400 0.025900
0 0.935300 0.148400 0.013500 0.024300
0 0.502400 0.727200 0.016000 0.022500
0 0.009800 0.664200 0.015400 0.024400
0 0.126800 0.334900 0.013800 0.023400
0 0.386800 0.028200 0.012800 0.025000
0 0.865900 0.472100 0.010800 0.031300
0 0.306600 0.677900 0.011000 0.032500
0 0.257100 0.826200 0.015300 0.021900
0 0.791100 0.841200 0.015200 0.022900
0 0.435000 0.960700 0.014400 0.022900
0 0.497100 0.560800 0.014900 0.021100
0 0.548400 0.707400 0.015700 0.021600
0 0.215900 0.523300 0.014000 0.025300
0 0.193800 0.814900 0.010700 0.032600
0 0.128700 0.259700 0.012500 0.030200
0 0.177500 0.193000 0.013700 0.021500
0 0.280900 0.777900 0.015300 0.022100
0 0.314700 0.054200 0.011400 0.035100
0 0.527300 0.351500 0.015900 0.022000
0 0.213600 0.103200 0.014800 0.022700
0 0.732200 0.201700 0.015400 0.023300
0 0.498400 0.423400 0.016600 0.020400
0 0.648900 0.330700 0.014600 0.022400
0 0.595100 0.736700 0.017000 0.019400
0 0.595400 0.622800 0.013200 0.027400
0 0.299000 0.277000 0.011500 0.030300
0 0.154500 0.888900 0.015300 0.022800
0 0.286600 0.952000 0.014700 0.022400
0 0.452600 0.297600 0.011100 0.027100
0 0.470900 0.523400 0.014400 0.022500
0 0.903400 0.793900 0.013800 0.022200
0 0.952600 0.515900 0.015700 0.020000
0 0.778100 0.139300 0.012800 0.024200
0 0.351600 0.426700 0.015700 0.022200
0 0.949100 0.627800 0.016000 0.020000
0 0.205200 0.569300 0.014700 0.023200
0 0.991200 0.080200 0.006800 0.033300
0 0.770900 0.498800 0.014300 0.021400
0 0.947900 0.017300 0.016500 0.022600
0 0.709500 0.598800 0.013600 0.021000
0 0.076100 0.364100 0.018400 0.020500
0 0.144600 0.086000 0.015100 0.023600
0 0.941500 0.803000 0.014400 0.023000
0 0.469200 0.015300 0.011700 0.023900
0 0.928400 0.535400 0.013600 0.025600
0 0.107900 0.865300 0.012700 0.031600
0 0.671900 0.352100 0.015900 0.022700
0 0.213500 0.466900 0.015300 0.023800
0 0.876900 0.426600 0.015000 0.020300
0 0.168500 0.914100 0.014700 0.023400
0 0.586200 0.427200 0.014800 0.019700
0 0.951900 0.293800 0.017700 0.020300
0 0.492800 0.739200 0.015600 0.022200
0 0.400900 0.242700 0.017900 0.020800
0 0.751200 0.104200 0.011800 0.032300
0 0.852600 0.960400 0.015900 0.021200
0 0.926600 0.180600 0.017300 0.022100
0 0.126100 0.098300 0.017500 0.020100
0 0.353000 0.597800 0.015800 0.020300
0 0.694100 0.689500 0.012500 0.026900
0 0.622000 0.352200 0.011900 0.027000
0 0.702400 0.872700 0.015600 0.020700
0 0.491500 0.771400 0.016600 0.022600
0 0.943800 0.660500 0.014700 0.019700
0 0.349000 0.504500 0.016500 0.018500
0 0.498600 0.089300 0.012300 0.025900
0 0.623400 0.601800 0.015300 0.021400
0 0.574100 0.858400 0.013900 0.022700
0 0.345300 0.477300 0.014700 0.021200
0 0.191300 0.023300 0.013900 0.023900
0 0.640100 0.173700 0.013800 0.021700
0 0.982400 0.501500 0.014300 0.018400
0 0.336400 0.719700 0.013900 0.023100
0 0.385100 0.851500 0.014700 0.024000
0 0.889800 0.739800 0.013400 0.025200
0 0.611800 0.206400 0.012900 0.025700
0 0.973800 0.469200 0.016700 0.018800
0 0.581300 0.711100 0.017600 0.019000
0 0.692000 0.576600 0.014200 0.021100
0 0.175900 0.934600 0.013300 0.026200
0 0.942500 0.386000 0.018800 0.020400
0 0.641900 0.394600 0.014100 0.024400
0 0.376400 0.016300 0.015400 0.021400
0 0.870300 0.364600 0.013800 0.027700
0 0.568700 0.935700 0.013800 0.025900
0 0.408300 0.877300 0.010600 0.034600
0 0.654000 0.610700 0.010500 0.029700
0 0.378900 0.251500 0.019000 0.021300
0 0.319400 0.986200 0.013900 0.022000
0 0.753500 0.210500 0.013500 0.028300
0 0.593400 0.454600 0.014800 0.021800
0 0.432100 0.028900 0.012300 0.025900
0 0.366200 0.810500 0.014100 0.030300
0 0.617969 0.036806 0.012500 0.029167
0 0.536328 0.096528 0.016406 0.026389
0 0.657031 0.111806 0.014062 0.031944
0 0.725391 0.150000 0.016406 0.033333
0 0.947656 0.109722 0.015625 0.030556
0 0.885938 0.050000 0.012500 0.038889
0 0.522656 0.186111 0.020312 0.030556
0 0.601172 0.311806 0.017969 0.034722
0 0.601172 0.347917 0.017969 0.034722
0 0.748047 0.311111 0.011719 0.036111
0 0.310547 0.470833 0.017969 0.033333
0 0.397656 0.613889 0.021875 0.025000
0 0.412500 0.422917 0.014062 0.031944
0 0.541797 0.575000 0.017969 0.033333
0 0.470313 0.402778 0.012500 0.033333
0 0.300000 0.411111 0.015625 0.027778
0 0.476562 0.699306 0.014062 0.034722
0 0.936719 0.461806 0.018750 0.034722
0 0.962109 0.920139 0.021094 0.026389
0 0.727734 0.852778 0.021094 0.027778
0 0.860937 0.931944 0.012500 0.033333
0 0.678516 0.746528 0.013281 0.023611
0 0.989062 0.538194 0.017188 0.031944
0 0.013281 0.139583 0.010937 0.031944
0 0.653125 0.973611 0.014062 0.022222
0 0.560938 0.848611 0.014062 0.025000
0 0.607031 0.411111 0.012500 0.025000
0 0.694531 0.345833 0.012500 0.025000
0 0.707031 0.350000 0.015625 0.025000
0 0.988281 0.483333 0.015625 0.025000
0 0.958594 0.375000 0.012500 0.025000
0 0.525000 0.023611 0.014062 0.025000
0 0.350000 0.961111 0.009375 0.033333
0 0.117188 0.861806 0.012500 0.029167
