0 0.917000 0.081000 0.016000 0.021000
0 0.906000 0.062000 0.016000 0.021000
0 0.881000 0.056000 0.016000 0.021000
0 0.872000 0.060000 0.016000 0.021000
0 0.909000 0.104000 0.016000 0.021000
0 0.969000 0.188000 0.016000 0.021000
0 0.958000 0.206000 0.016000 0.021000
0 0.958000 0.225000 0.016000 0.021000
0 0.939000 0.221000 0.016000 0.021000
0 0.930000 0.237000 0.016000 0.021000
0 0.944000 0.240000 0.016000 0.021000
0 0.888000 0.273000 0.016000 0.021000
0 0.913000 0.321000 0.016000 0.021000
0 0.925000 0.338000 0.016000 0.021000
0 0.942000 0.346000 0.016000 0.021000
0 0.883000 0.312000 0.016000 0.021000
0 0.908000 0.302000 0.016000 0.021000
0 0.866000 0.329000 0.016000 0.021000
0 0.848000 0.325000 0.016000 0.021000
0 0.847000 0.367000 0.016000 0.021000
0 0.931000 0.388000 0.016000 0.021000
0 0.917000 0.431000 0.016000 0.021000
0 0.917000 0.452000 0.016000 0.021000
0 0.917000 0.467000 0.016000 0.021000
0 0.867000 0.425000 0.016000 0.021000
0 0.853000 0.431000 0.016000 0.021000
0 0.833000 0.415000 0.016000 0.021000
0 0.842000 0.454000 0.016000 0.021000
0 0.939000 0.506000 0.016000 0.021000
0 0.959000 0.508000 0.016000 0.021000
0 0.958000 0.385000 0.016000 0.021000
0 0.936000 0.600000 0.016000 0.021000
0 0.956000 0.613000 0.016000 0.021000
0 0.889000 0.562000 0.016000 0.021000
0 0.870000 0.556000 0.016000 0.021000
0 0.842000 0.565000 0.016000 0.021000
0 0.816000 0.569000 0.016000 0.021000
0 0.852000 0.604000 0.016000 0.021000
0 0.863000 0.588000 0.016000 0.021000
0 0.848000 0.635000 0.016000 0.021000
0 0.830000 0.644000 0.016000 0.021000
0 0.809000 0.623000 0.016000 0.021000
0 0.805000 0.600000 0.016000 0.021000
0 0.791000 0.619000 0.016000 0.021000
0 0.791000 0.596000 0.016000 0.021000
0 0.828000 0.681000 0.016000 0.021000
0 0.834000 0.675000 0.016000 0.021000
0 0.945000 0.717000 0.016000 0.021000
0 0.967000 0.792000 0.016000 0.021000
0 0.938000 0.879000 0.016000 0.021000
0 0.838000 0.858000 0.016000 0.021000
0 0.795000 0.900000 0.016000 0.021000
0 0.772000 0.892000 0.016000 0.021000
0 0.753000 0.873000 0.016000 0.021000
0 0.755000 0.817000 0.016000 0.021000
0 0.809000 0.792000 0.016000 0.021000
0 0.831000 0.798000 0.016000 0.021000
0 0.838000 0.785000 0.016000 0.021000
0 0.838000 0.725000 0.016000 0.021000
0 0.806000 0.715000 0.016000 0.021000
0 0.709000 0.833000 0.016000 0.021000
0 0.722000 0.808000 0.016000 0.021000
0 0.709000 0.900000 0.016000 0.021000
0 0.736000 0.927000 0.016000 0.021000
0 0.748000 0.927000 0.016000 0.021000
0 0.672000 0.915000 0.016000 0.021000
0 0.648000 0.915000 0.016000 0.021000
0 0.641000 0.929000 0.016000 0.021000
0 0.656000 0.890000 0.016000 0.021000
0 0.642000 0.881000 0.016000 0.021000
0 0.586000 0.798000 0.016000 0.021000
0 0.567000 0.840000 0.016000 0.021000
0 0.556000 0.871000 0.016000 0.021000
0 0.519000 0.898000 0.016000 0.021000
0 0.448000 0.904000 0.016000 0.021000
0 0.405000 0.904000 0.016000 0.021000
0 0.372000 0.921000 0.016000 0.021000
0 0.431000 0.848000 0.016000 0.021000
0 0.516000 0.831000 0.016000 0.021000
0 0.517000 0.802000 0.016000 0.021000
0 0.311000 0.856000 0.016000 0.021000
0 0.267000 0.875000 0.016000 0.021000
0 0.272000 0.898000 0.016000 0.021000
0 0.081000 0.904000 0.016000 0.021000
0 0.072000 0.898000 0.016000 0.021000
0 0.092000 0.927000 0.016000 0.021000
0 0.084000 0.850000 0.016000 0.021000
0 0.075000 0.835000 0.016000 0.021000
0 0.091000 0.783000 0.016000 0.021000
0 0.050000 0.775000 0.016000 0.021000
0 0.045000 0.760000 0.016000 0.021000
0 0.127000 0.831000 0.016000 0.021000
0 0.130000 0.858000 0.016000 0.021000
0 0.123000 0.873000 0.016000 0.021000
0 0.172000 0.858000 0.016000 0.021000
0 0.183000 0.804000 0.016000 0.021000
0 0.156000 0.785000 0.016000 0.021000
0 0.109000 0.690000 0.016000 0.021000
0 0.127000 0.692000 0.016000 0.021000
0 0.103000 0.677000 0.016000 0.021000
0 0.059000 0.642000 0.016000 0.021000
0 0.041000 0.704000 0.016000 0.021000
0 0.064000 0.544000 0.016000 0.021000
0 0.086000 0.462000 0.016000 0.021000
0 0.047000 0.467000 0.016000 0.021000
0 0.058000 0.431000 0.016000 0.021000
0 0.123000 0.508000 0.016000 0.021000
0 0.116000 0.521000 0.016000 0.021000
0 0.202000 0.698000 0.016000 0.021000
0 0.144000 0.583000 0.016000 0.021000
0 0.034000 0.783000 0.016000 0.021000
0 0.144000 0.456000 0.016000 0.021000
0 0.152000 0.440000 0.016000 0.021000
0 0.131000 0.404000 0.016000 0.021000
0 0.094000 0.338000 0.016000 0.021000
0 0.081000 0.335000 0.016000 0.021000
0 0.061000 0.312000 0.016000 0.021000
0 0.028000 0.342000 0.016000 0.021000
0 0.102000 0.294000 0.016000 0.021000
0 0.111000 0.306000 0.016000 0.021000
0 0.114000 0.331000 0.016000 0.021000
0 0.139000 0.285000 0.016000 0.021000
0 0.153000 0.275000 0.016000 0.021000
0 0.138000 0.167000 0.016000 0.021000
0 0.070000 0.138000 0.016000 0.021000
0 0.030000 0.083000 0.016000 0.021000
0 0.044000 0.071000 0.016000 0.021000
0 0.094000 0.071000 0.016000 0.021000
0 0.084000 0.040000 0.016000 0.021000
0 0.156000 0.138000 0.016000 0.021000
0 0.181000 0.113000 0.016000 0.021000
0 0.172000 0.077000 0.016000 0.021000
0 0.266000 0.056000 0.016000 0.021000
0 0.266000 0.077000 0.016000 0.021000
0 0.255000 0.127000 0.016000 0.021000
0 0.233000 0.146000 0.016000 0.021000
0 0.231000 0.167000 0.016000 0.021000
0 0.211000 0.179000 0.016000 0.021000
0 0.286000 0.192000 0.016000 0.021000
0 0.312000 0.129000 0.016000 0.021000
0 0.278000 0.146000 0.016000 0.021000
0 0.288000 0.129000 0.016000 0.021000
0 0.330000 0.083000 0.016000 0.021000
0 0.338000 0.127000 0.016000 0.021000
0 0.348000 0.165000 0.016000 0.021000
0 0.308000 0.181000 0.016000 0.021000
0 0.338000 0.050000 0.016000 0.021000
0 0.398000 0.062000 0.016000 0.021000
0 0.406000 0.046000 0.016000 0.021000
0 0.419000 0.092000 0.016000 0.021000
0 0.408000 0.113000 0.016000 0.021000
0 0.389000 0.113000 0.016000 0.021000
0 0.419000 0.156000 0.016000 0.021000
0 0.392000 0.177000 0.016000 0.021000
0 0.377000 0.206000 0.016000 0.021000
0 0.377000 0.219000 0.016000 0.021000
0 0.453000 0.181000 0.016000 0.021000
0 0.431000 0.123000 0.016000 0.021000
0 0.470000 0.077000 0.016000 0.021000
0 0.441000 0.233000 0.016000 0.021000
0 0.420000 0.248000 0.016000 0.021000
0 0.519000 0.229000 0.016000 0.021000
0 0.522000 0.212000 0.016000 0.021000
0 0.509000 0.133000 0.016000 0.021000
0 0.567000 0.117000 0.016000 0.021000
0 0.564000 0.156000 0.016000 0.021000
0 0.562000 0.190000 0.016000 0.021000
0 0.622000 0.123000 0.016000 0.021000
0 0.619000 0.104000 0.016000 0.021000
0 0.669000 0.154000 0.016000 0.021000
0 0.673000 0.119000 0.016000 0.021000
0 0.667000 0.106000 0.016000 0.021000
0 0.677000 0.096000 0.016000 0.021000
0 0.659000 0.079000 0.016000 0.021000
0 0.670000 0.054000 0.016000 0.021000
0 0.709000 0.077000 0.016000 0.021000
0 0.789000 0.173000 0.016000 0.021000
0 0.792000 0.135000 0.016000 0.021000
0 0.808000 0.127000 0.016000 0.021000
0 0.820000 0.127000 0.016000 0.021000
0 0.822000 0.106000 0.016000 0.021000
0 0.844000 0.177000 0.016000 0.021000
0 0.838000 0.069000 0.016000 0.021000
0 0.794000 0.256000 0.016000 0.021000
0 0.781000 0.273000 0.016000 0.021000
0 0.800000 0.321000 0.016000 0.021000
0 0.809000 0.338000 0.016000 0.021000
0 0.798000 0.369000 0.016000 0.021000
0 0.759000 0.362000 0.016000 0.021000
0 0.758000 0.379000 0.016000 0.021000
0 0.698000 0.287000 0.016000 0.021000
0 0.702000 0.263000 0.016000 0.021000
0 0.667000 0.244000 0.016000 0.021000
0 0.552000 0.231000 0.016000 0.021000
0 0.492000 0.275000 0.016000 0.021000
0 0.492000 0.256000 0.016000 0.021000
0 0.470000 0.275000 0.016000 0.021000
0 0.489000 0.298000 0.016000 0.021000
0 0.431000 0.298000 0.016000 0.021000
0 0.377000 0.298000 0.016000 0.021000
0 0.353000 0.275000 0.016000 0.021000
0 0.228000 0.275000 0.016000 0.021000
0 0.216000 0.302000 0.016000 0.021000
0 0.263000 0.323000 0.016000 0.021000
0 0.277000 0.327000 0.016000 0.021000
0 0.270000 0.369000 0.016000 0.021000
0 0.250000 0.394000 0.016000 0.021000
0 0.213000 0.419000 0.016000 0.021000
0 0.219000 0.433000 0.016000 0.021000
0 0.183000 0.396000 0.016000 0.021000
0 0.188000 0.438000 0.016000 0.021000
0 0.198000 0.452000 0.016000 0.021000
0 0.194000 0.471000 0.016000 0.021000
0 0.305000 0.402000 0.016000 0.021000
0 0.336000 0.421000 0.016000 0.021000
0 0.350000 0.352000 0.016000 0.021000
0 0.667000 0.173000 0.016000 0.021000
0 0.833000 0.258000 0.016000 0.021000
0 0.756000 0.417000 0.016000 0.021000
0 0.748000 0.431000 0.016000 0.021000
0 0.673000 0.344000 0.016000 0.021000
0 0.639000 0.342000 0.016000 0.021000
0 0.616000 0.227000 0.016000 0.021000
0 0.564000 0.369000 0.016000 0.021000
0 0.600000 0.400000 0.016000 0.021000
0 0.631000 0.390000 0.016000 0.021000
0 0.650000 0.419000 0.016000 0.021000
0 0.666000 0.473000 0.016000 0.021000
0 0.769000 0.479000 0.016000 0.021000
0 0.794000 0.529000 0.016000 0.021000
0 0.733000 0.531000 0.016000 0.021000
0 0.744000 0.525000 0.016000 0.021000
0 0.748000 0.506000 0.016000 0.021000
0 0.750000 0.490000 0.016000 0.021000
0 0.720000 0.515000 0.016000 0.021000
0 0.728000 0.548000 0.016000 0.021000
0 0.723000 0.608000 0.016000 0.021000
0 0.753000 0.662000 0.016000 0.021000
0 0.758000 0.688000 0.016000 0.021000
0 0.763000 0.725000 0.016000 0.021000
0 0.748000 0.719000 0.016000 0.021000
0 0.723000 0.746000 0.016000 0.021000
0 0.720000 0.733000 0.016000 0.021000
0 0.698000 0.758000 0.016000 0.021000
0 0.669000 0.721000 0.016000 0.021000
0 0.644000 0.713000 0.016000 0.021000
0 0.663000 0.679000 0.016000 0.021000
0 0.672000 0.667000 0.016000 0.021000
0 0.681000 0.625000 0.016000 0.021000
0 0.633000 0.760000 0.016000 0.021000
0 0.627000 0.785000 0.016000 0.021000
0 0.616000 0.658000 0.016000 0.021000
0 0.620000 0.629000 0.016000 0.021000
0 0.636000 0.602000 0.016000 0.021000
0 0.605000 0.644000 0.016000 0.021000
0 0.583000 0.640000 0.016000 0.021000
0 0.545000 0.637000 0.016000 0.021000
0 0.558000 0.779000 0.016000 0.021000
0 0.539000 0.762000 0.016000 0.021000
0 0.503000 0.765000 0.016000 0.021000
0 0.505000 0.742000 0.016000 0.021000
0 0.486000 0.752000 0.016000 0.021000
0 0.475000 0.738000 0.016000 0.021000
0 0.486000 0.715000 0.016000 0.021000
0 0.483000 0.702000 0.016000 0.021000
0 0.445000 0.752000 0.016000 0.021000
0 0.408000 0.727000 0.016000 0.021000
0 0.375000 0.800000 0.016000 0.021000
0 0.333000 0.767000 0.016000 0.021000
0 0.288000 0.808000 0.016000 0.021000
0 0.286000 0.704000 0.016000 0.021000
0 0.256000 0.710000 0.016000 0.021000
0 0.263000 0.690000 0.016000 0.021000
0 0.244000 0.667000 0.016000 0.021000
0 0.231000 0.569000 0.016000 0.021000
0 0.217000 0.494000 0.016000 0.021000
0 0.247000 0.496000 0.016000 0.021000
0 0.248000 0.444000 0.016000 0.021000
0 0.325000 0.502000 0.016000 0.021000
0 0.312000 0.540000 0.016000 0.021000
0 0.406000 0.510000 0.016000 0.021000
0 0.384000 0.477000 0.016000 0.021000
0 0.370000 0.458000 0.016000 0.021000
0 0.388000 0.452000 0.016000 0.021000
0 0.433000 0.417000 0.016000 0.021000
0 0.430000 0.362000 0.016000 0.021000
0 0.431000 0.335000 0.016000 0.021000
0 0.452000 0.385000 0.016000 0.021000
0 0.470000 0.392000 0.016000 0.021000
0 0.503000 0.408000 0.016000 0.021000
0 0.516000 0.400000 0.016000 0.021000
0 0.520000 0.415000 0.016000 0.021000
0 0.544000 0.435000 0.016000 0.021000
0 0.566000 0.477000 0.016000 0.021000
0 0.592000 0.485000 0.016000 0.021000
0 0.608000 0.458000 0.016000 0.021000
0 0.562000 0.498000 0.016000 0.021000
0 0.483000 0.487000 0.016000 0.021000
0 0.438000 0.490000 0.016000 0.021000
0 0.488000 0.525000 0.016000 0.021000
0 0.483000 0.540000 0.016000 0.021000
0 0.634000 0.517000 0.016000 0.021000
0 0.642000 0.527000 0.016000 0.021000
0 0.664000 0.494000 0.016000 0.021000
0 0.645000 0.487000 0.016000 0.021000
0 0.530000 0.542000 0.016000 0.021000
0 0.491000 0.569000 0.016000 0.021000
0 0.480000 0.627000 0.016000 0.021000
0 0.481000 0.594000 0.016000 0.021000
0 0.442000 0.565000 0.016000 0.021000
0 0.448000 0.642000 0.016000 0.021000
0 0.438000 0.640000 0.016000 0.021000
0 0.411000 0.610000 0.016000 0.021000
0 0.389000 0.600000 0.016000 0.021000
0 0.380000 0.656000 0.016000 0.021000
0 0.345000 0.656000 0.016000 0.021000
0 0.311000 0.692000 0.016000 0.021000
0 0.308000 0.740000 0.016000 0.021000
0 0.316000 0.750000 0.016000 0.021000
0 0.395000 0.698000 0.016000 0.021000
0 0.372000 0.690000 0.016000 0.021000
0 0.967000 0.025000 0.016000 0.021000
0 0.975000 0.069000 0.016000 0.021000
0 0.914000 0.138000 0.016000 0.021000
0 0.988000 0.156000 0.016000 0.021000
0 0.978000 0.177000 0.016000 0.021000
0 0.781000 0.123000 0.016000 0.021000
0 0.770000 0.119000 0.016000 0.021000
0 0.980000 0.263000 0.016000 0.021000
0 0.980000 0.298000 0.016000 0.021000
0 0.983000 0.379000 0.016000 0.021000
0 0.984000 0.510000 0.016000 0.021000
0 0.970000 0.531000 0.016000 0.021000
0 0.983000 0.581000 0.016000 0.021000
0 0.973000 0.583000 0.016000 0.021000
0 0.977000 0.610000 0.016000 0.021000
0 0.988000 0.608000 0.016000 0.021000
0 0.934000 0.531000 0.016000 0.021000
0 0.969000 0.702000 0.016000 0.021000
0 0.978000 0.738000 0.016000 0.021000
0 0.988000 0.890000 0.016000 0.021000
0 0.958000 0.917000 0.016000 0.021000
0 0.945000 0.956000 0.016000 0.021000
0 0.948000 0.975000 0.016000 0.021000
0 0.966000 0.973000 0.016000 0.021000
0 0.980000 0.960000 0.016000 0.021000
0 0.880000 0.965000 0.016000 0.021000
0 0.816000 0.883000 0.016000 0.021000
0 0.803000 0.965000 0.016000 0.021000
0 0.798000 0.931000 0.016000 0.021000
0 0.764000 0.800000 0.016000 0.021000
0 0.788000 0.677000 0.016000 0.021000
0 0.706000 0.673000 0.016000 0.021000
0 0.694000 0.675000 0.016000 0.021000
0 0.677000 0.690000 0.016000 0.021000
0 0.537000 0.521000 0.016000 0.021000
0 0.409000 0.679000 0.016000 0.021000
0 0.767000 0.954000 0.016000 0.021000
0 0.659000 0.948000 0.016000 0.021000
0 0.656000 0.958000 0.016000 0.021000
0 0.630000 0.971000 0.016000 0.021000
0 0.631000 0.950000 0.016000 0.021000
0 0.597000 0.967000 0.016000 0.021000
0 0.525000 0.952000 0.016000 0.021000
0 0.233000 0.971000 0.016000 0.021000
0 0.220000 0.977000 0.016000 0.021000
0 0.197000 0.950000 0.016000 0.021000
0 0.077000 0.969000 0.016000 0.021000
0 0.081000 0.927000 0.016000 0.021000
0 0.039000 0.877000 0.016000 0.021000
0 0.161000 0.627000 0.016000 0.021000
0 0.009000 0.317000 0.016000 0.021000
0 0.055000 0.127000 0.016000 0.021000
0 0.072000 0.117000 0.016000 0.021000
0 0.098000 0.102000 0.016000 0.021000
0 0.214000 0.108000 0.016000 0.021000
0 0.230000 0.098000 0.016000 0.021000
0 0.228000 0.121000 0.016000 0.021000
0 0.434000 0.017000 0.016000 0.021000
0 0.513000 0.023000 0.016000 0.021000
0 0.523000 0.081000 0.016000 0.021000
0 0.541000 0.085000 0.016000 0.021000
0 0.492000 0.104000 0.016000 0.021000
0 0.473000 0.202000 0.016000 0.021000
0 0.633000 0.150000 0.016000 0.021000
0 0.595000 0.031000 0.016000 0.021000
0 0.656000 0.023000 0.016000 0.021000
0 0.667000 0.035000 0.016000 0.021000
0 0.697000 0.035000 0.016000 0.021000
0 0.731000 0.023000 0.016000 0.021000
0 0.713000 0.056000 0.016000 0.021000
0 0.692000 0.067000 0.016000 0.021000
0 0.697000 0.085000 0.016000 0.021000
0 0.713000 0.117000 0.016000 0.021000
0 0.763000 0.283000 0.016000 0.021000
0 0.558000 0.427000 0.016000 0.021000
0 0.541000 0.533000 0.016000 0.021000
0 0.580000 0.835000 0.016000 0.021000
0 0.452000 0.731000 0.016000 0.021000
0 0.211000 0.533000 0.016000 0.021000
0 0.114000 0.385000 0.016000 0.021000
0 0.120000 0.406000 0.016000 0.021000
0 0.302000 0.450000 0.016000 0.021000
0 0.761000 0.706000 0.016000 0.021000
0 0.147000 0.019000 0.016000 0.021000
0 0.228000 0.015000 0.016000 0.021000
0 0.325000 0.023000 0.016000 0.021000
0 0.727000 0.981000 0.016000 0.021000
0 0.681000 0.985000 0.016000 0.021000
0 0.484000 0.981000 0.016000 0.021000
0 0.344000 0.979000 0.016000 0.021000
0 0.984000 0.479000 0.016000 0.021000
0 0.009000 0.215000 0.016000 0.021000
0 0.030000 0.017000 0.016000 0.021000
0 0.803125 0.486111 0.014062 0.030556
0 0.830078 0.493056 0.013281 0.036111
0 0.902734 0.667361 0.013281 0.040278
0 0.905078 0.780556 0.013281 0.038889
0 0.968359 0.831944 0.011719 0.036111
0 0.871875 0.372222 0.010937 0.036111
0 0.850781 0.246528 0.012500 0.040278
0 0.850391 0.015972 0.014844 0.029167
0 0.994531 0.303472 0.009375 0.023611
0 0.912109 0.987500 0.019531 0.025000
0 0.741406 0.300694 0.018750 0.037500
0 0.385156 0.870139 0.010937 0.034722
0 0.388281 0.821528 0.015625 0.034722
0 0.534375 0.664583 0.014062 0.031944
0 0.579687 0.701389 0.014062 0.033333
0 0.169141 0.782639 0.013281 0.040278
0 0.383594 0.340278 0.014062 0.038889
0 0.303125 0.262500 0.012500 0.036111
0 0.069531 0.485417 0.015625 0.029167
0 0.489453 0.841667 0.014844 0.027778
0 0.409375 0.290972 0.012500 0.040278
0 0.456641 0.218056 0.011719 0.027778
0 0.252734 0.211806 0.013281 0.031944
0 0.583203 0.242361 0.011719 0.037500
0 0.761328 0.180556 0.011719 0.027778
0 0.007031 0.158333 0.014062 0.022222
0 0.586328 0.988194 0.019531 0.020833
0 0.855078 0.897917 0.014844 0.034722
0 0.715625 0.390278 0.015625 0.038889
0 0.994531 0.711806 0.007813 0.040278
0 0.969141 0.986806 0.014844 0.015278
0 0.018750 0.898611 0.012500 0.036111
0 0.317187 0.245139 0.010937 0.029167
0 0.208203 0.140972 0.008594 0.029167
0 0.155469 0.111111 0.014062 0.030556
0 0.167578 0.110417 0.011719 0.018056
0 0.128125 0.080556 0.010937 0.033333
0 0.446094 0.143056 0.010937 0.025000
0 0.439453 0.077083 0.013281 0.031944
0 0.532812 0.161806 0.012500 0.031944
0 0.197266 0.535417 0.011719 0.034722
0 0.102344 0.800694 0.010937 0.029167
0 0.128906 0.800000 0.014062 0.030556
0 0.023047 0.840972 0.014844 0.031944
0 0.309375 0.781250 0.012500 0.029167
0 0.451953 0.582639 0.014844 0.026389
0 0.411328 0.412500 0.013281 0.036111
0 0.437500 0.386111 0.012500 0.033333
0 0.728125 0.572222 0.010937 0.033333
0 0.732422 0.677778 0.010156 0.030556
0 0.819531 0.913194 0.012500 0.029167
0 0.833203 0.899306 0.010156 0.023611
0 0.834766 0.877083 0.010156 0.026389
0 0.821484 0.832639 0.011719 0.031944
0 0.879687 0.752778 0.012500 0.038889
0 0.920313 0.915972 0.012500 0.026389
0 0.539063 0.584028 0.010937 0.026389
0 0.541797 0.602083 0.014844 0.023611
0 0.516016 0.552083 0.013281 0.034722
0 0.522656 0.489583 0.014062 0.031944
0 0.581641 0.322917 0.011719 0.031944
0 0.580078 0.352083 0.011719 0.034722
0 0.779688 0.232639 0.010937 0.029167
0 0.826172 0.165972 0.016406 0.029167
0 0.774219 0.073611 0.009375 0.027778
0 0.833984 0.034028 0.011719 0.031944
0 0.988281 0.242361 0.010937 0.031944
0 0.956641 0.183333 0.010156 0.025000
0 0.987891 0.543750 0.011719 0.031944
0 0.190625 0.190972 0.012500 0.034722
0 0.184375 0.216667 0.012500 0.027778
0 0.178906 0.042361 0.014062 0.031944
0 0.558984 0.381250 0.007031 0.031944
0 0.541016 0.356250 0.011719 0.031944
0 0.569922 0.975000 0.011719 0.027778
0 0.562109 0.988889 0.014844 0.022222
0 0.799609 0.026389 0.011719 0.030556
0 0.310547 0.518056 0.010156 0.030556
0 0.689062 0.158333 0.010937 0.027778
0 0.676172 0.183333 0.008594 0.025000
0 0.650781 0.207639 0.012500 0.031944
0 0.080469 0.566667 0.012500 0.022222
0 0.078516 0.554861 0.016406 0.020833
0 0.707422 0.879167 0.016406 0.027778
0 0.301953 0.469444 0.016406 0.027778
0 0.286328 0.470139 0.017969 0.029167
0 0.187500 0.569444 0.015625 0.016667
0 0.182812 0.560417 0.014062 0.023611
0 0.599219 0.754861 0.015625 0.029167
0 0.276563 0.402083 0.012500 0.029167
0 0.054688 0.159722 0.018750 0.019444
0 0.021875 0.661806 0.012500 0.026389
0 0.564844 0.570139 0.012500 0.031944
0 0.771094 0.438194 0.014062 0.029167
0 0.880469 0.789583 0.017188 0.026389
0 0.269531 0.609028 0.010937 0.037500
0 0.750781 0.541667 0.015625 0.019444
0 0.681250 0.567361 0.010937 0.029167
