0 0.493300 0.405100 0.014200 0.021600
0 0.817700 0.869300 0.015200 0.020800
0 0.805300 0.733700 0.014400 0.019800
0 0.819000 0.844200 0.015200 0.019200
0 0.242300 0.556800 0.014100 0.023200
0 0.036100 0.352300 0.015800 0.021000
0 0.522500 0.892100 0.016500 0.020300
0 0.292200 0.367900 0.015500 0.022400
0 0.133900 0.494600 0.015000 0.023600
0 0.793300 0.409500 0.014900 0.021300
0 0.907100 0.966900 0.014100 0.020600
0 0.569900 0.569400 0.017100 0.020000
0 0.008200 0.092100 0.011200 0.034100
0 0.482400 0.934500 0.018200 0.020400
0 0.519900 0.345900 0.014300 0.025500
0 0.769400 0.307200 0.015400 0.021200
0 0.294500 0.843500 0.015600 0.021700
0 0.866000 0.915800 0.016500 0.021100
0 0.454100 0.346000 0.014300 0.024000
0 0.830500 0.545800 0.015200 0.020600
0 0.609000 0.205100 0.014600 0.023200
0 0.780300 0.831300 0.016400 0.021700
0 0.555000 0.458200 0.015200 0.022700
0 0.881000 0.902000 0.016300 0.020500
0 0.180500 0.105500 0.016700 0.022200
0 0.496900 0.981600 0.015400 0.023500
0 0.357500 0.705300 0.016200 0.020800
0 0.566000 0.893800 0.015400 0.021600
0 0.493400 0.869700 0.015300 0.024300
0 0.578900 0.696000 0.014300 0.020900
0 0.078100 0.221700 0.015700 0.020800
0 0.930400 0.843000 0.014300 0.020600
0 0.145000 0.695300 0.016000 0.022900
0 0.519900 0.768900 0.015700 0.021900
0 0.335200 0.280100 0.014400 0.021600
0 0.366500 0.769600 0.017000 0.021400
0 0.458300 0.258800 0.014000 0.020600
0 0.694800 0.670600 0.017700 0.021200
0 0.027800 0.922000 0.015100 0.023400
0 0.432300 0.143300 0.015400 0.022400
0 0.782800 0.532100 0.015900 0.022700
0 0.434900 0.770300 0.014600 0.023600
0 0.893500 0.570000 0.014200 0.024800
0 0.440300 0.458400 0.016100 0.021000
0 0.744500 0.818000 0.016900 0.018700
0 0.884000 0.169100 0.015200 0.022900
0 0.016800 0.829800 0.015200 0.021800
0 0.866600 0.590000 0.017000 0.019500
0 0.369200 0.156400 0.015000 0.018800
0 0.457200 0.784300 0.015200 0.021800
0 0.493600 0.840400 0.014000 0.022600
0 0.054300 0.756400 0.016300 0.024300
0 0.573100 0.678800 0.013400 0.025000
0 0.128500 0.169200 0.014300 0.027000
0 0.696000 0.731600 0.018000 0.019200
0 0.009000 0.931900 0.012500 0.030800
0 0.955200 0.720400 0.014200 0.021900
0 0.894100 0.067200 0.015300 0.018800
0 0.395300 0.682300 0.014800 0.023500
0 0.895000 0.982200 0.015600 0.020700
0 0.008000 0.506600 0.014000 0.022700
0 0.368900 0.904500 0.015300 0.022500
0 0.957100 0.745100 0.013700 0.020700
0 0.659400 0.295600 0.013500 0.022500
0 0.055700 0.872300 0.016600 0.023100
0 0.028400 0.704500 0.016500 0.021700
0 0.295700 0.671100 0.013600 0.022600
0 0.431700 0.734300 0.015500 0.022800
0 0.257900 0.056900 0.017500 0.024000
0 0.403900 0.180100 0.015400 0.019700
0 0.284900 0.492500 0.017200 0.023500
0 0.197000 0.980600 0.015300 0.023300
0 0.644000 0.480500 0.014800 0.023600
0 0.768600 0.278200 0.014100 0.019800
0 0.372000 0.043400 0.012500 0.031000
0 0.894300 0.292000 0.013400 0.024900
0 0.171800 0.480600 0.015400 0.025800
0 0.404600 0.079700 0.015300 0.024800
0 0.391000 0.170900 0.016500 0.020000
0 0.229500 0.622700 0.015300 0.023600
0 0.821200 0.270200 0.014600 0.022100
0 0.618100 0.680400 0.013900 0.022000
0 0.969600 0.918800 0.018700 0.023500
0 0.269000 0.758500 0.014100 0.021300
0 0.407700 0.320600 0.013700 0.026500
0 0.618400 0.572100 0.014300 0.022900
0 0.380100 0.808200 0.014200 0.023600
0 0.445600 0.197400 0.013900 0.023700
0 0.367900 0.846000 0.015200 0.022200
0 0.892400 0.830400 0.016300 0.020800
0 0.316200 0.259100 0.014700 0.022200
0 0.390500 0.820000 0.012900 0.025500
0 0.917300 0.369900 0.013900 0.024500
0 0.094300 0.968400 0.013200 0.025800
0 0.207000 0.432700 0.014700 0.025400
0 0.210300 0.665600 0.015000 0.024000
0 0.419900 0.558000 0.013500 0.023800
0 0.484900 0.743000 0.015000 0.022400
0 0.683300 0.782600 0.012900 0.027500
0 0.022600 0.577800 0.016200 0.023300
0 0.004300 0.444300 0.009600 0.025900
0 0.341600 0.442300 0.013700 0.023300
0 0.809300 0.281700 0.014500 0.020500
0 0.591400 0.920900 0.013200 0.022500
0 0.769000 0.578000 0.015800 0.023400
0 0.530100 0.046600 0.015900 0.023500
0 0.322100 0.665800 0.015600 0.021800
0 0.202200 0.270700 0.015300 0.023000
0 0.292500 0.507700 0.015700 0.021800
0 0.719600 0.755800 0.016400 0.019900
0 0.332500 0.381100 0.014600 0.022400
0 0.653700 0.808700 0.015500 0.020700
0 0.595500 0.294700 0.013800 0.024400
0 0.468300 0.129700 0.015900 0.021000
0 0.255400 0.545200 0.014200 0.025500
0 0.381000 0.777900 0.013200 0.024600
0 0.934500 0.343100 0.015000 0.019900
0 0.481500 0.609500 0.014900 0.020600
0 0.753700 0.467900 0.014900 0.022000
0 0.696900 0.207300 0.015200 0.020600
0 0.071500 0.115500 0.013700 0.025800
0 0.505900 0.653500 0.014900 0.025000
0 0.707900 0.506000 0.015200 0.023900
0 0.656500 0.785100 0.014400 0.020300
0 0.347700 0.557900 0.014600 0.023000
0 0.582900 0.876900 0.015500 0.022300
0 0.429100 0.580800 0.014400 0.020900
0 0.295800 0.218500 0.012100 0.030200
0 0.570700 0.646300 0.011300 0.031300
0 0.082500 0.320000 0.016000 0.024900
0 0.933000 0.279400 0.015100 0.021200
0 0.065000 0.978700 0.012900 0.028400
0 0.945600 0.891300 0.017000 0.020800
0 0.880700 0.360900 0.013800 0.020400
0 0.453100 0.216400 0.014300 0.024800
0 0.444600 0.103600 0.015000 0.021400
0 0.716000 0.242200 0.013500 0.023700
0 0.242500 0.657500 0.013400 0.025400
0 0.015600 0.607700 0.012800 0.026800
0 0.653700 0.752700 0.016200 0.021300
0 0.591200 0.896100 0.014100 0.023300
0 0.119300 0.303300 0.015600 0.021200
0 0.316400 0.718500 0.016200 0.020500
0 0.493400 0.717800 0.014900 0.022900
0 0.409300 0.580400 0.015400 0.023000
0 0.883400 0.865500 0.016000 0.021000
0 0.803700 0.543800 0.013800 0.023900
0 0.844500 0.357200 0.015500 0.021000
0 0.393700 0.404800 0.013700 0.023600
0 0.360700 0.246800 0.014900 0.021600
0 0.243000 0.230500 0.014800 0.022600
0 0.653200 0.690300 0.015000 0.021800
0 0.695400 0.053000 0.016200 0.024700
0 0.954300 0.544700 0.015700 0.023300
0 0.695600 0.433500 0.014600 0.025700
0 0.734700 0.602400 0.014700 0.020600
0 0.073400 0.198200 0.014700 0.022900
0 0.604800 0.866400 0.014000 0.023500
0 0.782600 0.309600 0.016400 0.019600
0 0.069900 0.479400 0.015400 0.024000
0 0.779600 0.698200 0.016200 0.021300
0 0.446700 0.304800 0.012600 0.024400
0 0.453800 0.040600 0.016400 0.022000
0 0.183800 0.704800 0.014600 0.020000
0 0.581900 0.922500 0.014100 0.020300
0 0.894100 0.530100 0.013600 0.025300
0 0.772500 0.452800 0.012500 0.024400
0 0.526600 0.259100 0.014500 0.022500
0 0.943400 0.079500 0.014200 0.023700
0 0.514900 0.108200 0.015300 0.020700
0 0.447700 0.567100 0.015000 0.022900
0 0.802800 0.583900 0.016500 0.022200
0 0.414800 0.190700 0.014900 0.020500
0 0.296900 0.427600 0.016200 0.024300
0 0.253000 0.716300 0.015100 0.021300
0 0.960600 0.767100 0.013600 0.021200
0 0.853100 0.041900 0.015800 0.021400
0 0.134300 0.628100 0.016300 0.022800
0 0.215700 0.259300 0.011900 0.031700
0 0.103800 0.568900 0.015600 0.021900
0 0.252100 0.917100 0.017700 0.023000
0 0.844700 0.746600 0.014800 0.022100
0 0.847700 0.140400 0.015100 0.023600
0 0.619200 0.856800 0.014600 0.023300
0 0.730700 0.306300 0.012900 0.023500
0 0.921600 0.321000 0.013400 0.022900
0 0.136000 0.606500 0.015600 0.024200
0 0.279500 0.866100 0.014800 0.021000
0 0.430700 0.556800 0.013200 0.024100
0 0.053100 0.571700 0.018400 0.021600
0 0.007500 0.359900 0.012400 0.025300
0 0.490500 0.357500 0.012100 0.029000
0 0.694500 0.966300 0.013100 0.025200
0 0.308100 0.205200 0.012100 0.031300
0 0.520700 0.564200 0.016900 0.021100
0 0.532600 0.690600 0.015400 0.022400
0 0.286000 0.741000 0.015000 0.021100
0 0.523800 0.840500 0.013600 0.025000
0 0.194500 0.104800 0.016000 0.022700
0 0.969900 0.155100 0.015100 0.028200
0 0.818500 0.029800 0.013600 0.025600
0 0.060200 0.422600 0.015100 0.021800
0 0.185300 0.130200 0.015000 0.020400
0 0.856200 0.835300 0.015500 0.022100
0 0.109100 0.229100 0.010800 0.035200
0 0.059300 0.454000 0.014700 0.024500
0 0.414400 0.628300 0.016400 0.022200
0 0.831500 0.947300 0.014700 0.021900
0 0.544700 0.022100 0.016100 0.023200
0 0.257300 0.676800 0.014200 0.020300
0 0.930700 0.382200 0.013600 0.028300
0 0.903000 0.756700 0.013400 0.025800
0 0.117000 0.572200 0.012300 0.027900
0 0.939500 0.646600 0.015200 0.020700
0 0.669900 0.958200 0.015400 0.021100
0 0.227300 0.181800 0.014100 0.025700
0 0.003400 0.341700 0.007800 0.018600
0 0.534800 0.727600 0.013500 0.020800
0 0.490800 0.566500 0.016500 0.021000
0 0.014600 0.407700 0.015700 0.022900
0 0.910500 0.295700 0.015700 0.019600
0 0.954400 0.809300 0.013600 0.020100
0 0.140200 0.290400 0.016100 0.022600
0 0.283700 0.673600 0.014100 0.020200
0 0.292400 0.339800 0.013500 0.022300
0 0.706100 0.486100 0.014900 0.021400
0 0.968700 0.796200 0.015400 0.022200
0 0.238800 0.704300 0.014400 0.023700
0 0.106800 0.741300 0.016200 0.022700
0 0.484300 0.233000 0.011400 0.027200
0 0.873800 0.608900 0.014400 0.023100
0 0.590500 0.316100 0.014600 0.023000
0 0.058400 0.382900 0.016900 0.021500
0 0.809900 0.228600 0.015900 0.018600
0 0.614800 0.458700 0.016800 0.025200
0 0.182800 0.803100 0.015500 0.021400
0 0.343600 0.865500 0.014800 0.025200
0 0.694100 0.407300 0.014000 0.027500
0 0.478400 0.176900 0.015000 0.020000
0 0.972100 0.347800 0.016500 0.021400
0 0.460600 0.170000 0.017000 0.020300
0 0.772000 0.332000 0.018800 0.021300
0 0.941700 0.184000 0.015900 0.024600
0 0.452700 0.746200 0.012500 0.028800
0 0.032900 0.955000 0.013400 0.029300
0 0.870900 0.080600 0.010900 0.032900
0 0.293600 0.582000 0.013200 0.031600
0 0.889700 0.330300 0.015600 0.021700
0 0.898600 0.141900 0.013600 0.026900
0 0.557900 0.035500 0.016400 0.023000
0 0.006400 0.530600 0.011700 0.022200
0 0.909100 0.041100 0.015300 0.022000
0 0.406100 0.418400 0.013900 0.023400
0 0.416700 0.404600 0.014200 0.024500
0 0.006200 0.273700 0.010900 0.017200
0 0.680000 0.052700 0.017500 0.023600
0 0.147900 0.172700 0.011300 0.029800
0 0.046400 0.382300 0.016000 0.023300
0 0.794500 0.248200 0.014200 0.021600
0 0.210400 0.364800 0.014900 0.020900
0 0.740200 0.640000 0.017000 0.019200
0 0.583100 0.768500 0.012600 0.031200
0 0.473200 0.721000 0.014200 0.026200
0 0.443500 0.047600 0.015900 0.021000
0 0.016900 0.282300 0.015200 0.018600
0 0.517600 0.281700 0.013200 0.023900
0 0.396400 0.258900 0.014600 0.020900
0 0.657700 0.953200 0.014800 0.021600
0 0.719500 0.640300 0.017700 0.018700
0 0.983300 0.557700 0.012400 0.024600
0 0.190700 0.692600 0.016800 0.020700
0 0.985600 0.596400 0.014400 0.023800
0 0.277100 0.283000 0.016200 0.018400
0 0.730500 0.229200 0.012900 0.026600
0 0.822700 0.481600 0.014200 0.022000
0 0.015900 0.294500 0.014900 0.019000
0 0.656200 0.616900 0.012400 0.030700
0 0.477200 0.331000 0.014000 0.024000
0 0.771100 0.847900 0.016700 0.021600
0 0.345200 0.173700 0.015200 0.021900
0 0.685500 0.747000 0.016900 0.020900
0 0.969300 0.539700 0.016600 0.023800
0 0.945200 0.568000 0.015600 0.021600
0 0.755000 0.085800 0.014200 0.021900
0 0.164900 0.791700 0.016200 0.021000
0 0.504500 0.442100 0.013100 0.029100
0 0.281800 0.797200 0.013900 0.024200
0 0.796200 0.771000 0.013400 0.021300
0 0.605800 0.359400 0.013700 0.027900
0 0.341900 0.535000 0.014200 0.025100
0 0.853900 0.741300 0.015000 0.021100
0 0.222600 0.885600 0.016900 0.020900
0 0.272400 0.542100 0.012600 0.029800
0 0.539800 0.860100 0.015900 0.020400
0 0.467100 0.577800 0.014900 0.023400
0 0.759200 0.105000 0.012100 0.028800
0 0.255800 0.795300 0.010900 0.031400
0 0.639800 0.172700 0.016100 0.022200
0 0.173500 0.804500 0.014700 0.022000
0 0.808400 0.346600 0.020900 0.020700
0 0.751700 0.043400 0.014400 0.026500
0 0.048700 0.043900 0.017000 0.023100
0 0.223500 0.581200 0.014800 0.025700
0 0.355000 0.016200 0.011900 0.025100
0 0.439100 0.220400 0.012600 0.025800
0 0.469500 0.514100 0.014500 0.020400
0 0.656300 0.373500 0.016000 0.022900
0 0.767000 0.920000 0.014600 0.024300
0 0.714700 0.868900 0.017200 0.021400
0 0.952100 0.658400 0.013600 0.021700
0 0.829700 0.358800 0.016500 0.021600
0 0.423200 0.372300 0.015500 0.021600
0 0.370100 0.219600 0.013300 0.027100
0 0.757500 0.834700 0.017600 0.020100
0 0.516400 0.045100 0.016900 0.020100
0 0.547300 0.735800 0.014500 0.021300
0 0.835200 0.228200 0.015300 0.020900
0 0.926200 0.940400 0.011100 0.035300
0 0.471300 0.873400 0.019000 0.023500
0 0.877900 0.664800 0.015800 0.022100
0 0.631300 0.843300 0.014500 0.022900
0 0.519300 0.314900 0.013900 0.025000
0 0.153000 0.834900 0.016800 0.021300
0 0.258100 0.132900 0.015700 0.029700
0 0.826000 0.977400 0.012400 0.025700
0 0.248200 0.592000 0.015600 0.023600
0 0.153200 0.417700 0.011100 0.032600
0 0.780300 0.135600 0.014200 0.022000
0 0.626800 0.664500 0.014400 0.022700
0 0.140400 0.515600 0.013200 0.026300
0 0.626800 0.543900 0.016100 0.020900
0 0.604000 0.441700 0.015100 0.025900
0 0.818600 0.072900 0.013300 0.027200
0 0.343100 0.922700 0.014500 0.023800
0 0.542500 0.278400 0.013600 0.023900
0 0.310800 0.635200 0.015200 0.021700
0 0.040400 0.545800 0.015700 0.021100
0 0.080700 0.038700 0.015700 0.024700
0 0.632500 0.814600 0.014600 0.024500
0 0.655800 0.518500 0.011300 0.031600
0 0.561300 0.192100 0.014300 0.029400
0 0.007300 0.522800 0.013500 0.019800
0 0.381300 0.972300 0.013400 0.022500
0 0.179400 0.147700 0.012500 0.025600
0 0.283300 0.101600 0.019700 0.020900
0 0.070700 0.864900 0.014500 0.028200
0 0.731100 0.577700 0.015000 0.024200
0 0.753700 0.596400 0.015700 0.026200
0 0.910000 0.057200 0.016700 0.020500
0 0.813900 0.470600 0.014800 0.022700
0 0.122800 0.515900 0.012900 0.029100
0 0.240600 0.847700 0.013700 0.026300
0 0.915100 0.564600 0.016300 0.021200
0 0.735100 0.316000 0.013200 0.024200
0 0.178800 0.722600 0.013000 0.022600
0 0.079400 0.115800 0.013200 0.025100
0 0.117500 0.034700 0.013100 0.029100
0 0.541600 0.127600 0.016700 0.024900
0 0.896400 0.854100 0.015100 0.021400
0 0.447800 0.523000 0.011000 0.027400
0 0.670500 0.901400 0.015400 0.022800
0 0.621000 0.896000 0.010100 0.035500
0 0.160100 0.680400 0.016900 0.021300
0 0.932300 0.048400 0.015200 0.022600
0 0.940900 0.583700 0.015700 0.023000
0 0.464000 0.430600 0.015200 0.024700
0 0.189000 0.929500 0.011100 0.027200
0 0.564200 0.447500 0.014100 0.021700
0 0.418200 0.019300 0.012400 0.025400
0 0.769500 0.617100 0.016900 0.022400
0 0.185200 0.886100 0.014500 0.022600
0 0.578700 0.161200 0.014900 0.021800
0 0.853400 0.619600 0.016100 0.020600
0 0.892900 0.089700 0.012900 0.024400
0 0.415400 0.347600 0.013500 0.023600
0 0.576400 0.503300 0.014900 0.021800
0 0.353800 0.434900 0.012000 0.029100
0 0.413900 0.503400 0.011200 0.029400
0 0.889100 0.233000 0.016200 0.022900
0 0.181000 0.177600 0.011300 0.029700
0 0.584900 0.439800 0.013800 0.024400
0 0.228900 0.408900 0.011800 0.033900
0 0.572200 0.483400 0.015100 0.021700
0 0.258700 0.739900 0.013900 0.023700
0 0.770100 0.598300 0.018200 0.020300
0 0.494200 0.101800 0.015000 0.022200
0 0.611100 0.239900 0.011700 0.026000
0 0.801900 0.807200 0.014700 0.020800
0 0.610700 0.098000 0.017100 0.023400
0 0.569100 0.385200 0.014800 0.022900
0 0.029100 0.383700 0.016300 0.021500
0 0.582500 0.726600 0.014200 0.022900
0 0.776500 0.720400 0.015300 0.022200
0 0.473600 0.496100 0.016000 0.020700
0 0.560200 0.311000 0.013800 0.022500
0 0.142400 0.939400 0.011700 0.030400
0 0.555400 0.252300 0.012100 0.030600
0 0.184400 0.910300 0.012800 0.022200
0 0.702000 0.072800 0.015100 0.023000
0 0.031200 0.372800 0.016600 0.020100
0 0.335500 0.352200 0.013800 0.021800
0 0.054600 0.654500 0.012300 0.032900
0 0.543900 0.673400 0.012600 0.026600
0 0.006400 0.636400 0.013000 0.021100
0 0.696400 0.102000 0.016000 0.025700
0 0.063900 0.557600 0.016600 0.022800
0 0.726700 0.844200 0.016200 0.021100
0 0.911000 0.735300 0.013700 0.023000
0 0.671000 0.834900 0.014200 0.023400
0 0.647800 0.298600 0.013700 0.020500
0 0.684900 0.210900 0.014400 0.020700
0 0.695200 0.551900 0.013200 0.028500
0 0.209500 0.326800 0.014500 0.023400
0 0.118000 0.423700 0.014800 0.024900
0 0.688500 0.869300 0.012500 0.026500
0 0.826000 0.247300 0.014700 0.022400
0 0.297100 0.076300 0.019100 0.020800
0 0.664800 0.184500 0.011500 0.030200
0 0.323000 0.927300 0.014500 0.025600
0 0.739800 0.678700 0.017800 0.019100
0 0.102900 0.106500 0.013900 0.024400
0 0.056200 0.926500 0.011800 0.033100
0 0.764500 0.427200 0.011200 0.026700
0 0.424100 0.281400 0.014300 0.023200
0 0.422400 0.076300 0.016000 0.021800
0 0.719100 0.773800 0.015800 0.020100
0 0.419200 0.765100 0.014200 0.022400
0 0.622200 0.345700 0.013800 0.027800
0 0.389700 0.433200 0.014500 0.024700
0 0.939700 0.623500 0.013200 0.021800
0 0.913900 0.665300 0.017000 0.021400
0 0.603600 0.277600 0.012300 0.026900
0 0.748400 0.232800 0.014700 0.021600
0 0.700700 0.854300 0.015300 0.022800
0 0.029200 0.535600 0.015900 0.022100
0 0.160900 0.772800 0.015600 0.023400
0 0.871600 0.739100 0.012200 0.029200
0 0.166800 0.839900 0.016700 0.023400
0 0.201100 0.026700 0.017700 0.022100
0 0.265900 0.717700 0.014300 0.020600
0 0.167000 0.533300 0.013700 0.026500
0 0.336600 0.489500 0.013100 0.026500
0 0.957800 0.560100 0.015100 0.019900
0 0.252400 0.896600 0.016300 0.021900
0 0.265600 0.889000 0.015500 0.023400
0 0.023400 0.811400 0.015800 0.021400
0 0.626200 0.979700 0.017500 0.019900
0 0.378100 0.151500 0.016400 0.018600
0 0.160800 0.404100 0.013000 0.023700
0 0.260900 0.207800 0.014800 0.022600
0 0.836800 0.671500 0.012600 0.029200
0 0.721900 0.973500 0.013300 0.022000
0 0.741300 0.748900 0.015700 0.019800
0 0.193000 0.247300 0.012500 0.030400
0 0.438800 0.621000 0.015700 0.022000
0 0.403800 0.395500 0.013800 0.022200
0 0.723500 0.806300 0.015900 0.020000
0 0.505300 0.204200 0.010000 0.036200
0 0.804900 0.130000 0.011700 0.031400
0 0.429100 0.747300 0.015600 0.019400
0 0.398800 0.501600 0.014900 0.022700
0 0.924300 0.183000 0.011400 0.032200
0 0.015200 0.359800 0.014800 0.021000
0 0.730500 0.271900 0.009800 0.029800
0 0.666800 0.548000 0.012800 0.023900
0 0.701400 0.883100 0.013000 0.025300
0 0.452500 0.389300 0.013800 0.026800
0 0.309900 0.501100 0.015500 0.023600
0 0.231400 0.976200 0.016200 0.022100
0 0.090800 0.123100 0.013900 0.025900
0 0.738500 0.941300 0.016500 0.021400
0 0.677800 0.819600 0.015400 0.022200
0 0.129600 0.036200 0.015400 0.024600
0 0.978300 0.673700 0.014900 0.022200
0 0.451100 0.326500 0.015000 0.021700
0 0.258100 0.226500 0.014100 0.024800
0 0.881600 0.152400 0.014300 0.022100
0 0.310300 0.876700 0.010200 0.036000
0 0.116800 0.973700 0.014900 0.023200
0 0.402500 0.377100 0.014800 0.023400
0 0.731400 0.073800 0.014400 0.023100
0 0.576200 0.415900 0.015400 0.022300
0 0.779200 0.176200 0.016000 0.020900
0 0.935500 0.760500 0.011700 0.029700
0 0.061900 0.140000 0.014400 0.023400
0 0.607400 0.436200 0.014900 0.023500
0 0.602600 0.781200 0.015800 0.022500
0 0.036000 0.452900 0.016700 0.021700
0 0.199300 0.541200 0.012200 0.029600
0 0.097300 0.858100 0.011000 0.036400
0 0.972700 0.623000 0.012300 0.025800
0 0.475700 0.306600 0.014600 0.022400
0 0.220600 0.514600 0.012100 0.032600
0 0.651100 0.882000 0.013800 0.024000
0 0.306900 0.373100 0.014100 0.022600
0 0.731100 0.335000 0.015000 0.022400
0 0.301300 0.448000 0.015700 0.021700
0 0.604500 0.039100 0.017100 0.025300
0 0.742500 0.831500 0.015000 0.021200
0 0.815400 0.189000 0.016800 0.020900
0 0.082700 0.522900 0.012800 0.025400
0 0.644100 0.923800 0.013100 0.024700
0 0.893600 0.881400 0.014600 0.020900
0 0.142300 0.901800 0.013600 0.029700
0 0.196200 0.739400 0.011300 0.028500
0 0.193000 0.609700 0.014200 0.026500
0 0.419200 0.719500 0.016100 0.021700
0 0.401800 0.347800 0.015100 0.023000
0 0.831600 0.210600 0.017100 0.018500
0 0.173700 0.451800 0.014300 0.025900
0 0.560800 0.972400 0.013900 0.022900
0 0.335400 0.038800 0.017100 0.022700
0 0.338800 0.754400 0.016400 0.021600
0 0.004600 0.539100 0.009700 0.022600
0 0.296900 0.376300 0.015300 0.021500
0 0.970400 0.807000 0.014300 0.023100
0 0.034375 0.211806 0.021875 0.023611
0 0.161719 0.048611 0.012500 0.033333
0 0.178125 0.361806 0.012500 0.040278
0 0.095312 0.647917 0.014062 0.031944
0 0.169141 0.636111 0.017969 0.036111
0 0.586328 0.125000 0.017969 0.030556
0 0.540234 0.625694 0.010156 0.034722
0 0.369922 0.676389 0.013281 0.033333
0 0.199609 0.811111 0.014844 0.027778
0 0.135547 0.728472 0.017969 0.034722
0 0.932031 0.149306 0.010937 0.034722
0 0.799219 0.937500 0.020312 0.030556
0 0.766797 0.950000 0.000781 0.002778
0 0.774609 0.959028 0.021094 0.029167
0 0.902734 0.688194 0.022656 0.029167
0 0.607031 0.650694 0.014062 0.034722
0 0.202344 0.185417 0.009375 0.034722
0 0.980078 0.247917 0.013281 0.034722
0 0.987500 0.375000 0.010937 0.033333
0 0.974219 0.130556 0.020312 0.027778
0 0.975000 0.429861 0.017188 0.031944
0 0.713672 0.021528 0.010156 0.029167
0 0.271875 0.845139 0.012500 0.034722
0 0.197266 0.909722 0.019531 0.019444
0 0.390234 0.973611 0.011719 0.025000
0 0.862500 0.463194 0.014062 0.037500
0 0.534375 0.312500 0.014062 0.030556
0 0.501172 0.411111 0.014844 0.025000
0 0.842188 0.734722 0.014062 0.022222
0 0.447656 0.708333 0.014062 0.025000
0 0.239063 0.907639 0.012500 0.018056
0 0.005078 0.286111 0.010156 0.022222
0 0.063281 0.036806 0.014062 0.020833
0 0.064844 0.063889 0.010937 0.025000
0 0.115625 0.013194 0.012500 0.018056
