0 0.878200 0.977700 0.013500 0.022900
0 0.005800 0.519300 0.011900 0.023600
0 0.960700 0.858800 0.014200 0.023200
0 0.106600 0.455400 0.014300 0.027600
0 0.036200 0.047600 0.017100 0.023900
0 0.819300 0.540500 0.014000 0.025100
0 0.820000 0.758000 0.013300 0.022000
0 0.581600 0.530800 0.014400 0.022200
0 0.879800 0.741200 0.013900 0.022000
0 0.194400 0.904200 0.015700 0.023000
0 0.006200 0.421100 0.012900 0.021700
0 0.029700 0.945300 0.015300 0.023300
0 0.905800 0.684400 0.017200 0.020600
0 0.582500 0.579500 0.014600 0.022300
0 0.331000 0.491900 0.013900 0.022600
0 0.147900 0.181800 0.012900 0.023400
0 0.229500 0.604500 0.014800 0.023100
0 0.597000 0.534800 0.013900 0.021200
0 0.468500 0.958800 0.014900 0.022200
0 0.259300 0.904600 0.016500 0.019800
0 0.969200 0.608200 0.015400 0.021200
0 0.781700 0.807900 0.015400 0.022100
0 0.195100 0.068000 0.016000 0.021300
0 0.004700 0.336100 0.009000 0.019700
0 0.128600 0.182700 0.014000 0.024000
0 0.780200 0.766800 0.015400 0.022800
0 0.695500 0.705100 0.014200 0.021600
0 0.134400 0.692200 0.016900 0.021200
0 0.779000 0.920000 0.016600 0.023600
0 0.533100 0.191900 0.015000 0.021800
0 0.145300 0.468700 0.014700 0.021700
0 0.442900 0.458000 0.015800 0.023900
0 0.684000 0.741500 0.016200 0.021200
0 0.182100 0.606500 0.016200 0.021200
0 0.517300 0.470300 0.015900 0.021400
0 0.255600 0.870100 0.015500 0.022300
0 0.720300 0.721300 0.014100 0.021400
0 0.271200 0.354900 0.015200 0.021900
0 0.934700 0.628800 0.015200 0.020600
0 0.946700 0.083200 0.013600 0.026500
0 0.956300 0.694100 0.016600 0.019700
0 0.047400 0.905300 0.016500 0.019300
0 0.430200 0.783100 0.014700 0.022200
0 0.666800 0.031400 0.014100 0.029400
0 0.631800 0.817100 0.012800 0.025500
0 0.367400 0.232000 0.015600 0.023400
0 0.168400 0.821100 0.013700 0.026000
0 0.272200 0.931600 0.016800 0.020900
0 0.356200 0.805200 0.015800 0.023800
0 0.932300 0.657100 0.014200 0.019800
0 0.859100 0.081200 0.013000 0.024300
0 0.832300 0.145100 0.014800 0.021000
0 0.465600 0.092200 0.015100 0.019700
0 0.245900 0.721600 0.013700 0.019300
0 0.035200 0.102400 0.017000 0.021300
0 0.133100 0.659800 0.014900 0.021000
0 0.856900 0.159200 0.014700 0.020200
0 0.152200 0.431800 0.015800 0.023600
0 0.255400 0.569300 0.015000 0.022100
0 0.168700 0.331400 0.017200 0.022000
0 0.891500 0.670200 0.015300 0.022200
0 0.608500 0.518300 0.014300 0.020800
0 0.483800 0.529800 0.015300 0.021300
0 0.915100 0.755800 0.011900 0.028500
0 0.709400 0.064600 0.014900 0.021200
0 0.958000 0.939900 0.018000 0.021700
0 0.318500 0.419100 0.014300 0.022500
0 0.081300 0.682700 0.016000 0.021700
0 0.220900 0.064800 0.015300 0.021400
0 0.933200 0.380200 0.014600 0.021900
0 0.319000 0.322100 0.015900 0.019700
0 0.706100 0.669200 0.015000 0.022700
0 0.410200 0.697400 0.015500 0.021500
0 0.579800 0.081700 0.015700 0.022500
0 0.669000 0.106700 0.016300 0.021600
0 0.122700 0.879200 0.013400 0.023800
0 0.533300 0.166000 0.014500 0.019500
0 0.168400 0.503800 0.015900 0.024300
0 0.245900 0.769000 0.012100 0.020500
0 0.029200 0.555800 0.015800 0.022600
0 0.006600 0.583600 0.013400 0.023000
0 0.431900 0.518500 0.013400 0.025500
0 0.233300 0.129300 0.015400 0.020500
0 0.059600 0.077200 0.016700 0.020800
0 0.534600 0.243900 0.015800 0.023100
0 0.156100 0.553800 0.016400 0.020600
0 0.320600 0.168000 0.014000 0.023300
0 0.332900 0.628300 0.012200 0.024100
0 0.442100 0.257800 0.014500 0.022600
0 0.192400 0.032500 0.014500 0.021600
0 0.597900 0.941600 0.012700 0.024900
0 0.309000 0.966400 0.014200 0.023300
0 0.219700 0.030600 0.014100 0.019800
0 0.046100 0.665800 0.015600 0.019700
0 0.044600 0.845000 0.015400 0.023800
0 0.556800 0.982200 0.012900 0.027000
0 0.843500 0.607300 0.013100 0.025300
0 0.716500 0.689700 0.014100 0.021900
0 0.483400 0.041200 0.015300 0.022500
0 0.842600 0.084600 0.015300 0.020700
0 0.021300 0.852300 0.016700 0.022200
0 0.406500 0.266400 0.015200 0.023000
0 0.084700 0.376300 0.015900 0.020900
0 0.083100 0.446100 0.014200 0.028800
0 0.510100 0.604100 0.016200 0.022600
0 0.131600 0.921200 0.013500 0.026300
0 0.094200 0.657100 0.015900 0.022400
0 0.020400 0.690100 0.016800 0.022100
0 0.931400 0.277100 0.014900 0.019800
0 0.981300 0.180500 0.014300 0.029200
0 0.351700 0.931300 0.016100 0.021500
0 0.530600 0.456800 0.017200 0.022000
0 0.246500 0.117700 0.016500 0.020100
0 0.131300 0.558500 0.015000 0.022700
0 0.903800 0.366600 0.016400 0.021700
0 0.008000 0.558600 0.012900 0.021100
0 0.030200 0.360700 0.014900 0.022500
0 0.179500 0.017000 0.015400 0.020300
0 0.693600 0.955400 0.015400 0.022800
0 0.865200 0.796000 0.015300 0.021600
0 0.133000 0.282600 0.014500 0.025800
0 0.368500 0.595600 0.015700 0.020400
0 0.442500 0.515200 0.013100 0.025000
0 0.944100 0.493100 0.015600 0.022300
0 0.577400 0.107000 0.014700 0.021700
0 0.054900 0.931200 0.014000 0.025000
0 0.457000 0.968400 0.013500 0.025600
0 0.808600 0.510400 0.015300 0.021300
0 0.173600 0.857100 0.014100 0.024100
0 0.591700 0.897700 0.015200 0.023100
0 0.731500 0.560000 0.014200 0.023600
0 0.528500 0.560800 0.014700 0.022600
0 0.644200 0.280700 0.012700 0.026800
0 0.430100 0.633900 0.014900 0.018900
0 0.579800 0.867400 0.014900 0.020700
0 0.857300 0.781900 0.014200 0.020600
0 0.046400 0.884000 0.015200 0.021900
0 0.602300 0.668000 0.015000 0.022600
0 0.681700 0.944300 0.015500 0.022200
0 0.830300 0.829000 0.016700 0.020000
0 0.842300 0.817300 0.016300 0.022800
0 0.758400 0.441500 0.013600 0.024400
0 0.295500 0.782200 0.013600 0.020400
0 0.457200 0.269800 0.015300 0.020200
0 0.247500 0.257100 0.014800 0.024800
0 0.916200 0.829900 0.012800 0.027600
0 0.027400 0.727600 0.017600 0.021200
0 0.403500 0.117700 0.017000 0.021200
0 0.323000 0.645300 0.013400 0.025400
0 0.378500 0.708000 0.012800 0.025300
0 0.889100 0.721800 0.017200 0.019900
0 0.704500 0.954000 0.014200 0.022700
0 0.273000 0.602600 0.013600 0.024000
0 0.304500 0.179400 0.014900 0.022900
0 0.955200 0.341700 0.013600 0.024900
0 0.294500 0.540900 0.014300 0.023500
0 0.081700 0.020700 0.012900 0.029400
0 0.866800 0.134000 0.014800 0.022400
0 0.165900 0.218700 0.012000 0.031600
0 0.777800 0.846100 0.015900 0.023200
0 0.360800 0.468500 0.012900 0.026600
0 0.922500 0.359700 0.015300 0.024700
0 0.392200 0.346500 0.012100 0.030100
0 0.794500 0.102000 0.016300 0.020500
0 0.880000 0.319100 0.015200 0.027300
0 0.553200 0.845100 0.016900 0.018100
0 0.043500 0.714500 0.015500 0.021300
0 0.231000 0.726400 0.015500 0.020200
0 0.283400 0.353900 0.013400 0.026300
0 0.164700 0.672600 0.015900 0.021600
0 0.047400 0.122700 0.015200 0.024400
0 0.899100 0.943500 0.014100 0.028000
0 0.570600 0.656300 0.013900 0.028300
0 0.452700 0.309200 0.015400 0.022200
0 0.843100 0.117000 0.015400 0.020400
0 0.185400 0.358900 0.014800 0.025700
0 0.301800 0.806100 0.013800 0.024600
0 0.146200 0.046800 0.017000 0.023900
0 0.421800 0.110200 0.017400 0.019800
0 0.689200 0.094600 0.013600 0.023700
0 0.780700 0.216900 0.014900 0.024500
0 0.167300 0.534800 0.016000 0.021300
0 0.667100 0.521000 0.012400 0.028300
0 0.772500 0.431600 0.016300 0.022900
0 0.307200 0.633200 0.013100 0.024100
0 0.190200 0.190800 0.015100 0.025600
0 0.632100 0.304100 0.014000 0.022500
0 0.364600 0.630200 0.015300 0.021800
0 0.072800 0.971300 0.016800 0.021600
0 0.965500 0.720700 0.014800 0.019900
0 0.184800 0.316000 0.013800 0.026600
0 0.892900 0.707500 0.017400 0.021300
0 0.980000 0.403700 0.017900 0.021600
0 0.803700 0.631500 0.014800 0.021000
0 0.028600 0.605200 0.012800 0.027200
0 0.567900 0.347100 0.014200 0.023300
0 0.522500 0.585000 0.015600 0.022900
0 0.484100 0.441600 0.016800 0.021500
0 0.318900 0.696700 0.015000 0.023600
0 0.494600 0.280000 0.013100 0.027200
0 0.731100 0.019500 0.016600 0.021100
0 0.583900 0.406800 0.011800 0.028600
0 0.543500 0.040700 0.015800 0.021900
0 0.585700 0.322000 0.014200 0.024500
0 0.077000 0.885700 0.014700 0.023200
0 0.002400 0.096500 0.004600 0.023300
0 0.956900 0.752200 0.011300 0.031200
0 0.114400 0.665900 0.016700 0.021000
0 0.293700 0.583100 0.010500 0.033300
0 0.459200 0.214600 0.015500 0.022000
0 0.628700 0.552200 0.013600 0.026600
0 0.747800 0.140800 0.013900 0.023500
0 0.282800 0.298000 0.015900 0.022400
0 0.248400 0.359200 0.017400 0.021600
0 0.893900 0.594800 0.015100 0.024100
0 0.834900 0.442700 0.018000 0.022900
0 0.654600 0.927200 0.016400 0.020500
0 0.017600 0.755700 0.015500 0.023500
0 0.046100 0.683800 0.014800 0.023300
0 0.342100 0.509200 0.013300 0.024300
0 0.251600 0.956000 0.016000 0.022200
0 0.845500 0.253300 0.017300 0.020200
0 0.434500 0.978600 0.016800 0.021100
0 0.260100 0.796600 0.014700 0.022600
0 0.327900 0.908200 0.014300 0.023900
0 0.946800 0.580000 0.016300 0.022600
0 0.310400 0.865800 0.015700 0.020000
0 0.647200 0.865700 0.013000 0.025000
0 0.797700 0.121100 0.015900 0.021800
0 0.440400 0.934200 0.017600 0.024100
0 0.218900 0.551800 0.016900 0.021100
0 0.956100 0.293700 0.013300 0.027000
0 0.664900 0.703700 0.013500 0.025200
0 0.132500 0.247300 0.017100 0.024200
0 0.079000 0.710000 0.016300 0.023100
0 0.655100 0.333600 0.014800 0.022600
0 0.371200 0.860000 0.012000 0.029100
0 0.178600 0.897900 0.014200 0.024300
0 0.417500 0.535600 0.014800 0.023600
0 0.703600 0.127500 0.014600 0.021100
0 0.682800 0.709700 0.014600 0.022100
0 0.632400 0.680100 0.013800 0.028700
0 0.644700 0.328400 0.014500 0.021300
0 0.615800 0.598500 0.016300 0.020200
0 0.623100 0.478100 0.013300 0.024500
0 0.043400 0.639100 0.015800 0.021300
0 0.579900 0.133400 0.014100 0.026100
0 0.522400 0.079000 0.013200 0.022800
0 0.255400 0.185700 0.014800 0.023600
0 0.667900 0.566000 0.014100 0.024200
0 0.001600 0.302800 0.003300 0.019800
0 0.332000 0.534800 0.012800 0.027200
0 0.943000 0.414400 0.015700 0.022300
0 0.221400 0.621600 0.015400 0.022500
0 0.493400 0.943000 0.014500 0.025900
0 0.520700 0.972200 0.014400 0.023900
0 0.057100 0.185400 0.015900 0.025000
0 0.443300 0.191000 0.015300 0.025100
0 0.369800 0.102700 0.015800 0.022500
0 0.042100 0.158700 0.013400 0.028300
0 0.222800 0.939200 0.016600 0.021600
0 0.181600 0.044000 0.015400 0.021900
0 0.778500 0.367500 0.016100 0.024400
0 0.731000 0.435800 0.013800 0.024000
0 0.532900 0.728300 0.013300 0.027300
0 0.315200 0.109600 0.012900 0.030500
0 0.134700 0.834000 0.012500 0.032900
0 0.264100 0.294000 0.014300 0.025400
0 0.978400 0.558500 0.016100 0.021100
0 0.926700 0.234500 0.017200 0.020600
0 0.593600 0.181100 0.013300 0.032000
0 0.621600 0.970500 0.013300 0.024300
0 0.318100 0.716000 0.013300 0.023300
0 0.659200 0.942100 0.014800 0.021800
0 0.718400 0.747900 0.014300 0.022900
0 0.236100 0.506000 0.017200 0.023000
0 0.715300 0.583900 0.011900 0.031600
0 0.772400 0.452600 0.013700 0.024200
0 0.568100 0.864500 0.016400 0.019900
0 0.919500 0.734700 0.015000 0.018800
0 0.358600 0.083500 0.017000 0.022600
0 0.955900 0.710400 0.016700 0.019200
0 0.006100 0.543100 0.012300 0.021100
0 0.485100 0.222600 0.016000 0.020600
0 0.703900 0.194300 0.014000 0.024900
0 0.109900 0.935400 0.013800 0.025400
0 0.604000 0.810800 0.016500 0.022000
0 0.926900 0.877500 0.015800 0.021200
0 0.802400 0.968300 0.016000 0.021300
0 0.470700 0.052900 0.013200 0.025500
0 0.720800 0.773000 0.015000 0.022000
0 0.476900 0.272300 0.013800 0.024000
0 0.522300 0.018200 0.013600 0.022000
0 0.544000 0.571600 0.012800 0.027100
0 0.970200 0.702800 0.015000 0.020000
0 0.955300 0.181700 0.015200 0.023100
0 0.622600 0.131100 0.015400 0.022200
0 0.027800 0.756600 0.015000 0.023200
0 0.877600 0.579300 0.015100 0.025100
0 0.326600 0.433300 0.012500 0.025500
0 0.554900 0.065100 0.013800 0.024400
0 0.485600 0.132400 0.012000 0.028300
0 0.354000 0.589400 0.016000 0.022300
0 0.497000 0.738900 0.016000 0.020700
0 0.441900 0.108800 0.018600 0.018700
0 0.769000 0.723700 0.015100 0.021000
0 0.790700 0.672500 0.016400 0.020400
0 0.161300 0.169800 0.011400 0.027400
0 0.970700 0.489800 0.016100 0.021600
0 0.454100 0.123600 0.017100 0.020500
0 0.431100 0.581600 0.013300 0.030600
0 0.468300 0.429300 0.016500 0.021600
0 0.720200 0.441200 0.011900 0.027600
0 0.955700 0.154000 0.014900 0.024600
0 0.215300 0.873200 0.014300 0.025100
0 0.764200 0.207000 0.015700 0.021900
0 0.822900 0.189800 0.016400 0.020600
0 0.620400 0.339500 0.014800 0.022600
0 0.568300 0.723500 0.016400 0.022200
0 0.822500 0.719900 0.013600 0.020900
0 0.859100 0.717300 0.014900 0.019500
0 0.514700 0.385200 0.013900 0.023200
0 0.321000 0.873000 0.015300 0.020600
0 0.815500 0.727900 0.013400 0.020600
0 0.466900 0.021100 0.016600 0.023400
0 0.819500 0.026600 0.015400 0.021500
0 0.976900 0.019800 0.017000 0.024600
0 0.127600 0.940300 0.015100 0.023300
0 0.199100 0.456300 0.015200 0.023100
0 0.661300 0.653300 0.013700 0.025100
0 0.654300 0.245900 0.011500 0.033800
0 0.114600 0.190500 0.012500 0.029300
0 0.543100 0.427200 0.016100 0.023100
0 0.242300 0.607900 0.013300 0.024900
0 0.098700 0.565500 0.013700 0.027900
0 0.672300 0.359300 0.018300 0.021600
0 0.715900 0.984800 0.014400 0.022800
0 0.458700 0.443400 0.015000 0.022800
0 0.967500 0.581300 0.017300 0.020000
0 0.283400 0.777300 0.013400 0.024200
0 0.606600 0.168600 0.013500 0.028700
0 0.182700 0.148100 0.014900 0.022500
0 0.731100 0.886000 0.017800 0.022900
0 0.584100 0.472900 0.012200 0.023400
0 0.560000 0.518000 0.014000 0.022400
0 0.967700 0.739200 0.014600 0.021400
0 0.186000 0.560700 0.017900 0.020300
0 0.894400 0.835300 0.015300 0.024600
0 0.498700 0.321500 0.012000 0.032400
0 0.203300 0.736600 0.015500 0.022000
0 0.368600 0.703100 0.011900 0.029200
0 0.754400 0.960000 0.013400 0.028600
0 0.582300 0.814300 0.016600 0.021400
0 0.189700 0.639400 0.015700 0.022000
0 0.523000 0.640200 0.011700 0.033300
0 0.291500 0.939300 0.014500 0.022800
0 0.017700 0.597700 0.015600 0.021200
0 0.678700 0.554600 0.012200 0.025300
0 0.553100 0.694200 0.013300 0.027100
0 0.781500 0.298600 0.013900 0.022800
0 0.354600 0.148400 0.013600 0.025600
0 0.218000 0.215500 0.012500 0.029200
0 0.494500 0.552200 0.014700 0.020600
0 0.719900 0.909600 0.014100 0.024600
0 0.445800 0.422600 0.014400 0.025900
0 0.810700 0.754400 0.013200 0.022000
0 0.578400 0.035800 0.016000 0.020800
0 0.663900 0.159700 0.016600 0.022600
0 0.915100 0.139300 0.015900 0.021200
0 0.411300 0.795800 0.011000 0.034600
0 0.792300 0.640200 0.015200 0.021700
0 0.498400 0.396200 0.013500 0.023100
0 0.948700 0.122100 0.014800 0.021200
0 0.793700 0.215000 0.013400 0.024500
0 0.757300 0.123100 0.014800 0.019200
0 0.880500 0.502700 0.013900 0.026500
0 0.684700 0.347700 0.016800 0.021500
0 0.686000 0.921900 0.014000 0.021900
0 0.553400 0.480500 0.013100 0.023900
0 0.558800 0.110600 0.015700 0.020700
0 0.197000 0.533000 0.016900 0.020500
0 0.940600 0.240300 0.016900 0.021300
0 0.367100 0.402300 0.013800 0.029200
0 0.757700 0.292700 0.012600 0.024300
0 0.926300 0.402800 0.015200 0.022200
0 0.440300 0.773300 0.014600 0.021100
0 0.217700 0.455400 0.011000 0.031600
0 0.598000 0.447300 0.015500 0.022300
0 0.092900 0.138600 0.015000 0.021300
0 0.545500 0.273100 0.013900 0.025700
0 0.403500 0.852300 0.011700 0.033300
0 0.821500 0.792000 0.014600 0.020500
0 0.871800 0.689000 0.017000 0.021000
0 0.886000 0.077900 0.014700 0.025600
0 0.647700 0.839700 0.013400 0.022500
0 0.968800 0.798200 0.015200 0.023300
0 0.121600 0.621000 0.015000 0.021400
0 0.061100 0.346400 0.014500 0.026800
0 0.054700 0.864600 0.016000 0.022300
0 0.776900 0.120200 0.016100 0.021700
0 0.527800 0.277900 0.015400 0.025300
0 0.859600 0.393300 0.011900 0.032200
0 0.446200 0.583700 0.014600 0.027000
0 0.318200 0.606000 0.014200 0.024000
0 0.011600 0.835300 0.013400 0.024800
0 0.286100 0.422700 0.013900 0.028100
0 0.307700 0.759900 0.014600 0.021500
0 0.379800 0.971200 0.014800 0.021800
0 0.332500 0.313800 0.015700 0.019600
0 0.847900 0.966500 0.014900 0.021800
0 0.848600 0.267100 0.017800 0.020600
0 0.126700 0.066900 0.015300 0.025600
0 0.347300 0.552400 0.011900 0.030200
0 0.547700 0.226800 0.014800 0.023000
0 0.508100 0.791200 0.016100 0.024700
0 0.745700 0.441300 0.012900 0.023200
0 0.432300 0.648200 0.015900 0.021000
0 0.269900 0.071900 0.010400 0.034200
0 0.930100 0.980400 0.014300 0.025200
0 0.806600 0.840200 0.015200 0.021700
0 0.270200 0.623000 0.013300 0.026900
0 0.572900 0.017700 0.014000 0.021200
0 0.148900 0.340900 0.015300 0.022000
0 0.506200 0.565000 0.016200 0.019800
0 0.101700 0.653400 0.014400 0.024800
0 0.200900 0.656300 0.013000 0.024900
0 0.216000 0.835500 0.015200 0.025700
0 0.561000 0.134600 0.014800 0.021800
0 0.977500 0.631700 0.012500 0.020800
0 0.197000 0.553000 0.017000 0.019300
0 0.348100 0.276000 0.014300 0.022400
0 0.580300 0.480300 0.012900 0.023100
0 0.719700 0.886000 0.017500 0.024100
0 0.166600 0.910700 0.013400 0.026200
0 0.410300 0.981300 0.014300 0.024000
0 0.309500 0.022200 0.011400 0.031900
0 0.781700 0.628800 0.015900 0.021200
0 0.244400 0.026800 0.011800 0.031600
0 0.168700 0.964100 0.016900 0.021200
0 0.976700 0.970700 0.012300 0.025800
0 0.165900 0.364100 0.014700 0.023900
0 0.765200 0.648000 0.013400 0.025700
0 0.202100 0.789200 0.012400 0.027000
0 0.523200 0.854800 0.015300 0.021900
0 0.294300 0.748000 0.014800 0.020700
0 0.454300 0.452300 0.014500 0.025400
0 0.799300 0.534300 0.013600 0.026500
0 0.234500 0.176800 0.013700 0.025300
0 0.459300 0.728100 0.016800 0.019700
0 0.332500 0.594100 0.014600 0.024100
0 0.378900 0.501500 0.014300 0.023600
0 0.678200 0.823100 0.013300 0.025800
0 0.323300 0.633000 0.012700 0.024100
0 0.281800 0.731600 0.014000 0.024400
0 0.923200 0.257200 0.015900 0.021200
0 0.242800 0.751300 0.013400 0.021600
0 0.476400 0.616000 0.015300 0.023800
0 0.403300 0.351300 0.014000 0.027200
0 0.840400 0.953900 0.016500 0.019700
0 0.839900 0.376300 0.016500 0.021700
0 0.506400 0.051200 0.013800 0.021400
0 0.330200 0.248300 0.011700 0.030900
0 0.860700 0.051400 0.016200 0.020900
0 0.613400 0.491800 0.013100 0.023000
0 0.759600 0.918400 0.016400 0.022600
0 0.840200 0.623000 0.014500 0.023300
0 0.545900 0.823400 0.016300 0.018700
0 0.348700 0.856100 0.015700 0.023800
0 0.733600 0.909500 0.015000 0.023400
0 0.851800 0.492700 0.014000 0.024000
0 0.676200 0.317700 0.014000 0.022900
0 0.242600 0.539000 0.016000 0.021100
0 0.773500 0.017300 0.019300 0.021400
0 0.871200 0.958500 0.013200 0.023400
0 0.759600 0.172800 0.013600 0.025300
0 0.730900 0.752000 0.015900 0.022400
0 0.563800 0.183100 0.011700 0.034300
0 0.934300 0.848300 0.012200 0.025800
0 0.911000 0.477500 0.014700 0.021600
0 0.096500 0.789200 0.014900 0.027800
0 0.201600 0.602100 0.017200 0.022000
0 0.795900 0.785900 0.015000 0.021400
0 0.492400 0.076400 0.013900 0.021900
0 0.034700 0.126500 0.014700 0.023300
0 0.497600 0.589500 0.015300 0.023100
0 0.760200 0.782300 0.016500 0.020700
0 0.315100 0.734800 0.014600 0.022700
0 0.754100 0.284800 0.012400 0.023900
0 0.847800 0.911200 0.018200 0.021000
0 0.038900 0.031100 0.017000 0.022900
0 0.898800 0.181900 0.016000 0.020800
0 0.768100 0.139300 0.013900 0.023800
0 0.248900 0.919400 0.015500 0.020200
0 0.014700 0.901400 0.015000 0.022600
0 0.297800 0.477500 0.014700 0.025400
0 0.552700 0.704600 0.014400 0.023800
0 0.838400 0.181500 0.015500 0.022000
0 0.985400 0.657100 0.013500 0.020200
0 0.566200 0.577000 0.011200 0.028600
0 0.817000 0.073500 0.015500 0.022900
0 0.438600 0.228300 0.015200 0.021700
0 0.641300 0.352400 0.015400 0.024600
0 0.676800 0.626800 0.015900 0.023700
0 0.839900 0.747900 0.013800 0.022700
0 0.913600 0.589200 0.016900 0.021300
0 0.418800 0.426000 0.015000 0.023500
0 0.119400 0.939700 0.015000 0.022900
0 0.886100 0.803200 0.015100 0.022000
0 0.202200 0.495800 0.015900 0.024700
0 0.644300 0.820200 0.015400 0.018400
0 0.515200 0.802300 0.015400 0.022200
0 0.683200 0.672000 0.012700 0.022600
0 0.479200 0.701700 0.015600 0.023300
0 0.632000 0.983400 0.011200 0.026100
0 0.151953 0.100000 0.022656 0.025000
0 0.273828 0.163194 0.014844 0.031944
0 0.788281 0.037500 0.010937 0.027778
0 0.298828 0.246528 0.014844 0.045833
0 0.411328 0.472222 0.013281 0.033333
0 0.575391 0.288194 0.013281 0.031944
0 0.486719 0.386111 0.012500 0.033333
0 0.522266 0.425694 0.016406 0.023611
0 0.387500 0.649306 0.015625 0.031944
0 0.649609 0.589583 0.011719 0.031944
0 0.648047 0.788889 0.022656 0.025000
0 0.173828 0.767361 0.013281 0.037500
0 0.272656 0.821528 0.020312 0.026389
0 0.289453 0.973611 0.021094 0.019444
0 0.600000 0.136806 0.015625 0.029167
0 0.899609 0.223611 0.017969 0.030556
0 0.986719 0.139583 0.018750 0.037500
0 0.989062 0.060417 0.010937 0.037500
0 0.777734 0.260417 0.016406 0.029167
0 0.874219 0.270833 0.021875 0.025000
0 0.737109 0.411111 0.017969 0.030556
0 0.637891 0.374306 0.017969 0.026389
0 0.110156 0.885417 0.012500 0.031944
0 0.666016 0.974306 0.013281 0.034722
0 0.396094 0.975694 0.010937 0.031944
0 0.383594 0.983333 0.007812 0.025000
0 0.686719 0.125000 0.015625 0.025000
