0 0.206400 0.942400 0.014000 0.018300
0 0.384300 0.580900 0.016400 0.020200
0 0.673600 0.736300 0.016800 0.020300
0 0.347000 0.365200 0.014700 0.019400
0 0.295600 0.523000 0.013900 0.021100
0 0.314200 0.415900 0.013500 0.023600
0 0.923000 0.705000 0.015600 0.022700
0 0.222200 0.544100 0.012900 0.019000
0 0.247000 0.879100 0.014000 0.023400
0 0.233400 0.509600 0.011000 0.023600
0 0.129200 0.630300 0.015200 0.020200
0 0.768700 0.752600 0.014800 0.021200
0 0.471600 0.884600 0.016300 0.023000
0 0.429400 0.122900 0.013100 0.026700
0 0.446500 0.875800 0.018700 0.020300
0 0.671600 0.755700 0.016900 0.020100
0 0.355600 0.604700 0.016400 0.022400
0 0.886000 0.060600 0.016700 0.022600
0 0.035600 0.257100 0.013400 0.021700
0 0.448300 0.430000 0.017900 0.019400
0 0.067100 0.438700 0.015400 0.017900
0 0.743400 0.327400 0.013000 0.021100
0 0.341800 0.885900 0.015200 0.020600
0 0.920400 0.634200 0.013700 0.028800
0 0.655400 0.685500 0.016400 0.021700
0 0.481000 0.707000 0.017000 0.020200
0 0.879400 0.178900 0.017300 0.019300
0 0.218100 0.164400 0.018000 0.020400
0 0.598700 0.773700 0.013600 0.022600
0 0.892500 0.257700 0.015200 0.020400
0 0.749100 0.211500 0.013300 0.020400
0 0.806300 0.752700 0.016000 0.021400
0 0.596700 0.806000 0.016300 0.019600
0 0.245900 0.593000 0.011200 0.027400
0 0.103900 0.719800 0.015600 0.018800
0 0.790600 0.169300 0.016100 0.022500
0 0.460400 0.060400 0.013900 0.021000
0 0.722400 0.347700 0.011000 0.029400
0 0.396600 0.213500 0.014900 0.019800
0 0.296400 0.242300 0.013000 0.031000
0 0.093400 0.308800 0.014900 0.018100
0 0.057100 0.271400 0.012500 0.022400
0 0.044000 0.877000 0.011500 0.025200
0 0.423200 0.238900 0.017500 0.017500
0 0.847300 0.489900 0.015500 0.020100
0 0.376900 0.686200 0.014900 0.021000
0 0.692400 0.084000 0.012800 0.024500
0 0.584600 0.492500 0.015800 0.020100
0 0.817000 0.674100 0.015000 0.019800
0 0.968400 0.285600 0.016900 0.021200
0 0.480400 0.089100 0.014200 0.020700
0 0.909400 0.366100 0.014100 0.021000
0 0.026900 0.354000 0.014400 0.019000
0 0.046300 0.321200 0.013800 0.018400
0 0.365700 0.366700 0.014400 0.023000
0 0.414400 0.820400 0.014900 0.023100
0 0.022400 0.903600 0.013500 0.019200
0 0.121800 0.808100 0.014000 0.020100
0 0.870100 0.884800 0.014800 0.020900
0 0.279600 0.478300 0.012700 0.023200
0 0.598300 0.077700 0.014400 0.022700
0 0.314900 0.438500 0.013800 0.021100
0 0.618800 0.806400 0.015900 0.020500
0 0.465700 0.602200 0.014400 0.022100
0 0.482400 0.723000 0.017200 0.018600
0 0.556700 0.209900 0.015900 0.022100
0 0.778300 0.464400 0.014400 0.024000
0 0.508100 0.369300 0.012300 0.026700
0 0.138900 0.584300 0.017400 0.019800
0 0.845400 0.866800 0.011500 0.028900
0 0.422200 0.629900 0.013800 0.021200
0 0.377300 0.266600 0.017200 0.016900
0 0.445700 0.248300 0.016100 0.020100
0 0.211700 0.491400 0.010000 0.027100
0 0.673500 0.942400 0.015400 0.020600
0 0.467700 0.244100 0.016400 0.018900
0 0.342600 0.383200 0.013700 0.020700
0 0.927400 0.179800 0.014000 0.022900
0 0.718300 0.294000 0.011900 0.027900
0 0.507100 0.540800 0.012400 0.024700
0 0.220500 0.267600 0.014100 0.022300
0 0.018700 0.432300 0.014300 0.021500
0 0.476500 0.521000 0.013200 0.027500
0 0.056800 0.752900 0.015900 0.021100
0 0.203700 0.335500 0.015000 0.018500
0 0.066900 0.366900 0.013600 0.016600
0 0.059500 0.855700 0.015000 0.023900
0 0.421300 0.744500 0.013200 0.029000
0 0.970900 0.102500 0.014600 0.024000
0 0.559600 0.689900 0.013900 0.024800
0 0.239600 0.542800 0.012100 0.022100
0 0.434300 0.056600 0.011800 0.026700
0 0.727100 0.485100 0.014000 0.022600
0 0.755800 0.906200 0.012200 0.027700
0 0.378300 0.195600 0.013000 0.023200
0 0.706400 0.809100 0.013500 0.027300
0 0.815900 0.476200 0.014800 0.021300
0 0.109900 0.417400 0.013700 0.024800
0 0.505700 0.560900 0.014200 0.021400
0 0.468900 0.559000 0.012100 0.026600
0 0.779400 0.685600 0.016100 0.025200
0 0.573400 0.070700 0.014400 0.022000
0 0.259500 0.653100 0.010500 0.035400
0 0.885500 0.423400 0.013400 0.026500
0 0.104600 0.279000 0.016500 0.018300
0 0.320000 0.908900 0.012800 0.027300
0 0.639800 0.603900 0.015500 0.025500
0 0.298200 0.556300 0.011800 0.023100
0 0.699700 0.388700 0.014100 0.023300
0 0.827600 0.285700 0.010800 0.033200
0 0.902500 0.555600 0.013900 0.024600
0 0.481900 0.314400 0.014800 0.018600
0 0.808300 0.918000 0.013500 0.023100
0 0.945600 0.518500 0.011400 0.029000
0 0.111100 0.354900 0.015800 0.017700
0 0.848700 0.580900 0.010400 0.032900
0 0.569400 0.641900 0.014400 0.022000
0 0.484800 0.282600 0.016300 0.018500
0 0.700800 0.792000 0.014800 0.021700
0 0.859600 0.603800 0.013000 0.027300
0 0.786900 0.916300 0.013300 0.026100
0 0.921200 0.148000 0.016400 0.020000
0 0.025500 0.335400 0.013600 0.020500
0 0.276400 0.631400 0.012600 0.024200
0 0.076800 0.967600 0.012100 0.027200
0 0.564500 0.544800 0.013000 0.022400
0 0.613600 0.356200 0.014100 0.026800
0 0.186500 0.277300 0.015100 0.023000
0 0.556000 0.529100 0.014700 0.022200
0 0.942600 0.370100 0.011300 0.021900
0 0.776600 0.972000 0.014100 0.024000
0 0.342300 0.711800 0.018000 0.020800
0 0.861000 0.525800 0.011000 0.028800
0 0.788900 0.826000 0.014100 0.021500
0 0.517300 0.398200 0.014200 0.018900
0 0.043400 0.176900 0.017400 0.024300
0 0.661900 0.190600 0.013700 0.027200
0 0.639000 0.805200 0.011900 0.025700
0 0.443300 0.031600 0.013800 0.022200
0 0.518700 0.455400 0.014000 0.021400
0 0.843900 0.891300 0.011000 0.025000
0 0.386200 0.033900 0.011400 0.030900
0 0.713700 0.021600 0.016000 0.023600
0 0.217100 0.423000 0.012500 0.022300
0 0.368900 0.193400 0.013100 0.024300
0 0.790700 0.852600 0.013400 0.024600
0 0.397000 0.972000 0.013500 0.022200
0 0.867800 0.976800 0.012900 0.030400
0 0.132400 0.195300 0.014700 0.028500
0 0.233200 0.430500 0.012500 0.021000
0 0.551000 0.118700 0.011800 0.028500
0 0.966300 0.330300 0.011600 0.031500
0 0.380300 0.924000 0.015000 0.023400
0 0.669300 0.030100 0.015600 0.021800
0 0.156500 0.848300 0.014200 0.022700
0 0.804200 0.903800 0.012000 0.021600
0 0.479400 0.410900 0.013900 0.023500
0 0.122200 0.421800 0.016700 0.023000
0 0.842600 0.621100 0.013200 0.022900
0 0.383300 0.278800 0.015800 0.018000
0 0.160300 0.550900 0.020200 0.019200
0 0.965700 0.432700 0.016500 0.018800
0 0.904600 0.102300 0.015000 0.020400
0 0.620700 0.398800 0.012900 0.024400
0 0.246500 0.219500 0.013300 0.024300
0 0.709100 0.192300 0.012700 0.021100
0 0.857600 0.582500 0.011700 0.028800
0 0.364000 0.874100 0.011900 0.025600
0 0.639600 0.618400 0.015600 0.023600
0 0.278100 0.352900 0.019400 0.021400
0 0.757700 0.555900 0.012400 0.027200
0 0.595400 0.657100 0.011400 0.021900
0 0.599500 0.552700 0.009300 0.039400
0 0.654100 0.823200 0.014400 0.022600
0 0.077500 0.658200 0.010500 0.025600
0 0.619500 0.978000 0.016800 0.023000
0 0.241100 0.431000 0.012000 0.025900
0 0.511500 0.982300 0.016100 0.023500
0 0.969200 0.706000 0.012600 0.030900
0 0.857100 0.348700 0.012900 0.026300
0 0.819700 0.034800 0.010600 0.036500
0 0.577000 0.090900 0.014800 0.021700
0 0.747200 0.778700 0.013400 0.025700
0 0.509000 0.454600 0.015100 0.021200
0 0.510100 0.316200 0.012800 0.024200
0 0.671900 0.804200 0.013700 0.022500
0 0.177900 0.313800 0.013100 0.026400
0 0.142000 0.480500 0.013500 0.030300
0 0.238700 0.603900 0.013800 0.022600
0 0.923400 0.479900 0.012800 0.019800
0 0.134100 0.274000 0.016300 0.022000
0 0.701200 0.634600 0.009900 0.036400
0 0.028300 0.613300 0.014800 0.021300
0 0.246500 0.563800 0.010900 0.025600
0 0.038100 0.759300 0.015900 0.022000
0 0.734100 0.522500 0.010000 0.037500
0 0.176400 0.109000 0.013200 0.026100
0 0.569400 0.157300 0.011100 0.031100
0 0.693600 0.967400 0.012200 0.028500
0 0.846500 0.121300 0.010800 0.040100
0 0.215500 0.386500 0.011700 0.026600
0 0.721100 0.599000 0.015600 0.023900
0 0.257200 0.487000 0.014700 0.019000
0 0.166400 0.179600 0.015400 0.023100
0 0.952200 0.421600 0.014600 0.021600
0 0.297100 0.590900 0.012500 0.029700
0 0.125500 0.657700 0.013300 0.028300
0 0.739500 0.899400 0.015400 0.024300
0 0.791000 0.026400 0.011200 0.032800
0 0.653400 0.626700 0.013600 0.022300
0 0.697400 0.845400 0.014900 0.021400
0 0.573300 0.167700 0.012400 0.027300
0 0.009900 0.130100 0.012200 0.033300
0 0.584900 0.653900 0.012900 0.021600
0 0.370700 0.277800 0.015200 0.017200
0 0.511200 0.284100 0.012800 0.022500
0 0.206500 0.029500 0.014300 0.028100
0 0.249300 0.036900 0.016600 0.021800
0 0.004200 0.836200 0.008900 0.022000
0 0.391400 0.149300 0.012900 0.027500
0 0.332400 0.063200 0.014500 0.025100
0 0.512700 0.123600 0.011800 0.027000
0 0.576700 0.546000 0.010600 0.032900
0 0.238100 0.294400 0.010700 0.030600
0 0.677300 0.074400 0.013700 0.023900
0 0.986500 0.504800 0.013500 0.023700
0 0.952800 0.378800 0.010800 0.027700
0 0.108100 0.116000 0.014700 0.029500
0 0.361800 0.811800 0.016500 0.023300
0 0.056100 0.341800 0.012600 0.020600
0 0.579600 0.576400 0.010400 0.026400
0 0.098000 0.873600 0.014600 0.019800
0 0.568800 0.284200 0.008800 0.042000
0 0.921700 0.426500 0.012500 0.024400
0 0.105300 0.872700 0.015700 0.020900
0 0.834700 0.044200 0.012100 0.031700
0 0.159300 0.178400 0.015500 0.024600
0 0.043100 0.434900 0.012900 0.022800
0 0.540300 0.032400 0.013000 0.029800
0 0.080300 0.026600 0.012100 0.033600
0 0.763100 0.811500 0.013300 0.024300
0 0.203400 0.951800 0.013900 0.017900
0 0.033400 0.380000 0.014100 0.020000
0 0.222600 0.333500 0.011300 0.024900
0 0.914300 0.940200 0.009600 0.028700
0 0.013700 0.480100 0.015400 0.027000
0 0.571800 0.011200 0.015100 0.020700
0 0.220200 0.022700 0.014900 0.025800
0 0.818900 0.277800 0.010700 0.030300
0 0.604200 0.640300 0.011800 0.021400
0 0.414844 0.595139 0.021875 0.023611
0 0.644531 0.474306 0.012500 0.020833
