0 0.255900 0.660900 0.011300 0.028500
0 0.700800 0.385700 0.014400 0.021900
0 0.621600 0.803700 0.017000 0.019100
0 0.859300 0.339100 0.015000 0.019200
0 0.861900 0.242900 0.014800 0.021500
0 0.209600 0.116500 0.014600 0.018900
0 0.701300 0.784900 0.015100 0.021600
0 0.202700 0.306200 0.013000 0.024100
0 0.206800 0.939400 0.015400 0.018200
0 0.692200 0.694600 0.014600 0.021300
0 0.346700 0.519700 0.014000 0.021600
0 0.031300 0.251700 0.013400 0.023800
0 0.574400 0.739600 0.012800 0.020400
0 0.359200 0.656100 0.016700 0.019500
0 0.639900 0.603600 0.015800 0.021900
0 0.796800 0.677800 0.015600 0.023300
0 0.134400 0.957100 0.011900 0.024500
0 0.842400 0.484500 0.014500 0.019700
0 0.220700 0.542900 0.013000 0.020000
0 0.240800 0.039100 0.016300 0.020000
0 0.268300 0.243600 0.014800 0.020600
0 0.039900 0.754900 0.015300 0.022300
0 0.313800 0.923500 0.016200 0.019700
0 0.226300 0.089900 0.015100 0.018400
0 0.066500 0.439600 0.015200 0.017600
0 0.192300 0.095400 0.016100 0.017700
0 0.236000 0.688400 0.014100 0.022900
0 0.398300 0.764800 0.012600 0.023900
0 0.858200 0.160000 0.011900 0.030100
0 0.307200 0.568300 0.014700 0.018700
0 0.386200 0.151000 0.012900 0.026200
0 0.339200 0.559800 0.011500 0.026200
0 0.669800 0.733400 0.015800 0.019900
0 0.269300 0.348600 0.016100 0.018900
0 0.745400 0.695200 0.014600 0.021100
0 0.236100 0.544100 0.011400 0.025000
0 0.902000 0.551200 0.013700 0.022400
0 0.566800 0.090800 0.011500 0.026000
0 0.482300 0.724200 0.017600 0.019200
0 0.946400 0.813700 0.012900 0.027100
0 0.554800 0.359900 0.014000 0.021000
0 0.382100 0.284300 0.015400 0.021800
0 0.944300 0.060500 0.013500 0.021300
0 0.776100 0.173500 0.015300 0.021700
0 0.255600 0.077400 0.015400 0.018400
0 0.115000 0.870100 0.014500 0.019600
0 0.569000 0.158000 0.012400 0.026500
0 0.273900 0.457100 0.012600 0.019100
0 0.377900 0.268600 0.016600 0.018600
0 0.485600 0.704300 0.017800 0.019800
0 0.507600 0.367300 0.012100 0.027900
0 0.373500 0.490500 0.011900 0.023400
0 0.458500 0.116500 0.010600 0.030200
0 0.785300 0.917400 0.011900 0.027300
0 0.217700 0.423700 0.011800 0.022300
0 0.418500 0.746400 0.011600 0.031900
0 0.603500 0.542200 0.010000 0.033400
0 0.045800 0.439600 0.014400 0.019300
0 0.524600 0.041000 0.010800 0.033200
0 0.518000 0.110200 0.013000 0.021700
0 0.420800 0.240500 0.016100 0.019300
0 0.670000 0.621400 0.015200 0.020900
0 0.461300 0.145500 0.014200 0.021300
0 0.806600 0.750600 0.015600 0.019900
0 0.383900 0.660100 0.012000 0.026700
0 0.480500 0.132000 0.012700 0.023800
0 0.455800 0.471900 0.013700 0.021500
0 0.054500 0.582200 0.013000 0.021700
0 0.920900 0.632200 0.013300 0.028800
0 0.331000 0.166300 0.016100 0.022700
0 0.780600 0.458800 0.012900 0.023800
0 0.599300 0.803800 0.015800 0.019800
0 0.845500 0.584400 0.010600 0.033200
0 0.576800 0.560200 0.009900 0.033600
0 0.295200 0.917100 0.014900 0.020100
0 0.979700 0.096200 0.012700 0.026300
0 0.048600 0.314700 0.013300 0.019000
0 0.557000 0.209800 0.014600 0.022500
0 0.221700 0.380400 0.011900 0.025000
0 0.267200 0.768900 0.013000 0.023100
0 0.595900 0.119700 0.010800 0.031800
0 0.227100 0.593100 0.011300 0.022600
0 0.104200 0.718900 0.014300 0.019000
0 0.804500 0.077600 0.010700 0.032600
0 0.388800 0.970500 0.011200 0.027300
0 0.118400 0.693700 0.013300 0.023100
0 0.675900 0.070500 0.014400 0.022600
0 0.446200 0.245800 0.015600 0.020100
0 0.892000 0.319500 0.012100 0.027900
0 0.139000 0.118400 0.014100 0.019900
0 0.973200 0.285900 0.017000 0.020100
0 0.252900 0.871900 0.013100 0.025000
0 0.653600 0.682000 0.016800 0.020900
0 0.568300 0.643900 0.014700 0.021200
0 0.444300 0.029900 0.013700 0.021700
0 0.234100 0.510900 0.011200 0.021300
0 0.235500 0.295400 0.011100 0.026800
0 0.069500 0.389200 0.013800 0.016500
0 0.172300 0.184800 0.015300 0.020300
0 0.066600 0.373200 0.013800 0.016600
0 0.281100 0.392000 0.011900 0.021500
0 0.183900 0.803300 0.010800 0.028800
0 0.777600 0.377700 0.015600 0.019700
0 0.308500 0.420200 0.011900 0.024100
0 0.469900 0.556400 0.012500 0.027100
0 0.088800 0.341800 0.011800 0.024400
0 0.854000 0.606100 0.012100 0.028300
0 0.608800 0.240800 0.013500 0.022500
0 0.869400 0.978000 0.012800 0.028600
0 0.794800 0.831500 0.012500 0.029900
0 0.018700 0.427900 0.013200 0.020500
0 0.320500 0.514000 0.012700 0.024000
0 0.467500 0.230400 0.015100 0.022100
0 0.139000 0.550900 0.018400 0.018700
0 0.115500 0.072500 0.012200 0.029600
0 0.758600 0.848600 0.013500 0.021700
0 0.271900 0.131500 0.014000 0.022400
0 0.110100 0.417900 0.013300 0.024700
0 0.204500 0.136700 0.015000 0.018900
0 0.057500 0.091900 0.017500 0.023000
0 0.743000 0.023000 0.014100 0.023700
0 0.390300 0.021700 0.017400 0.021300
0 0.935800 0.186000 0.013800 0.023500
0 0.260400 0.490700 0.014600 0.017200
0 0.280600 0.481000 0.013400 0.020800
0 0.131600 0.473200 0.013500 0.020800
0 0.746600 0.518300 0.013600 0.024500
0 0.581200 0.607100 0.014600 0.021300
0 0.722800 0.294000 0.012100 0.029900
0 0.451300 0.061200 0.014500 0.022600
0 0.844200 0.891900 0.011200 0.026600
0 0.704400 0.806700 0.012900 0.028000
0 0.840400 0.459000 0.013700 0.022700
0 0.672900 0.420300 0.012300 0.027200
0 0.084700 0.144700 0.011600 0.032500
0 0.618200 0.483400 0.013700 0.023100
0 0.132000 0.352300 0.013300 0.021200
0 0.956200 0.446500 0.014700 0.020200
0 0.881800 0.416200 0.013300 0.026600
0 0.231800 0.310300 0.013300 0.020800
0 0.966000 0.329700 0.011900 0.030300
0 0.007300 0.534400 0.014000 0.022200
0 0.735000 0.905700 0.012800 0.023000
0 0.480500 0.287000 0.016200 0.019400
0 0.051400 0.260500 0.015000 0.017500
0 0.475700 0.892400 0.014000 0.024200
0 0.221500 0.576800 0.011500 0.024600
0 0.029800 0.351200 0.014300 0.018200
0 0.406500 0.484600 0.013800 0.020600
0 0.146600 0.234800 0.013700 0.023900
0 0.661900 0.191100 0.013500 0.024800
0 0.765400 0.751200 0.014200 0.023000
0 0.713300 0.021700 0.015400 0.022700
0 0.954600 0.420100 0.014900 0.022900
0 0.469500 0.036300 0.014900 0.022000
0 0.270100 0.791700 0.012200 0.024600
0 0.515000 0.452700 0.015600 0.023800
0 0.609900 0.518100 0.013900 0.022100
0 0.499500 0.680500 0.017000 0.019200
0 0.744500 0.940600 0.012600 0.023100
0 0.986400 0.506200 0.013400 0.026200
0 0.555700 0.505000 0.015100 0.021500
0 0.436600 0.325900 0.010800 0.026500
0 0.122200 0.672100 0.016200 0.020900
0 0.324600 0.777200 0.013800 0.023900
0 0.522500 0.480100 0.017000 0.020100
0 0.776900 0.772900 0.014400 0.022600
0 0.860900 0.598100 0.012100 0.027100
0 0.301400 0.978800 0.011900 0.025400
0 0.911500 0.386000 0.014200 0.022200
0 0.300800 0.033000 0.013500 0.024200
0 0.275700 0.169900 0.011500 0.027900
0 0.251200 0.586400 0.011100 0.025400
0 0.581100 0.493900 0.014600 0.021600
0 0.408100 0.470100 0.014400 0.018000
0 0.805900 0.863900 0.010400 0.030300
0 0.138700 0.281700 0.013300 0.023900
0 0.118900 0.430000 0.012000 0.026300
0 0.961800 0.713800 0.015300 0.023800
0 0.338700 0.386800 0.013900 0.022800
0 0.564000 0.689400 0.013600 0.023300
0 0.639400 0.618600 0.016800 0.021300
0 0.817600 0.277100 0.011100 0.028400
0 0.812000 0.207200 0.015400 0.022200
0 0.864400 0.035900 0.012200 0.030700
0 0.553900 0.122500 0.010400 0.029800
0 0.430500 0.051700 0.010500 0.030300
0 0.034400 0.381400 0.014800 0.016300
0 0.819200 0.969700 0.013300 0.022900
0 0.473600 0.519600 0.013400 0.023700
0 0.213500 0.974200 0.015400 0.017600
0 0.023700 0.623900 0.011100 0.027200
0 0.923600 0.479600 0.013200 0.019900
0 0.653200 0.626700 0.014600 0.019800
0 0.818100 0.028300 0.010400 0.036200
0 0.834900 0.785600 0.015200 0.019300
0 0.099000 0.270900 0.013300 0.024200
0 0.796000 0.073100 0.011400 0.025800
0 0.192200 0.972900 0.014000 0.019000
0 0.217100 0.488500 0.009700 0.030100
0 0.848800 0.494900 0.016100 0.019000
0 0.239300 0.435700 0.009600 0.034100
0 0.796700 0.261500 0.011400 0.027400
0 0.041100 0.511800 0.013800 0.019200
0 0.827300 0.285600 0.010700 0.031200
0 0.519300 0.398200 0.014600 0.018700
0 0.268000 0.170000 0.012100 0.029400
0 0.075500 0.965100 0.012300 0.026600
0 0.725400 0.601700 0.014600 0.022100
0 0.449500 0.428600 0.015400 0.018200
0 0.270200 0.324600 0.015800 0.019900
0 0.731700 0.521600 0.009700 0.038300
0 0.713100 0.931300 0.014000 0.023300
0 0.410800 0.454300 0.015000 0.017300
0 0.058700 0.749200 0.016000 0.020700
0 0.732200 0.977000 0.014900 0.022300
0 0.888500 0.063600 0.016800 0.024100
0 0.978400 0.426400 0.016100 0.019600
0 0.560800 0.223600 0.014200 0.022000
0 0.814900 0.888100 0.013200 0.021300
0 0.585800 0.657000 0.014400 0.021200
0 0.621400 0.888300 0.012300 0.028400
0 0.791700 0.029200 0.011200 0.032900
0 0.025500 0.333800 0.013100 0.021000
0 0.941600 0.046300 0.010900 0.021900
0 0.489500 0.961400 0.012400 0.023900
0 0.835000 0.045400 0.012000 0.032700
0 0.924500 0.698700 0.015100 0.020500
0 0.569100 0.014100 0.015100 0.020400
0 0.349600 0.610900 0.015600 0.020000
0 0.002800 0.839100 0.005900 0.022400
0 0.701200 0.635500 0.009800 0.036000
0 0.741500 0.915800 0.014300 0.021700
0 0.510100 0.467000 0.015900 0.022900
0 0.751500 0.761200 0.011000 0.028200
0 0.036900 0.173400 0.012200 0.028400
0 0.862800 0.533100 0.013200 0.023800
0 0.925400 0.417500 0.014000 0.023400
0 0.778600 0.138000 0.015400 0.022200
0 0.352800 0.791000 0.012100 0.032100
0 0.370400 0.955900 0.011700 0.027600
0 0.440900 0.449300 0.014400 0.018000
0 0.953700 0.382800 0.010900 0.028700
0 0.839800 0.780900 0.015700 0.020200
0 0.944900 0.019900 0.010800 0.026100
0 0.590900 0.654500 0.014100 0.021700
0 0.747500 0.731700 0.013100 0.023300
0 0.914200 0.940300 0.008700 0.027700
0 0.600800 0.986700 0.015600 0.020000
0 0.763100 0.980900 0.015300 0.020600
0 0.482800 0.477800 0.014200 0.023000
0 0.121200 0.422800 0.012500 0.024800
0 0.569900 0.139400 0.009200 0.028100
0 0.611400 0.710600 0.014000 0.021800
0 0.157300 0.015600 0.015100 0.022300
0 0.245500 0.568300 0.012800 0.020500
0 0.493100 0.472000 0.013800 0.023600
0 0.219531 0.007639 0.439063 0.015278
0 0.474219 0.409722 0.010937 0.022222
0 0.467187 0.403472 0.012500 0.018056
