0 0.157600 0.871300 0.016000 0.020200
0 0.016900 0.122200 0.014400 0.029100
0 0.544000 0.880400 0.014700 0.022700
0 0.023100 0.202100 0.017300 0.022000
0 0.046000 0.080400 0.015200 0.022600
0 0.569100 0.755800 0.016400 0.022500
0 0.957400 0.869900 0.012700 0.026900
0 0.919200 0.657000 0.015400 0.021800
0 0.943400 0.567700 0.013700 0.020000
0 0.956000 0.118900 0.015300 0.019900
0 0.895300 0.902100 0.016300 0.022200
0 0.107200 0.632000 0.015000 0.022600
0 0.647100 0.940800 0.013300 0.022000
0 0.893900 0.742300 0.016200 0.020600
0 0.607200 0.817000 0.016200 0.020700
0 0.930300 0.560300 0.014600 0.021100
0 0.096200 0.067200 0.014800 0.025000
0 0.794400 0.559900 0.015000 0.022500
0 0.960500 0.581900 0.012400 0.025200
0 0.332600 0.133100 0.015300 0.019300
0 0.593000 0.884800 0.014300 0.021400
0 0.521700 0.842100 0.016600 0.020600
0 0.084000 0.908100 0.014900 0.026600
0 0.504200 0.907600 0.018400 0.021600
0 0.020200 0.345400 0.014900 0.025600
0 0.643600 0.843800 0.016900 0.019500
0 0.094100 0.518200 0.015800 0.021300
0 0.611300 0.934000 0.012100 0.026100
0 0.143600 0.558500 0.015000 0.023600
0 0.169700 0.195800 0.010900 0.028600
0 0.033500 0.821500 0.016800 0.023200
0 0.809200 0.796500 0.015700 0.022000
0 0.221500 0.268100 0.014600 0.023500
0 0.157000 0.783900 0.014500 0.024800
0 0.583200 0.970900 0.014700 0.020000
0 0.305600 0.643200 0.015000 0.022100
0 0.768600 0.905000 0.015300 0.020500
0 0.593900 0.869600 0.013800 0.021000
0 0.707000 0.293900 0.014800 0.021900
0 0.820300 0.390400 0.015600 0.021900
0 0.004600 0.954800 0.010500 0.021900
0 0.804300 0.766800 0.014700 0.021900
0 0.906600 0.080800 0.013400 0.025900
0 0.118000 0.494000 0.013500 0.025800
0 0.083400 0.392400 0.016800 0.024400
0 0.383300 0.790300 0.017800 0.018900
0 0.758200 0.931900 0.014700 0.019700
0 0.832700 0.059600 0.016700 0.021600
0 0.219600 0.127500 0.017100 0.020700
0 0.682000 0.916500 0.015200 0.020200
0 0.531400 0.455600 0.016100 0.020600
0 0.283600 0.732800 0.017400 0.021300
0 0.983000 0.666700 0.013100 0.028600
0 0.580500 0.643500 0.014200 0.024000
0 0.569800 0.605000 0.015300 0.022800
0 0.183000 0.122200 0.015800 0.024200
0 0.206300 0.941600 0.016100 0.021800
0 0.378600 0.754900 0.017000 0.019800
0 0.808900 0.732400 0.015900 0.021800
0 0.359800 0.795000 0.016100 0.021300
0 0.696500 0.742800 0.013900 0.021900
0 0.292000 0.881400 0.014300 0.024400
0 0.253800 0.744800 0.013800 0.022900
0 0.159400 0.278100 0.015600 0.020800
0 0.007700 0.858700 0.016000 0.020800
0 0.080000 0.144200 0.014100 0.027300
0 0.195400 0.605900 0.015200 0.022500
0 0.480500 0.305200 0.015100 0.025900
0 0.172900 0.783600 0.011900 0.028400
0 0.956800 0.556700 0.015000 0.021900
0 0.545200 0.957700 0.016500 0.021400
0 0.303200 0.090300 0.017200 0.020300
0 0.369300 0.859400 0.013800 0.022100
0 0.240900 0.730100 0.014700 0.024900
0 0.395700 0.394200 0.016100 0.025000
0 0.440700 0.457700 0.015000 0.020700
0 0.166300 0.628200 0.015700 0.022900
0 0.178700 0.905000 0.017400 0.021000
0 0.395800 0.758100 0.016900 0.018700
0 0.928000 0.956800 0.015700 0.020600
0 0.259800 0.833000 0.012400 0.027100
0 0.594200 0.685000 0.015500 0.020500
0 0.130200 0.682300 0.019700 0.021100
0 0.278400 0.455700 0.015600 0.022600
0 0.677200 0.805600 0.016300 0.021100
0 0.695500 0.772400 0.013600 0.023100
0 0.717700 0.245600 0.011800 0.028800
0 0.782500 0.706600 0.015200 0.023300
0 0.646400 0.267300 0.014400 0.023200
0 0.642800 0.234000 0.014600 0.023300
0 0.289600 0.233700 0.013600 0.024400
0 0.215700 0.905700 0.015700 0.021200
0 0.642800 0.069700 0.016400 0.020800
0 0.439700 0.156900 0.014900 0.021600
0 0.266500 0.519100 0.017500 0.021900
0 0.115800 0.542400 0.014900 0.023100
0 0.303000 0.306000 0.014800 0.024700
0 0.067700 0.584100 0.016000 0.022700
0 0.871900 0.682200 0.014300 0.023200
0 0.208300 0.107200 0.017800 0.021900
0 0.120900 0.445300 0.016700 0.023700
0 0.084600 0.533400 0.015900 0.021500
0 0.957500 0.060400 0.016100 0.021000
0 0.605100 0.722500 0.016400 0.020900
0 0.655100 0.566700 0.014700 0.023000
0 0.131200 0.803600 0.016400 0.021200
0 0.458800 0.418100 0.014000 0.025500
0 0.015900 0.608600 0.018100 0.022800
0 0.717000 0.405500 0.014700 0.021200
0 0.033100 0.429700 0.016000 0.022400
0 0.546300 0.708200 0.013600 0.023200
0 0.623000 0.517200 0.016000 0.023900
0 0.184300 0.016300 0.013700 0.022100
0 0.814800 0.842500 0.015300 0.021800
0 0.352200 0.119400 0.014200 0.020500
0 0.007800 0.703100 0.015100 0.020300
0 0.369600 0.730600 0.014600 0.025000
0 0.593700 0.408500 0.014500 0.024200
0 0.793700 0.791600 0.013400 0.026400
0 0.782000 0.959700 0.016500 0.020900
0 0.241900 0.380700 0.014900 0.022100
0 0.981300 0.555000 0.015200 0.024400
0 0.265600 0.104100 0.017000 0.021100
0 0.060000 0.459100 0.015500 0.021500
0 0.319900 0.090800 0.015000 0.024400
0 0.956200 0.392300 0.017000 0.021900
0 0.005300 0.640700 0.010100 0.026500
0 0.279500 0.107200 0.017600 0.018900
0 0.815600 0.610300 0.014800 0.022300
0 0.477700 0.269000 0.014100 0.026200
0 0.634800 0.897600 0.012900 0.024300
0 0.485400 0.727700 0.014700 0.021900
0 0.734700 0.872300 0.013900 0.022100
0 0.918100 0.292200 0.014600 0.021900
0 0.680800 0.281300 0.015400 0.023000
0 0.820600 0.167800 0.013200 0.027200
0 0.153400 0.031000 0.014400 0.025800
0 0.756700 0.155600 0.016500 0.022700
0 0.254900 0.879100 0.013500 0.025100
0 0.369600 0.183200 0.016300 0.023500
0 0.353700 0.916300 0.016200 0.023000
0 0.621100 0.422000 0.015900 0.022200
0 0.026900 0.291500 0.018100 0.022000
0 0.482600 0.345300 0.012700 0.027700
0 0.944300 0.708000 0.013700 0.022900
0 0.442400 0.346100 0.013200 0.022700
0 0.154200 0.447000 0.016900 0.023200
0 0.454900 0.752800 0.015500 0.020700
0 0.408300 0.467800 0.013900 0.023900
0 0.281900 0.255400 0.016100 0.021000
0 0.755200 0.622400 0.016000 0.024900
0 0.893800 0.241100 0.015100 0.022200
0 0.645400 0.644500 0.013200 0.027300
0 0.352200 0.832800 0.013400 0.027000
0 0.544500 0.543700 0.014300 0.023200
0 0.546000 0.334300 0.015900 0.021000
0 0.877700 0.830200 0.014100 0.023100
0 0.458000 0.709900 0.013000 0.026000
0 0.271700 0.481100 0.016100 0.022000
0 0.970100 0.103500 0.019100 0.021100
0 0.479500 0.382300 0.012600 0.027100
0 0.127200 0.467500 0.013000 0.027300
0 0.221800 0.540300 0.015100 0.022800
0 0.557300 0.160200 0.015400 0.024100
0 0.232800 0.705900 0.014200 0.024400
0 0.185600 0.583700 0.012800 0.027000
0 0.715300 0.370900 0.016600 0.021000
0 0.181100 0.627700 0.014900 0.025200
0 0.518700 0.033400 0.015200 0.021900
0 0.298300 0.915600 0.017000 0.022500
0 0.315100 0.470100 0.015600 0.022400
0 0.092300 0.266600 0.015100 0.023000
0 0.259500 0.195200 0.013800 0.024500
0 0.320400 0.227300 0.014900 0.019200
0 0.909200 0.321900 0.014700 0.022200
0 0.679700 0.980200 0.013400 0.022600
0 0.609800 0.390600 0.014700 0.024700
0 0.685000 0.371100 0.015100 0.023200
0 0.467300 0.041200 0.014700 0.022400
0 0.119300 0.815800 0.016500 0.021400
0 0.455000 0.165500 0.014000 0.023900
0 0.880200 0.329200 0.014000 0.024400
0 0.422900 0.109300 0.016100 0.021700
0 0.842200 0.515300 0.015500 0.022500
0 0.293400 0.719300 0.016400 0.019600
0 0.895200 0.359200 0.015200 0.022200
0 0.922800 0.193600 0.013600 0.020500
0 0.919900 0.357100 0.014500 0.024100
0 0.390900 0.683700 0.016600 0.021700
0 0.745300 0.257400 0.013200 0.022100
0 0.897400 0.091500 0.012300 0.024300
0 0.446900 0.295000 0.014700 0.020800
0 0.140300 0.595500 0.014400 0.022900
0 0.673500 0.770000 0.016700 0.022400
0 0.944100 0.795800 0.014500 0.023000
0 0.198000 0.770800 0.014900 0.024200
0 0.390300 0.372100 0.016200 0.020300
0 0.696900 0.508600 0.015000 0.022300
0 0.405400 0.279200 0.013800 0.025200
0 0.367800 0.685400 0.016500 0.020900
0 0.241600 0.767300 0.014600 0.025500
0 0.377000 0.610700 0.016300 0.021100
0 0.930000 0.795300 0.014800 0.022000
0 0.444500 0.231900 0.015100 0.023900
0 0.320100 0.334500 0.013000 0.023900
0 0.672200 0.577800 0.014900 0.021300
0 0.831500 0.204300 0.014500 0.024800
0 0.892100 0.070200 0.013800 0.022100
0 0.946800 0.740300 0.014500 0.021300
0 0.471400 0.759300 0.014800 0.019300
0 0.466500 0.353400 0.015200 0.022900
0 0.183400 0.483700 0.012300 0.032600
0 0.442300 0.390200 0.014200 0.022500
0 0.828900 0.321300 0.015700 0.019400
0 0.220300 0.446900 0.013100 0.028000
0 0.882500 0.969700 0.013100 0.023400
0 0.561100 0.472200 0.014500 0.021500
0 0.019800 0.969000 0.016000 0.020800
0 0.230900 0.031700 0.015500 0.023600
0 0.595000 0.620900 0.015100 0.023500
0 0.247000 0.521500 0.016700 0.022000
0 0.719500 0.285400 0.014100 0.024200
0 0.291500 0.532800 0.014400 0.025000
0 0.851400 0.589600 0.014800 0.021100
0 0.880200 0.271300 0.014900 0.023600
0 0.607700 0.331000 0.015900 0.022200
0 0.441300 0.271300 0.014100 0.023700
0 0.290000 0.018900 0.015500 0.021800
0 0.214200 0.609000 0.013200 0.024700
0 0.880100 0.901600 0.015400 0.023000
0 0.371000 0.895800 0.013500 0.028800
0 0.989600 0.843900 0.008100 0.035000
0 0.858400 0.898200 0.016200 0.021200
0 0.014500 0.246700 0.017600 0.021900
0 0.046700 0.971000 0.016900 0.021900
0 0.566800 0.785400 0.015900 0.022700
0 0.411100 0.743100 0.016500 0.019200
0 0.506400 0.816700 0.016000 0.023200
0 0.772000 0.453000 0.011900 0.024900
0 0.868700 0.176800 0.015900 0.020800
0 0.139400 0.466000 0.012300 0.028100
0 0.944800 0.670300 0.014200 0.022300
0 0.079900 0.245500 0.014200 0.023600
0 0.595500 0.318100 0.013300 0.025900
0 0.752200 0.394600 0.013200 0.025400
0 0.259200 0.982200 0.011800 0.027300
0 0.885500 0.053200 0.014800 0.021500
0 0.972800 0.754100 0.014000 0.019200
0 0.872600 0.972000 0.012900 0.024300
0 0.357000 0.397700 0.014300 0.022400
0 0.906400 0.710000 0.012700 0.020500
0 0.635200 0.830100 0.016300 0.019200
0 0.732900 0.835400 0.014900 0.022100
0 0.116000 0.057900 0.011800 0.032900
0 0.466300 0.171000 0.011000 0.030700
0 0.494300 0.773300 0.013800 0.021700
0 0.823200 0.245600 0.013700 0.024200
0 0.006400 0.409500 0.009900 0.028400
0 0.152200 0.822400 0.015000 0.023500
0 0.442500 0.878200 0.019300 0.021300
0 0.939500 0.897400 0.015500 0.021200
0 0.367900 0.446200 0.014400 0.022300
0 0.677000 0.752800 0.016300 0.020700
0 0.776600 0.779300 0.015000 0.022300
0 0.344900 0.555800 0.014200 0.023100
0 0.343300 0.258700 0.013600 0.027500
0 0.341200 0.465500 0.014300 0.026400
0 0.536200 0.693900 0.014400 0.025600
0 0.747200 0.759800 0.014100 0.021900
0 0.419500 0.757800 0.015300 0.019500
0 0.331200 0.572700 0.012700 0.029600
0 0.041900 0.478600 0.011600 0.032200
0 0.509300 0.077500 0.014700 0.024800
0 0.339100 0.403800 0.012800 0.026800
0 0.959200 0.272200 0.015600 0.023400
0 0.368400 0.410600 0.015000 0.021500
0 0.505600 0.397100 0.014000 0.024700
0 0.585000 0.084100 0.016100 0.023400
0 0.268000 0.539300 0.017200 0.019600
0 0.035500 0.555500 0.017300 0.021100
0 0.497400 0.717400 0.012500 0.021900
0 0.168300 0.495500 0.013600 0.024200
0 0.459100 0.608900 0.013700 0.021300
0 0.334900 0.228200 0.015300 0.020000
0 0.068400 0.608800 0.012200 0.028400
0 0.085900 0.434000 0.017700 0.021900
0 0.910700 0.609400 0.013600 0.021000
0 0.840600 0.935700 0.016600 0.021700
0 0.855700 0.507500 0.016200 0.022400
0 0.204500 0.684900 0.014200 0.024400
0 0.276700 0.435500 0.015200 0.024000
0 0.981500 0.333100 0.015700 0.028100
0 0.754400 0.297800 0.013100 0.022600
0 0.570500 0.684300 0.013500 0.026600
0 0.305100 0.735900 0.017400 0.019900
0 0.701900 0.585700 0.014700 0.020000
0 0.692400 0.523300 0.016200 0.022300
0 0.785100 0.616700 0.014300 0.023500
0 0.279500 0.198800 0.016200 0.021200
0 0.726500 0.244900 0.012500 0.023900
0 0.184200 0.690900 0.014700 0.023000
0 0.015200 0.306100 0.020000 0.021500
0 0.843900 0.377200 0.015600 0.021500
0 0.366500 0.123400 0.015300 0.019600
0 0.434800 0.186100 0.017700 0.021100
0 0.296800 0.190300 0.014000 0.024100
0 0.665000 0.165200 0.016700 0.023200
0 0.411000 0.302000 0.012800 0.024400
0 0.092400 0.934800 0.013300 0.026500
0 0.322600 0.064500 0.017100 0.021600
0 0.553700 0.797500 0.014600 0.023900
0 0.606300 0.319200 0.015400 0.023100
0 0.556500 0.660200 0.014900 0.021600
0 0.551800 0.482800 0.014900 0.021600
0 0.433300 0.260200 0.016000 0.019800
0 0.186100 0.969000 0.013600 0.026200
0 0.932100 0.828300 0.012400 0.029900
0 0.519300 0.814700 0.014700 0.025500
0 0.297400 0.865400 0.014100 0.023900
0 0.889000 0.571000 0.013000 0.024600
0 0.876800 0.555900 0.014600 0.019900
0 0.793500 0.439400 0.013000 0.024300
0 0.069600 0.367700 0.018000 0.021300
0 0.916700 0.930100 0.014800 0.023000
0 0.554900 0.229100 0.015000 0.028000
0 0.068800 0.541000 0.016400 0.020300
0 0.739900 0.334800 0.014900 0.022100
0 0.405600 0.773500 0.016900 0.019100
0 0.402100 0.139500 0.016000 0.022200
0 0.676500 0.453200 0.011700 0.027600
0 0.108700 0.259700 0.014200 0.026400
0 0.630800 0.020700 0.014900 0.023500
0 0.306100 0.327100 0.014100 0.021600
0 0.615000 0.232300 0.013600 0.028500
0 0.647400 0.551700 0.014900 0.019600
0 0.647800 0.443900 0.015000 0.022300
0 0.746000 0.851800 0.013700 0.022000
0 0.021200 0.522700 0.010600 0.032900
0 0.752400 0.704200 0.017700 0.023400
0 0.051700 0.518100 0.015300 0.021900
0 0.803500 0.542400 0.014700 0.024800
0 0.930700 0.684600 0.013800 0.023800
0 0.502600 0.333200 0.015100 0.029000
0 0.284900 0.085200 0.017900 0.017600
0 0.004800 0.271500 0.009600 0.024300
0 0.880800 0.872300 0.014900 0.022600
0 0.129700 0.044200 0.011900 0.036200
0 0.864400 0.108800 0.012100 0.029900
0 0.761000 0.742400 0.015500 0.021600
0 0.220600 0.709300 0.016000 0.022900
0 0.728800 0.789300 0.015600 0.021600
0 0.219000 0.577400 0.015300 0.021300
0 0.138700 0.153900 0.015300 0.023500
0 0.485400 0.821200 0.013400 0.025800
0 0.377000 0.145500 0.015200 0.021700
0 0.572000 0.457100 0.013000 0.023300
0 0.760600 0.555900 0.015000 0.030000
0 0.115800 0.965400 0.015500 0.024400
0 0.034000 0.346100 0.017600 0.021300
0 0.177000 0.752700 0.014000 0.024400
0 0.360300 0.296800 0.013500 0.023300
0 0.189600 0.422600 0.016200 0.021200
0 0.419100 0.347700 0.013600 0.024500
0 0.232000 0.205500 0.010900 0.034900
0 0.773800 0.851900 0.014800 0.020300
0 0.923200 0.972300 0.014100 0.023500
0 0.004400 0.492200 0.007900 0.021700
0 0.543100 0.315700 0.015900 0.022800
0 0.834400 0.273400 0.013700 0.022900
0 0.203000 0.876900 0.016700 0.022400
0 0.074200 0.097400 0.012200 0.027600
0 0.823300 0.428800 0.013900 0.029200
0 0.203500 0.626800 0.014000 0.021800
0 0.923600 0.421000 0.016600 0.024100
0 0.241600 0.935500 0.013100 0.026500
0 0.571900 0.155700 0.012100 0.031000
0 0.335400 0.898200 0.015600 0.021500
0 0.594600 0.018800 0.013100 0.025400
0 0.517600 0.398400 0.015500 0.022000
0 0.299200 0.460400 0.014700 0.024200
0 0.057200 0.791700 0.013400 0.032200
0 0.079600 0.060900 0.014600 0.025100
0 0.017500 0.633900 0.012500 0.030500
0 0.535700 0.918000 0.017700 0.021000
0 0.871100 0.639800 0.009900 0.032200
0 0.865700 0.839900 0.013700 0.026300
0 0.376300 0.084700 0.013700 0.027600
0 0.726100 0.734600 0.016200 0.022200
0 0.880200 0.859500 0.014400 0.023500
0 0.667500 0.458000 0.011900 0.023800
0 0.269700 0.273400 0.016000 0.019400
0 0.721600 0.923700 0.015200 0.018900
0 0.029400 0.860900 0.015800 0.022100
0 0.003600 0.257500 0.010500 0.020100
0 0.710400 0.818200 0.015300 0.020100
0 0.208900 0.241500 0.012900 0.029400
0 0.980600 0.189600 0.012200 0.031300
0 0.005400 0.038900 0.011600 0.021200
0 0.327700 0.711400 0.016500 0.019300
0 0.239500 0.285900 0.015300 0.022400
0 0.771200 0.603000 0.012800 0.029100
0 0.507600 0.372900 0.014100 0.023700
0 0.264500 0.701400 0.015700 0.021700
0 0.311200 0.765900 0.017100 0.021900
0 0.745600 0.872400 0.015200 0.019900
0 0.182900 0.402500 0.015800 0.023200
0 0.815600 0.881900 0.016000 0.021600
0 0.529400 0.265400 0.015300 0.024700
0 0.439200 0.528200 0.014600 0.022600
0 0.844900 0.210400 0.014200 0.021700
0 0.877100 0.791900 0.015100 0.022500
0 0.249100 0.840900 0.010800 0.029000
0 0.610300 0.266100 0.012800 0.029600
0 0.939800 0.402700 0.016800 0.022100
0 0.547400 0.443300 0.014100 0.022300
0 0.029100 0.898400 0.015400 0.024500
0 0.224100 0.664800 0.013800 0.023700
0 0.489000 0.497100 0.016100 0.020200
0 0.653900 0.738900 0.017700 0.020700
0 0.081600 0.726300 0.016800 0.022500
0 0.673500 0.069000 0.017900 0.021100
0 0.746700 0.798000 0.013100 0.024200
0 0.189200 0.706900 0.017500 0.020400
0 0.939600 0.628000 0.012600 0.025600
0 0.330000 0.626200 0.015600 0.020600
0 0.423600 0.302700 0.014900 0.021100
0 0.141700 0.215000 0.011400 0.032500
0 0.501000 0.120400 0.015800 0.024900
0 0.541700 0.652900 0.013700 0.026300
0 0.730400 0.085800 0.017000 0.019000
0 0.764900 0.885800 0.014500 0.022200
0 0.363700 0.518500 0.011700 0.030000
0 0.458000 0.648500 0.014400 0.023700
0 0.305700 0.346500 0.013700 0.023100
0 0.731800 0.226600 0.014600 0.021400
0 0.889400 0.105600 0.012500 0.026600
0 0.910700 0.367000 0.014700 0.021500
0 0.922800 0.751600 0.016100 0.021100
0 0.466700 0.726500 0.016200 0.021100
0 0.818100 0.351900 0.016600 0.020400
0 0.832300 0.873100 0.014000 0.023800
0 0.085800 0.235800 0.015200 0.020400
0 0.930600 0.222700 0.013700 0.025400
0 0.378100 0.980000 0.015500 0.023600
0 0.065600 0.377100 0.017200 0.022800
0 0.047500 0.648900 0.015000 0.021600
0 0.734800 0.189200 0.015800 0.021800
0 0.313900 0.842600 0.015700 0.022100
0 0.223000 0.691200 0.013700 0.023700
0 0.435400 0.799100 0.016400 0.021200
0 0.066200 0.511200 0.014600 0.022000
0 0.526700 0.090100 0.014800 0.024900
0 0.576200 0.391100 0.015900 0.020800
0 0.768100 0.718900 0.016700 0.018300
0 0.101300 0.148400 0.013700 0.027000
0 0.547300 0.434900 0.014900 0.020200
0 0.611500 0.677300 0.013000 0.025000
0 0.969000 0.969400 0.014200 0.024800
0 0.911400 0.017900 0.010500 0.025900
0 0.705200 0.045700 0.015000 0.024000
0 0.342100 0.873500 0.013700 0.023000
0 0.471300 0.465100 0.013800 0.025800
0 0.335400 0.751200 0.018500 0.020300
0 0.242700 0.885700 0.013700 0.023500
0 0.734500 0.266300 0.012700 0.026100
0 0.618400 0.390800 0.014200 0.024100
0 0.348700 0.901800 0.016200 0.020500
0 0.498300 0.483100 0.016100 0.019700
0 0.303600 0.026000 0.015300 0.019600
0 0.038700 0.277900 0.017000 0.024700
0 0.447200 0.617900 0.012200 0.021900
0 0.808000 0.202400 0.013800 0.023900
0 0.931900 0.176900 0.011300 0.030500
0 0.714600 0.054300 0.014800 0.020500
0 0.773300 0.244200 0.014000 0.021900
0 0.555100 0.539500 0.014400 0.023100
0 0.801900 0.967600 0.017100 0.021700
0 0.661100 0.590400 0.013600 0.021800
0 0.693400 0.909500 0.015300 0.020200
0 0.061700 0.077900 0.014300 0.024700
0 0.713900 0.847100 0.015100 0.020200
0 0.275800 0.589200 0.013300 0.027000
0 0.431500 0.064100 0.014200 0.023200
0 0.901100 0.939500 0.012100 0.024700
0 0.327900 0.220500 0.014400 0.021100
0 0.218900 0.889300 0.015300 0.022700
0 0.793500 0.502400 0.013600 0.028600
0 0.718200 0.073300 0.015200 0.022300
0 0.413600 0.397500 0.015200 0.023200
0 0.586500 0.435100 0.013400 0.025500
0 0.456200 0.473500 0.013900 0.024700
0 0.443700 0.589500 0.015500 0.023600
0 0.238900 0.796600 0.014800 0.025700
0 0.810000 0.552600 0.013700 0.022600
0 0.772800 0.658000 0.013900 0.023300
0 0.409800 0.439500 0.015300 0.022100
0 0.908500 0.908700 0.014900 0.020700
0 0.914500 0.334100 0.015000 0.020900
0 0.386500 0.815500 0.011900 0.028200
0 0.249200 0.623500 0.013500 0.027600
0 0.163900 0.747800 0.014300 0.021400
0 0.099200 0.622900 0.014700 0.024800
0 0.088800 0.755200 0.016600 0.022800
0 0.941200 0.682800 0.014100 0.023000
0 0.776100 0.083100 0.017100 0.022200
0 0.985000 0.763700 0.014400 0.019500
0 0.751800 0.317500 0.014500 0.021100
0 0.901200 0.165500 0.015900 0.020800
0 0.960500 0.041500 0.015100 0.021600
0 0.193000 0.223600 0.011700 0.029500
0 0.984600 0.530000 0.013100 0.030900
0 0.276000 0.019100 0.014100 0.022800
0 0.227700 0.463600 0.014500 0.022000
0 0.135000 0.761000 0.011700 0.031300
0 0.839500 0.764500 0.015700 0.022600
0 0.992400 0.171800 0.008900 0.025200
0 0.753600 0.652900 0.016600 0.022900
0 0.686500 0.597000 0.013300 0.023500
0 0.175600 0.154900 0.011600 0.029100
0 0.061200 0.714400 0.016900 0.023100
0 0.450900 0.114800 0.014600 0.022400
0 0.011500 0.586600 0.017400 0.021400
0 0.151000 0.591400 0.014000 0.020900
0 0.444500 0.608900 0.013900 0.020500
0 0.089844 0.350694 0.014062 0.037500
0 0.237109 0.323611 0.017969 0.027778
0 0.412109 0.602778 0.017969 0.033333
0 0.664062 0.225000 0.014062 0.038889
0 0.575781 0.276389 0.017188 0.027778
0 0.557031 0.277778 0.017188 0.033333
0 0.576563 0.323611 0.017188 0.030556
0 0.775000 0.287500 0.015625 0.027778
0 0.767969 0.347917 0.012500 0.031944
0 0.842578 0.722917 0.011719 0.031944
0 0.312500 0.688889 0.015625 0.030556
0 0.806250 0.097222 0.012500 0.033333
0 0.373437 0.250000 0.014062 0.038889
0 0.775000 0.015278 0.018750 0.025000
0 0.988281 0.237500 0.017188 0.030556
0 0.857813 0.952083 0.015625 0.023611
0 0.989453 0.598611 0.011719 0.044444
0 0.868750 0.389583 0.010937 0.031944
0 0.613281 0.849306 0.015625 0.034722
0 0.637500 0.863194 0.020312 0.026389
0 0.588281 0.531944 0.014062 0.041667
0 0.165625 0.512500 0.012500 0.025000
0 0.564062 0.921528 0.007812 0.026389
0 0.099219 0.032639 0.014062 0.029167
0 0.353125 0.664583 0.012500 0.026389
0 0.574219 0.016667 0.012500 0.019444
0 0.913281 0.677083 0.012500 0.020833
0 0.146875 0.136111 0.018750 0.025000
