0 0.331500 0.593500 0.017500 0.020200
0 0.242400 0.441600 0.013500 0.020400
0 0.233600 0.509500 0.011000 0.022700
0 0.595300 0.739900 0.011700 0.025600
0 0.815200 0.711200 0.015100 0.023300
0 0.248000 0.744700 0.011900 0.026600
0 0.578900 0.752600 0.011300 0.025200
0 0.377600 0.267000 0.016200 0.018600
0 0.473300 0.896400 0.014100 0.025000
0 0.041800 0.752000 0.013900 0.022700
0 0.907000 0.235700 0.012800 0.022400
0 0.558300 0.806600 0.013400 0.023100
0 0.869100 0.977400 0.012100 0.030800
0 0.818600 0.871000 0.014400 0.022700
0 0.823800 0.291600 0.011300 0.030600
0 0.341000 0.384300 0.013600 0.024000
0 0.604900 0.801400 0.014900 0.020400
0 0.080800 0.202800 0.015400 0.019800
0 0.218500 0.540600 0.013700 0.020400
0 0.270200 0.403300 0.011800 0.022900
0 0.768000 0.741100 0.013900 0.021900
0 0.373500 0.777300 0.012400 0.025900
0 0.122600 0.566400 0.018000 0.019400
0 0.640100 0.604100 0.015200 0.023100
0 0.198600 0.226900 0.014000 0.021700
0 0.214800 0.489400 0.009300 0.030100
0 0.448200 0.545600 0.013500 0.021500
0 0.031900 0.445900 0.012600 0.023700
0 0.084400 0.645900 0.012100 0.025100
0 0.272900 0.340600 0.016600 0.017800
0 0.066100 0.255700 0.012800 0.021100
0 0.317300 0.603400 0.018900 0.019000
0 0.207000 0.655200 0.014300 0.021400
0 0.119500 0.720300 0.013300 0.023200
0 0.217800 0.423700 0.013000 0.021200
0 0.730500 0.597500 0.013700 0.022300
0 0.667300 0.290900 0.011400 0.036600
0 0.928000 0.701000 0.014500 0.023300
0 0.207300 0.915300 0.012900 0.023400
0 0.833400 0.471600 0.013800 0.020600
0 0.484500 0.704800 0.016100 0.021000
0 0.366700 0.552100 0.012300 0.027300
0 0.278100 0.481900 0.013600 0.022900
0 0.202200 0.942200 0.013600 0.019400
0 0.630900 0.954800 0.014100 0.022700
0 0.778100 0.457500 0.013600 0.025100
0 0.035800 0.238700 0.013400 0.022700
0 0.654600 0.735700 0.016800 0.018900
0 0.907000 0.547100 0.014700 0.022200
0 0.835200 0.976300 0.014000 0.025400
0 0.423400 0.239000 0.017000 0.019700
0 0.654100 0.685600 0.016700 0.021700
0 0.421000 0.755100 0.012400 0.030400
0 0.054700 0.454500 0.012600 0.024900
0 0.696600 0.380900 0.014700 0.022300
0 0.478800 0.659000 0.012300 0.024200
0 0.811300 0.215700 0.013000 0.025200
0 0.172400 0.079900 0.014800 0.020200
0 0.805300 0.745400 0.015100 0.020400
0 0.051600 0.959000 0.015400 0.019600
0 0.841500 0.331900 0.015200 0.023900
0 0.929200 0.164800 0.015700 0.020900
0 0.073100 0.960400 0.013700 0.024300
0 0.890900 0.879500 0.015500 0.021300
0 0.381100 0.285200 0.015500 0.021400
0 0.178200 0.778700 0.014600 0.020300
0 0.022600 0.600700 0.016100 0.021900
0 0.207300 0.410400 0.011400 0.024200
0 0.060800 0.742200 0.014400 0.019000
0 0.745300 0.911100 0.013200 0.022500
0 0.248400 0.235400 0.011700 0.028200
0 0.028100 0.421400 0.013200 0.020100
0 0.121200 0.421600 0.014400 0.024400
0 0.480200 0.297200 0.015300 0.019000
0 0.909700 0.477500 0.014700 0.019800
0 0.472900 0.231700 0.016600 0.019800
0 0.607100 0.539900 0.010700 0.034300
0 0.166600 0.310500 0.014300 0.020100
0 0.111000 0.419200 0.012600 0.025700
0 0.740700 0.878000 0.014700 0.020300
0 0.713500 0.021900 0.015900 0.022200
0 0.442800 0.438800 0.016000 0.020500
0 0.972100 0.289500 0.016600 0.021100
0 0.528100 0.334100 0.014800 0.021400
0 0.795300 0.214300 0.011700 0.028300
0 0.028500 0.309000 0.014100 0.018700
0 0.851100 0.490400 0.014600 0.020700
0 0.097000 0.709300 0.015700 0.018000
0 0.763400 0.607700 0.015000 0.020400
0 0.309700 0.429100 0.013100 0.022500
0 0.065600 0.375700 0.013600 0.017700
0 0.363500 0.503000 0.011200 0.029100
0 0.078800 0.043700 0.015000 0.024300
0 0.185100 0.040700 0.017600 0.020600
0 0.464800 0.610600 0.011900 0.025200
0 0.146300 0.344500 0.012500 0.026300
0 0.579500 0.855900 0.016200 0.021900
0 0.891500 0.052400 0.015500 0.022400
0 0.444800 0.039500 0.012800 0.023100
0 0.502400 0.505200 0.013700 0.022900
0 0.447400 0.246500 0.015900 0.019700
0 0.055900 0.294100 0.014500 0.019200
0 0.844300 0.891500 0.012200 0.025400
0 0.845200 0.133900 0.014300 0.022100
0 0.251500 0.872600 0.012800 0.026000
0 0.257500 0.489100 0.014400 0.020900
0 0.623900 0.806000 0.016700 0.020300
0 0.719900 0.515700 0.009900 0.033500
0 0.034100 0.382200 0.014200 0.017200
0 0.702300 0.784300 0.014900 0.021300
0 0.306800 0.799300 0.014200 0.020200
0 0.760400 0.765300 0.013100 0.022900
0 0.077100 0.690700 0.011800 0.024400
0 0.444000 0.080800 0.012000 0.027800
0 0.477500 0.406400 0.013900 0.025300
0 0.929100 0.941700 0.012600 0.027300
0 0.922500 0.631800 0.013400 0.030400
0 0.884900 0.372100 0.012800 0.023100
0 0.228700 0.391900 0.011000 0.026800
0 0.353600 0.439000 0.013800 0.020400
0 0.235300 0.736400 0.015500 0.022100
0 0.743900 0.934800 0.012300 0.025200
0 0.565100 0.871300 0.014100 0.026800
0 0.875600 0.191000 0.012200 0.028300
0 0.469400 0.556900 0.011900 0.024800
0 0.548300 0.228900 0.013800 0.024300
0 0.203800 0.956600 0.011500 0.021600
0 0.157300 0.267800 0.012200 0.025300
0 0.565600 0.643300 0.013900 0.024500
0 0.966200 0.330300 0.011400 0.031300
0 0.553500 0.356400 0.010300 0.030700
0 0.103500 0.860600 0.012000 0.029300
0 0.049100 0.320800 0.013800 0.019000
0 0.539800 0.384800 0.012500 0.021900
0 0.233000 0.272800 0.011900 0.024900
0 0.427400 0.046100 0.011400 0.026600
0 0.342800 0.611300 0.015600 0.019300
0 0.786900 0.916300 0.013400 0.025900
0 0.658600 0.644400 0.015600 0.019700
0 0.748600 0.568800 0.010300 0.037900
0 0.384900 0.634300 0.014400 0.022800
0 0.203500 0.139900 0.011600 0.030400
0 0.181800 0.808300 0.011700 0.029700
0 0.929700 0.433800 0.012100 0.021200
0 0.147200 0.266700 0.012000 0.022900
0 0.236600 0.541100 0.011200 0.024900
0 0.419800 0.060600 0.014000 0.022200
0 0.311800 0.053300 0.015400 0.022000
0 0.248700 0.584200 0.010700 0.032500
0 0.614500 0.216000 0.013100 0.028100
0 0.281900 0.226600 0.012600 0.030100
0 0.564300 0.690500 0.012700 0.024600
0 0.435900 0.054600 0.012100 0.024100
0 0.724000 0.968200 0.015200 0.018800
0 0.848400 0.689000 0.016100 0.020500
0 0.542300 0.694000 0.014700 0.021200
0 0.249200 0.015100 0.015700 0.018900
0 0.924100 0.479300 0.013800 0.018800
0 0.173700 0.018500 0.013500 0.022600
0 0.201700 0.668900 0.014200 0.021600
0 0.315000 0.977700 0.012400 0.029900
0 0.253600 0.047000 0.013600 0.020800
0 0.653700 0.627500 0.013000 0.021100
0 0.976800 0.543500 0.011800 0.035600
0 0.139500 0.868200 0.015700 0.018700
0 0.584600 0.486900 0.015100 0.020700
0 0.861100 0.598200 0.011600 0.029800
0 0.027900 0.355100 0.013900 0.017800
0 0.766600 0.905900 0.012500 0.024500
0 0.514600 0.401600 0.013500 0.019200
0 0.111000 0.648700 0.014900 0.021100
0 0.976300 0.101900 0.013000 0.029200
0 0.635000 0.019800 0.011100 0.030200
0 0.227700 0.019000 0.016300 0.020200
0 0.699000 0.634700 0.011900 0.026700
0 0.556900 0.210100 0.014800 0.021500
0 0.474100 0.522800 0.015200 0.022500
0 0.661800 0.191100 0.013300 0.025200
0 0.697400 0.954700 0.015300 0.022600
0 0.764900 0.022500 0.014800 0.022200
0 0.231500 0.301600 0.011600 0.024300
0 0.968400 0.444100 0.014600 0.020500
0 0.508700 0.200600 0.015400 0.020600
0 0.391700 0.081300 0.015300 0.022400
0 0.675600 0.070700 0.014700 0.022500
0 0.507500 0.468500 0.016600 0.023400
0 0.086100 0.268200 0.014100 0.019200
0 0.617000 0.481200 0.013000 0.024700
0 0.273200 0.288700 0.016400 0.021100
0 0.577100 0.576200 0.008600 0.037500
0 0.538400 0.045000 0.013700 0.025300
0 0.515600 0.983700 0.016000 0.024500
0 0.763400 0.803200 0.010500 0.023700
0 0.558800 0.122100 0.009800 0.031600
0 0.279100 0.739500 0.013600 0.025600
0 0.746400 0.818100 0.012400 0.025400
0 0.799500 0.858000 0.013600 0.027700
0 0.807700 0.588100 0.012800 0.022900
0 0.063400 0.458800 0.013000 0.022600
0 0.406000 0.649400 0.015100 0.019800
0 0.095000 0.259300 0.014200 0.019700
0 0.846300 0.585600 0.010100 0.036300
0 0.719800 0.770300 0.010300 0.033100
0 0.578300 0.146700 0.012400 0.026200
0 0.619900 0.127500 0.010900 0.036500
0 0.702300 0.648100 0.012400 0.020900
0 0.953400 0.430600 0.015200 0.019900
0 0.842500 0.372200 0.010100 0.033300
0 0.981300 0.789200 0.012100 0.035700
0 0.243900 0.535500 0.011500 0.021300
0 0.388200 0.149400 0.012800 0.026800
0 0.095600 0.242300 0.016200 0.018300
0 0.005800 0.068100 0.010800 0.025400
0 0.513500 0.457000 0.016700 0.021100
0 0.917800 0.049300 0.013700 0.024300
0 0.726500 0.984400 0.015800 0.019100
0 0.131100 0.455500 0.010500 0.032300
0 0.266700 0.656800 0.010200 0.034700
0 0.481800 0.724500 0.016300 0.020300
0 0.638900 0.618300 0.014400 0.022400
0 0.901700 0.120900 0.016700 0.018100
0 0.593100 0.653000 0.012800 0.022700
0 0.102100 0.244400 0.015500 0.020100
0 0.468200 0.535900 0.014700 0.018900
0 0.567800 0.090700 0.012300 0.024300
0 0.499600 0.681600 0.015800 0.019700
0 0.886800 0.417200 0.013300 0.026700
0 0.986600 0.505100 0.013600 0.023700
0 0.256300 0.052100 0.012100 0.023000
0 0.707400 0.811600 0.013600 0.026100
0 0.686500 0.398000 0.015000 0.021100
0 0.567100 0.146600 0.011100 0.033000
0 0.724600 0.301400 0.011000 0.030500
0 0.792700 0.024000 0.014500 0.022500
0 0.550800 0.157100 0.011700 0.028800
0 0.184400 0.345400 0.013100 0.022000
0 0.945600 0.385200 0.010200 0.028900
0 0.429200 0.019600 0.008000 0.028400
0 0.558600 0.090700 0.011200 0.024100
0 0.835100 0.045100 0.011700 0.030600
0 0.209600 0.089700 0.016100 0.022700
0 0.510900 0.376100 0.012000 0.025900
0 0.030500 0.338900 0.012900 0.020700
0 0.324600 0.774600 0.015500 0.020100
0 0.461000 0.150600 0.018500 0.019300
0 0.914100 0.940100 0.010600 0.026700
0 0.040800 0.020100 0.011200 0.023500
0 0.812900 0.023800 0.012100 0.028300
0 0.182100 0.534100 0.011000 0.023400
0 0.182100 0.519000 0.010800 0.021200
0 0.189000 0.169200 0.012200 0.023100
0 0.815100 0.739600 0.015300 0.019500
0 0.596500 0.010700 0.011100 0.020000
0 0.568600 0.011000 0.014100 0.021000
0 0.198800 0.028200 0.016200 0.019900
