0 0.947000 0.144000 0.016000 0.021000
0 0.944000 0.160000 0.016000 0.021000
0 0.931000 0.144000 0.016000 0.021000
0 0.923000 0.142000 0.016000 0.021000
0 0.903000 0.138000 0.016000 0.021000
0 0.898000 0.173000 0.016000 0.021000
0 0.922000 0.192000 0.016000 0.021000
0 0.870000 0.113000 0.016000 0.021000
0 0.956000 0.188000 0.016000 0.021000
0 0.973000 0.167000 0.016000 0.021000
0 0.944000 0.265000 0.016000 0.021000
0 0.836000 0.171000 0.016000 0.021000
0 0.828000 0.160000 0.016000 0.021000
0 0.820000 0.140000 0.016000 0.021000
0 0.783000 0.125000 0.016000 0.021000
0 0.777000 0.106000 0.016000 0.021000
0 0.784000 0.160000 0.016000 0.021000
0 0.770000 0.177000 0.016000 0.021000
0 0.713000 0.119000 0.016000 0.021000
0 0.727000 0.138000 0.016000 0.021000
0 0.753000 0.127000 0.016000 0.021000
0 0.736000 0.094000 0.016000 0.021000
0 0.692000 0.075000 0.016000 0.021000
0 0.691000 0.048000 0.016000 0.021000
0 0.656000 0.046000 0.016000 0.021000
0 0.644000 0.052000 0.016000 0.021000
0 0.945000 0.317000 0.016000 0.021000
0 0.952000 0.344000 0.016000 0.021000
0 0.847000 0.317000 0.016000 0.021000
0 0.831000 0.342000 0.016000 0.021000
0 0.808000 0.325000 0.016000 0.021000
0 0.814000 0.287000 0.016000 0.021000
0 0.795000 0.292000 0.016000 0.021000
0 0.772000 0.300000 0.016000 0.021000
0 0.742000 0.306000 0.016000 0.021000
0 0.752000 0.290000 0.016000 0.021000
0 0.697000 0.188000 0.016000 0.021000
0 0.683000 0.165000 0.016000 0.021000
0 0.669000 0.150000 0.016000 0.021000
0 0.653000 0.104000 0.016000 0.021000
0 0.619000 0.100000 0.016000 0.021000
0 0.697000 0.265000 0.016000 0.021000
0 0.675000 0.237000 0.016000 0.021000
0 0.669000 0.252000 0.016000 0.021000
0 0.667000 0.219000 0.016000 0.021000
0 0.606000 0.160000 0.016000 0.021000
0 0.613000 0.146000 0.016000 0.021000
0 0.597000 0.133000 0.016000 0.021000
0 0.592000 0.175000 0.016000 0.021000
0 0.556000 0.144000 0.016000 0.021000
0 0.536000 0.110000 0.016000 0.021000
0 0.506000 0.115000 0.016000 0.021000
0 0.502000 0.144000 0.016000 0.021000
0 0.498000 0.119000 0.016000 0.021000
0 0.511000 0.075000 0.016000 0.021000
0 0.503000 0.090000 0.016000 0.021000
0 0.469000 0.113000 0.016000 0.021000
0 0.475000 0.140000 0.016000 0.021000
0 0.477000 0.185000 0.016000 0.021000
0 0.514000 0.192000 0.016000 0.021000
0 0.544000 0.212000 0.016000 0.021000
0 0.567000 0.225000 0.016000 0.021000
0 0.556000 0.202000 0.016000 0.021000
0 0.577000 0.204000 0.016000 0.021000
0 0.581000 0.250000 0.016000 0.021000
0 0.578000 0.279000 0.016000 0.021000
0 0.559000 0.275000 0.016000 0.021000
0 0.511000 0.265000 0.016000 0.021000
0 0.455000 0.242000 0.016000 0.021000
0 0.428000 0.229000 0.016000 0.021000
0 0.413000 0.235000 0.016000 0.021000
0 0.405000 0.227000 0.016000 0.021000
0 0.380000 0.163000 0.016000 0.021000
0 0.367000 0.163000 0.016000 0.021000
0 0.448000 0.127000 0.016000 0.021000
0 0.447000 0.110000 0.016000 0.021000
0 0.466000 0.075000 0.016000 0.021000
0 0.438000 0.075000 0.016000 0.021000
0 0.442000 0.042000 0.016000 0.021000
0 0.386000 0.042000 0.016000 0.021000
0 0.303000 0.100000 0.016000 0.021000
0 0.327000 0.129000 0.016000 0.021000
0 0.314000 0.156000 0.016000 0.021000
0 0.314000 0.190000 0.016000 0.021000
0 0.336000 0.212000 0.016000 0.021000
0 0.333000 0.237000 0.016000 0.021000
0 0.300000 0.175000 0.016000 0.021000
0 0.292000 0.169000 0.016000 0.021000
0 0.278000 0.160000 0.016000 0.021000
0 0.266000 0.192000 0.016000 0.021000
0 0.291000 0.210000 0.016000 0.021000
0 0.295000 0.275000 0.016000 0.021000
0 0.353000 0.269000 0.016000 0.021000
0 0.286000 0.333000 0.016000 0.021000
0 0.286000 0.354000 0.016000 0.021000
0 0.242000 0.298000 0.016000 0.021000
0 0.219000 0.254000 0.016000 0.021000
0 0.222000 0.229000 0.016000 0.021000
0 0.231000 0.225000 0.016000 0.021000
0 0.236000 0.131000 0.016000 0.021000
0 0.209000 0.125000 0.016000 0.021000
0 0.183000 0.131000 0.016000 0.021000
0 0.180000 0.113000 0.016000 0.021000
0 0.166000 0.100000 0.016000 0.021000
0 0.134000 0.092000 0.016000 0.021000
0 0.128000 0.065000 0.016000 0.021000
0 0.056000 0.069000 0.016000 0.021000
0 0.066000 0.125000 0.016000 0.021000
0 0.108000 0.125000 0.016000 0.021000
0 0.123000 0.133000 0.016000 0.021000
0 0.180000 0.183000 0.016000 0.021000
0 0.119000 0.227000 0.016000 0.021000
0 0.080000 0.175000 0.016000 0.021000
0 0.050000 0.156000 0.016000 0.021000
0 0.034000 0.156000 0.016000 0.021000
0 0.019000 0.150000 0.016000 0.021000
0 0.048000 0.246000 0.016000 0.021000
0 0.133000 0.269000 0.016000 0.021000
0 0.147000 0.292000 0.016000 0.021000
0 0.184000 0.294000 0.016000 0.021000
0 0.130000 0.369000 0.016000 0.021000
0 0.034000 0.352000 0.016000 0.021000
0 0.023000 0.358000 0.016000 0.021000
0 0.023000 0.223000 0.016000 0.021000
0 0.255000 0.362000 0.016000 0.021000
0 0.402000 0.285000 0.016000 0.021000
0 0.413000 0.302000 0.016000 0.021000
0 0.427000 0.329000 0.016000 0.021000
0 0.403000 0.344000 0.016000 0.021000
0 0.386000 0.367000 0.016000 0.021000
0 0.395000 0.371000 0.016000 0.021000
0 0.444000 0.388000 0.016000 0.021000
0 0.484000 0.410000 0.016000 0.021000
0 0.527000 0.392000 0.016000 0.021000
0 0.567000 0.392000 0.016000 0.021000
0 0.581000 0.396000 0.016000 0.021000
0 0.589000 0.381000 0.016000 0.021000
0 0.608000 0.360000 0.016000 0.021000
0 0.605000 0.417000 0.016000 0.021000
0 0.680000 0.412000 0.016000 0.021000
0 0.672000 0.427000 0.016000 0.021000
0 0.698000 0.433000 0.016000 0.021000
0 0.769000 0.321000 0.016000 0.021000
0 0.775000 0.338000 0.016000 0.021000
0 0.772000 0.354000 0.016000 0.021000
0 0.759000 0.354000 0.016000 0.021000
0 0.791000 0.358000 0.016000 0.021000
0 0.781000 0.383000 0.016000 0.021000
0 0.773000 0.379000 0.016000 0.021000
0 0.786000 0.427000 0.016000 0.021000
0 0.811000 0.442000 0.016000 0.021000
0 0.823000 0.454000 0.016000 0.021000
0 0.834000 0.452000 0.016000 0.021000
0 0.873000 0.400000 0.016000 0.021000
0 0.894000 0.415000 0.016000 0.021000
0 0.936000 0.406000 0.016000 0.021000
0 0.948000 0.408000 0.016000 0.021000
0 0.941000 0.435000 0.016000 0.021000
0 0.948000 0.458000 0.016000 0.021000
0 0.938000 0.473000 0.016000 0.021000
0 0.953000 0.490000 0.016000 0.021000
0 0.953000 0.517000 0.016000 0.021000
0 0.947000 0.531000 0.016000 0.021000
0 0.917000 0.554000 0.016000 0.021000
0 0.948000 0.567000 0.016000 0.021000
0 0.922000 0.608000 0.016000 0.021000
0 0.939000 0.604000 0.016000 0.021000
0 0.920000 0.575000 0.016000 0.021000
0 0.958000 0.742000 0.016000 0.021000
0 0.917000 0.681000 0.016000 0.021000
0 0.906000 0.700000 0.016000 0.021000
0 0.886000 0.733000 0.016000 0.021000
0 0.877000 0.702000 0.016000 0.021000
0 0.823000 0.690000 0.016000 0.021000
0 0.844000 0.629000 0.016000 0.021000
0 0.788000 0.625000 0.016000 0.021000
0 0.828000 0.544000 0.016000 0.021000
0 0.856000 0.525000 0.016000 0.021000
0 0.834000 0.492000 0.016000 0.021000
0 0.825000 0.477000 0.016000 0.021000
0 0.805000 0.642000 0.016000 0.021000
0 0.777000 0.665000 0.016000 0.021000
0 0.795000 0.698000 0.016000 0.021000
0 0.814000 0.710000 0.016000 0.021000
0 0.798000 0.744000 0.016000 0.021000
0 0.781000 0.779000 0.016000 0.021000
0 0.789000 0.588000 0.016000 0.021000
0 0.783000 0.575000 0.016000 0.021000
0 0.789000 0.506000 0.016000 0.021000
0 0.778000 0.510000 0.016000 0.021000
0 0.759000 0.506000 0.016000 0.021000
0 0.691000 0.508000 0.016000 0.021000
0 0.709000 0.560000 0.016000 0.021000
0 0.633000 0.498000 0.016000 0.021000
0 0.773000 0.592000 0.016000 0.021000
0 0.752000 0.631000 0.016000 0.021000
0 0.763000 0.640000 0.016000 0.021000
0 0.753000 0.700000 0.016000 0.021000
0 0.728000 0.694000 0.016000 0.021000
0 0.728000 0.675000 0.016000 0.021000
0 0.722000 0.660000 0.016000 0.021000
0 0.722000 0.640000 0.016000 0.021000
0 0.692000 0.658000 0.016000 0.021000
0 0.677000 0.631000 0.016000 0.021000
0 0.648000 0.617000 0.016000 0.021000
0 0.636000 0.608000 0.016000 0.021000
0 0.627000 0.608000 0.016000 0.021000
0 0.659000 0.669000 0.016000 0.021000
0 0.641000 0.679000 0.016000 0.021000
0 0.628000 0.679000 0.016000 0.021000
0 0.575000 0.485000 0.016000 0.021000
0 0.575000 0.442000 0.016000 0.021000
0 0.567000 0.454000 0.016000 0.021000
0 0.556000 0.431000 0.016000 0.021000
0 0.530000 0.427000 0.016000 0.021000
0 0.497000 0.444000 0.016000 0.021000
0 0.431000 0.419000 0.016000 0.021000
0 0.433000 0.433000 0.016000 0.021000
0 0.433000 0.406000 0.016000 0.021000
0 0.455000 0.529000 0.016000 0.021000
0 0.430000 0.483000 0.016000 0.021000
0 0.447000 0.462000 0.016000 0.021000
0 0.475000 0.506000 0.016000 0.021000
0 0.475000 0.521000 0.016000 0.021000
0 0.542000 0.510000 0.016000 0.021000
0 0.528000 0.500000 0.016000 0.021000
0 0.525000 0.481000 0.016000 0.021000
0 0.511000 0.504000 0.016000 0.021000
0 0.508000 0.540000 0.016000 0.021000
0 0.516000 0.560000 0.016000 0.021000
0 0.541000 0.579000 0.016000 0.021000
0 0.578000 0.581000 0.016000 0.021000
0 0.586000 0.627000 0.016000 0.021000
0 0.569000 0.656000 0.016000 0.021000
0 0.564000 0.592000 0.016000 0.021000
0 0.531000 0.608000 0.016000 0.021000
0 0.520000 0.594000 0.016000 0.021000
0 0.531000 0.660000 0.016000 0.021000
0 0.520000 0.677000 0.016000 0.021000
0 0.508000 0.642000 0.016000 0.021000
0 0.480000 0.577000 0.016000 0.021000
0 0.455000 0.588000 0.016000 0.021000
0 0.488000 0.692000 0.016000 0.021000
0 0.445000 0.652000 0.016000 0.021000
0 0.431000 0.681000 0.016000 0.021000
0 0.370000 0.590000 0.016000 0.021000
0 0.353000 0.575000 0.016000 0.021000
0 0.381000 0.458000 0.016000 0.021000
0 0.381000 0.440000 0.016000 0.021000
0 0.367000 0.435000 0.016000 0.021000
0 0.361000 0.408000 0.016000 0.021000
0 0.338000 0.431000 0.016000 0.021000
0 0.325000 0.425000 0.016000 0.021000
0 0.312000 0.417000 0.016000 0.021000
0 0.286000 0.425000 0.016000 0.021000
0 0.255000 0.444000 0.016000 0.021000
0 0.272000 0.494000 0.016000 0.021000
0 0.312000 0.492000 0.016000 0.021000
0 0.306000 0.440000 0.016000 0.021000
0 0.325000 0.450000 0.016000 0.021000
0 0.264000 0.562000 0.016000 0.021000
0 0.233000 0.621000 0.016000 0.021000
0 0.216000 0.383000 0.016000 0.021000
0 0.198000 0.417000 0.016000 0.021000
0 0.183000 0.417000 0.016000 0.021000
0 0.159000 0.456000 0.016000 0.021000
0 0.150000 0.454000 0.016000 0.021000
0 0.131000 0.456000 0.016000 0.021000
0 0.120000 0.435000 0.016000 0.021000
0 0.114000 0.421000 0.016000 0.021000
0 0.105000 0.440000 0.016000 0.021000
0 0.125000 0.390000 0.016000 0.021000
0 0.083000 0.419000 0.016000 0.021000
0 0.084000 0.492000 0.016000 0.021000
0 0.134000 0.535000 0.016000 0.021000
0 0.145000 0.550000 0.016000 0.021000
0 0.145000 0.527000 0.016000 0.021000
0 0.166000 0.506000 0.016000 0.021000
0 0.108000 0.629000 0.016000 0.021000
0 0.109000 0.652000 0.016000 0.021000
0 0.206000 0.694000 0.016000 0.021000
0 0.242000 0.673000 0.016000 0.021000
0 0.944000 0.771000 0.016000 0.021000
0 0.914000 0.796000 0.016000 0.021000
0 0.895000 0.879000 0.016000 0.021000
0 0.844000 0.862000 0.016000 0.021000
0 0.809000 0.917000 0.016000 0.021000
0 0.812000 0.931000 0.016000 0.021000
0 0.800000 0.875000 0.016000 0.021000
0 0.784000 0.869000 0.016000 0.021000
0 0.783000 0.831000 0.016000 0.021000
0 0.770000 0.829000 0.016000 0.021000
0 0.733000 0.840000 0.016000 0.021000
0 0.694000 0.823000 0.016000 0.021000
0 0.705000 0.798000 0.016000 0.021000
0 0.694000 0.769000 0.016000 0.021000
0 0.614000 0.790000 0.016000 0.021000
0 0.600000 0.792000 0.016000 0.021000
0 0.597000 0.875000 0.016000 0.021000
0 0.683000 0.854000 0.016000 0.021000
0 0.664000 0.898000 0.016000 0.021000
0 0.636000 0.890000 0.016000 0.021000
0 0.692000 0.887000 0.016000 0.021000
0 0.697000 0.865000 0.016000 0.021000
0 0.692000 0.912000 0.016000 0.021000
0 0.744000 0.917000 0.016000 0.021000
0 0.756000 0.912000 0.016000 0.021000
0 0.756000 0.892000 0.016000 0.021000
0 0.783000 0.896000 0.016000 0.021000
0 0.794000 0.900000 0.016000 0.021000
0 0.769000 0.929000 0.016000 0.021000
0 0.775000 0.948000 0.016000 0.021000
0 0.573000 0.713000 0.016000 0.021000
0 0.550000 0.781000 0.016000 0.021000
0 0.544000 0.823000 0.016000 0.021000
0 0.523000 0.817000 0.016000 0.021000
0 0.516000 0.938000 0.016000 0.021000
0 0.461000 0.958000 0.016000 0.021000
0 0.467000 0.823000 0.016000 0.021000
0 0.470000 0.804000 0.016000 0.021000
0 0.492000 0.790000 0.016000 0.021000
0 0.458000 0.752000 0.016000 0.021000
0 0.397000 0.773000 0.016000 0.021000
0 0.389000 0.787000 0.016000 0.021000
0 0.344000 0.771000 0.016000 0.021000
0 0.309000 0.733000 0.016000 0.021000
0 0.316000 0.694000 0.016000 0.021000
0 0.277000 0.713000 0.016000 0.021000
0 0.322000 0.773000 0.016000 0.021000
0 0.238000 0.713000 0.016000 0.021000
0 0.219000 0.729000 0.016000 0.021000
0 0.183000 0.758000 0.016000 0.021000
0 0.355000 0.869000 0.016000 0.021000
0 0.347000 0.854000 0.016000 0.021000
0 0.331000 0.858000 0.016000 0.021000
0 0.361000 0.885000 0.016000 0.021000
0 0.377000 0.898000 0.016000 0.021000
0 0.394000 0.908000 0.016000 0.021000
0 0.367000 0.942000 0.016000 0.021000
0 0.334000 0.948000 0.016000 0.021000
0 0.155000 0.825000 0.016000 0.021000
0 0.122000 0.735000 0.016000 0.021000
0 0.078000 0.679000 0.016000 0.021000
0 0.056000 0.696000 0.016000 0.021000
0 0.045000 0.721000 0.016000 0.021000
0 0.070000 0.750000 0.016000 0.021000
0 0.094000 0.733000 0.016000 0.021000
0 0.094000 0.781000 0.016000 0.021000
0 0.059000 0.792000 0.016000 0.021000
0 0.109000 0.798000 0.016000 0.021000
0 0.125000 0.781000 0.016000 0.021000
0 0.125000 0.815000 0.016000 0.021000
0 0.120000 0.833000 0.016000 0.021000
0 0.105000 0.846000 0.016000 0.021000
0 0.081000 0.850000 0.016000 0.021000
0 0.075000 0.860000 0.016000 0.021000
0 0.056000 0.883000 0.016000 0.021000
0 0.058000 0.929000 0.016000 0.021000
0 0.017000 0.775000 0.016000 0.021000
0 0.963000 0.308000 0.016000 0.021000
0 0.983000 0.094000 0.016000 0.021000
0 0.973000 0.200000 0.016000 0.021000
0 0.980000 0.233000 0.016000 0.021000
0 0.991000 0.223000 0.016000 0.021000
0 0.984000 0.340000 0.016000 0.021000
0 0.964000 0.848000 0.016000 0.021000
0 0.945000 0.885000 0.016000 0.021000
0 0.986000 0.875000 0.016000 0.021000
0 0.964000 0.946000 0.016000 0.021000
0 0.944000 0.954000 0.016000 0.021000
0 0.986000 0.954000 0.016000 0.021000
0 0.792000 0.975000 0.016000 0.021000
0 0.725000 0.954000 0.016000 0.021000
0 0.706000 0.975000 0.016000 0.021000
0 0.173000 0.963000 0.016000 0.021000
0 0.123000 0.960000 0.016000 0.021000
0 0.091000 0.960000 0.016000 0.021000
0 0.042000 0.954000 0.016000 0.021000
0 0.014000 0.725000 0.016000 0.021000
0 0.020000 0.648000 0.016000 0.021000
0 0.133000 0.504000 0.016000 0.021000
0 0.111000 0.348000 0.016000 0.021000
0 0.019000 0.412000 0.016000 0.021000
0 0.030000 0.404000 0.016000 0.021000
0 0.256000 0.042000 0.016000 0.021000
0 0.655000 0.027000 0.016000 0.021000
0 0.708000 0.035000 0.016000 0.021000
0 0.761000 0.021000 0.016000 0.021000
0 0.770000 0.017000 0.016000 0.021000
0 0.858000 0.017000 0.016000 0.021000
0 0.838000 0.190000 0.016000 0.021000
0 0.852000 0.548000 0.016000 0.021000
0 0.431000 0.769000 0.016000 0.021000
0 0.442000 0.188000 0.016000 0.021000
0 0.216000 0.092000 0.016000 0.021000
0 0.009000 0.887000 0.016000 0.021000
0 0.014000 0.263000 0.016000 0.021000
0 0.261000 0.015000 0.016000 0.021000
0 0.842000 0.023000 0.016000 0.021000
0 0.939000 0.650000 0.016000 0.021000
0 0.588000 0.985000 0.016000 0.021000
0 0.172656 0.015972 0.009375 0.031944
0 0.009375 0.435417 0.018750 0.026389
0 0.008203 0.612500 0.016406 0.025000
0 0.220703 0.812500 0.016406 0.030556
0 0.439844 0.010417 0.020312 0.020833
0 0.692969 0.015972 0.015625 0.031944
0 0.416406 0.586806 0.010937 0.043056
0 0.675781 0.359722 0.010937 0.036111
0 0.300781 0.831250 0.010937 0.037500
0 0.295312 0.781250 0.012500 0.040278
0 0.068750 0.483333 0.012500 0.036111
0 0.047266 0.281944 0.010156 0.038889
0 0.083203 0.377778 0.013281 0.030556
0 0.551953 0.901389 0.014844 0.041667
0 0.649219 0.769444 0.012500 0.038889
0 0.931250 0.712500 0.010937 0.033333
0 0.901172 0.257639 0.017969 0.029167
0 0.660547 0.541667 0.016406 0.036111
0 0.417969 0.818056 0.014062 0.033333
0 0.211719 0.507639 0.014062 0.034722
0 0.857813 0.198611 0.010937 0.033333
0 0.900000 0.856250 0.010937 0.034722
0 0.605078 0.484028 0.014844 0.029167
0 0.084766 0.520139 0.011719 0.029167
0 0.028906 0.661111 0.010937 0.025000
0 0.135937 0.794444 0.012500 0.030556
0 0.227734 0.977083 0.011719 0.029167
0 0.161719 0.722917 0.010937 0.029167
0 0.170703 0.673611 0.011719 0.030556
0 0.122266 0.622917 0.010156 0.029167
0 0.138281 0.629861 0.010937 0.029167
0 0.052344 0.426389 0.012500 0.036111
0 0.018750 0.331250 0.012500 0.034722
0 0.033203 0.129861 0.014844 0.034722
0 0.093750 0.034722 0.012500 0.036111
0 0.153125 0.034028 0.015625 0.037500
0 0.339063 0.293750 0.012500 0.034722
0 0.308594 0.315972 0.014062 0.034722
0 0.283594 0.473611 0.012500 0.030556
0 0.389062 0.474306 0.012500 0.029167
0 0.324609 0.043056 0.013281 0.030556
0 0.300781 0.074306 0.010937 0.031944
0 0.201953 0.025694 0.011719 0.029167
0 0.196094 0.040278 0.010937 0.036111
0 0.605469 0.097222 0.012500 0.030556
0 0.596094 0.065972 0.014062 0.037500
0 0.728125 0.114583 0.014062 0.031944
0 0.768750 0.131944 0.014062 0.027778
0 0.854688 0.045139 0.012500 0.029167
0 0.929688 0.368056 0.014062 0.030556
0 0.839063 0.844444 0.007813 0.036111
0 0.820313 0.892361 0.014062 0.037500
0 0.739062 0.961111 0.014062 0.033333
0 0.678516 0.874306 0.011719 0.031944
0 0.610937 0.980556 0.014062 0.022222
0 0.958203 0.668750 0.010156 0.031944
0 0.970312 0.656250 0.014062 0.029167
0 0.971094 0.704861 0.012500 0.026389
0 0.964063 0.571528 0.014062 0.031944
0 0.884766 0.403472 0.011719 0.029167
0 0.319531 0.018056 0.017188 0.019444
0 0.601172 0.668750 0.011719 0.031944
0 0.587891 0.711111 0.013281 0.030556
0 0.391406 0.706944 0.012500 0.036111
0 0.606250 0.899306 0.010937 0.031944
0 0.698438 0.940278 0.010937 0.030556
0 0.594141 0.748611 0.011719 0.027778
0 0.508594 0.600694 0.012500 0.029167
0 0.292969 0.714583 0.010937 0.037500
0 0.234766 0.525000 0.013281 0.033333
0 0.219922 0.405556 0.011719 0.030556
0 0.719922 0.518750 0.013281 0.029167
0 0.816406 0.580556 0.012500 0.030556
0 0.750781 0.247222 0.010937 0.033333
0 0.737109 0.234028 0.010156 0.029167
0 0.719531 0.202778 0.015625 0.033333
0 0.859766 0.274306 0.008594 0.029167
0 0.962109 0.617361 0.013281 0.026389
0 0.980469 0.831250 0.012500 0.037500
0 0.925781 0.770833 0.010937 0.036111
0 0.686328 0.738194 0.011719 0.034722
0 0.480859 0.800694 0.008594 0.031944
0 0.468359 0.744444 0.011719 0.036111
0 0.370313 0.863889 0.012500 0.033333
0 0.320313 0.731250 0.012500 0.034722
0 0.321875 0.224306 0.015625 0.026389
0 0.133594 0.127778 0.010937 0.030556
0 0.145703 0.325000 0.014844 0.027778
0 0.140625 0.477778 0.010937 0.033333
0 0.991406 0.202778 0.014062 0.022222
0 0.534766 0.965278 0.010156 0.030556
0 0.529688 0.974306 0.010937 0.023611
0 0.830469 0.735417 0.009375 0.031944
0 0.834766 0.713889 0.010156 0.033333
0 0.819531 0.660417 0.009375 0.031944
