0 0.655800 0.677600 0.015500 0.020500
0 0.278500 0.329400 0.014000 0.022600
0 0.232500 0.510000 0.011000 0.023400
0 0.222400 0.544600 0.012400 0.019800
0 0.381100 0.132400 0.013900 0.022700
0 0.278000 0.478900 0.012400 0.021100
0 0.701200 0.384600 0.013900 0.022900
0 0.382500 0.283500 0.015400 0.022100
0 0.217700 0.423400 0.012500 0.021500
0 0.165900 0.547400 0.020300 0.019900
0 0.471700 0.245100 0.016400 0.019400
0 0.269700 0.410300 0.013200 0.020800
0 0.256300 0.489200 0.013600 0.018600
0 0.457300 0.064800 0.013200 0.021700
0 0.054300 0.253100 0.013600 0.021300
0 0.268000 0.443000 0.012500 0.020600
0 0.157800 0.716800 0.013400 0.023600
0 0.493500 0.855700 0.019500 0.019400
0 0.695600 0.438400 0.012800 0.026600
0 0.447600 0.428300 0.017400 0.018600
0 0.273300 0.556600 0.013700 0.022700
0 0.456200 0.126400 0.012400 0.027100
0 0.029400 0.259700 0.013000 0.023200
0 0.193900 0.433500 0.013200 0.023300
0 0.310700 0.757600 0.013000 0.028500
0 0.598400 0.878700 0.015600 0.022400
0 0.800700 0.535600 0.013800 0.023900
0 0.617200 0.802500 0.016400 0.019700
0 0.420100 0.781100 0.013200 0.021200
0 0.202000 0.777100 0.013400 0.023000
0 0.556900 0.210000 0.015300 0.023300
0 0.720300 0.295600 0.012300 0.028400
0 0.684200 0.290400 0.015400 0.022200
0 0.714900 0.051900 0.013900 0.024700
0 0.019000 0.694100 0.015300 0.021300
0 0.676300 0.073200 0.014200 0.022300
0 0.840300 0.139300 0.015500 0.021700
0 0.480800 0.707700 0.017300 0.020500
0 0.685000 0.226500 0.014300 0.021000
0 0.592900 0.805600 0.015200 0.020400
0 0.920400 0.699000 0.016800 0.019000
0 0.144000 0.305000 0.012000 0.027100
0 0.832300 0.654000 0.012700 0.027400
0 0.084200 0.966800 0.015800 0.023500
0 0.377500 0.268100 0.016600 0.018800
0 0.238800 0.541800 0.011100 0.024600
0 0.326900 0.577100 0.014300 0.021400
0 0.631100 0.726300 0.015600 0.021400
0 0.698300 0.796400 0.014000 0.021400
0 0.466800 0.332900 0.015300 0.020600
0 0.356400 0.606300 0.016300 0.020500
0 0.208700 0.493200 0.010000 0.027300
0 0.932700 0.896900 0.016800 0.021900
0 0.247200 0.877500 0.014600 0.022800
0 0.846600 0.489400 0.014500 0.022100
0 0.745700 0.485900 0.014300 0.021900
0 0.558300 0.688700 0.013000 0.024200
0 0.677400 0.740300 0.015200 0.020900
0 0.905400 0.440700 0.013100 0.022500
0 0.067700 0.369300 0.013400 0.017900
0 0.097700 0.319900 0.010500 0.029500
0 0.029500 0.485900 0.014700 0.019900
0 0.281300 0.348900 0.016300 0.021800
0 0.778400 0.464300 0.014300 0.023600
0 0.482300 0.724000 0.017400 0.018300
0 0.055900 0.752800 0.017200 0.019800
0 0.495200 0.056300 0.012900 0.024600
0 0.492500 0.371000 0.015100 0.021500
0 0.713300 0.021400 0.016000 0.023100
0 0.019200 0.432700 0.013900 0.020300
0 0.277000 0.705600 0.014600 0.025700
0 0.283900 0.496800 0.012700 0.021000
0 0.418700 0.880700 0.014500 0.027600
0 0.238700 0.429600 0.010900 0.031600
0 0.892800 0.095100 0.013200 0.024100
0 0.485000 0.134300 0.013400 0.026400
0 0.568000 0.642700 0.013000 0.021700
0 0.069300 0.182700 0.016300 0.029100
0 0.833600 0.739600 0.013300 0.021400
0 0.661500 0.190700 0.013900 0.024200
0 0.127900 0.658100 0.014600 0.020900
0 0.039500 0.693400 0.016800 0.021600
0 0.973600 0.102300 0.014200 0.024400
0 0.640100 0.604100 0.015600 0.024100
0 0.502900 0.678500 0.015300 0.018000
0 0.964200 0.311200 0.015400 0.019500
0 0.671600 0.183100 0.012300 0.027200
0 0.435600 0.580900 0.019200 0.020600
0 0.343900 0.839600 0.010800 0.032600
0 0.198400 0.931100 0.013700 0.026300
0 0.715800 0.882200 0.016400 0.018800
0 0.139900 0.351400 0.015400 0.019700
0 0.028200 0.353500 0.013900 0.019300
0 0.476300 0.883000 0.016500 0.020700
0 0.081900 0.248800 0.016400 0.020200
0 0.444600 0.651500 0.014300 0.021600
0 0.789400 0.369600 0.014900 0.022000
0 0.026900 0.336300 0.012000 0.021200
0 0.442500 0.032300 0.014400 0.021100
0 0.304300 0.646100 0.014800 0.024100
0 0.313100 0.416400 0.012200 0.023800
0 0.421600 0.739500 0.012700 0.027600
0 0.809300 0.230000 0.015100 0.021300
0 0.483100 0.279300 0.015000 0.018500
0 0.228200 0.572600 0.011000 0.021900
0 0.902500 0.586800 0.015100 0.021000
0 0.516900 0.393600 0.014400 0.019600
0 0.666400 0.139500 0.012400 0.028600
0 0.805800 0.873800 0.014300 0.023900
0 0.600400 0.552700 0.009600 0.038900
0 0.570600 0.072600 0.014200 0.024400
0 0.803000 0.320400 0.015300 0.020600
0 0.772300 0.722800 0.010700 0.032900
0 0.450700 0.248900 0.016200 0.018600
0 0.176700 0.278900 0.015500 0.020200
0 0.102700 0.725400 0.014700 0.019100
0 0.553800 0.356400 0.014200 0.023900
0 0.296600 0.079000 0.012600 0.032500
0 0.432800 0.055300 0.011100 0.030800
0 0.118500 0.658600 0.014100 0.022200
0 0.868300 0.149100 0.015200 0.021900
0 0.903500 0.554600 0.014500 0.022900
0 0.044700 0.326100 0.013400 0.020100
0 0.718100 0.598900 0.015000 0.022500
0 0.705400 0.808600 0.012200 0.025800
0 0.203000 0.946000 0.015100 0.021000
0 0.072800 0.503400 0.016400 0.019300
0 0.735600 0.894800 0.016000 0.020200
0 0.576400 0.545500 0.010000 0.036400
0 0.445800 0.522100 0.010700 0.026700
0 0.443100 0.273600 0.016900 0.017800
0 0.581600 0.479500 0.013900 0.022300
0 0.550500 0.119100 0.011500 0.031100
0 0.122200 0.788500 0.015300 0.020800
0 0.341000 0.816700 0.011200 0.031000
0 0.790500 0.026800 0.011700 0.031900
0 0.748400 0.784800 0.012700 0.028400
0 0.219200 0.308700 0.012900 0.022100
0 0.551100 0.629800 0.010700 0.026700
0 0.885800 0.063700 0.015800 0.023600
0 0.376200 0.916800 0.016100 0.025500
0 0.956100 0.293200 0.015300 0.020200
0 0.653400 0.627000 0.013400 0.022200
0 0.829100 0.284600 0.010700 0.033600
0 0.394400 0.120100 0.012900 0.023700
0 0.167900 0.124200 0.016400 0.022900
0 0.893400 0.674400 0.016300 0.018900
0 0.121000 0.421800 0.016300 0.020400
0 0.867400 0.978700 0.012400 0.030600
0 0.819800 0.033000 0.010300 0.036200
0 0.824500 0.960600 0.014000 0.021100
0 0.189700 0.390000 0.015900 0.024600
0 0.583400 0.307400 0.010100 0.037800
0 0.246900 0.589700 0.009900 0.029700
0 0.985500 0.558800 0.012900 0.025200
0 0.969200 0.122300 0.014900 0.023100
0 0.888200 0.415400 0.012700 0.027100
0 0.511500 0.981400 0.016100 0.022700
0 0.535200 0.858200 0.016500 0.019400
0 0.452900 0.539600 0.013300 0.026400
0 0.509600 0.366400 0.013200 0.024200
0 0.106300 0.416900 0.013400 0.021500
0 0.639700 0.618700 0.015600 0.022900
0 0.595600 0.483800 0.014100 0.021300
0 0.955800 0.419200 0.016000 0.024500
0 0.777000 0.948000 0.013900 0.020000
0 0.003600 0.835500 0.008200 0.021200
0 0.733700 0.522100 0.010300 0.038300
0 0.479100 0.413900 0.014100 0.023300
0 0.465100 0.560800 0.013000 0.025600
0 0.238200 0.301600 0.011600 0.027800
0 0.753000 0.881700 0.015800 0.019500
0 0.465500 0.538900 0.014200 0.025300
0 0.818300 0.276800 0.012600 0.026000
0 0.277200 0.284800 0.016500 0.022100
0 0.942000 0.417300 0.011700 0.030600
0 0.785700 0.872200 0.015900 0.020900
0 0.476600 0.516500 0.012400 0.027100
0 0.509900 0.454600 0.013900 0.021700
0 0.965800 0.330700 0.012100 0.024900
0 0.933100 0.623300 0.012600 0.027200
0 0.106400 0.580500 0.014200 0.028600
0 0.923600 0.480100 0.013300 0.020300
0 0.011900 0.507600 0.013300 0.024100
0 0.844400 0.892200 0.011700 0.027900
0 0.920100 0.626600 0.011900 0.026300
0 0.123900 0.381100 0.014200 0.020400
0 0.353000 0.159300 0.012100 0.036900
0 0.209100 0.932500 0.012600 0.025300
0 0.585800 0.863600 0.013000 0.026500
0 0.191600 0.299300 0.015800 0.018700
0 0.086400 0.040300 0.015700 0.028000
0 0.037000 0.758500 0.016300 0.020100
0 0.211600 0.306800 0.012700 0.021900
0 0.422400 0.237900 0.016400 0.019600
0 0.520600 0.451100 0.014500 0.021400
0 0.282700 0.849200 0.014900 0.023300
0 0.043000 0.083000 0.018000 0.025600
0 0.247400 0.036700 0.017000 0.022200
0 0.427000 0.111900 0.014000 0.021900
0 0.068300 0.438000 0.014900 0.017800
0 0.115700 0.872000 0.011500 0.033800
0 0.701100 0.634600 0.010200 0.037000
0 0.343200 0.386900 0.013800 0.024500
0 0.779200 0.966400 0.014000 0.023000
0 0.529900 0.875900 0.017500 0.019600
0 0.775300 0.238800 0.011500 0.027400
0 0.949300 0.273900 0.012200 0.023600
0 0.789100 0.919300 0.014600 0.025900
0 0.057400 0.158100 0.014300 0.028800
0 0.583000 0.492300 0.013300 0.021700
0 0.611400 0.053100 0.011700 0.036500
0 0.989400 0.344900 0.010200 0.024500
0 0.616400 0.476500 0.011300 0.027300
0 0.173300 0.226200 0.015200 0.028000
0 0.969100 0.477600 0.015400 0.018700
0 0.773800 0.758500 0.013700 0.021100
0 0.860900 0.598200 0.011800 0.025800
0 0.731000 0.560800 0.011000 0.029100
0 0.600900 0.184300 0.010800 0.037000
0 0.258200 0.651100 0.011000 0.034900
0 0.849700 0.583500 0.010200 0.035300
0 0.757400 0.826200 0.014100 0.020300
0 0.789000 0.740300 0.015200 0.021900
0 0.018300 0.881900 0.012900 0.032500
0 0.986400 0.505100 0.014300 0.022400
0 0.590900 0.653400 0.014100 0.021700
0 0.951400 0.376700 0.012400 0.029200
0 0.585000 0.654100 0.013100 0.021400
0 0.750900 0.894700 0.015900 0.019900
0 0.034100 0.381200 0.014000 0.019400
0 0.803500 0.751200 0.016600 0.021900
0 0.567700 0.156900 0.009700 0.036400
0 0.728500 0.790300 0.010700 0.031800
0 0.797600 0.751800 0.014600 0.022100
0 0.957000 0.659900 0.009500 0.049700
0 0.192300 0.091500 0.013000 0.029400
0 0.914200 0.940500 0.009700 0.029200
0 0.862000 0.426800 0.014200 0.021700
0 0.835200 0.043900 0.011500 0.030600
0 0.596600 0.986700 0.016500 0.021400
0 0.044100 0.434700 0.013400 0.022300
0 0.570600 0.011700 0.015400 0.021100
0 0.372700 0.567700 0.016100 0.020300
0 0.102100 0.410500 0.012600 0.020700
0 0.388900 0.134100 0.013600 0.020900
0 0.496484 0.487500 0.011719 0.025000
