0 0.945000 0.127000 0.016000 0.021000
0 0.944000 0.144000 0.016000 0.021000
0 0.936000 0.154000 0.016000 0.021000
0 0.925000 0.156000 0.016000 0.021000
0 0.919000 0.117000 0.016000 0.021000
0 0.864000 0.100000 0.016000 0.021000
0 0.920000 0.181000 0.016000 0.021000
0 0.955000 0.194000 0.016000 0.021000
0 0.947000 0.200000 0.016000 0.021000
0 0.902000 0.275000 0.016000 0.021000
0 0.952000 0.265000 0.016000 0.021000
0 0.948000 0.310000 0.016000 0.021000
0 0.945000 0.348000 0.016000 0.021000
0 0.831000 0.275000 0.016000 0.021000
0 0.855000 0.206000 0.016000 0.021000
0 0.845000 0.190000 0.016000 0.021000
0 0.836000 0.165000 0.016000 0.021000
0 0.825000 0.150000 0.016000 0.021000
0 0.956000 0.404000 0.016000 0.021000
0 0.933000 0.421000 0.016000 0.021000
0 0.922000 0.438000 0.016000 0.021000
0 0.942000 0.444000 0.016000 0.021000
0 0.944000 0.471000 0.016000 0.021000
0 0.955000 0.498000 0.016000 0.021000
0 0.961000 0.510000 0.016000 0.021000
0 0.953000 0.567000 0.016000 0.021000
0 0.928000 0.567000 0.016000 0.021000
0 0.888000 0.415000 0.016000 0.021000
0 0.870000 0.383000 0.016000 0.021000
0 0.847000 0.333000 0.016000 0.021000
0 0.834000 0.315000 0.016000 0.021000
0 0.947000 0.640000 0.016000 0.021000
0 0.958000 0.619000 0.016000 0.021000
0 0.942000 0.600000 0.016000 0.021000
0 0.916000 0.598000 0.016000 0.021000
0 0.828000 0.444000 0.016000 0.021000
0 0.833000 0.448000 0.016000 0.021000
0 0.808000 0.450000 0.016000 0.021000
0 0.792000 0.375000 0.016000 0.021000
0 0.797000 0.331000 0.016000 0.021000
0 0.784000 0.304000 0.016000 0.021000
0 0.795000 0.292000 0.016000 0.021000
0 0.780000 0.331000 0.016000 0.021000
0 0.770000 0.327000 0.016000 0.021000
0 0.777000 0.358000 0.016000 0.021000
0 0.759000 0.373000 0.016000 0.021000
0 0.767000 0.390000 0.016000 0.021000
0 0.777000 0.396000 0.016000 0.021000
0 0.781000 0.440000 0.016000 0.021000
0 0.816000 0.483000 0.016000 0.021000
0 0.822000 0.500000 0.016000 0.021000
0 0.836000 0.504000 0.016000 0.021000
0 0.864000 0.535000 0.016000 0.021000
0 0.845000 0.552000 0.016000 0.021000
0 0.931000 0.787000 0.016000 0.021000
0 0.961000 0.731000 0.016000 0.021000
0 0.897000 0.844000 0.016000 0.021000
0 0.908000 0.894000 0.016000 0.021000
0 0.958000 0.852000 0.016000 0.021000
0 0.844000 0.873000 0.016000 0.021000
0 0.834000 0.856000 0.016000 0.021000
0 0.806000 0.881000 0.016000 0.021000
0 0.783000 0.887000 0.016000 0.021000
0 0.778000 0.906000 0.016000 0.021000
0 0.772000 0.890000 0.016000 0.021000
0 0.764000 0.921000 0.016000 0.021000
0 0.734000 0.906000 0.016000 0.021000
0 0.803000 0.931000 0.016000 0.021000
0 0.794000 0.917000 0.016000 0.021000
0 0.683000 0.917000 0.016000 0.021000
0 0.658000 0.894000 0.016000 0.021000
0 0.648000 0.900000 0.016000 0.021000
0 0.680000 0.896000 0.016000 0.021000
0 0.694000 0.885000 0.016000 0.021000
0 0.694000 0.871000 0.016000 0.021000
0 0.727000 0.840000 0.016000 0.021000
0 0.766000 0.842000 0.016000 0.021000
0 0.786000 0.844000 0.016000 0.021000
0 0.781000 0.850000 0.016000 0.021000
0 0.777000 0.856000 0.016000 0.021000
0 0.695000 0.840000 0.016000 0.021000
0 0.703000 0.825000 0.016000 0.021000
0 0.788000 0.771000 0.016000 0.021000
0 0.828000 0.746000 0.016000 0.021000
0 0.833000 0.733000 0.016000 0.021000
0 0.872000 0.746000 0.016000 0.021000
0 0.897000 0.710000 0.016000 0.021000
0 0.884000 0.696000 0.016000 0.021000
0 0.830000 0.692000 0.016000 0.021000
0 0.833000 0.675000 0.016000 0.021000
0 0.847000 0.625000 0.016000 0.021000
0 0.809000 0.581000 0.016000 0.021000
0 0.795000 0.573000 0.016000 0.021000
0 0.788000 0.592000 0.016000 0.021000
0 0.775000 0.604000 0.016000 0.021000
0 0.769000 0.627000 0.016000 0.021000
0 0.759000 0.623000 0.016000 0.021000
0 0.788000 0.635000 0.016000 0.021000
0 0.798000 0.631000 0.016000 0.021000
0 0.809000 0.629000 0.016000 0.021000
0 0.816000 0.642000 0.016000 0.021000
0 0.806000 0.706000 0.016000 0.021000
0 0.797000 0.727000 0.016000 0.021000
0 0.784000 0.694000 0.016000 0.021000
0 0.770000 0.677000 0.016000 0.021000
0 0.752000 0.677000 0.016000 0.021000
0 0.734000 0.673000 0.016000 0.021000
0 0.725000 0.690000 0.016000 0.021000
0 0.720000 0.715000 0.016000 0.021000
0 0.702000 0.762000 0.016000 0.021000
0 0.692000 0.802000 0.016000 0.021000
0 0.709000 0.677000 0.016000 0.021000
0 0.705000 0.650000 0.016000 0.021000
0 0.691000 0.633000 0.016000 0.021000
0 0.711000 0.631000 0.016000 0.021000
0 0.667000 0.667000 0.016000 0.021000
0 0.655000 0.673000 0.016000 0.021000
0 0.644000 0.694000 0.016000 0.021000
0 0.620000 0.669000 0.016000 0.021000
0 0.583000 0.723000 0.016000 0.021000
0 0.564000 0.731000 0.016000 0.021000
0 0.592000 0.740000 0.016000 0.021000
0 0.605000 0.787000 0.016000 0.021000
0 0.592000 0.862000 0.016000 0.021000
0 0.594000 0.877000 0.016000 0.021000
0 0.597000 0.908000 0.016000 0.021000
0 0.548000 0.915000 0.016000 0.021000
0 0.534000 0.825000 0.016000 0.021000
0 0.562000 0.790000 0.016000 0.021000
0 0.470000 0.792000 0.016000 0.021000
0 0.483000 0.806000 0.016000 0.021000
0 0.477000 0.819000 0.016000 0.021000
0 0.405000 0.906000 0.016000 0.021000
0 0.370000 0.873000 0.016000 0.021000
0 0.341000 0.854000 0.016000 0.021000
0 0.319000 0.871000 0.016000 0.021000
0 0.213000 0.829000 0.016000 0.021000
0 0.420000 0.800000 0.016000 0.021000
0 0.388000 0.806000 0.016000 0.021000
0 0.392000 0.781000 0.016000 0.021000
0 0.334000 0.771000 0.016000 0.021000
0 0.297000 0.775000 0.016000 0.021000
0 0.467000 0.754000 0.016000 0.021000
0 0.469000 0.735000 0.016000 0.021000
0 0.484000 0.710000 0.016000 0.021000
0 0.473000 0.694000 0.016000 0.021000
0 0.511000 0.677000 0.016000 0.021000
0 0.441000 0.673000 0.016000 0.021000
0 0.444000 0.750000 0.016000 0.021000
0 0.427000 0.748000 0.016000 0.021000
0 0.325000 0.752000 0.016000 0.021000
0 0.316000 0.740000 0.016000 0.021000
0 0.308000 0.721000 0.016000 0.021000
0 0.323000 0.690000 0.016000 0.021000
0 0.283000 0.694000 0.016000 0.021000
0 0.275000 0.713000 0.016000 0.021000
0 0.248000 0.679000 0.016000 0.021000
0 0.230000 0.710000 0.016000 0.021000
0 0.225000 0.729000 0.016000 0.021000
0 0.161000 0.827000 0.016000 0.021000
0 0.113000 0.842000 0.016000 0.021000
0 0.061000 0.912000 0.016000 0.021000
0 0.055000 0.865000 0.016000 0.021000
0 0.073000 0.858000 0.016000 0.021000
0 0.102000 0.804000 0.016000 0.021000
0 0.114000 0.817000 0.016000 0.021000
0 0.136000 0.796000 0.016000 0.021000
0 0.175000 0.762000 0.016000 0.021000
0 0.095000 0.721000 0.016000 0.021000
0 0.083000 0.777000 0.016000 0.021000
0 0.064000 0.742000 0.016000 0.021000
0 0.048000 0.794000 0.016000 0.021000
0 0.066000 0.690000 0.016000 0.021000
0 0.083000 0.683000 0.016000 0.021000
0 0.097000 0.650000 0.016000 0.021000
0 0.136000 0.640000 0.016000 0.021000
0 0.117000 0.619000 0.016000 0.021000
0 0.228000 0.588000 0.016000 0.021000
0 0.272000 0.562000 0.016000 0.021000
0 0.152000 0.548000 0.016000 0.021000
0 0.141000 0.537000 0.016000 0.021000
0 0.123000 0.540000 0.016000 0.021000
0 0.141000 0.521000 0.016000 0.021000
0 0.131000 0.490000 0.016000 0.021000
0 0.141000 0.465000 0.016000 0.021000
0 0.081000 0.479000 0.016000 0.021000
0 0.205000 0.431000 0.016000 0.021000
0 0.205000 0.396000 0.016000 0.021000
0 0.188000 0.421000 0.016000 0.021000
0 0.156000 0.452000 0.016000 0.021000
0 0.128000 0.446000 0.016000 0.021000
0 0.100000 0.452000 0.016000 0.021000
0 0.117000 0.427000 0.016000 0.021000
0 0.108000 0.427000 0.016000 0.021000
0 0.131000 0.406000 0.016000 0.021000
0 0.073000 0.419000 0.016000 0.021000
0 0.083000 0.371000 0.016000 0.021000
0 0.128000 0.354000 0.016000 0.021000
0 0.144000 0.315000 0.016000 0.021000
0 0.213000 0.248000 0.016000 0.021000
0 0.222000 0.240000 0.016000 0.021000
0 0.230000 0.212000 0.016000 0.021000
0 0.219000 0.173000 0.016000 0.021000
0 0.141000 0.294000 0.016000 0.021000
0 0.127000 0.275000 0.016000 0.021000
0 0.119000 0.248000 0.016000 0.021000
0 0.052000 0.296000 0.016000 0.021000
0 0.041000 0.338000 0.016000 0.021000
0 0.041000 0.242000 0.016000 0.021000
0 0.041000 0.156000 0.016000 0.021000
0 0.027000 0.150000 0.016000 0.021000
0 0.052000 0.133000 0.016000 0.021000
0 0.062000 0.115000 0.016000 0.021000
0 0.075000 0.156000 0.016000 0.021000
0 0.114000 0.140000 0.016000 0.021000
0 0.117000 0.119000 0.016000 0.021000
0 0.058000 0.060000 0.016000 0.021000
0 0.089000 0.054000 0.016000 0.021000
0 0.138000 0.098000 0.016000 0.021000
0 0.139000 0.075000 0.016000 0.021000
0 0.153000 0.096000 0.016000 0.021000
0 0.167000 0.106000 0.016000 0.021000
0 0.184000 0.121000 0.016000 0.021000
0 0.192000 0.142000 0.016000 0.021000
0 0.180000 0.171000 0.016000 0.021000
0 0.203000 0.119000 0.016000 0.021000
0 0.194000 0.100000 0.016000 0.021000
0 0.208000 0.075000 0.016000 0.021000
0 0.242000 0.135000 0.016000 0.021000
0 0.298000 0.087000 0.016000 0.021000
0 0.317000 0.115000 0.016000 0.021000
0 0.275000 0.173000 0.016000 0.021000
0 0.286000 0.194000 0.016000 0.021000
0 0.298000 0.206000 0.016000 0.021000
0 0.328000 0.227000 0.016000 0.021000
0 0.342000 0.217000 0.016000 0.021000
0 0.322000 0.188000 0.016000 0.021000
0 0.312000 0.175000 0.016000 0.021000
0 0.284000 0.167000 0.016000 0.021000
0 0.342000 0.165000 0.016000 0.021000
0 0.250000 0.304000 0.016000 0.021000
0 0.247000 0.346000 0.016000 0.021000
0 0.284000 0.290000 0.016000 0.021000
0 0.364000 0.273000 0.016000 0.021000
0 0.403000 0.248000 0.016000 0.021000
0 0.469000 0.192000 0.016000 0.021000
0 0.467000 0.150000 0.016000 0.021000
0 0.425000 0.173000 0.016000 0.021000
0 0.373000 0.165000 0.016000 0.021000
0 0.781000 0.165000 0.016000 0.021000
0 0.797000 0.135000 0.016000 0.021000
0 0.786000 0.117000 0.016000 0.021000
0 0.741000 0.094000 0.016000 0.021000
0 0.747000 0.129000 0.016000 0.021000
0 0.769000 0.138000 0.016000 0.021000
0 0.733000 0.117000 0.016000 0.021000
0 0.703000 0.075000 0.016000 0.021000
0 0.702000 0.044000 0.016000 0.021000
0 0.680000 0.077000 0.016000 0.021000
0 0.656000 0.100000 0.016000 0.021000
0 0.625000 0.098000 0.016000 0.021000
0 0.609000 0.087000 0.016000 0.021000
0 0.591000 0.073000 0.016000 0.021000
0 0.555000 0.115000 0.016000 0.021000
0 0.542000 0.142000 0.016000 0.021000
0 0.511000 0.123000 0.016000 0.021000
0 0.498000 0.152000 0.016000 0.021000
0 0.494000 0.096000 0.016000 0.021000
0 0.477000 0.102000 0.016000 0.021000
0 0.513000 0.067000 0.016000 0.021000
0 0.444000 0.123000 0.016000 0.021000
0 0.445000 0.104000 0.016000 0.021000
0 0.458000 0.090000 0.016000 0.021000
0 0.433000 0.073000 0.016000 0.021000
0 0.589000 0.140000 0.016000 0.021000
0 0.606000 0.138000 0.016000 0.021000
0 0.600000 0.160000 0.016000 0.021000
0 0.630000 0.169000 0.016000 0.021000
0 0.673000 0.152000 0.016000 0.021000
0 0.692000 0.152000 0.016000 0.021000
0 0.689000 0.185000 0.016000 0.021000
0 0.703000 0.115000 0.016000 0.021000
0 0.691000 0.263000 0.016000 0.021000
0 0.675000 0.258000 0.016000 0.021000
0 0.667000 0.244000 0.016000 0.021000
0 0.673000 0.229000 0.016000 0.021000
0 0.586000 0.242000 0.016000 0.021000
0 0.545000 0.229000 0.016000 0.021000
0 0.534000 0.221000 0.016000 0.021000
0 0.547000 0.202000 0.016000 0.021000
0 0.498000 0.192000 0.016000 0.021000
0 0.525000 0.260000 0.016000 0.021000
0 0.559000 0.256000 0.016000 0.021000
0 0.747000 0.306000 0.016000 0.021000
0 0.683000 0.425000 0.016000 0.021000
0 0.673000 0.419000 0.016000 0.021000
0 0.691000 0.440000 0.016000 0.021000
0 0.672000 0.373000 0.016000 0.021000
0 0.698000 0.517000 0.016000 0.021000
0 0.747000 0.506000 0.016000 0.021000
0 0.769000 0.519000 0.016000 0.021000
0 0.717000 0.558000 0.016000 0.021000
0 0.628000 0.588000 0.016000 0.021000
0 0.650000 0.625000 0.016000 0.021000
0 0.592000 0.633000 0.016000 0.021000
0 0.577000 0.654000 0.016000 0.021000
0 0.492000 0.646000 0.016000 0.021000
0 0.469000 0.627000 0.016000 0.021000
0 0.452000 0.644000 0.016000 0.021000
0 0.378000 0.604000 0.016000 0.021000
0 0.361000 0.585000 0.016000 0.021000
0 0.592000 0.594000 0.016000 0.021000
0 0.556000 0.592000 0.016000 0.021000
0 0.541000 0.598000 0.016000 0.021000
0 0.530000 0.598000 0.016000 0.021000
0 0.509000 0.590000 0.016000 0.021000
0 0.488000 0.581000 0.016000 0.021000
0 0.461000 0.588000 0.016000 0.021000
0 0.450000 0.533000 0.016000 0.021000
0 0.472000 0.533000 0.016000 0.021000
0 0.508000 0.558000 0.016000 0.021000
0 0.523000 0.552000 0.016000 0.021000
0 0.469000 0.504000 0.016000 0.021000
0 0.447000 0.481000 0.016000 0.021000
0 0.439000 0.467000 0.016000 0.021000
0 0.305000 0.496000 0.016000 0.021000
0 0.283000 0.492000 0.016000 0.021000
0 0.275000 0.433000 0.016000 0.021000
0 0.247000 0.446000 0.016000 0.021000
0 0.281000 0.362000 0.016000 0.021000
0 0.284000 0.340000 0.016000 0.021000
0 0.413000 0.331000 0.016000 0.021000
0 0.433000 0.325000 0.016000 0.021000
0 0.408000 0.369000 0.016000 0.021000
0 0.395000 0.367000 0.016000 0.021000
0 0.358000 0.410000 0.016000 0.021000
0 0.348000 0.438000 0.016000 0.021000
0 0.322000 0.429000 0.016000 0.021000
0 0.316000 0.442000 0.016000 0.021000
0 0.314000 0.454000 0.016000 0.021000
0 0.366000 0.448000 0.016000 0.021000
0 0.391000 0.479000 0.016000 0.021000
0 0.391000 0.456000 0.016000 0.021000
0 0.430000 0.415000 0.016000 0.021000
0 0.450000 0.388000 0.016000 0.021000
0 0.442000 0.421000 0.016000 0.021000
0 0.505000 0.444000 0.016000 0.021000
0 0.517000 0.504000 0.016000 0.021000
0 0.536000 0.494000 0.016000 0.021000
0 0.533000 0.506000 0.016000 0.021000
0 0.570000 0.444000 0.016000 0.021000
0 0.583000 0.479000 0.016000 0.021000
0 0.609000 0.498000 0.016000 0.021000
0 0.627000 0.498000 0.016000 0.021000
0 0.605000 0.410000 0.016000 0.021000
0 0.614000 0.360000 0.016000 0.021000
0 0.589000 0.377000 0.016000 0.021000
0 0.578000 0.392000 0.016000 0.021000
0 0.555000 0.388000 0.016000 0.021000
0 0.539000 0.392000 0.016000 0.021000
0 0.547000 0.417000 0.016000 0.021000
0 0.527000 0.423000 0.016000 0.021000
0 0.498000 0.406000 0.016000 0.021000
0 0.494000 0.392000 0.016000 0.021000
0 0.975000 0.338000 0.016000 0.021000
0 0.969000 0.312000 0.016000 0.021000
0 0.980000 0.225000 0.016000 0.021000
0 0.969000 0.173000 0.016000 0.021000
0 0.980000 0.208000 0.016000 0.021000
0 0.973000 0.577000 0.016000 0.021000
0 0.980000 0.677000 0.016000 0.021000
0 0.939000 0.887000 0.016000 0.021000
0 0.948000 0.960000 0.016000 0.021000
0 0.947000 0.983000 0.016000 0.021000
0 0.802000 0.975000 0.016000 0.021000
0 0.766000 0.963000 0.016000 0.021000
0 0.711000 0.946000 0.016000 0.021000
0 0.695000 0.948000 0.016000 0.021000
0 0.695000 0.971000 0.016000 0.021000
0 0.611000 0.975000 0.016000 0.021000
0 0.533000 0.981000 0.016000 0.021000
0 0.527000 0.956000 0.016000 0.021000
0 0.509000 0.948000 0.016000 0.021000
0 0.453000 0.973000 0.016000 0.021000
0 0.341000 0.971000 0.016000 0.021000
0 0.222000 0.971000 0.016000 0.021000
0 0.180000 0.969000 0.016000 0.021000
0 0.109000 0.956000 0.016000 0.021000
0 0.081000 0.971000 0.016000 0.021000
0 0.030000 0.965000 0.016000 0.021000
0 0.034000 0.744000 0.016000 0.021000
0 0.623000 0.785000 0.016000 0.021000
0 0.602000 0.679000 0.016000 0.021000
0 0.392000 0.690000 0.016000 0.021000
0 0.780000 0.506000 0.016000 0.021000
0 0.170000 0.519000 0.016000 0.021000
0 0.183000 0.506000 0.016000 0.021000
0 0.016000 0.537000 0.016000 0.021000
0 0.025000 0.427000 0.016000 0.021000
0 0.033000 0.412000 0.016000 0.021000
0 0.013000 0.235000 0.016000 0.021000
0 0.194000 0.044000 0.016000 0.021000
0 0.206000 0.042000 0.016000 0.021000
0 0.248000 0.040000 0.016000 0.021000
0 0.320000 0.027000 0.016000 0.021000
0 0.377000 0.040000 0.016000 0.021000
0 0.434000 0.023000 0.016000 0.021000
0 0.661000 0.044000 0.016000 0.021000
0 0.645000 0.025000 0.016000 0.021000
0 0.855000 0.040000 0.016000 0.021000
0 0.844000 0.027000 0.016000 0.021000
0 0.869000 0.025000 0.016000 0.021000
0 0.425000 0.287000 0.016000 0.021000
0 0.117000 0.365000 0.016000 0.021000
0 0.531000 0.108000 0.016000 0.021000
0 0.719000 0.302000 0.016000 0.021000
0 0.714000 0.890000 0.016000 0.021000
0 0.080000 0.846000 0.016000 0.021000
0 0.753000 0.925000 0.016000 0.021000
0 0.208594 0.514583 0.014062 0.040278
0 0.232812 0.538194 0.012500 0.034722
0 0.085938 0.522917 0.012500 0.034722
0 0.342969 0.302083 0.017188 0.040278
0 0.304688 0.301389 0.012500 0.041667
0 0.857813 0.293056 0.014062 0.033333
0 0.715234 0.193056 0.014844 0.033333
0 0.321875 0.058333 0.012500 0.036111
0 0.175781 0.659028 0.010937 0.034722
0 0.006250 0.722917 0.012500 0.018056
0 0.007813 0.651389 0.015625 0.027778
0 0.006641 0.261806 0.013281 0.023611
0 0.173438 0.011806 0.009375 0.018056
0 0.246484 0.011806 0.024219 0.023611
0 0.754297 0.012500 0.011719 0.025000
0 0.991016 0.071528 0.014844 0.029167
0 0.990625 0.122917 0.010937 0.031944
0 0.588281 0.987500 0.020312 0.025000
0 0.167187 0.733333 0.012500 0.033333
0 0.817187 0.870139 0.010937 0.040278
0 0.353125 0.848611 0.010937 0.041667
0 0.657422 0.523611 0.011719 0.038889
0 0.644531 0.755556 0.012500 0.038889
0 0.246484 0.988194 0.011719 0.020833
0 0.575391 0.287500 0.011719 0.030556
0 0.882813 0.189583 0.015625 0.037500
0 0.397656 0.290972 0.017188 0.026389
0 0.297656 0.828472 0.017188 0.037500
0 0.187891 0.268750 0.011719 0.037500
0 0.423828 0.237500 0.011719 0.036111
0 0.991016 0.240972 0.011719 0.023611
0 0.263672 0.973611 0.011719 0.033333
0 0.096875 0.859722 0.012500 0.030556
0 0.054297 0.435417 0.014844 0.031944
0 0.033203 0.123611 0.016406 0.036111
0 0.145313 0.039583 0.012500 0.031944
0 0.570313 0.602083 0.014062 0.031944
0 0.362500 0.954861 0.015625 0.031944
0 0.022656 0.660417 0.014062 0.031944
0 0.067578 0.477083 0.010156 0.034722
0 0.021875 0.354167 0.012500 0.038889
0 0.494922 0.781250 0.011719 0.037500
0 0.978516 0.822917 0.011719 0.031944
0 0.955078 0.790972 0.014844 0.040278
0 0.918750 0.729861 0.010937 0.037500
0 0.922656 0.688889 0.014062 0.033333
0 0.980469 0.715972 0.010937 0.029167
0 0.964844 0.683333 0.012500 0.030556
0 0.957031 0.543056 0.015625 0.030556
0 0.926172 0.357639 0.016406 0.031944
0 0.719922 0.109028 0.014844 0.031944
0 0.448438 0.256250 0.012500 0.029167
0 0.264453 0.179861 0.011719 0.031944
0 0.280469 0.459028 0.014062 0.031944
0 0.728516 0.533333 0.011719 0.036111
0 0.734375 0.243750 0.012500 0.031944
0 0.750000 0.263889 0.010937 0.033333
0 0.761719 0.277083 0.012500 0.029167
0 0.775000 0.034722 0.010937 0.027778
0 0.526953 0.651389 0.011719 0.038889
0 0.286719 0.257639 0.012500 0.029167
0 0.132031 0.116667 0.012500 0.036111
0 0.740234 0.953472 0.013281 0.031944
0 0.383594 0.904167 0.018750 0.025000
0 0.210938 0.688889 0.015625 0.019444
0 0.023047 0.772917 0.019531 0.023611
0 0.004297 0.888194 0.008594 0.029167
0 0.011328 0.343056 0.011719 0.027778
0 0.126563 0.751389 0.010937 0.036111
0 0.103125 0.745139 0.010937 0.031944
0 0.382031 0.869444 0.014062 0.022222
0 0.216016 0.408333 0.011719 0.030556
0 0.425781 0.612500 0.014062 0.033333
