0 0.923800 0.701100 0.016000 0.020100
0 0.221600 0.543700 0.013100 0.019500
0 0.359500 0.877000 0.017600 0.020200
0 0.158500 0.549100 0.015700 0.018600
0 0.317200 0.526100 0.014800 0.021900
0 0.620100 0.802900 0.016600 0.019600
0 0.923800 0.479800 0.014100 0.019300
0 0.448500 0.429900 0.017700 0.019200
0 0.066600 0.438600 0.015100 0.018200
0 0.055600 0.154100 0.015200 0.027900
0 0.314300 0.418500 0.013000 0.024600
0 0.381200 0.930300 0.014900 0.024000
0 0.483200 0.691800 0.018500 0.019400
0 0.015200 0.646500 0.017400 0.019700
0 0.768000 0.748000 0.015800 0.021100
0 0.868800 0.244000 0.015800 0.021400
0 0.155400 0.568100 0.016300 0.019800
0 0.295300 0.526500 0.014000 0.020700
0 0.195300 0.511100 0.013200 0.018800
0 0.273800 0.351200 0.016000 0.018400
0 0.473700 0.888800 0.016000 0.022100
0 0.854200 0.877700 0.014500 0.022400
0 0.832900 0.463400 0.014300 0.020400
0 0.234100 0.509400 0.011400 0.022400
0 0.420900 0.877800 0.016800 0.023300
0 0.719400 0.297400 0.011200 0.027800
0 0.853700 0.836400 0.012700 0.027900
0 0.104100 0.720600 0.017000 0.018500
0 0.304300 0.930400 0.015400 0.019400
0 0.267400 0.889400 0.014200 0.022500
0 0.693800 0.039700 0.014500 0.022700
0 0.397600 0.805900 0.013200 0.025000
0 0.561300 0.689800 0.013800 0.023900
0 0.761400 0.336700 0.015800 0.020600
0 0.848800 0.584400 0.010800 0.034300
0 0.065000 0.368700 0.014400 0.016700
0 0.652400 0.766000 0.014100 0.021400
0 0.805500 0.753300 0.015800 0.020700
0 0.215700 0.421700 0.014000 0.026000
0 0.103100 0.358900 0.015800 0.018000
0 0.859600 0.113300 0.015400 0.019500
0 0.329200 0.443200 0.014500 0.019800
0 0.971600 0.284300 0.016600 0.021500
0 0.008000 0.592000 0.014300 0.022000
0 0.280200 0.478800 0.012800 0.023000
0 0.886200 0.063500 0.015900 0.022300
0 0.595100 0.806800 0.015700 0.019500
0 0.655300 0.685300 0.015800 0.021400
0 0.557000 0.210200 0.016100 0.022800
0 0.846900 0.489100 0.014100 0.022100
0 0.891300 0.155600 0.013700 0.022500
0 0.986600 0.505200 0.013800 0.025700
0 0.702800 0.788700 0.015400 0.022500
0 0.056900 0.753200 0.016100 0.020900
0 0.203400 0.092900 0.014100 0.023100
0 0.257700 0.488500 0.014900 0.019400
0 0.701200 0.386700 0.013600 0.024100
0 0.403600 0.645800 0.016100 0.020600
0 0.420800 0.743200 0.013000 0.029600
0 0.768900 0.199200 0.015000 0.023300
0 0.867000 0.372000 0.012500 0.026500
0 0.407700 0.090900 0.014600 0.020700
0 0.844100 0.891000 0.011000 0.026500
0 0.606300 0.402400 0.013900 0.024900
0 0.027000 0.353800 0.014200 0.018900
0 0.501800 0.682200 0.016700 0.020100
0 0.674100 0.733700 0.016000 0.019400
0 0.206500 0.276900 0.013500 0.021800
0 0.920500 0.633900 0.013100 0.028100
0 0.354100 0.609600 0.017700 0.020900
0 0.443900 0.029900 0.014300 0.020300
0 0.951300 0.421900 0.014500 0.022000
0 0.810800 0.828900 0.014600 0.021500
0 0.239300 0.778600 0.012400 0.029800
0 0.658000 0.830900 0.015000 0.020800
0 0.861100 0.556500 0.011900 0.027700
0 0.035300 0.258800 0.014300 0.022100
0 0.480500 0.707300 0.018000 0.019000
0 0.143900 0.290100 0.015100 0.022500
0 0.045100 0.318500 0.012500 0.019500
0 0.214300 0.492000 0.009500 0.027100
0 0.446500 0.246500 0.015500 0.020000
0 0.178300 0.298700 0.015300 0.022300
0 0.389000 0.148100 0.012500 0.025600
0 0.705600 0.314800 0.011700 0.025900
0 0.623300 0.753600 0.014700 0.020300
0 0.466500 0.244100 0.017000 0.019400
0 0.916600 0.199000 0.015000 0.019900
0 0.713300 0.021400 0.015500 0.022000
0 0.154500 0.221700 0.013100 0.025300
0 0.247900 0.039300 0.016300 0.023600
0 0.175800 0.189900 0.015400 0.020200
0 0.110700 0.609600 0.014100 0.023900
0 0.504000 0.285300 0.014800 0.021000
0 0.232000 0.151900 0.016800 0.023000
0 0.029000 0.922700 0.013000 0.025500
0 0.109700 0.417500 0.013400 0.024900
0 0.827800 0.283100 0.011400 0.031500
0 0.401300 0.565600 0.013500 0.026800
0 0.833700 0.602600 0.014200 0.025000
0 0.378000 0.266500 0.016200 0.017500
0 0.520500 0.496400 0.011800 0.025500
0 0.679900 0.072200 0.012500 0.023000
0 0.036800 0.758000 0.016100 0.021200
0 0.254700 0.427100 0.014800 0.024800
0 0.019200 0.430900 0.013700 0.021100
0 0.381200 0.282100 0.014900 0.019900
0 0.764500 0.893000 0.013400 0.022500
0 0.482300 0.722500 0.016800 0.018400
0 0.833100 0.679700 0.014600 0.020700
0 0.249300 0.881900 0.013900 0.024600
0 0.902100 0.556400 0.013600 0.024200
0 0.661900 0.190900 0.014500 0.025100
0 0.340800 0.813900 0.015100 0.022300
0 0.779500 0.839100 0.014000 0.024200
0 0.807900 0.166700 0.015800 0.022400
0 0.208200 0.940100 0.015500 0.020100
0 0.639800 0.603700 0.015800 0.024900
0 0.974500 0.719600 0.013100 0.028200
0 0.792500 0.921000 0.013500 0.021700
0 0.073100 0.323600 0.014600 0.017300
0 0.517400 0.398000 0.014100 0.019500
0 0.240300 0.566800 0.011000 0.024200
0 0.716400 0.063500 0.012800 0.022400
0 0.716800 0.478800 0.015200 0.022600
0 0.965800 0.328900 0.012100 0.028000
0 0.357600 0.717100 0.017100 0.023600
0 0.141900 0.507400 0.013000 0.025000
0 0.202400 0.059000 0.013900 0.025600
0 0.930500 0.104500 0.014400 0.019800
0 0.217600 0.609300 0.014200 0.021500
0 0.721000 0.598600 0.015300 0.023100
0 0.297500 0.215300 0.010400 0.037200
0 0.475900 0.522000 0.013400 0.025200
0 0.691500 0.822700 0.012400 0.025300
0 0.281300 0.603600 0.014000 0.025400
0 0.583200 0.497800 0.014800 0.021500
0 0.568300 0.641700 0.014600 0.022100
0 0.511100 0.352700 0.013000 0.022800
0 0.257700 0.659300 0.011100 0.033400
0 0.507200 0.370000 0.013200 0.026400
0 0.942000 0.145400 0.014800 0.019800
0 0.014300 0.170100 0.014200 0.031400
0 0.706000 0.809800 0.013900 0.027000
0 0.323000 0.034400 0.015100 0.025200
0 0.492500 0.110500 0.012300 0.026400
0 0.948800 0.694800 0.014700 0.020900
0 0.251300 0.190600 0.012200 0.031000
0 0.118300 0.634000 0.014100 0.028200
0 0.122000 0.421600 0.016400 0.022500
0 0.215200 0.919600 0.012900 0.024500
0 0.485500 0.285100 0.017200 0.019200
0 0.082900 0.043800 0.011500 0.032200
0 0.214600 0.248200 0.012500 0.024300
0 0.375800 0.905000 0.013800 0.025500
0 0.652400 0.959200 0.018500 0.021200
0 0.383200 0.585700 0.015800 0.023400
0 0.969900 0.101500 0.014100 0.023800
0 0.776000 0.947000 0.014200 0.021100
0 0.343800 0.382900 0.014000 0.022900
0 0.516000 0.253300 0.015300 0.022200
0 0.144300 0.201000 0.016200 0.022800
0 0.036600 0.869400 0.013800 0.020400
0 0.072300 0.290200 0.013900 0.019100
0 0.357700 0.207300 0.015100 0.020600
0 0.785000 0.915700 0.013200 0.021500
0 0.422200 0.238000 0.015700 0.018300
0 0.521000 0.568500 0.014800 0.019900
0 0.919000 0.496100 0.013800 0.023100
0 0.625500 0.338600 0.014700 0.021200
0 0.246600 0.590000 0.010100 0.028100
0 0.947200 0.028500 0.014700 0.023000
0 0.357000 0.393200 0.013800 0.023100
0 0.639400 0.618500 0.016000 0.023500
0 0.479600 0.411100 0.013800 0.023800
0 0.868600 0.976500 0.012500 0.030000
0 0.134800 0.811900 0.013100 0.020500
0 0.857900 0.503100 0.010300 0.030100
0 0.551100 0.118300 0.011900 0.028700
0 0.518000 0.456800 0.014700 0.020900
0 0.470500 0.559700 0.012100 0.027200
0 0.151900 0.834800 0.010600 0.026600
0 0.733700 0.522400 0.009900 0.037900
0 0.891900 0.385700 0.013800 0.023300
0 0.381400 0.236400 0.014800 0.020000
0 0.432500 0.055700 0.010400 0.029500
0 0.884800 0.423700 0.013000 0.025200
0 0.363400 0.203500 0.015700 0.019600
0 0.948700 0.980100 0.015600 0.023200
0 0.749600 0.572800 0.012600 0.026000
0 0.740300 0.900600 0.014300 0.025100
0 0.608300 0.982200 0.017900 0.020800
0 0.568800 0.156200 0.012100 0.029600
0 0.080500 0.298100 0.013800 0.018200
0 0.274600 0.331200 0.015400 0.022200
0 0.928900 0.398400 0.010400 0.037300
0 0.241400 0.431000 0.012100 0.030700
0 0.820300 0.034100 0.010400 0.037100
0 0.566300 0.096200 0.013700 0.022800
0 0.508700 0.454800 0.015700 0.021400
0 0.349200 0.288100 0.015300 0.020400
0 0.025500 0.335000 0.012900 0.021000
0 0.503800 0.103900 0.012000 0.029800
0 0.809900 0.921500 0.011100 0.025700
0 0.058600 0.847800 0.012300 0.030900
0 0.653300 0.626800 0.014000 0.022400
0 0.964400 0.353300 0.014400 0.022900
0 0.513100 0.985300 0.015900 0.021900
0 0.861300 0.598900 0.011900 0.027000
0 0.701000 0.634700 0.009700 0.036100
0 0.559100 0.585100 0.013900 0.021500
0 0.626200 0.476000 0.014300 0.022300
0 0.534600 0.531100 0.012800 0.023200
0 0.421000 0.100600 0.014100 0.022400
0 0.213200 0.300900 0.013700 0.024200
0 0.966400 0.368900 0.013400 0.023500
0 0.777400 0.700800 0.012900 0.024400
0 0.779500 0.462000 0.014500 0.022800
0 0.357800 0.375800 0.012900 0.024000
0 0.085000 0.635000 0.011300 0.037700
0 0.566900 0.279200 0.010400 0.038500
0 0.131300 0.893200 0.013100 0.026000
0 0.351600 0.700700 0.017200 0.023300
0 0.079300 0.026300 0.012900 0.029400
0 0.580800 0.545400 0.011700 0.023500
0 0.455200 0.061700 0.013100 0.022200
0 0.106400 0.029300 0.014100 0.030800
0 0.835000 0.044600 0.012200 0.032400
0 0.238800 0.542600 0.011900 0.022700
0 0.988100 0.428000 0.012000 0.019400
0 0.209100 0.373100 0.014000 0.024700
0 0.736300 0.823500 0.013700 0.023000
0 0.600400 0.551700 0.009700 0.041000
0 0.576000 0.070200 0.014200 0.021700
0 0.075400 0.967300 0.011800 0.026200
0 0.498800 0.019900 0.014600 0.023300
0 0.584400 0.086500 0.013300 0.022200
0 0.678600 0.823900 0.014900 0.021600
0 0.004000 0.838600 0.008500 0.022300
0 0.661900 0.777900 0.015200 0.020100
0 0.434800 0.601000 0.014200 0.022000
0 0.750400 0.779700 0.013500 0.024500
0 0.560300 0.044500 0.014600 0.026000
0 0.724400 0.205600 0.015700 0.024100
0 0.134200 0.114800 0.015000 0.025800
0 0.791000 0.026300 0.011300 0.032600
0 0.574100 0.140800 0.012900 0.024700
0 0.239600 0.285600 0.010100 0.034400
0 0.348100 0.207000 0.014400 0.022400
0 0.950500 0.380300 0.010600 0.031500
0 0.033800 0.379900 0.015100 0.019100
0 0.593000 0.443100 0.012200 0.021000
0 0.394000 0.016400 0.010100 0.028700
0 0.593400 0.652100 0.012600 0.022500
0 0.914000 0.939900 0.009300 0.029900
0 0.042200 0.435100 0.012700 0.023200
0 0.573200 0.548700 0.013000 0.021600
0 0.241500 0.015600 0.013000 0.019700
0 0.279600 0.621500 0.012500 0.029500
0 0.818400 0.277800 0.011800 0.029100
0 0.747100 0.809700 0.014200 0.022500
0 0.585100 0.653300 0.012700 0.022800
0 0.878500 0.310800 0.011900 0.018000
0 0.565900 0.010800 0.015400 0.021500
