0 0.768500 0.457700 0.013400 0.020100
0 0.033300 0.358700 0.018500 0.019700
0 0.969400 0.622400 0.015100 0.021900
0 0.784500 0.855800 0.013800 0.022300
0 0.030200 0.720400 0.015200 0.022800
0 0.065600 0.581200 0.013400 0.026600
0 0.156900 0.594700 0.014300 0.027200
0 0.094200 0.517900 0.014500 0.022300
0 0.815700 0.544300 0.015200 0.021700
0 0.671400 0.783300 0.015100 0.021400
0 0.755800 0.804100 0.015400 0.022100
0 0.371400 0.405600 0.013600 0.025300
0 0.483700 0.916500 0.014000 0.023800
0 0.880200 0.783100 0.015700 0.022400
0 0.106300 0.167900 0.014300 0.024600
0 0.677000 0.706800 0.012700 0.025900
0 0.582900 0.054900 0.014600 0.022300
0 0.518000 0.454500 0.015800 0.022600
0 0.741600 0.767500 0.015300 0.021000
0 0.018100 0.907700 0.015800 0.022700
0 0.320800 0.840700 0.015600 0.021100
0 0.555800 0.455900 0.014500 0.021000
0 0.916500 0.856400 0.014100 0.022400
0 0.604000 0.433200 0.015200 0.023600
0 0.282200 0.895800 0.016600 0.018900
0 0.321500 0.517600 0.015600 0.022600
0 0.044800 0.807400 0.014600 0.022600
0 0.656300 0.841900 0.013900 0.019900
0 0.843100 0.615100 0.015300 0.019700
0 0.878600 0.595300 0.014500 0.020200
0 0.098000 0.645100 0.014700 0.024800
0 0.269300 0.916700 0.016400 0.021000
0 0.443100 0.634300 0.016400 0.021200
0 0.190900 0.870200 0.016600 0.021900
0 0.703100 0.806100 0.015700 0.021800
0 0.747100 0.842200 0.014600 0.020200
0 0.167500 0.244800 0.014800 0.026900
0 0.919900 0.480300 0.014300 0.020300
0 0.203000 0.156800 0.013600 0.026100
0 0.280700 0.390600 0.015700 0.020700
0 0.028600 0.266900 0.015100 0.021900
0 0.894300 0.483500 0.014100 0.021800
0 0.522500 0.221300 0.015100 0.022700
0 0.492100 0.908600 0.015300 0.022100
0 0.165000 0.579600 0.013700 0.026400
0 0.009700 0.520600 0.015300 0.025300
0 0.747100 0.917600 0.012200 0.022500
0 0.393400 0.206300 0.015600 0.022100
0 0.092900 0.783200 0.015700 0.022900
0 0.619800 0.267400 0.016700 0.023300
0 0.889700 0.958100 0.014100 0.021900
0 0.381400 0.702800 0.015700 0.020100
0 0.794700 0.653800 0.015000 0.022000
0 0.268200 0.446200 0.014700 0.021700
0 0.709300 0.470200 0.015400 0.020100
0 0.014800 0.305500 0.017900 0.019000
0 0.758200 0.891100 0.013100 0.024400
0 0.752700 0.192400 0.015800 0.021800
0 0.841100 0.418100 0.013500 0.024100
0 0.873600 0.731500 0.012400 0.029000
0 0.567500 0.071600 0.016000 0.020700
0 0.746900 0.696700 0.015300 0.019800
0 0.082700 0.927900 0.014800 0.021400
0 0.889000 0.831600 0.016000 0.020300
0 0.904200 0.958300 0.015500 0.021900
0 0.969200 0.116900 0.016900 0.019000
0 0.182600 0.821100 0.012300 0.026200
0 0.246700 0.509200 0.015600 0.020800
0 0.007400 0.428800 0.013700 0.020400
0 0.479800 0.655600 0.014400 0.022500
0 0.619400 0.307800 0.016300 0.020100
0 0.891200 0.868800 0.015600 0.020800
0 0.855300 0.667300 0.015400 0.019100
0 0.670500 0.655800 0.015800 0.020900
0 0.716000 0.428900 0.014400 0.021600
0 0.304200 0.719600 0.016600 0.020600
0 0.822400 0.627500 0.016700 0.019700
0 0.380500 0.608500 0.015700 0.020200
0 0.093100 0.181100 0.013100 0.025900
0 0.470200 0.016800 0.012900 0.023700
0 0.841900 0.829700 0.014900 0.022700
0 0.567400 0.621000 0.016000 0.020500
0 0.015300 0.465900 0.016900 0.021800
0 0.068500 0.806700 0.015000 0.022200
0 0.818800 0.920100 0.016200 0.022300
0 0.085300 0.596200 0.012200 0.028500
0 0.215900 0.168000 0.013200 0.027800
0 0.454200 0.679700 0.015100 0.022400
0 0.006700 0.246300 0.014300 0.021000
0 0.221200 0.271000 0.015000 0.023500
0 0.479600 0.705800 0.015400 0.021200
0 0.768900 0.527700 0.015600 0.019700
0 0.671200 0.457200 0.016900 0.020500
0 0.706300 0.382100 0.012500 0.025900
0 0.984100 0.835900 0.013000 0.021300
0 0.378900 0.105800 0.012500 0.024400
0 0.910000 0.896100 0.014500 0.020800
0 0.484600 0.264700 0.014500 0.022400
0 0.729400 0.356700 0.014400 0.021600
0 0.384500 0.745000 0.018300 0.021300
0 0.819100 0.521600 0.014600 0.021100
0 0.071100 0.405400 0.014900 0.023700
0 0.642800 0.456000 0.017200 0.020700
0 0.289600 0.079900 0.013800 0.026300
0 0.905800 0.396500 0.014700 0.022600
0 0.241800 0.669100 0.016200 0.022300
0 0.158800 0.710900 0.017600 0.020100
0 0.852500 0.745900 0.013600 0.024200
0 0.294700 0.141000 0.015100 0.022300
0 0.509600 0.817400 0.012900 0.027700
0 0.440500 0.232700 0.015700 0.024700
0 0.167000 0.822900 0.014700 0.022100
0 0.052300 0.306400 0.017300 0.022400
0 0.408500 0.634400 0.015400 0.021000
0 0.680100 0.695800 0.013800 0.022400
0 0.272500 0.352400 0.015500 0.020100
0 0.897400 0.744000 0.013200 0.024600
0 0.543400 0.105600 0.016600 0.019100
0 0.305900 0.243700 0.015500 0.025300
0 0.004300 0.710000 0.009000 0.029900
0 0.332300 0.918000 0.014800 0.026700
0 0.105300 0.883400 0.014700 0.025800
0 0.620600 0.633900 0.016200 0.019300
0 0.203700 0.908900 0.016000 0.023000
0 0.405000 0.708600 0.015200 0.021700
0 0.419000 0.296700 0.015700 0.021300
0 0.097700 0.566000 0.015200 0.024900
0 0.870800 0.072100 0.015900 0.020500
0 0.284300 0.644500 0.013300 0.028900
0 0.556500 0.882300 0.015000 0.025000
0 0.054900 0.081100 0.013800 0.020800
0 0.842100 0.117000 0.015400 0.023400
0 0.527200 0.558000 0.015700 0.024100
0 0.265000 0.467400 0.014200 0.020300
0 0.385400 0.305100 0.016400 0.021000
0 0.979600 0.919800 0.014600 0.027800
0 0.964400 0.868000 0.016700 0.020700
0 0.904800 0.718500 0.014200 0.024100
0 0.770700 0.266300 0.015400 0.020700
0 0.183300 0.484600 0.016500 0.021700
0 0.728200 0.394600 0.014000 0.022300
0 0.781000 0.605000 0.012500 0.025600
0 0.715500 0.292900 0.013100 0.025000
0 0.144300 0.182300 0.014600 0.024900
0 0.816100 0.857800 0.013500 0.024700
0 0.483400 0.127400 0.015700 0.021600
0 0.306500 0.559900 0.014700 0.023200
0 0.948000 0.341000 0.017200 0.019900
0 0.406400 0.097700 0.013900 0.023300
0 0.070400 0.126800 0.015600 0.022200
0 0.359700 0.918800 0.014000 0.029300
0 0.103300 0.330700 0.016200 0.023000
0 0.934100 0.933400 0.014800 0.024900
0 0.102100 0.716200 0.015300 0.022000
0 0.473200 0.542700 0.017500 0.020500
0 0.559300 0.039900 0.016400 0.021500
0 0.485000 0.606000 0.015600 0.021500
0 0.316000 0.184400 0.017400 0.021600
0 0.907900 0.182000 0.013600 0.020300
0 0.698000 0.565600 0.014600 0.020500
0 0.153700 0.535100 0.014100 0.022600
0 0.621500 0.403700 0.015500 0.022500
0 0.935400 0.622600 0.014500 0.020900
0 0.192000 0.593600 0.014300 0.030300
0 0.554100 0.728400 0.015900 0.018600
0 0.830700 0.267600 0.016100 0.019700
0 0.215900 0.121200 0.013500 0.025200
0 0.130500 0.343100 0.014900 0.026300
0 0.281400 0.953200 0.017700 0.018500
0 0.632700 0.945500 0.016800 0.021500
0 0.516000 0.953500 0.012600 0.023900
0 0.481400 0.406200 0.016000 0.024500
0 0.671400 0.559400 0.013900 0.021400
0 0.846300 0.592200 0.015200 0.021000
0 0.028200 0.966500 0.015200 0.020600
0 0.046900 0.365400 0.017500 0.019100
0 0.867900 0.507100 0.013600 0.024000
0 0.294300 0.742500 0.014600 0.027400
0 0.897800 0.232200 0.016200 0.020000
0 0.739200 0.679800 0.014600 0.021000
0 0.555700 0.479600 0.014800 0.019600
0 0.952300 0.033100 0.016900 0.021800
0 0.267700 0.740000 0.013800 0.023700
0 0.198400 0.682600 0.016300 0.021700
0 0.609900 0.540100 0.015900 0.022600
0 0.921400 0.503300 0.015300 0.020100
0 0.197100 0.033000 0.017500 0.020700
0 0.151600 0.166600 0.014500 0.025100
0 0.104600 0.821500 0.015400 0.023700
0 0.079300 0.790800 0.013900 0.025000
0 0.540900 0.668900 0.015600 0.021200
0 0.139900 0.709800 0.017600 0.020200
0 0.352100 0.702600 0.014900 0.019900
0 0.566100 0.359600 0.014500 0.024100
0 0.440600 0.458400 0.016800 0.020400
0 0.783700 0.119300 0.014700 0.022000
0 0.555300 0.745200 0.015000 0.020300
0 0.648800 0.794100 0.012600 0.027500
0 0.870400 0.531300 0.013900 0.020400
0 0.832900 0.896000 0.016000 0.021900
0 0.835000 0.764800 0.014600 0.025500
0 0.843700 0.268400 0.015800 0.020000
0 0.104900 0.522100 0.014200 0.024300
0 0.701500 0.306400 0.012700 0.024300
0 0.290700 0.420800 0.013800 0.024800
0 0.926500 0.178700 0.014800 0.022700
0 0.220400 0.020500 0.016900 0.022200
0 0.052900 0.778300 0.014000 0.025500
0 0.441000 0.165200 0.015800 0.022900
0 0.290600 0.822500 0.015100 0.022400
0 0.047800 0.868800 0.014700 0.023600
0 0.039800 0.440400 0.014800 0.023200
0 0.042000 0.079500 0.011400 0.024900
0 0.265000 0.847500 0.014800 0.020900
0 0.681500 0.952600 0.016500 0.020000
0 0.247100 0.421500 0.014300 0.026900
0 0.105900 0.678000 0.012300 0.026300
0 0.183100 0.943100 0.014200 0.023100
0 0.077600 0.896100 0.014600 0.022800
0 0.469300 0.084400 0.012400 0.028700
0 0.696000 0.894100 0.011000 0.031900
0 0.444600 0.128300 0.013600 0.028200
0 0.947100 0.672500 0.012300 0.027100
0 0.134600 0.281900 0.014700 0.021200
0 0.197900 0.715000 0.016200 0.021500
0 0.602700 0.980700 0.016800 0.022000
0 0.333300 0.821000 0.012600 0.031400
0 0.715400 0.969900 0.014500 0.021500
0 0.893000 0.407000 0.012500 0.032100
0 0.485300 0.345500 0.014300 0.025400
0 0.407800 0.119600 0.012600 0.028400
0 0.773000 0.808900 0.015000 0.022200
0 0.664900 0.716800 0.012900 0.027300
0 0.133300 0.606400 0.015300 0.026200
0 0.215400 0.965700 0.015700 0.021300
0 0.514700 0.308400 0.012200 0.028300
0 0.904800 0.260500 0.016100 0.021300
0 0.059300 0.179800 0.016400 0.022000
0 0.316400 0.958900 0.017000 0.020100
0 0.466600 0.715100 0.015200 0.020600
0 0.579500 0.345400 0.016900 0.020400
0 0.905500 0.979900 0.016100 0.020000
0 0.830200 0.514200 0.015500 0.021200
0 0.690500 0.609600 0.012800 0.028500
0 0.103700 0.660000 0.015800 0.022100
0 0.973100 0.644000 0.015100 0.021600
0 0.120600 0.807400 0.014900 0.022800
0 0.160700 0.889100 0.016100 0.022000
0 0.302100 0.884400 0.016800 0.020300
0 0.239700 0.983700 0.012300 0.023400
0 0.983000 0.458600 0.016800 0.021700
0 0.478000 0.255700 0.015400 0.021700
0 0.935900 0.518300 0.014400 0.024500
0 0.334700 0.872400 0.017200 0.021400
0 0.115700 0.747300 0.014200 0.026000
0 0.793700 0.395200 0.013400 0.028400
0 0.921800 0.748300 0.013400 0.023100
0 0.471300 0.331800 0.014800 0.023200
0 0.794200 0.893200 0.013200 0.020400
0 0.657500 0.145900 0.014300 0.023900
0 0.607800 0.340400 0.016600 0.021600
0 0.023800 0.372200 0.018200 0.020500
0 0.027200 0.847800 0.017700 0.020300
0 0.640100 0.532200 0.013000 0.028100
0 0.256700 0.721300 0.014600 0.025700
0 0.470800 0.501700 0.016800 0.021700
0 0.447100 0.333900 0.016800 0.022200
0 0.802700 0.018700 0.014900 0.022800
0 0.379200 0.078600 0.013300 0.022500
0 0.485000 0.202200 0.014100 0.020600
0 0.605800 0.373000 0.016700 0.021600
0 0.696700 0.333900 0.012000 0.026400
0 0.564400 0.670800 0.012400 0.028600
0 0.914800 0.171500 0.013500 0.022000
0 0.379200 0.285900 0.016700 0.022200
0 0.372400 0.489600 0.016800 0.022500
0 0.873000 0.232400 0.016200 0.021000
0 0.664300 0.471800 0.015400 0.021900
0 0.273500 0.491900 0.012200 0.027700
0 0.783300 0.308500 0.016500 0.020000
0 0.369900 0.356100 0.011700 0.031100
0 0.492900 0.765700 0.017300 0.022600
0 0.543200 0.201900 0.013500 0.025200
0 0.367300 0.981300 0.015400 0.022600
0 0.681700 0.927200 0.015400 0.021400
0 0.207500 0.660400 0.016800 0.021700
0 0.856100 0.071600 0.013700 0.024300
0 0.769200 0.634800 0.012300 0.027000
0 0.669700 0.166000 0.015100 0.022100
0 0.852400 0.940200 0.014700 0.021200
0 0.991500 0.256800 0.009900 0.024800
0 0.104500 0.233800 0.014000 0.024400
0 0.381200 0.570000 0.014300 0.024600
0 0.727300 0.523100 0.015700 0.020800
0 0.389800 0.027800 0.012800 0.026300
0 0.348200 0.676700 0.014700 0.020800
0 0.321200 0.078700 0.012200 0.027800
0 0.913900 0.669500 0.014500 0.022200
0 0.923400 0.160600 0.015600 0.019400
0 0.396700 0.559800 0.016600 0.021600
0 0.234800 0.602200 0.013900 0.021900
0 0.820300 0.036100 0.016900 0.020100
0 0.402800 0.730500 0.015600 0.020300
0 0.214600 0.090300 0.014000 0.024800
0 0.329600 0.022500 0.013800 0.024200
0 0.455700 0.172000 0.015500 0.020800
0 0.049100 0.559700 0.013800 0.027500
0 0.033200 0.461100 0.016700 0.022200
0 0.026900 0.635900 0.014200 0.024600
0 0.011200 0.085600 0.014600 0.024000
0 0.336400 0.265800 0.013700 0.027600
0 0.320900 0.440200 0.014600 0.026500
0 0.644800 0.473100 0.017200 0.020500
0 0.081100 0.266500 0.013300 0.026200
0 0.498800 0.659600 0.014200 0.022000
0 0.251200 0.157100 0.015300 0.022800
0 0.051200 0.634100 0.011800 0.031300
0 0.025700 0.682200 0.013700 0.027900
0 0.397500 0.520800 0.017200 0.023700
0 0.261400 0.571100 0.013400 0.026600
0 0.344400 0.767700 0.013200 0.031300
0 0.277500 0.139200 0.016500 0.020600
0 0.295400 0.046900 0.013500 0.026300
0 0.089800 0.630700 0.013800 0.022600
0 0.176800 0.579400 0.014200 0.028800
0 0.097900 0.927600 0.012700 0.026000
0 0.189700 0.506600 0.016900 0.023000
0 0.072800 0.972800 0.014200 0.021300
0 0.115600 0.069900 0.013400 0.028300
0 0.442700 0.879800 0.014600 0.030000
0 0.858500 0.022600 0.014400 0.022200
0 0.592500 0.573400 0.015100 0.021900
0 0.601700 0.147300 0.012300 0.026600
0 0.653000 0.239100 0.016500 0.020400
0 0.405700 0.941300 0.012700 0.030100
0 0.284400 0.015700 0.011300 0.023700
0 0.882200 0.173100 0.012700 0.027600
0 0.201500 0.105900 0.012800 0.030500
0 0.460800 0.052700 0.010400 0.034200
0 0.543400 0.879500 0.014200 0.025500
0 0.878100 0.939900 0.012600 0.022300
0 0.879700 0.665700 0.016000 0.019700
0 0.589500 0.709800 0.014600 0.020900
0 0.798000 0.370800 0.016000 0.022300
0 0.883000 0.265700 0.013400 0.027100
0 0.982100 0.678300 0.015500 0.020900
0 0.705600 0.982200 0.015800 0.020200
0 0.571800 0.554000 0.014800 0.018600
0 0.523800 0.289600 0.012800 0.023800
0 0.523100 0.984700 0.016100 0.021500
0 0.531400 0.598400 0.015300 0.022500
0 0.271600 0.411100 0.015100 0.022000
0 0.338700 0.222500 0.013600 0.026100
0 0.229800 0.884900 0.013200 0.026700
0 0.377100 0.027200 0.013700 0.024000
0 0.105900 0.402300 0.015300 0.024100
0 0.829200 0.847700 0.013900 0.025100
0 0.700900 0.482100 0.012200 0.023600
0 0.796500 0.876800 0.014400 0.020700
0 0.520500 0.373500 0.015900 0.020600
0 0.655800 0.561100 0.014600 0.022500
0 0.323200 0.251900 0.016300 0.020400
0 0.123600 0.258800 0.015200 0.023000
0 0.983800 0.241600 0.012700 0.028000
0 0.373100 0.535900 0.014900 0.024900
0 0.947900 0.858700 0.013900 0.022200
0 0.264100 0.293700 0.015900 0.023800
0 0.395500 0.864900 0.013700 0.026900
0 0.099100 0.744600 0.014200 0.026300
0 0.235000 0.364400 0.012000 0.029600
0 0.608000 0.017200 0.016500 0.022100
0 0.653600 0.667700 0.015400 0.021000
0 0.729800 0.110900 0.014600 0.021900
0 0.686100 0.047100 0.011700 0.032700
0 0.639000 0.392200 0.015500 0.021800
0 0.063800 0.460300 0.014800 0.024500
0 0.616600 0.185200 0.014100 0.023200
0 0.551400 0.915700 0.013000 0.027700
0 0.495800 0.606600 0.014800 0.022200
0 0.030500 0.902000 0.015900 0.023800
0 0.852900 0.422100 0.014100 0.025500
0 0.981700 0.098600 0.016500 0.021100
0 0.313500 0.667900 0.015800 0.022700
0 0.348800 0.396200 0.012400 0.029300
0 0.633400 0.876200 0.015300 0.021500
0 0.873700 0.122100 0.014900 0.022900
0 0.368900 0.585800 0.015500 0.020800
0 0.214000 0.477500 0.015600 0.022200
0 0.451700 0.509800 0.016600 0.021300
0 0.525900 0.934500 0.012700 0.023200
0 0.214200 0.696700 0.016000 0.021900
0 0.096400 0.594400 0.012900 0.025300
0 0.992500 0.378900 0.008900 0.028600
0 0.985600 0.477900 0.017000 0.023300
0 0.614000 0.771800 0.015700 0.021500
0 0.173000 0.951400 0.016700 0.019100
0 0.698800 0.359300 0.013100 0.022600
0 0.251100 0.031500 0.014400 0.023000
0 0.413800 0.405300 0.017400 0.021600
0 0.028200 0.827200 0.015900 0.020000
0 0.590000 0.390200 0.013000 0.023800
0 0.986900 0.778800 0.012600 0.025300
0 0.091100 0.440000 0.011000 0.033700
0 0.923500 0.270000 0.015700 0.021800
0 0.273700 0.327300 0.016000 0.021100
0 0.152900 0.511000 0.016100 0.023200
0 0.152200 0.029200 0.016200 0.022700
0 0.052300 0.065100 0.013000 0.021800
0 0.726500 0.147500 0.014500 0.022900
0 0.042000 0.284100 0.015200 0.021800
0 0.459000 0.328300 0.015100 0.022000
0 0.603900 0.798400 0.016300 0.020800
0 0.744700 0.661200 0.015700 0.019300
0 0.505900 0.965400 0.012100 0.023400
0 0.327300 0.410800 0.013100 0.028000
0 0.061500 0.043200 0.014000 0.020400
0 0.776100 0.977300 0.016200 0.021600
0 0.957700 0.721500 0.014100 0.022500
0 0.120600 0.298700 0.015300 0.022600
0 0.531200 0.236200 0.014600 0.020500
0 0.530300 0.682200 0.016400 0.021700
0 0.788600 0.784000 0.015200 0.020200
0 0.694900 0.439600 0.014200 0.024500
0 0.260500 0.051500 0.014700 0.024400
0 0.604600 0.298500 0.016100 0.020900
0 0.404200 0.436000 0.015800 0.023600
0 0.807000 0.977700 0.016300 0.020900
0 0.531300 0.102000 0.017700 0.020900
0 0.731300 0.088900 0.016300 0.020900
0 0.627200 0.203100 0.014000 0.025800
0 0.689200 0.546500 0.014300 0.022000
0 0.289000 0.485000 0.015300 0.021400
0 0.036500 0.980200 0.014400 0.022500
0 0.828500 0.651600 0.017500 0.019300
0 0.115100 0.476700 0.013000 0.027400
0 0.926700 0.343300 0.018200 0.021600
0 0.336000 0.151600 0.016200 0.021000
0 0.763800 0.396500 0.015400 0.021200
0 0.795600 0.127500 0.013400 0.026100
0 0.677700 0.484200 0.015500 0.021500
0 0.476200 0.185800 0.016200 0.020900
0 0.861100 0.302200 0.016900 0.020400
0 0.589000 0.505300 0.017000 0.021200
0 0.051400 0.126400 0.015700 0.021900
0 0.713400 0.122100 0.013100 0.024300
0 0.776200 0.016900 0.016600 0.020100
0 0.176400 0.183600 0.009500 0.032400
0 0.136800 0.159700 0.014200 0.025900
0 0.536400 0.389800 0.013600 0.023800
0 0.064500 0.069200 0.014000 0.022400
0 0.745600 0.268100 0.014900 0.022800
0 0.547700 0.419700 0.013900 0.020800
0 0.088600 0.866300 0.015800 0.024200
0 0.417000 0.660800 0.013900 0.022000
0 0.513600 0.177300 0.017300 0.021000
0 0.763800 0.933400 0.015500 0.023000
0 0.110200 0.577700 0.014100 0.021800
0 0.522900 0.810000 0.011300 0.031400
0 0.509700 0.476600 0.015900 0.021800
0 0.764100 0.189300 0.014800 0.025700
0 0.743300 0.260600 0.015100 0.020200
0 0.165900 0.566300 0.014600 0.022300
0 0.107400 0.801700 0.015700 0.022100
0 0.623300 0.826700 0.012300 0.027600
0 0.924000 0.694800 0.012300 0.023100
0 0.136800 0.740200 0.013900 0.023800
0 0.069200 0.371500 0.015600 0.018000
0 0.586200 0.307400 0.014800 0.020900
0 0.460700 0.960300 0.014100 0.024800
0 0.670800 0.154000 0.014800 0.022500
0 0.578800 0.540100 0.015300 0.020500
0 0.256200 0.111200 0.013800 0.025700
0 0.188800 0.852000 0.016400 0.021500
0 0.959600 0.510900 0.015200 0.024100
0 0.396800 0.501400 0.017800 0.023000
0 0.826400 0.103100 0.017100 0.022100
0 0.934500 0.898400 0.013100 0.021700
0 0.978700 0.527800 0.012200 0.033400
0 0.179200 0.169300 0.012300 0.025400
0 0.163300 0.759600 0.011600 0.030400
0 0.956100 0.707900 0.013300 0.020200
0 0.501000 0.605000 0.015200 0.022800
0 0.276200 0.772900 0.012000 0.030200
0 0.738900 0.861200 0.014300 0.020800
0 0.226000 0.215500 0.014800 0.026900
0 0.511200 0.772900 0.015900 0.022200
0 0.027300 0.895900 0.016400 0.024200
0 0.186500 0.440400 0.016200 0.023200
0 0.616700 0.646000 0.015400 0.020000
0 0.631100 0.426800 0.015000 0.022500
0 0.273200 0.582100 0.014400 0.023200
0 0.251000 0.597800 0.014000 0.024700
0 0.119400 0.214000 0.014500 0.024800
0 0.440200 0.685200 0.014400 0.023300
0 0.153600 0.764300 0.013400 0.026100
0 0.673500 0.897900 0.015200 0.020800
0 0.389200 0.054800 0.014400 0.023300
0 0.895100 0.116500 0.010600 0.033300
0 0.270800 0.315700 0.016000 0.022100
0 0.457900 0.489200 0.016500 0.021200
0 0.543300 0.866600 0.014300 0.027400
0 0.855900 0.960500 0.016100 0.019600
0 0.089500 0.979400 0.018500 0.020600
0 0.536300 0.704400 0.017000 0.021900
0 0.911600 0.583900 0.014400 0.024000
0 0.851300 0.514700 0.014900 0.019700
0 0.955600 0.376800 0.013800 0.027400
0 0.543600 0.338800 0.015600 0.022400
0 0.975600 0.145000 0.015800 0.022600
0 0.417500 0.227800 0.012200 0.029800
0 0.127200 0.480900 0.012100 0.030000
0 0.594800 0.359200 0.016400 0.019700
0 0.708600 0.061200 0.015800 0.022100
0 0.846300 0.036100 0.015000 0.021900
0 0.352400 0.111200 0.013900 0.021600
0 0.971400 0.972700 0.015100 0.024900
0 0.066100 0.249100 0.015600 0.021000
0 0.636200 0.253700 0.016100 0.021500
0 0.652100 0.827600 0.014200 0.021300
0 0.290400 0.363800 0.015300 0.022100
0 0.663300 0.372800 0.013000 0.025700
0 0.885300 0.563800 0.014800 0.020900
0 0.931000 0.423400 0.012600 0.025600
0 0.739200 0.036600 0.017000 0.020600
0 0.155469 0.312500 0.020312 0.022222
0 0.469531 0.211806 0.014062 0.031944
0 0.448828 0.268056 0.016406 0.027778
0 0.423438 0.322222 0.020312 0.027778
0 0.526563 0.425000 0.014062 0.033333
0 0.623828 0.349306 0.016406 0.023611
0 0.810938 0.708333 0.012500 0.033333
0 0.763672 0.727083 0.019531 0.029167
0 0.861328 0.835417 0.019531 0.026389
0 0.856250 0.810417 0.017188 0.026389
0 0.435937 0.774306 0.018750 0.026389
0 0.787500 0.425694 0.015625 0.034722
0 0.715234 0.020139 0.011719 0.029167
0 0.935547 0.223611 0.011719 0.025000
0 0.973047 0.211111 0.014844 0.030556
0 0.974609 0.022222 0.019531 0.025000
0 0.496484 0.825000 0.014844 0.027778
0 0.675391 0.511806 0.016406 0.031944
0 0.766016 0.595139 0.013281 0.031944
0 0.799609 0.613889 0.019531 0.030556
0 0.296875 0.937500 0.015625 0.022222
0 0.400000 0.961111 0.012500 0.033333
0 0.025000 0.527083 0.012500 0.031944
0 0.049219 0.407639 0.020312 0.026389
0 0.562500 0.490972 0.017188 0.018056
0 0.342187 0.906944 0.012500 0.025000
0 0.150000 0.288194 0.015625 0.026389
0 0.139844 0.295139 0.014062 0.018056
0 0.049219 0.195833 0.014062 0.027778
0 0.035937 0.190278 0.012500 0.033333
0 0.992969 0.893056 0.009375 0.025000
0 0.609375 0.172222 0.014062 0.033333
0 0.936719 0.360417 0.012500 0.026389
0 0.921094 0.834722 0.015625 0.025000
0 0.946875 0.925000 0.007812 0.033333
0 0.954687 0.927083 0.010937 0.020833
0 0.678125 0.742361 0.010937 0.020833
0 0.018750 0.288194 0.012500 0.026389
0 0.271094 0.809722 0.010937 0.025000
0 0.263281 0.798611 0.010937 0.033333
0 0.216406 0.717361 0.010937 0.029167
0 0.963281 0.487500 0.012500 0.025000
0 0.134375 0.548611 0.012500 0.033333
0 0.200000 0.512500 0.015625 0.025000
