0 0.480000 0.710000 0.017000 0.018900
0 0.782200 0.836400 0.014200 0.022100
0 0.257500 0.489700 0.014600 0.018500
0 0.107300 0.719500 0.014400 0.018300
0 0.193500 0.095800 0.013600 0.023900
0 0.656800 0.117500 0.012800 0.026100
0 0.167300 0.545400 0.016900 0.017500
0 0.416800 0.095500 0.012500 0.024500
0 0.707000 0.415300 0.013100 0.025600
0 0.232300 0.510400 0.011500 0.025100
0 0.921100 0.701700 0.015600 0.019800
0 0.119900 0.341800 0.012500 0.022000
0 0.217600 0.423500 0.013500 0.021200
0 0.804900 0.756400 0.013500 0.021300
0 0.119700 0.544700 0.015300 0.018400
0 0.191900 0.946500 0.014800 0.018200
0 0.718800 0.602200 0.015700 0.021600
0 0.131300 0.296400 0.013200 0.020100
0 0.194000 0.285600 0.012700 0.020300
0 0.593100 0.807000 0.015800 0.019000
0 0.423800 0.238300 0.017000 0.019600
0 0.790300 0.914800 0.013000 0.023800
0 0.671400 0.646100 0.012100 0.022400
0 0.355500 0.606900 0.016500 0.021400
0 0.700700 0.384400 0.014300 0.021800
0 0.318100 0.552200 0.013200 0.021100
0 0.556900 0.210300 0.015300 0.022800
0 0.447700 0.431000 0.015900 0.020100
0 0.277900 0.479600 0.012900 0.021200
0 0.448700 0.247300 0.016000 0.019400
0 0.876700 0.135400 0.016500 0.021900
0 0.820600 0.554400 0.015400 0.020700
0 0.280800 0.554400 0.014100 0.020600
0 0.823000 0.679800 0.014700 0.022100
0 0.077100 0.069700 0.013800 0.025500
0 0.178800 0.260200 0.013700 0.020500
0 0.409300 0.580400 0.013900 0.018700
0 0.433800 0.760800 0.014100 0.022800
0 0.496900 0.116000 0.013700 0.022000
0 0.065800 0.367800 0.013800 0.016800
0 0.247600 0.877800 0.014500 0.022300
0 0.296500 0.281300 0.015500 0.019800
0 0.661600 0.190900 0.014800 0.023600
0 0.807900 0.703200 0.016300 0.023200
0 0.606500 0.164600 0.012900 0.027100
0 0.069000 0.436700 0.014100 0.017300
0 0.503000 0.679100 0.015500 0.018500
0 0.028200 0.353400 0.015000 0.018500
0 0.148700 0.349000 0.013700 0.018000
0 0.016400 0.431900 0.013600 0.020800
0 0.915500 0.673200 0.014500 0.017700
0 0.188900 0.358600 0.012000 0.022600
0 0.027000 0.335800 0.013300 0.020300
0 0.210800 0.302600 0.013400 0.021700
0 0.046700 0.405600 0.014300 0.017400
0 0.207900 0.495200 0.010000 0.029100
0 0.805200 0.907400 0.013000 0.020400
0 0.515500 0.858400 0.017000 0.019600
0 0.470500 0.245400 0.015900 0.019700
0 0.416600 0.127000 0.013600 0.024300
0 0.667600 0.276400 0.014800 0.021800
0 0.614600 0.802500 0.017000 0.019500
0 0.377900 0.266700 0.014400 0.020800
0 0.065100 0.693600 0.015200 0.019800
0 0.703300 0.807500 0.012400 0.024100
0 0.921600 0.621600 0.012200 0.023900
0 0.477000 0.880500 0.015700 0.021600
0 0.339200 0.798300 0.011900 0.023800
0 0.270200 0.355300 0.013500 0.022900
0 0.447700 0.511100 0.011900 0.026600
0 0.128500 0.873300 0.015000 0.020700
0 0.284500 0.495500 0.013600 0.019500
0 0.128000 0.739600 0.013000 0.018100
0 0.615400 0.040400 0.011900 0.028600
0 0.095500 0.493400 0.017200 0.020300
0 0.358100 0.185200 0.011700 0.029700
0 0.285200 0.728900 0.011600 0.025900
0 0.656600 0.677200 0.015000 0.020400
0 0.380800 0.132200 0.012800 0.023600
0 0.608700 0.461200 0.014200 0.022400
0 0.158300 0.742000 0.010600 0.025200
0 0.922700 0.596700 0.013700 0.023100
0 0.694900 0.794100 0.014300 0.019800
0 0.949100 0.900900 0.014300 0.025300
0 0.518800 0.878000 0.014000 0.024700
0 0.421000 0.739800 0.011900 0.027300
0 0.030100 0.266200 0.012900 0.022800
0 0.296300 0.119100 0.010900 0.032000
0 0.239100 0.423100 0.012800 0.023600
0 0.442500 0.032400 0.013600 0.023100
0 0.644700 0.742300 0.017000 0.019000
0 0.719500 0.760400 0.012000 0.026700
0 0.005300 0.616700 0.010600 0.023900
0 0.886600 0.065500 0.015600 0.022300
0 0.483000 0.280700 0.016300 0.018800
0 0.456600 0.068500 0.013200 0.019800
0 0.272200 0.833900 0.014800 0.021400
0 0.786600 0.320200 0.013500 0.022100
0 0.732700 0.521300 0.010000 0.034600
0 0.026700 0.731300 0.010900 0.025500
0 0.480800 0.723000 0.017500 0.016500
0 0.313500 0.416600 0.012800 0.023600
0 0.778300 0.464600 0.013700 0.022700
0 0.736600 0.576900 0.013100 0.026200
0 0.829500 0.283100 0.011400 0.031900
0 0.517500 0.392600 0.013800 0.020000
0 0.007000 0.917000 0.012100 0.024500
0 0.083900 0.156100 0.015800 0.024500
0 0.720900 0.297600 0.011900 0.028500
0 0.903400 0.555900 0.014000 0.024200
0 0.713500 0.021800 0.015000 0.021900
0 0.546100 0.863900 0.016600 0.021700
0 0.022300 0.535800 0.014200 0.023900
0 0.095500 0.178800 0.015300 0.023100
0 0.320800 0.671600 0.015100 0.022000
0 0.169600 0.447500 0.018000 0.021100
0 0.664200 0.220200 0.015100 0.022000
0 0.238900 0.542400 0.011400 0.024900
0 0.509900 0.364800 0.012400 0.022900
0 0.106400 0.419000 0.014600 0.022400
0 0.923600 0.479900 0.013000 0.019800
0 0.394400 0.079100 0.013800 0.023700
0 0.373800 0.914500 0.015500 0.023900
0 0.570400 0.073100 0.013900 0.025500
0 0.982700 0.103300 0.014500 0.025000
0 0.681300 0.738000 0.016000 0.020500
0 0.747400 0.785600 0.013100 0.023700
0 0.845600 0.580600 0.010500 0.033000
0 0.600700 0.906100 0.012200 0.027200
0 0.467200 0.529600 0.013100 0.022800
0 0.560500 0.685700 0.014300 0.022500
0 0.777500 0.880900 0.012700 0.020300
0 0.510200 0.982500 0.015300 0.021800
0 0.606800 0.485300 0.014700 0.020200
0 0.588700 0.310900 0.011800 0.030000
0 0.036400 0.384400 0.015900 0.017700
0 0.751700 0.488300 0.016700 0.019300
0 0.056300 0.753100 0.015800 0.019700
0 0.345800 0.818600 0.011700 0.027900
0 0.123200 0.676700 0.011000 0.029200
0 0.570900 0.642900 0.015300 0.022700
0 0.600600 0.552700 0.009700 0.038800
0 0.676300 0.072300 0.014100 0.022000
0 0.742200 0.902200 0.012600 0.026300
0 0.773000 0.865300 0.013200 0.020000
0 0.003500 0.834500 0.008600 0.024000
0 0.502000 0.088500 0.012600 0.022600
0 0.379800 0.285500 0.014100 0.022300
0 0.581900 0.489000 0.014600 0.021600
0 0.163400 0.260800 0.010800 0.024500
0 0.389800 0.095200 0.013600 0.022600
0 0.251000 0.445700 0.015300 0.017700
0 0.247500 0.036400 0.016700 0.022200
0 0.445700 0.325600 0.015700 0.018600
0 0.739600 0.808700 0.012800 0.022400
0 0.036700 0.757500 0.014900 0.020900
0 0.040800 0.461000 0.013500 0.020000
0 0.847300 0.489100 0.014400 0.021000
0 0.955400 0.293900 0.016000 0.020200
0 0.573200 0.819100 0.013800 0.022700
0 0.430400 0.052300 0.010900 0.030600
0 0.202600 0.758600 0.013600 0.026200
0 0.780800 0.251000 0.014700 0.020600
0 0.731400 0.063200 0.015600 0.021600
0 0.086300 0.966700 0.014900 0.022800
0 0.202200 0.949100 0.014800 0.017900
0 0.640000 0.603700 0.015600 0.023200
0 0.839400 0.431700 0.015200 0.021900
0 0.585800 0.626200 0.013400 0.024300
0 0.692000 0.200600 0.014400 0.020600
0 0.185300 0.126000 0.016400 0.022900
0 0.234100 0.304800 0.010300 0.030400
0 0.816300 0.968200 0.014200 0.021200
0 0.867400 0.979200 0.012400 0.029700
0 0.058400 0.239400 0.014000 0.021800
0 0.044600 0.326100 0.014400 0.019800
0 0.911100 0.628700 0.012400 0.019500
0 0.821500 0.159200 0.017500 0.021500
0 0.102000 0.367000 0.013000 0.019800
0 0.757800 0.925700 0.013600 0.022400
0 0.462000 0.558400 0.012800 0.024800
0 0.955800 0.415300 0.013900 0.021900
0 0.253500 0.411600 0.015600 0.020500
0 0.055900 0.218700 0.014000 0.022100
0 0.465600 0.088300 0.012900 0.022100
0 0.843800 0.892100 0.010500 0.027000
0 0.477300 0.513500 0.012900 0.023600
0 0.860900 0.597800 0.011900 0.028300
0 0.575600 0.545100 0.009800 0.038300
0 0.021500 0.071300 0.014900 0.027500
0 0.106200 0.961400 0.015600 0.018200
0 0.343700 0.388200 0.013100 0.023100
0 0.888100 0.414300 0.013100 0.027300
0 0.141100 0.760200 0.013500 0.019600
0 0.891500 0.451200 0.014000 0.021500
0 0.972700 0.101900 0.012700 0.025100
0 0.814700 0.361000 0.011000 0.025500
0 0.993000 0.579300 0.009600 0.029700
0 0.951100 0.429000 0.015100 0.018600
0 0.462100 0.634900 0.013300 0.024900
0 0.543600 0.341400 0.010700 0.036000
0 0.790500 0.952400 0.014800 0.021800
0 0.182500 0.196000 0.014600 0.027300
0 0.820000 0.032700 0.010600 0.035900
0 0.256800 0.649100 0.011500 0.029900
0 0.896100 0.077000 0.012300 0.026800
0 0.639500 0.618600 0.015700 0.022300
0 0.400800 0.161300 0.013200 0.023300
0 0.122700 0.426300 0.015700 0.023500
0 0.246700 0.589400 0.009700 0.030000
0 0.212800 0.339700 0.011900 0.023500
0 0.973300 0.341000 0.012100 0.023200
0 0.986400 0.505200 0.013700 0.025100
0 0.653500 0.627000 0.013500 0.020500
0 0.478700 0.411800 0.014200 0.023400
0 0.506900 0.454600 0.014100 0.022500
0 0.813400 0.761200 0.010800 0.025400
0 0.966200 0.330200 0.011300 0.027600
0 0.768800 0.724600 0.015200 0.021900
0 0.311400 0.776100 0.010600 0.028300
0 0.550300 0.119400 0.011600 0.031400
0 0.914200 0.940100 0.009300 0.027200
0 0.989600 0.480100 0.010300 0.023300
0 0.191900 0.972600 0.010800 0.021300
0 0.197900 0.060800 0.013400 0.027900
0 0.119100 0.634800 0.012600 0.023900
0 0.790400 0.026800 0.011900 0.031200
0 0.951100 0.379800 0.011600 0.028500
0 0.776200 0.759100 0.014600 0.019900
0 0.781900 0.241800 0.015300 0.018900
0 0.772900 0.753000 0.013700 0.023600
0 0.988900 0.334800 0.010800 0.020100
0 0.461900 0.268500 0.017100 0.018200
0 0.278600 0.350700 0.016000 0.020300
0 0.694300 0.824300 0.014200 0.020400
0 0.590900 0.653000 0.015500 0.021900
0 0.567000 0.159200 0.010000 0.034700
0 0.559200 0.663400 0.012400 0.023000
0 0.571500 0.459000 0.013700 0.023900
0 0.585400 0.654700 0.015100 0.022000
0 0.151000 0.029400 0.014800 0.021600
0 0.948400 0.251400 0.010900 0.033600
0 0.521400 0.449300 0.014700 0.021400
0 0.701200 0.635200 0.009600 0.035600
0 0.423700 0.852500 0.015500 0.029300
0 0.835300 0.044300 0.011900 0.029700
0 0.071700 0.251100 0.013900 0.020500
0 0.116200 0.056600 0.011100 0.023000
0 0.953000 0.640900 0.010300 0.035400
0 0.819100 0.277100 0.013200 0.026900
0 0.104400 0.767900 0.010900 0.019100
0 0.571800 0.011000 0.013700 0.021000
0 0.222656 0.543056 0.007812 0.022222
0 0.213281 0.543056 0.014062 0.022222
