0 0.007900 0.402900 0.014200 0.020800
0 0.866800 0.567600 0.015500 0.020800
0 0.965600 0.866500 0.014900 0.022400
0 0.043500 0.352100 0.017000 0.021800
0 0.641900 0.669200 0.014000 0.020600
0 0.195300 0.708000 0.014600 0.023400
0 0.036700 0.020500 0.017000 0.022500
0 0.345300 0.529600 0.016000 0.018200
0 0.842700 0.693900 0.014200 0.020300
0 0.932700 0.629400 0.016000 0.020200
0 0.317500 0.542800 0.016400 0.019900
0 0.121200 0.730800 0.015400 0.022600
0 0.093600 0.579400 0.015600 0.022300
0 0.383100 0.232300 0.016100 0.023200
0 0.155100 0.316100 0.017200 0.021700
0 0.006200 0.418500 0.012500 0.019700
0 0.003700 0.595900 0.008600 0.028200
0 0.893200 0.731900 0.014000 0.022000
0 0.972800 0.833500 0.016500 0.021900
0 0.743700 0.681100 0.014600 0.021200
0 0.819100 0.532300 0.014200 0.022500
0 0.208400 0.331400 0.015300 0.021900
0 0.508100 0.871500 0.011900 0.025200
0 0.715700 0.857300 0.014300 0.021800
0 0.929400 0.906000 0.014500 0.025200
0 0.041600 0.083500 0.014700 0.022600
0 0.906200 0.843900 0.014900 0.019000
0 0.296100 0.783200 0.015900 0.022300
0 0.416300 0.705500 0.013300 0.023400
0 0.231700 0.847200 0.015900 0.023400
0 0.929100 0.779900 0.015800 0.021100
0 0.935300 0.603100 0.016000 0.020800
0 0.831900 0.043500 0.013200 0.021900
0 0.656400 0.369000 0.015500 0.022700
0 0.819500 0.445300 0.015700 0.020900
0 0.242700 0.191100 0.016900 0.022100
0 0.371400 0.929900 0.011400 0.030100
0 0.670500 0.181200 0.013900 0.024800
0 0.704500 0.595200 0.014900 0.020900
0 0.133700 0.317100 0.016300 0.020900
0 0.794200 0.669000 0.014700 0.022600
0 0.942400 0.755000 0.016300 0.021500
0 0.884000 0.665700 0.015900 0.020700
0 0.056400 0.668700 0.014500 0.024900
0 0.219900 0.418400 0.017400 0.024100
0 0.440300 0.794400 0.016000 0.022300
0 0.340300 0.516700 0.016100 0.019500
0 0.492700 0.783000 0.015100 0.022900
0 0.782500 0.271800 0.015500 0.020800
0 0.891100 0.903600 0.015100 0.022800
0 0.157400 0.721200 0.014700 0.022500
0 0.953800 0.629100 0.015100 0.022800
0 0.342100 0.277900 0.014200 0.022600
0 0.958900 0.506300 0.018400 0.019700
0 0.617700 0.284500 0.016600 0.021200
0 0.030600 0.116900 0.013800 0.027100
0 0.034500 0.940500 0.019200 0.022500
0 0.521800 0.330400 0.011800 0.024100
0 0.757100 0.159900 0.015100 0.020800
0 0.940300 0.864300 0.015800 0.021400
0 0.903800 0.580300 0.015800 0.021300
0 0.581400 0.694500 0.014500 0.021300
0 0.244400 0.427600 0.017800 0.018700
0 0.121600 0.880300 0.016800 0.020900
0 0.581200 0.945100 0.013900 0.022900
0 0.733400 0.916500 0.014800 0.021000
0 0.720700 0.444600 0.014300 0.025900
0 0.332200 0.018200 0.013100 0.024400
0 0.656000 0.319400 0.016200 0.018500
0 0.183900 0.768300 0.015000 0.024800
0 0.493200 0.443300 0.014200 0.025900
0 0.682100 0.330200 0.016000 0.021000
0 0.507100 0.558100 0.015600 0.021900
0 0.745900 0.367900 0.013400 0.024500
0 0.005800 0.757800 0.012400 0.025800
0 0.395100 0.169000 0.012700 0.025000
0 0.229200 0.709400 0.016800 0.021900
0 0.420500 0.291900 0.016300 0.020200
0 0.422600 0.477900 0.016400 0.020500
0 0.583800 0.540300 0.017000 0.021100
0 0.093800 0.629800 0.013500 0.025100
0 0.792500 0.647300 0.014600 0.021500
0 0.903800 0.379600 0.013100 0.021900
0 0.283000 0.684400 0.016300 0.022500
0 0.978000 0.653300 0.014500 0.024700
0 0.919600 0.334200 0.014700 0.022100
0 0.710100 0.042300 0.014400 0.024100
0 0.402000 0.517400 0.016600 0.020700
0 0.319000 0.357400 0.014500 0.022800
0 0.607100 0.442600 0.014700 0.022100
0 0.805100 0.955800 0.013300 0.024800
0 0.065400 0.028100 0.012900 0.024900
0 0.971800 0.546800 0.017900 0.017400
0 0.605500 0.295200 0.016800 0.022300
0 0.831700 0.646000 0.015100 0.020900
0 0.307500 0.847200 0.014900 0.021500
0 0.135400 0.729500 0.013300 0.025300
0 0.929200 0.519100 0.016100 0.019300
0 0.754300 0.865100 0.014200 0.023100
0 0.954700 0.884500 0.016300 0.021900
0 0.510200 0.617700 0.016300 0.019400
0 0.654600 0.658100 0.014500 0.020100
0 0.291300 0.927200 0.015400 0.020200
0 0.230900 0.079000 0.015500 0.024100
0 0.027700 0.193500 0.015200 0.022700
0 0.658500 0.633300 0.014400 0.020900
0 0.633700 0.156900 0.014700 0.025600
0 0.745300 0.494900 0.014800 0.021200
0 0.718400 0.293900 0.013900 0.022200
0 0.884900 0.303700 0.016800 0.020800
0 0.540400 0.484400 0.015400 0.021000
0 0.531700 0.566300 0.015100 0.018400
0 0.882500 0.507100 0.015300 0.019500
0 0.748900 0.705600 0.013000 0.026300
0 0.766200 0.909900 0.014900 0.020200
0 0.809400 0.602000 0.014800 0.021700
0 0.847100 0.668300 0.015100 0.021000
0 0.740100 0.758600 0.012800 0.025100
0 0.810900 0.708200 0.013300 0.021500
0 0.955900 0.743700 0.015600 0.021900
0 0.068400 0.343400 0.015800 0.021300
0 0.809900 0.905700 0.012200 0.025800
0 0.527500 0.853700 0.012300 0.026100
0 0.081800 0.968000 0.015300 0.021100
0 0.659500 0.706200 0.013100 0.022500
0 0.315700 0.827600 0.015300 0.020700
0 0.282000 0.456900 0.014400 0.025300
0 0.915500 0.922200 0.015700 0.021200
0 0.066100 0.870900 0.016000 0.022000
0 0.165300 0.782200 0.014600 0.025700
0 0.056600 0.331000 0.018100 0.020600
0 0.009800 0.572500 0.012500 0.028500
0 0.760000 0.677600 0.014300 0.022500
0 0.481700 0.404400 0.015700 0.024400
0 0.084900 0.869900 0.014200 0.022500
0 0.605300 0.495900 0.014400 0.023700
0 0.668500 0.755100 0.013200 0.023400
0 0.483000 0.366200 0.014700 0.026700
0 0.958300 0.310300 0.015600 0.021300
0 0.483900 0.119700 0.015200 0.025900
0 0.371200 0.146900 0.012700 0.026600
0 0.343100 0.822700 0.014500 0.021700
0 0.132200 0.809100 0.015500 0.021500
0 0.120000 0.420000 0.014400 0.025400
0 0.920900 0.267000 0.015300 0.019900
0 0.478000 0.828200 0.016100 0.022100
0 0.231400 0.321500 0.010800 0.032600
0 0.435000 0.315400 0.015600 0.022000
0 0.845200 0.769900 0.012700 0.031300
0 0.294300 0.902500 0.014500 0.020000
0 0.858600 0.240700 0.016800 0.024200
0 0.897000 0.865900 0.013600 0.024000
0 0.643100 0.492100 0.012900 0.028700
0 0.495400 0.310400 0.014900 0.020200
0 0.240300 0.272400 0.015700 0.024100
0 0.069300 0.627800 0.013500 0.023600
0 0.511200 0.420800 0.013600 0.027800
0 0.297300 0.708500 0.016400 0.022100
0 0.077900 0.569700 0.016300 0.021800
0 0.504500 0.342000 0.014300 0.019900
0 0.471100 0.183200 0.016500 0.025500
0 0.283200 0.817200 0.014600 0.023900
0 0.440300 0.458200 0.017700 0.020500
0 0.976500 0.679200 0.016100 0.024700
0 0.596100 0.684100 0.012900 0.027300
0 0.580500 0.672300 0.016300 0.021500
0 0.058600 0.141200 0.011600 0.029600
0 0.290800 0.093500 0.012600 0.031200
0 0.460400 0.167200 0.016600 0.021400
0 0.405000 0.655400 0.014900 0.019500
0 0.971600 0.256100 0.016400 0.022200
0 0.582700 0.326900 0.015700 0.021000
0 0.118700 0.590800 0.013500 0.025200
0 0.406100 0.160800 0.015800 0.018900
0 0.652800 0.057700 0.016200 0.025400
0 0.244000 0.133100 0.014800 0.022900
0 0.690900 0.095000 0.014900 0.027600
0 0.245700 0.860300 0.015900 0.023200
0 0.139900 0.669900 0.014300 0.025700
0 0.318300 0.722500 0.013900 0.023000
0 0.334100 0.898200 0.015800 0.020500
0 0.341000 0.555800 0.017300 0.019100
0 0.947800 0.172300 0.014600 0.023400
0 0.606400 0.614600 0.016600 0.019300
0 0.094200 0.920900 0.015700 0.023700
0 0.848100 0.623500 0.016300 0.020200
0 0.369000 0.023300 0.012100 0.026300
0 0.102600 0.815400 0.014500 0.021500
0 0.322800 0.218400 0.015800 0.022000
0 0.791400 0.535800 0.014000 0.021800
0 0.640600 0.582100 0.018200 0.020100
0 0.122300 0.269800 0.016400 0.020200
0 0.519700 0.255200 0.015600 0.023200
0 0.729900 0.259100 0.013100 0.028100
0 0.230600 0.102700 0.015900 0.021600
0 0.369300 0.490800 0.014000 0.020200
0 0.309100 0.117200 0.013600 0.028200
0 0.196400 0.141300 0.015500 0.024200
0 0.777300 0.867900 0.012000 0.026000
0 0.251100 0.918900 0.015400 0.022100
0 0.895800 0.167900 0.014200 0.026300
0 0.666600 0.539900 0.016600 0.020800
0 0.091600 0.852700 0.014000 0.025800
0 0.083500 0.232800 0.015800 0.024200
0 0.066200 0.941000 0.017000 0.021800
0 0.468700 0.760400 0.016400 0.019900
0 0.409800 0.502200 0.016500 0.019800
0 0.121400 0.370500 0.014800 0.026500
0 0.844800 0.146100 0.013500 0.026300
0 0.919000 0.229200 0.015300 0.021400
0 0.005000 0.361700 0.010900 0.020300
0 0.532100 0.614400 0.016300 0.018800
0 0.844800 0.722600 0.013100 0.023300
0 0.957300 0.452700 0.014700 0.026200
0 0.028400 0.389700 0.013500 0.027200
0 0.465400 0.291300 0.015200 0.019200
0 0.842700 0.460300 0.014100 0.024200
0 0.879600 0.265400 0.015300 0.022100
0 0.532900 0.017800 0.016800 0.021800
0 0.072100 0.391000 0.014600 0.023200
0 0.685000 0.420100 0.015400 0.020100
0 0.476500 0.630000 0.016100 0.019900
0 0.004400 0.147900 0.009500 0.028600
0 0.453800 0.753100 0.013900 0.024400
0 0.565300 0.181400 0.015400 0.022600
0 0.830800 0.804800 0.013500 0.029100
0 0.531200 0.760500 0.015100 0.018400
0 0.197600 0.504700 0.016700 0.023700
0 0.044000 0.930300 0.017900 0.023000
0 0.079400 0.052900 0.015900 0.021500
0 0.047500 0.146400 0.012400 0.029000
0 0.847100 0.059000 0.010700 0.023500
0 0.466000 0.893500 0.014100 0.025100
0 0.396900 0.616000 0.016200 0.020700
0 0.109900 0.634600 0.015100 0.022100
0 0.398600 0.670700 0.011900 0.026500
0 0.111000 0.783000 0.014000 0.023200
0 0.539900 0.390200 0.016600 0.022400
0 0.502000 0.730900 0.016100 0.020000
0 0.508600 0.240500 0.015600 0.023100
0 0.823400 0.897000 0.012800 0.025800
0 0.377700 0.130400 0.013500 0.020700
0 0.761200 0.044300 0.014600 0.023000
0 0.855900 0.890000 0.013500 0.024700
0 0.039900 0.235000 0.016100 0.023700
0 0.423000 0.169700 0.016600 0.020900
0 0.714200 0.690300 0.015000 0.021500
0 0.273200 0.572100 0.017200 0.021300
0 0.068200 0.917700 0.015800 0.021400
0 0.686100 0.732700 0.013800 0.023200
0 0.703500 0.479800 0.011900 0.029100
0 0.445800 0.701900 0.014800 0.021900
0 0.259600 0.084500 0.013600 0.028500
0 0.941300 0.693100 0.014100 0.020300
0 0.772200 0.452500 0.012500 0.023100
0 0.808400 0.030100 0.012500 0.022900
0 0.899000 0.828100 0.014300 0.019100
0 0.179200 0.546800 0.013900 0.028700
0 0.555700 0.347600 0.014400 0.023600
0 0.523100 0.605700 0.014700 0.019800
0 0.352700 0.221900 0.016100 0.021200
0 0.323500 0.322700 0.013800 0.025500
0 0.629700 0.601900 0.015700 0.018700
0 0.803300 0.139800 0.015900 0.021800
0 0.101900 0.243100 0.016100 0.020200
0 0.734600 0.070600 0.011900 0.032000
0 0.310100 0.371800 0.015600 0.021800
0 0.682900 0.890000 0.015100 0.021600
0 0.173100 0.506500 0.014700 0.024100
0 0.029000 0.754700 0.012400 0.032700
0 0.413700 0.894200 0.015400 0.021100
0 0.594100 0.710100 0.014200 0.024900
0 0.339400 0.794200 0.014700 0.027300
0 0.097800 0.601800 0.014400 0.023300
0 0.068500 0.366100 0.013400 0.026700
0 0.044500 0.432200 0.012600 0.031900
0 0.540300 0.714300 0.015000 0.020600
0 0.765500 0.030200 0.014800 0.024800
0 0.889000 0.454700 0.013600 0.024900
0 0.504900 0.955500 0.014000 0.025100
0 0.330200 0.446400 0.012800 0.024100
0 0.772100 0.379100 0.012000 0.031900
0 0.060500 0.589600 0.014400 0.025700
0 0.376300 0.470400 0.013800 0.025400
0 0.789300 0.472700 0.013700 0.024300
0 0.939200 0.655400 0.014200 0.022500
0 0.223400 0.453700 0.018400 0.019900
0 0.073000 0.129200 0.015800 0.020000
0 0.101600 0.757400 0.014200 0.025400
0 0.622200 0.346800 0.015200 0.022000
0 0.114600 0.980000 0.015700 0.022200
0 0.374000 0.792000 0.014000 0.027300
0 0.243900 0.107900 0.015700 0.023100
0 0.085700 0.072100 0.016100 0.021900
0 0.490700 0.291300 0.012600 0.025600
0 0.944900 0.684600 0.014100 0.021300
0 0.246100 0.560800 0.015500 0.021800
0 0.077400 0.414400 0.015000 0.022900
0 0.096500 0.647900 0.013900 0.022000
0 0.551400 0.322700 0.016300 0.020800
0 0.423800 0.939700 0.014900 0.023200
0 0.139900 0.405900 0.012100 0.030400
0 0.556000 0.892200 0.013500 0.024100
0 0.091500 0.130900 0.014300 0.028800
0 0.864800 0.930000 0.014400 0.022700
0 0.096900 0.672600 0.013400 0.026100
0 0.377600 0.316900 0.012200 0.031600
0 0.191600 0.895300 0.010900 0.036000
0 0.084100 0.765700 0.015900 0.025100
0 0.168900 0.184200 0.015100 0.023400
0 0.209100 0.523100 0.015800 0.023400
0 0.126200 0.605400 0.013900 0.026300
0 0.326200 0.172700 0.014900 0.022000
0 0.806100 0.164500 0.015200 0.022500
0 0.795400 0.741100 0.013700 0.023200
0 0.836000 0.370600 0.012900 0.031400
0 0.122900 0.703600 0.015900 0.023600
0 0.123500 0.897600 0.016600 0.022700
0 0.977100 0.368200 0.015200 0.021300
0 0.729300 0.941100 0.015800 0.021600
0 0.360000 0.240200 0.013600 0.024600
0 0.934100 0.417700 0.013600 0.025400
0 0.414400 0.019900 0.012000 0.029100
0 0.734100 0.286300 0.013900 0.020600
0 0.528000 0.796200 0.011700 0.032200
0 0.609600 0.067000 0.013100 0.030100
0 0.495800 0.433900 0.015600 0.022100
0 0.894200 0.333900 0.011700 0.031000
0 0.735300 0.153800 0.016300 0.024200
0 0.093000 0.229100 0.016000 0.022700
0 0.201500 0.044300 0.016600 0.021600
0 0.249100 0.978600 0.010900 0.031300
0 0.460600 0.310400 0.014800 0.021100
0 0.166100 0.547700 0.013100 0.027600
0 0.910200 0.595100 0.014300 0.019800
0 0.268000 0.289100 0.014800 0.021300
0 0.606000 0.932300 0.011000 0.033800
0 0.568600 0.442100 0.012300 0.030100
0 0.134800 0.760900 0.015500 0.023100
0 0.865700 0.385800 0.014200 0.022400
0 0.044300 0.696100 0.011800 0.033000
0 0.463600 0.704400 0.014900 0.022000
0 0.765000 0.359700 0.014200 0.022100
0 0.896400 0.653200 0.016000 0.019900
0 0.652700 0.717700 0.012100 0.022200
0 0.876500 0.465400 0.015000 0.021000
0 0.588600 0.357600 0.015100 0.021100
0 0.866900 0.510100 0.015500 0.020900
0 0.108400 0.465800 0.011600 0.033600
0 0.371500 0.102400 0.013500 0.024200
0 0.729800 0.633900 0.011800 0.029500
0 0.376300 0.440200 0.015700 0.020900
0 0.547300 0.506800 0.015600 0.021100
0 0.332800 0.628300 0.014600 0.027000
0 0.545900 0.776500 0.015000 0.020700
0 0.284000 0.760000 0.015500 0.021700
0 0.119600 0.278200 0.016800 0.021500
0 0.530000 0.167000 0.013000 0.032500
0 0.189300 0.120100 0.014700 0.025500
0 0.565900 0.811300 0.015000 0.021900
0 0.609500 0.764800 0.014200 0.025100
0 0.188800 0.259900 0.016000 0.021200
0 0.307900 0.939700 0.015800 0.021100
0 0.968200 0.378500 0.013700 0.018000
0 0.195200 0.973200 0.014700 0.023200
0 0.009400 0.739100 0.014500 0.022800
0 0.531000 0.497700 0.015200 0.022300
0 0.494400 0.676600 0.013700 0.021000
0 0.323500 0.098300 0.013900 0.026400
0 0.053500 0.352900 0.015200 0.021200
0 0.386500 0.909600 0.015700 0.021300
0 0.075800 0.820700 0.013700 0.022700
0 0.602000 0.089700 0.014700 0.023100
0 0.322600 0.844300 0.013600 0.024400
0 0.154600 0.535500 0.013200 0.027500
0 0.573300 0.239300 0.015700 0.022400
0 0.818000 0.965200 0.013900 0.024300
0 0.905600 0.314700 0.016300 0.022100
0 0.142000 0.547300 0.014400 0.025500
0 0.634000 0.341800 0.014500 0.019800
0 0.166900 0.196300 0.014900 0.022300
0 0.713800 0.543200 0.017100 0.019800
0 0.775900 0.215800 0.012200 0.028900
0 0.555700 0.389000 0.015200 0.022100
0 0.665100 0.029000 0.016200 0.022100
0 0.698900 0.740600 0.012600 0.025700
0 0.267200 0.678800 0.015900 0.023000
0 0.178100 0.915300 0.013000 0.033400
0 0.043000 0.496800 0.013800 0.025700
0 0.664200 0.208800 0.011900 0.030900
0 0.748300 0.802800 0.012800 0.025100
0 0.651400 0.840300 0.015800 0.024000
0 0.576200 0.772100 0.015400 0.020500
0 0.359300 0.023600 0.012000 0.025300
0 0.733600 0.788800 0.014100 0.022600
0 0.594000 0.414300 0.017600 0.019900
0 0.055900 0.217200 0.014500 0.024900
0 0.298900 0.034100 0.012500 0.031900
0 0.473600 0.027200 0.014500 0.026200
0 0.344300 0.186100 0.013700 0.025600
0 0.052800 0.038900 0.011800 0.024000
0 0.508700 0.514500 0.015700 0.021900
0 0.801300 0.632100 0.016000 0.020900
0 0.403000 0.722700 0.013000 0.025000
0 0.451300 0.620200 0.017500 0.019300
0 0.145400 0.116800 0.010300 0.036000
0 0.916500 0.508200 0.016000 0.020400
0 0.194900 0.677600 0.009600 0.026900
0 0.726600 0.815000 0.013300 0.025100
0 0.860900 0.836300 0.013600 0.022900
0 0.988400 0.320600 0.011300 0.019800
0 0.452000 0.185800 0.017100 0.023400
0 0.826300 0.965000 0.012400 0.026600
0 0.920000 0.147700 0.010700 0.033600
0 0.504000 0.444100 0.015400 0.025200
0 0.493800 0.697200 0.014400 0.021000
0 0.676100 0.440000 0.012800 0.025700
0 0.090200 0.273200 0.015800 0.021300
0 0.305600 0.385600 0.015600 0.020500
0 0.338500 0.035300 0.013000 0.027000
0 0.946000 0.127200 0.014600 0.024400
0 0.106300 0.273100 0.016400 0.021200
0 0.686300 0.185000 0.014400 0.023900
0 0.951800 0.959900 0.019400 0.018900
0 0.323800 0.396100 0.014800 0.022200
0 0.391300 0.604900 0.017100 0.021600
0 0.218300 0.677700 0.011100 0.030400
0 0.327400 0.556400 0.015900 0.019800
0 0.884400 0.523000 0.014100 0.020500
0 0.564000 0.883300 0.013800 0.025400
0 0.340300 0.915100 0.013800 0.024000
0 0.767400 0.202800 0.013100 0.024100
0 0.039100 0.971700 0.015700 0.023600
0 0.355500 0.960900 0.015400 0.020500
0 0.359600 0.699100 0.015200 0.020700
0 0.061900 0.827800 0.013900 0.026600
0 0.634400 0.385100 0.013600 0.023900
0 0.740600 0.505400 0.015200 0.020400
0 0.261200 0.481400 0.016600 0.020300
0 0.369900 0.536100 0.013900 0.024700
0 0.190300 0.547500 0.015300 0.025600
0 0.245700 0.710000 0.016100 0.022100
0 0.685900 0.665700 0.014300 0.022300
0 0.740200 0.439000 0.014500 0.021100
0 0.616000 0.576100 0.017000 0.019800
0 0.363500 0.060300 0.013000 0.029400
0 0.626200 0.194000 0.014500 0.024200
0 0.351300 0.894300 0.017400 0.021500
0 0.234600 0.719800 0.015900 0.020600
0 0.773200 0.552000 0.013600 0.029100
0 0.520400 0.969600 0.014000 0.023900
0 0.076400 0.845700 0.015800 0.020900
0 0.309700 0.411200 0.016200 0.020200
0 0.979200 0.969500 0.016900 0.020900
0 0.734500 0.964000 0.014900 0.022100
0 0.505000 0.663900 0.016000 0.021600
0 0.811600 0.758200 0.014800 0.024300
0 0.869600 0.626500 0.013900 0.025400
0 0.909900 0.073400 0.011400 0.028800
0 0.152300 0.498600 0.014200 0.025100
0 0.461200 0.244800 0.015100 0.021700
0 0.509700 0.892200 0.014400 0.023300
0 0.760700 0.314400 0.014400 0.023400
0 0.726700 0.835900 0.015600 0.021200
0 0.245700 0.539000 0.014100 0.025500
0 0.484500 0.223600 0.017600 0.020700
0 0.654400 0.773400 0.015900 0.022000
0 0.389800 0.421200 0.015900 0.021200
0 0.502600 0.360600 0.013600 0.023100
0 0.663900 0.735500 0.013000 0.021300
0 0.202700 0.559400 0.015500 0.023500
0 0.676600 0.658400 0.014600 0.021500
0 0.128900 0.186300 0.014100 0.025600
0 0.391300 0.770200 0.014000 0.025100
0 0.018000 0.423500 0.014300 0.023200
0 0.688900 0.861300 0.015800 0.020000
0 0.120900 0.793900 0.014600 0.021400
0 0.607900 0.702900 0.013700 0.026000
0 0.771900 0.936100 0.013900 0.022600
0 0.435700 0.361100 0.014800 0.024100
0 0.967700 0.979600 0.016800 0.021800
0 0.386200 0.627000 0.014800 0.022300
0 0.969400 0.573800 0.019000 0.018200
0 0.232000 0.439700 0.017300 0.020400
0 0.054800 0.961400 0.018400 0.020300
0 0.718700 0.374000 0.015400 0.020500
0 0.703000 0.351700 0.014400 0.021900
0 0.327200 0.451700 0.013700 0.026400
0 0.655300 0.339100 0.017400 0.020500
0 0.867000 0.151300 0.014500 0.022000
0 0.883600 0.048300 0.013400 0.022700
0 0.511000 0.906500 0.015600 0.024700
0 0.882800 0.560400 0.014500 0.020700
0 0.543800 0.036000 0.016900 0.021700
0 0.925700 0.581400 0.012600 0.025600
0 0.244100 0.095000 0.015200 0.021300
0 0.432600 0.086500 0.014700 0.023100
0 0.855400 0.048200 0.011800 0.021200
0 0.044100 0.922100 0.015900 0.025000
0 0.109766 0.177083 0.013281 0.037500
0 0.062500 0.225694 0.012500 0.029167
0 0.273438 0.098611 0.012500 0.030556
0 0.263672 0.186111 0.016406 0.033333
0 0.380859 0.361806 0.011719 0.037500
0 0.274609 0.342361 0.013281 0.034722
0 0.469531 0.360417 0.014062 0.031944
0 0.537109 0.434028 0.019531 0.034722
0 0.587891 0.292361 0.017969 0.031944
0 0.573047 0.497222 0.021094 0.030556
0 0.626562 0.430556 0.018750 0.027778
0 0.651563 0.419444 0.017188 0.022222
0 0.873828 0.786111 0.016406 0.033333
0 0.787891 0.845833 0.011719 0.027778
0 0.641016 0.772222 0.010156 0.033333
0 0.361719 0.825000 0.012500 0.030556
0 0.651563 0.501389 0.014062 0.027778
0 0.585938 0.578472 0.021875 0.023611
0 0.613281 0.839583 0.015625 0.029167
0 0.222656 0.612500 0.015625 0.027778
0 0.974219 0.777083 0.012500 0.040278
0 0.829297 0.675000 0.017969 0.022222
0 0.982031 0.427083 0.015625 0.031944
0 0.972656 0.200000 0.014062 0.033333
0 0.570312 0.102778 0.014062 0.019444
0 0.582422 0.100694 0.013281 0.023611
0 0.336719 0.221528 0.014062 0.031944
0 0.383984 0.265278 0.017969 0.022222
0 0.160547 0.211111 0.014844 0.030556
0 0.975000 0.933333 0.017188 0.033333
0 0.866406 0.975694 0.021875 0.029167
0 0.137500 0.561111 0.012500 0.022222
0 0.200000 0.574306 0.018750 0.018056
0 0.187500 0.523611 0.015625 0.025000
0 0.102344 0.499306 0.010937 0.029167
0 0.110937 0.501389 0.006250 0.033333
0 0.117969 0.511111 0.007812 0.022222
0 0.123438 0.497917 0.009375 0.026389
0 0.990625 0.885417 0.010937 0.026389
0 0.046875 0.499306 0.009375 0.029167
0 0.070312 0.920139 0.012500 0.029167
