0 0.909000 0.115000 0.016000 0.021000
0 0.902000 0.094000 0.016000 0.021000
0 0.914000 0.079000 0.016000 0.021000
0 0.903000 0.069000 0.016000 0.021000
0 0.839000 0.042000 0.016000 0.021000
0 0.831000 0.056000 0.016000 0.021000
0 0.830000 0.087000 0.016000 0.021000
0 0.831000 0.127000 0.016000 0.021000
0 0.819000 0.119000 0.016000 0.021000
0 0.844000 0.181000 0.016000 0.021000
0 0.845000 0.190000 0.016000 0.021000
0 0.797000 0.242000 0.016000 0.021000
0 0.811000 0.310000 0.016000 0.021000
0 0.836000 0.360000 0.016000 0.021000
0 0.858000 0.338000 0.016000 0.021000
0 0.875000 0.342000 0.016000 0.021000
0 0.752000 0.315000 0.016000 0.021000
0 0.741000 0.308000 0.016000 0.021000
0 0.714000 0.300000 0.016000 0.021000
0 0.648000 0.165000 0.016000 0.021000
0 0.644000 0.144000 0.016000 0.021000
0 0.684000 0.133000 0.016000 0.021000
0 0.781000 0.169000 0.016000 0.021000
0 0.728000 0.102000 0.016000 0.021000
0 0.697000 0.096000 0.016000 0.021000
0 0.706000 0.071000 0.016000 0.021000
0 0.711000 0.040000 0.016000 0.021000
0 0.670000 0.069000 0.016000 0.021000
0 0.663000 0.062000 0.016000 0.021000
0 0.702000 0.090000 0.016000 0.021000
0 0.673000 0.133000 0.016000 0.021000
0 0.659000 0.123000 0.016000 0.021000
0 0.625000 0.098000 0.016000 0.021000
0 0.639000 0.117000 0.016000 0.021000
0 0.645000 0.331000 0.016000 0.021000
0 0.666000 0.333000 0.016000 0.021000
0 0.645000 0.377000 0.016000 0.021000
0 0.756000 0.373000 0.016000 0.021000
0 0.766000 0.429000 0.016000 0.021000
0 0.775000 0.456000 0.016000 0.021000
0 0.756000 0.450000 0.016000 0.021000
0 0.744000 0.444000 0.016000 0.021000
0 0.841000 0.456000 0.016000 0.021000
0 0.847000 0.421000 0.016000 0.021000
0 0.850000 0.444000 0.016000 0.021000
0 0.884000 0.421000 0.016000 0.021000
0 0.919000 0.371000 0.016000 0.021000
0 0.969000 0.371000 0.016000 0.021000
0 0.931000 0.342000 0.016000 0.021000
0 0.917000 0.331000 0.016000 0.021000
0 0.906000 0.315000 0.016000 0.021000
0 0.877000 0.321000 0.016000 0.021000
0 0.903000 0.273000 0.016000 0.021000
0 0.930000 0.260000 0.016000 0.021000
0 0.920000 0.240000 0.016000 0.021000
0 0.923000 0.223000 0.016000 0.021000
0 0.941000 0.221000 0.016000 0.021000
0 0.947000 0.204000 0.016000 0.021000
0 0.970000 0.152000 0.016000 0.021000
0 0.966000 0.206000 0.016000 0.021000
0 0.972000 0.196000 0.016000 0.021000
0 0.675000 0.485000 0.016000 0.021000
0 0.670000 0.475000 0.016000 0.021000
0 0.652000 0.506000 0.016000 0.021000
0 0.642000 0.519000 0.016000 0.021000
0 0.620000 0.502000 0.016000 0.021000
0 0.613000 0.446000 0.016000 0.021000
0 0.633000 0.429000 0.016000 0.021000
0 0.588000 0.477000 0.016000 0.021000
0 0.578000 0.471000 0.016000 0.021000
0 0.570000 0.431000 0.016000 0.021000
0 0.562000 0.421000 0.016000 0.021000
0 0.558000 0.356000 0.016000 0.021000
0 0.562000 0.221000 0.016000 0.021000
0 0.569000 0.167000 0.016000 0.021000
0 0.552000 0.160000 0.016000 0.021000
0 0.558000 0.121000 0.016000 0.021000
0 0.556000 0.069000 0.016000 0.021000
0 0.506000 0.027000 0.016000 0.021000
0 0.502000 0.135000 0.016000 0.021000
0 0.513000 0.212000 0.016000 0.021000
0 0.450000 0.225000 0.016000 0.021000
0 0.434000 0.227000 0.016000 0.021000
0 0.442000 0.192000 0.016000 0.021000
0 0.430000 0.300000 0.016000 0.021000
0 0.388000 0.206000 0.016000 0.021000
0 0.381000 0.198000 0.016000 0.021000
0 0.384000 0.181000 0.016000 0.021000
0 0.430000 0.156000 0.016000 0.021000
0 0.430000 0.138000 0.016000 0.021000
0 0.422000 0.129000 0.016000 0.021000
0 0.402000 0.115000 0.016000 0.021000
0 0.369000 0.115000 0.016000 0.021000
0 0.409000 0.073000 0.016000 0.021000
0 0.389000 0.065000 0.016000 0.021000
0 0.350000 0.056000 0.016000 0.021000
0 0.317000 0.113000 0.016000 0.021000
0 0.320000 0.135000 0.016000 0.021000
0 0.297000 0.152000 0.016000 0.021000
0 0.294000 0.171000 0.016000 0.021000
0 0.320000 0.217000 0.016000 0.021000
0 0.298000 0.271000 0.016000 0.021000
0 0.273000 0.200000 0.016000 0.021000
0 0.164000 0.258000 0.016000 0.021000
0 0.153000 0.177000 0.016000 0.021000
0 0.267000 0.133000 0.016000 0.021000
0 0.275000 0.119000 0.016000 0.021000
0 0.291000 0.096000 0.016000 0.021000
0 0.286000 0.108000 0.016000 0.021000
0 0.245000 0.115000 0.016000 0.021000
0 0.234000 0.117000 0.016000 0.021000
0 0.161000 0.142000 0.016000 0.021000
0 0.170000 0.115000 0.016000 0.021000
0 0.078000 0.125000 0.016000 0.021000
0 0.064000 0.125000 0.016000 0.021000
0 0.048000 0.127000 0.016000 0.021000
0 0.048000 0.108000 0.016000 0.021000
0 0.083000 0.054000 0.016000 0.021000
0 0.098000 0.325000 0.016000 0.021000
0 0.111000 0.317000 0.016000 0.021000
0 0.094000 0.302000 0.016000 0.021000
0 0.095000 0.348000 0.016000 0.021000
0 0.113000 0.375000 0.016000 0.021000
0 0.120000 0.394000 0.016000 0.021000
0 0.172000 0.371000 0.016000 0.021000
0 0.278000 0.377000 0.016000 0.021000
0 0.283000 0.340000 0.016000 0.021000
0 0.239000 0.396000 0.016000 0.021000
0 0.194000 0.433000 0.016000 0.021000
0 0.202000 0.442000 0.016000 0.021000
0 0.191000 0.452000 0.016000 0.021000
0 0.439000 0.369000 0.016000 0.021000
0 0.448000 0.369000 0.016000 0.021000
0 0.422000 0.398000 0.016000 0.021000
0 0.431000 0.408000 0.016000 0.021000
0 0.500000 0.408000 0.016000 0.021000
0 0.513000 0.419000 0.016000 0.021000
0 0.492000 0.404000 0.016000 0.021000
0 0.525000 0.402000 0.016000 0.021000
0 0.494000 0.500000 0.016000 0.021000
0 0.534000 0.523000 0.016000 0.021000
0 0.548000 0.523000 0.016000 0.021000
0 0.566000 0.494000 0.016000 0.021000
0 0.734000 0.498000 0.016000 0.021000
0 0.713000 0.521000 0.016000 0.021000
0 0.694000 0.531000 0.016000 0.021000
0 0.738000 0.515000 0.016000 0.021000
0 0.756000 0.523000 0.016000 0.021000
0 0.750000 0.535000 0.016000 0.021000
0 0.891000 0.567000 0.016000 0.021000
0 0.913000 0.479000 0.016000 0.021000
0 0.914000 0.465000 0.016000 0.021000
0 0.863000 0.571000 0.016000 0.021000
0 0.856000 0.583000 0.016000 0.021000
0 0.845000 0.571000 0.016000 0.021000
0 0.809000 0.592000 0.016000 0.021000
0 0.842000 0.648000 0.016000 0.021000
0 0.856000 0.631000 0.016000 0.021000
0 0.819000 0.656000 0.016000 0.021000
0 0.838000 0.685000 0.016000 0.021000
0 0.811000 0.698000 0.016000 0.021000
0 0.753000 0.679000 0.016000 0.021000
0 0.758000 0.665000 0.016000 0.021000
0 0.742000 0.654000 0.016000 0.021000
0 0.731000 0.667000 0.016000 0.021000
0 0.731000 0.690000 0.016000 0.021000
0 0.706000 0.567000 0.016000 0.021000
0 0.380000 0.456000 0.016000 0.021000
0 0.373000 0.442000 0.016000 0.021000
0 0.306000 0.456000 0.016000 0.021000
0 0.280000 0.469000 0.016000 0.021000
0 0.230000 0.490000 0.016000 0.021000
0 0.230000 0.506000 0.016000 0.021000
0 0.116000 0.502000 0.016000 0.021000
0 0.108000 0.506000 0.016000 0.021000
0 0.075000 0.473000 0.016000 0.021000
0 0.064000 0.490000 0.016000 0.021000
0 0.047000 0.417000 0.016000 0.021000
0 0.155000 0.558000 0.016000 0.021000
0 0.150000 0.569000 0.016000 0.021000
0 0.239000 0.579000 0.016000 0.021000
0 0.473000 0.544000 0.016000 0.021000
0 0.434000 0.565000 0.016000 0.021000
0 0.431000 0.577000 0.016000 0.021000
0 0.466000 0.583000 0.016000 0.021000
0 0.500000 0.560000 0.016000 0.021000
0 0.519000 0.540000 0.016000 0.021000
0 0.491000 0.613000 0.016000 0.021000
0 0.486000 0.602000 0.016000 0.021000
0 0.430000 0.615000 0.016000 0.021000
0 0.400000 0.583000 0.016000 0.021000
0 0.380000 0.646000 0.016000 0.021000
0 0.384000 0.675000 0.016000 0.021000
0 0.539000 0.648000 0.016000 0.021000
0 0.539000 0.675000 0.016000 0.021000
0 0.591000 0.646000 0.016000 0.021000
0 0.595000 0.635000 0.016000 0.021000
0 0.634000 0.623000 0.016000 0.021000
0 0.664000 0.688000 0.016000 0.021000
0 0.736000 0.727000 0.016000 0.021000
0 0.753000 0.733000 0.016000 0.021000
0 0.738000 0.742000 0.016000 0.021000
0 0.747000 0.760000 0.016000 0.021000
0 0.756000 0.779000 0.016000 0.021000
0 0.733000 0.794000 0.016000 0.021000
0 0.772000 0.725000 0.016000 0.021000
0 0.839000 0.733000 0.016000 0.021000
0 0.852000 0.748000 0.016000 0.021000
0 0.936000 0.610000 0.016000 0.021000
0 0.950000 0.613000 0.016000 0.021000
0 0.930000 0.896000 0.016000 0.021000
0 0.816000 0.923000 0.016000 0.021000
0 0.803000 0.904000 0.016000 0.021000
0 0.830000 0.892000 0.016000 0.021000
0 0.839000 0.883000 0.016000 0.021000
0 0.847000 0.850000 0.016000 0.021000
0 0.797000 0.800000 0.016000 0.021000
0 0.766000 0.804000 0.016000 0.021000
0 0.744000 0.877000 0.016000 0.021000
0 0.733000 0.917000 0.016000 0.021000
0 0.731000 0.927000 0.016000 0.021000
0 0.692000 0.881000 0.016000 0.021000
0 0.688000 0.867000 0.016000 0.021000
0 0.628000 0.906000 0.016000 0.021000
0 0.622000 0.931000 0.016000 0.021000
0 0.641000 0.892000 0.016000 0.021000
0 0.631000 0.873000 0.016000 0.021000
0 0.634000 0.931000 0.016000 0.021000
0 0.644000 0.950000 0.016000 0.021000
0 0.645000 0.756000 0.016000 0.021000
0 0.652000 0.729000 0.016000 0.021000
0 0.625000 0.790000 0.016000 0.021000
0 0.611000 0.773000 0.016000 0.021000
0 0.598000 0.798000 0.016000 0.021000
0 0.580000 0.833000 0.016000 0.021000
0 0.489000 0.694000 0.016000 0.021000
0 0.492000 0.735000 0.016000 0.021000
0 0.480000 0.727000 0.016000 0.021000
0 0.469000 0.742000 0.016000 0.021000
0 0.452000 0.744000 0.016000 0.021000
0 0.531000 0.765000 0.016000 0.021000
0 0.550000 0.779000 0.016000 0.021000
0 0.534000 0.804000 0.016000 0.021000
0 0.392000 0.781000 0.016000 0.021000
0 0.413000 0.902000 0.016000 0.021000
0 0.258000 0.679000 0.016000 0.021000
0 0.256000 0.662000 0.016000 0.021000
0 0.186000 0.694000 0.016000 0.021000
0 0.117000 0.685000 0.016000 0.021000
0 0.117000 0.667000 0.016000 0.021000
0 0.113000 0.652000 0.016000 0.021000
0 0.047000 0.631000 0.016000 0.021000
0 0.123000 0.704000 0.016000 0.021000
0 0.098000 0.758000 0.016000 0.021000
0 0.155000 0.850000 0.016000 0.021000
0 0.130000 0.817000 0.016000 0.021000
0 0.072000 0.869000 0.016000 0.021000
0 0.061000 0.860000 0.016000 0.021000
0 0.081000 0.919000 0.016000 0.021000
0 0.094000 0.910000 0.016000 0.021000
0 0.184000 0.942000 0.016000 0.021000
0 0.775000 0.094000 0.016000 0.021000
0 0.778000 0.113000 0.016000 0.021000
0 0.763000 0.106000 0.016000 0.021000
0 0.311000 0.540000 0.016000 0.021000
0 0.923000 0.419000 0.016000 0.021000
0 0.986000 0.221000 0.016000 0.021000
0 0.975000 0.033000 0.016000 0.021000
0 0.970000 0.019000 0.016000 0.021000
0 0.984000 0.277000 0.016000 0.021000
0 0.930000 0.277000 0.016000 0.021000
0 0.986000 0.617000 0.016000 0.021000
0 0.980000 0.594000 0.016000 0.021000
0 0.970000 0.852000 0.016000 0.021000
0 0.973000 0.877000 0.016000 0.021000
0 0.973000 0.908000 0.016000 0.021000
0 0.952000 0.958000 0.016000 0.021000
0 0.931000 0.942000 0.016000 0.021000
0 0.828000 0.981000 0.016000 0.021000
0 0.809000 0.944000 0.016000 0.021000
0 0.744000 0.971000 0.016000 0.021000
0 0.589000 0.958000 0.016000 0.021000
0 0.516000 0.758000 0.016000 0.021000
0 0.336000 0.981000 0.016000 0.021000
0 0.086000 0.952000 0.016000 0.021000
0 0.247000 0.865000 0.016000 0.021000
0 0.069000 0.919000 0.016000 0.021000
0 0.009000 0.921000 0.016000 0.021000
0 0.017000 0.881000 0.016000 0.021000
0 0.020000 0.785000 0.016000 0.021000
0 0.159000 0.608000 0.016000 0.021000
0 0.081000 0.558000 0.016000 0.021000
0 0.020000 0.146000 0.016000 0.021000
0 0.036000 0.052000 0.016000 0.021000
0 0.039000 0.023000 0.016000 0.021000
0 0.097000 0.031000 0.016000 0.021000
0 0.173000 0.029000 0.016000 0.021000
0 0.159000 0.019000 0.016000 0.021000
0 0.159000 0.069000 0.016000 0.021000
0 0.166000 0.079000 0.016000 0.021000
0 0.127000 0.104000 0.016000 0.021000
0 0.225000 0.140000 0.016000 0.021000
0 0.234000 0.098000 0.016000 0.021000
0 0.392000 0.046000 0.016000 0.021000
0 0.330000 0.160000 0.016000 0.021000
0 0.331000 0.279000 0.016000 0.021000
0 0.438000 0.348000 0.016000 0.021000
0 0.225000 0.529000 0.016000 0.021000
0 0.663000 0.042000 0.016000 0.021000
0 0.683000 0.052000 0.016000 0.021000
0 0.688000 0.606000 0.016000 0.021000
0 0.688000 0.592000 0.016000 0.021000
0 0.797000 0.690000 0.016000 0.021000
0 0.786000 0.898000 0.016000 0.021000
0 0.878000 0.783000 0.016000 0.021000
0 0.873000 0.758000 0.016000 0.021000
0 0.820000 0.629000 0.016000 0.021000
0 0.652000 0.604000 0.016000 0.021000
0 0.497000 0.523000 0.016000 0.021000
0 0.797000 0.258000 0.016000 0.021000
0 0.616000 0.400000 0.016000 0.021000
0 0.438000 0.029000 0.016000 0.021000
0 0.723000 0.048000 0.016000 0.021000
0 0.717000 0.981000 0.016000 0.021000
0 0.947000 0.979000 0.016000 0.021000
0 0.989000 0.973000 0.016000 0.021000
0 0.078000 0.981000 0.016000 0.021000
0 0.993359 0.377083 0.011719 0.020833
0 0.992578 0.474306 0.008594 0.023611
0 0.991797 0.507639 0.014844 0.023611
0 0.992578 0.568750 0.013280 0.023611
0 0.481640 0.988889 0.014844 0.022222
0 0.006250 0.297917 0.012500 0.034722
0 0.005859 0.186806 0.011719 0.031944
0 0.057422 0.011110 0.021094 0.016667
0 0.390625 0.892360 0.012500 0.043056
0 0.366406 0.939583 0.014062 0.031944
0 0.460938 0.913194 0.017188 0.031944
0 0.521484 0.884028 0.014844 0.031944
0 0.582030 0.259028 0.012500 0.037500
0 0.718359 0.369444 0.011719 0.036111
0 0.496484 0.863889 0.013280 0.033333
0 0.874219 0.365972 0.009375 0.029167
0 0.375780 0.365278 0.010937 0.041667
0 0.360156 0.362500 0.017188 0.033333
0 0.373047 0.314583 0.014844 0.029167
0 0.407030 0.309722 0.010937 0.036111
0 0.311719 0.668750 0.014062 0.037500
0 0.901563 0.797917 0.010937 0.034722
0 0.675390 0.197222 0.011719 0.036111
0 0.268750 0.568750 0.009375 0.045833
0 0.532812 0.179167 0.014062 0.036111
0 0.139062 0.477778 0.010937 0.036111
0 0.534375 0.561806 0.010937 0.031944
0 0.837500 0.915972 0.010937 0.026389
0 0.436719 0.257639 0.012500 0.029167
0 0.512109 0.718056 0.014844 0.038889
0 0.783594 0.701389 0.009375 0.038889
0 0.566406 0.817360 0.009375 0.034722
0 0.992578 0.248610 0.010156 0.016667
0 0.862109 0.905556 0.013280 0.033333
0 0.046094 0.434028 0.010937 0.015278
0 0.590625 0.985417 0.017188 0.026389
0 0.837500 0.803472 0.010937 0.045833
0 0.570313 0.682639 0.012500 0.037500
0 0.957030 0.775694 0.017188 0.026389
0 0.886328 0.939583 0.016406 0.031944
0 0.503516 0.831250 0.016406 0.031944
0 0.991406 0.172222 0.015625 0.019444
0 0.954297 0.980556 0.016406 0.016667
0 0.420703 0.490278 0.019531 0.025000
0 0.448047 0.550000 0.010156 0.038889
0 0.022656 0.069444 0.012500 0.033333
0 0.137500 0.869444 0.015625 0.022222
0 0.176953 0.563889 0.019531 0.022222
0 0.191016 0.557639 0.017969 0.018056
0 0.194141 0.545139 0.011719 0.037500
0 0.185937 0.487500 0.015625 0.027778
0 0.195703 0.406944 0.016406 0.016667
0 0.219922 0.420833 0.016406 0.025000
0 0.255469 0.336806 0.010937 0.034722
0 0.266016 0.377083 0.013281 0.023611
0 0.279687 0.422222 0.017188 0.025000
0 0.323438 0.421528 0.018750 0.023611
0 0.386328 0.486111 0.016406 0.027778
0 0.419141 0.510417 0.014844 0.037500
0 0.346484 0.779167 0.017969 0.022222
0 0.392578 0.829167 0.014844 0.033333
0 0.057813 0.157639 0.023438 0.020833
0 0.118359 0.062500 0.010156 0.038889
0 0.179297 0.185417 0.013281 0.043056
0 0.191016 0.164583 0.013281 0.040278
0 0.204688 0.159028 0.014062 0.040278
0 0.252734 0.150000 0.017969 0.036111
0 0.335938 0.096528 0.014062 0.031944
0 0.269141 0.036111 0.010156 0.033333
0 0.258594 0.052778 0.010937 0.036111
0 0.063281 0.293056 0.012500 0.038889
0 0.195313 0.276389 0.015625 0.033333
0 0.229687 0.286806 0.014062 0.037500
0 0.237500 0.236111 0.010937 0.036111
0 0.065234 0.566667 0.016406 0.030556
0 0.269922 0.704167 0.014844 0.025000
0 0.278906 0.792361 0.014062 0.031944
0 0.298047 0.859028 0.017969 0.023611
0 0.360156 0.634028 0.015625 0.034722
0 0.152734 0.408333 0.010156 0.038889
0 0.145313 0.308333 0.014062 0.038889
0 0.194141 0.797917 0.017969 0.026389
0 0.169531 0.800694 0.014062 0.026389
0 0.154297 0.795139 0.019531 0.031944
0 0.098828 0.824306 0.010156 0.034722
0 0.119531 0.870833 0.015625 0.033333
0 0.119922 0.841667 0.010156 0.036111
0 0.028906 0.896528 0.012500 0.029167
0 0.026953 0.858333 0.016406 0.033333
0 0.055469 0.756250 0.020312 0.023611
0 0.062109 0.739583 0.014844 0.029167
0 0.019922 0.659028 0.013281 0.029167
0 0.024609 0.694444 0.016406 0.019444
0 0.228125 0.958333 0.014062 0.027778
0 0.232812 0.977778 0.018750 0.027778
0 0.262891 0.870833 0.019531 0.025000
0 0.308203 0.801389 0.013281 0.033333
0 0.462891 0.218750 0.014844 0.034722
0 0.482422 0.368056 0.013281 0.041667
0 0.302734 0.373611 0.014844 0.030556
0 0.430469 0.650000 0.014062 0.033333
0 0.508984 0.236806 0.019531 0.023611
0 0.582422 0.300694 0.014844 0.037500
0 0.578125 0.368750 0.014062 0.034722
0 0.570313 0.557639 0.014062 0.040278
0 0.549609 0.611111 0.014844 0.033333
0 0.628906 0.664583 0.012500 0.023611
0 0.648047 0.685417 0.013281 0.026389
0 0.686719 0.694444 0.017188 0.030556
0 0.309766 0.720833 0.014844 0.036111
0 0.541797 0.336111 0.011719 0.033333
0 0.645312 0.185417 0.010937 0.037500
0 0.581641 0.027083 0.013281 0.037500
0 0.884375 0.067361 0.012500 0.040278
0 0.801172 0.045139 0.011719 0.026389
0 0.795313 0.035417 0.012500 0.031944
0 0.808203 0.019444 0.014844 0.022222
0 0.656250 0.240278 0.017188 0.027778
0 0.631641 0.227083 0.021094 0.023611
0 0.546484 0.856944 0.017969 0.033333
0 0.512109 0.959028 0.019531 0.020833
0 0.571484 0.963889 0.017969 0.019444
0 0.633984 0.950000 0.011719 0.033333
0 0.717188 0.816667 0.017188 0.022222
0 0.803125 0.493056 0.012500 0.030556
0 0.827344 0.502778 0.012500 0.036111
0 0.761328 0.205556 0.013281 0.036111
0 0.773828 0.212500 0.010156 0.030556
0 0.769531 0.240278 0.012500 0.038889
0 0.842578 0.264583 0.014844 0.040278
0 0.826563 0.273611 0.017188 0.027778
0 0.810156 0.371528 0.018750 0.026389
0 0.803516 0.336806 0.016406 0.023611
0 0.480469 0.275000 0.015625 0.033333
0 0.491406 0.286111 0.020312 0.019444
0 0.506641 0.286806 0.017969 0.029167
0 0.787891 0.538194 0.011719 0.029167
0 0.297656 0.702083 0.015625 0.023611
0 0.850781 0.914583 0.009375 0.034722
0 0.966797 0.500694 0.000781 0.001389
0 0.972266 0.515972 0.013281 0.029167
0 0.965625 0.470139 0.017188 0.026389
0 0.954687 0.542361 0.018750 0.023611
0 0.967578 0.609028 0.011719 0.034722
0 0.911328 0.925000 0.011719 0.030556
0 0.727734 0.589583 0.010156 0.040278
0 0.713281 0.749306 0.015625 0.034722
0 0.677344 0.771528 0.021875 0.023611
0 0.684766 0.907639 0.017969 0.020833
0 0.656250 0.971528 0.012500 0.029167
0 0.961719 0.077778 0.017188 0.027778
0 0.812500 0.156250 0.010937 0.037500
0 0.810156 0.102083 0.012500 0.037500
0 0.550000 0.095833 0.014062 0.027778
0 0.476953 0.100000 0.017969 0.022222
0 0.356250 0.149306 0.015625 0.029167
0 0.671484 0.088889 0.011719 0.033333
0 0.435547 0.059028 0.011719 0.037500
0 0.403125 0.712500 0.017188 0.030556
0 0.407422 0.698611 0.013281 0.027778
0 0.819141 0.806944 0.016406 0.025000
0 0.825391 0.816667 0.008594 0.033333
0 0.903516 0.646528 0.010156 0.034722
0 0.957031 0.719444 0.017188 0.025000
0 0.082813 0.577778 0.014062 0.033333
0 0.046094 0.481250 0.009375 0.037500
0 0.706641 0.279861 0.011719 0.037500
0 0.262109 0.441667 0.016406 0.019444
0 0.036719 0.349306 0.015625 0.029167
0 0.480859 0.068056 0.019531 0.016667
0 0.753906 0.394444 0.012500 0.030556
0 0.447266 0.829861 0.014844 0.031944
0 0.978125 0.692361 0.014062 0.034722
0 0.528906 0.475694 0.014062 0.037500
0 0.323047 0.522917 0.011719 0.020833
0 0.333203 0.516667 0.011719 0.027778
0 0.708984 0.142361 0.011719 0.023611
0 0.469922 0.378472 0.011719 0.026389
0 0.791016 0.618750 0.014844 0.020833
0 0.793750 0.632639 0.012500 0.023611
0 0.762891 0.538889 0.011719 0.016667
0 0.053125 0.482639 0.009375 0.029167
