0 0.115700 0.419200 0.014400 0.026500
0 0.257500 0.329900 0.013300 0.022600
0 0.623900 0.802800 0.015700 0.020800
0 0.856200 0.296000 0.011600 0.034800
0 0.256300 0.422200 0.014400 0.020000
0 0.122600 0.566700 0.021200 0.020000
0 0.272600 0.344300 0.013800 0.021100
0 0.698400 0.631600 0.012100 0.027500
0 0.545500 0.164100 0.015000 0.022100
0 0.843500 0.776900 0.017100 0.019600
0 0.144700 0.257000 0.013200 0.020000
0 0.029900 0.421700 0.013800 0.019500
0 0.659100 0.439900 0.014700 0.024300
0 0.906900 0.547800 0.015200 0.022300
0 0.404500 0.119500 0.011700 0.030800
0 0.348400 0.529500 0.015000 0.019300
0 0.773100 0.770900 0.017400 0.019200
0 0.244000 0.936300 0.016200 0.020600
0 0.252700 0.052400 0.017500 0.019300
0 0.131200 0.186200 0.016200 0.022500
0 0.406100 0.432200 0.014900 0.020400
0 0.422900 0.241000 0.017200 0.020000
0 0.895100 0.053300 0.015500 0.021100
0 0.770700 0.743700 0.016500 0.017800
0 0.167300 0.772500 0.014000 0.021200
0 0.695100 0.376300 0.015000 0.022700
0 0.702000 0.781800 0.015900 0.020600
0 0.034000 0.532600 0.011600 0.030100
0 0.384800 0.285600 0.016100 0.021800
0 0.880100 0.140900 0.013700 0.022500
0 0.933100 0.446700 0.013100 0.018900
0 0.073300 0.960200 0.013200 0.028700
0 0.446800 0.247700 0.016100 0.018600
0 0.214300 0.683800 0.013900 0.022800
0 0.785500 0.917600 0.012500 0.026500
0 0.145100 0.861400 0.014200 0.020100
0 0.063500 0.460100 0.013800 0.023000
0 0.705100 0.810800 0.012900 0.026600
0 0.585000 0.488300 0.015400 0.022500
0 0.053100 0.641600 0.012100 0.026400
0 0.481900 0.726800 0.015300 0.020300
0 0.697300 0.585200 0.013900 0.021500
0 0.141200 0.292500 0.011500 0.024800
0 0.822300 0.289400 0.011500 0.034900
0 0.481900 0.705900 0.014200 0.022800
0 0.804400 0.291000 0.011200 0.033900
0 0.117300 0.307600 0.014900 0.019100
0 0.802000 0.747600 0.017700 0.019200
0 0.471900 0.893500 0.014100 0.023300
0 0.194400 0.940100 0.015800 0.019600
0 0.776500 0.540900 0.012200 0.023500
0 0.421400 0.756100 0.013000 0.033400
0 0.034300 0.094200 0.013800 0.024900
0 0.467800 0.257900 0.015900 0.019700
0 0.655100 0.734800 0.016900 0.019300
0 0.621800 0.844900 0.017600 0.017400
0 0.497100 0.269900 0.016800 0.018000
0 0.040500 0.752300 0.014900 0.022100
0 0.372900 0.807700 0.014300 0.019300
0 0.341100 0.386200 0.013300 0.025500
0 0.693800 0.945000 0.013100 0.031900
0 0.120700 0.246100 0.013300 0.021900
0 0.520500 0.845000 0.016600 0.020000
0 0.046700 0.482900 0.011500 0.025900
0 0.221200 0.269000 0.014600 0.021200
0 0.603200 0.806900 0.014800 0.020300
0 0.070500 0.368600 0.014300 0.017400
0 0.139600 0.722700 0.014200 0.020300
0 0.922900 0.631600 0.013000 0.031500
0 0.471700 0.234200 0.015600 0.021700
0 0.891000 0.234100 0.012400 0.027400
0 0.190700 0.721000 0.013200 0.026400
0 0.739700 0.904000 0.015300 0.023200
0 0.556900 0.209600 0.016200 0.021500
0 0.568600 0.690300 0.013100 0.024800
0 0.445700 0.041700 0.011800 0.025300
0 0.094000 0.717500 0.015500 0.018900
0 0.782100 0.817100 0.014900 0.021300
0 0.780200 0.843400 0.014100 0.025600
0 0.028200 0.353000 0.014900 0.017200
0 0.377800 0.268100 0.016600 0.019800
0 0.685300 0.311400 0.014100 0.023500
0 0.764800 0.758800 0.014600 0.020300
0 0.083700 0.329500 0.013500 0.019000
0 0.727400 0.595800 0.013600 0.021200
0 0.640000 0.604000 0.015400 0.023600
0 0.340800 0.618400 0.019200 0.019600
0 0.128700 0.794900 0.013000 0.025900
0 0.546000 0.672700 0.012200 0.024500
0 0.518400 0.105400 0.013000 0.024000
0 0.478900 0.101700 0.014700 0.022600
0 0.444700 0.440200 0.016300 0.019100
0 0.484400 0.294500 0.016900 0.019000
0 0.057700 0.090100 0.016000 0.022900
0 0.973900 0.292400 0.018000 0.020900
0 0.713300 0.021700 0.016200 0.022800
0 0.391600 0.806800 0.016500 0.020000
0 0.674300 0.070700 0.015400 0.023100
0 0.605700 0.823900 0.016000 0.020800
0 0.776100 0.457900 0.012700 0.026700
0 0.278300 0.318000 0.011200 0.031200
0 0.155000 0.101200 0.015600 0.023200
0 0.560000 0.234100 0.014900 0.025400
0 0.813000 0.660700 0.014000 0.023900
0 0.514700 0.401900 0.012900 0.020500
0 0.234000 0.507000 0.011300 0.023400
0 0.105300 0.304000 0.016100 0.019800
0 0.019400 0.855500 0.014200 0.025300
0 0.851000 0.488900 0.015000 0.021800
0 0.368400 0.039600 0.014500 0.024600
0 0.820700 0.268500 0.014300 0.022400
0 0.684000 0.256000 0.013100 0.025400
0 0.721200 0.515000 0.010800 0.033000
0 0.383700 0.146900 0.013000 0.028800
0 0.845000 0.581500 0.010500 0.037000
0 0.265200 0.880800 0.012000 0.026700
0 0.214700 0.489700 0.009300 0.032300
0 0.219800 0.540200 0.013700 0.023000
0 0.594200 0.960500 0.013100 0.030000
0 0.056600 0.746200 0.014700 0.021200
0 0.486400 0.946100 0.014300 0.023900
0 0.986600 0.505500 0.015000 0.023100
0 0.719900 0.747500 0.016100 0.024000
0 0.844500 0.892000 0.011500 0.025200
0 0.607500 0.541500 0.010600 0.033600
0 0.498800 0.617600 0.014100 0.024900
0 0.478400 0.407600 0.013600 0.025600
0 0.701900 0.649400 0.014900 0.019300
0 0.409600 0.593800 0.015400 0.024000
0 0.123800 0.818400 0.014900 0.025400
0 0.932400 0.382800 0.014200 0.024000
0 0.009600 0.878300 0.015700 0.022000
0 0.439000 0.054100 0.011800 0.028800
0 0.119900 0.521000 0.014200 0.026100
0 0.282800 0.148400 0.014100 0.028500
0 0.929300 0.700800 0.014300 0.024200
0 0.251100 0.873500 0.013200 0.025700
0 0.140400 0.360000 0.012900 0.025200
0 0.239900 0.803800 0.015700 0.025000
0 0.859400 0.515400 0.012100 0.024600
0 0.982400 0.607900 0.012400 0.030200
0 0.955100 0.436500 0.016000 0.020700
0 0.928000 0.824300 0.013200 0.028800
0 0.661700 0.191000 0.014000 0.025600
0 0.165500 0.113700 0.013600 0.020700
0 0.676100 0.971000 0.015100 0.022500
0 0.005300 0.345600 0.011700 0.016800
0 0.477900 0.909800 0.011800 0.024900
0 0.368000 0.575800 0.013800 0.021700
0 0.982700 0.727800 0.011600 0.033200
0 0.048700 0.657800 0.016200 0.022200
0 0.234100 0.295900 0.010900 0.030400
0 0.850700 0.855900 0.014900 0.022500
0 0.509500 0.465900 0.017500 0.023200
0 0.248700 0.434500 0.013600 0.018600
0 0.778300 0.973500 0.013800 0.024800
0 0.968600 0.141900 0.015700 0.021000
0 0.879300 0.977700 0.013300 0.025300
0 0.037100 0.243800 0.013100 0.025900
0 0.047600 0.328800 0.014600 0.020900
0 0.293900 0.428600 0.013600 0.017300
0 0.654100 0.683900 0.016500 0.025200
0 0.923600 0.479700 0.013900 0.018500
0 0.247200 0.445100 0.012100 0.023900
0 0.566400 0.364900 0.015600 0.021900
0 0.323100 0.102700 0.018800 0.023900
0 0.247400 0.018000 0.014600 0.023000
0 0.267100 0.658300 0.009900 0.038400
0 0.003300 0.840000 0.006500 0.024200
0 0.565900 0.090600 0.011800 0.022900
0 0.206100 0.090600 0.014000 0.029100
0 0.158300 0.238600 0.011800 0.023000
0 0.566100 0.643900 0.013700 0.024100
0 0.495600 0.677600 0.014700 0.021200
0 0.488100 0.583000 0.013300 0.025000
0 0.514400 0.454800 0.016300 0.020900
0 0.243700 0.490000 0.011100 0.022900
0 0.966200 0.330500 0.011200 0.031400
0 0.305200 0.920700 0.010500 0.038700
0 0.543300 0.419000 0.012500 0.026900
0 0.594600 0.047000 0.014700 0.023200
0 0.199600 0.269700 0.012600 0.022600
0 0.033900 0.382400 0.013400 0.018000
0 0.861100 0.598600 0.012400 0.028500
0 0.281300 0.474000 0.012600 0.020500
0 0.631500 0.041400 0.010900 0.032100
0 0.512200 0.376900 0.012200 0.026700
0 0.955600 0.502300 0.017300 0.019900
0 0.588600 0.429800 0.014100 0.027200
0 0.190000 0.070300 0.012600 0.030000
0 0.883500 0.078800 0.014700 0.022700
0 0.146700 0.198900 0.013500 0.021900
0 0.245700 0.591200 0.010000 0.032300
0 0.576900 0.577400 0.009200 0.038000
0 0.514400 0.984200 0.016900 0.022500
0 0.263900 0.490500 0.013300 0.020700
0 0.235200 0.543300 0.012000 0.025000
0 0.566000 0.118800 0.011500 0.023300
0 0.324000 0.561200 0.014200 0.020000
0 0.936200 0.865800 0.012600 0.027400
0 0.481700 0.672700 0.011200 0.028200
0 0.501000 0.679500 0.013200 0.019800
0 0.835400 0.442800 0.010800 0.032300
0 0.317600 0.524200 0.013800 0.023200
0 0.590500 0.119800 0.013800 0.020000
0 0.031300 0.449100 0.012300 0.022800
0 0.475500 0.552600 0.012300 0.026600
0 0.706100 0.684700 0.012700 0.032700
0 0.429400 0.047800 0.010500 0.032400
0 0.976600 0.102300 0.013000 0.028000
0 0.639500 0.618500 0.015800 0.022100
0 0.357000 0.624200 0.015800 0.021900
0 0.576100 0.056300 0.014200 0.021900
0 0.983900 0.155100 0.015100 0.020300
0 0.064800 0.085700 0.013100 0.022900
0 0.653600 0.627100 0.013500 0.021200
0 0.557200 0.121600 0.011100 0.025700
0 0.758900 0.877400 0.012000 0.030000
0 0.885900 0.415300 0.012800 0.025300
0 0.486500 0.497500 0.016100 0.024500
0 0.046600 0.321400 0.014700 0.021000
0 0.488000 0.090200 0.012700 0.022600
0 0.119400 0.078000 0.013500 0.023800
0 0.343200 0.976200 0.012400 0.023500
0 0.566700 0.151600 0.012500 0.026200
0 0.307400 0.424400 0.013000 0.019900
0 0.031000 0.336600 0.014800 0.018300
0 0.586700 0.286900 0.013900 0.024500
0 0.621000 0.185300 0.011300 0.035700
0 0.874400 0.391400 0.014800 0.021800
0 0.569200 0.142200 0.012200 0.022700
0 0.964800 0.508700 0.017900 0.019100
0 0.811700 0.875400 0.012600 0.022000
0 0.868300 0.975900 0.012300 0.027400
0 0.867100 0.413300 0.014400 0.022700
0 0.004000 0.016900 0.007200 0.025000
0 0.592300 0.653600 0.013400 0.022600
0 0.238600 0.539000 0.011800 0.025600
0 0.480600 0.509000 0.014200 0.024600
0 0.945700 0.385100 0.010800 0.028300
0 0.388500 0.151000 0.011800 0.025900
0 0.283700 0.692600 0.011800 0.029500
0 0.217900 0.423300 0.013400 0.023600
0 0.784300 0.101300 0.014700 0.028200
0 0.261700 0.810000 0.011500 0.030800
0 0.563900 0.063600 0.013200 0.022100
0 0.585900 0.652100 0.012800 0.023600
0 0.839700 0.203500 0.016000 0.022200
0 0.488300 0.710300 0.014800 0.019600
0 0.724500 0.531300 0.011000 0.029600
0 0.725600 0.301700 0.010600 0.031900
0 0.100800 0.572400 0.016000 0.025100
0 0.370300 0.954800 0.012100 0.029600
0 0.330800 0.768600 0.015100 0.026800
0 0.845600 0.027700 0.010900 0.028800
0 0.260938 0.369444 0.014062 0.022222
0 0.913672 0.937500 0.011719 0.025000
0 0.822656 0.020139 0.009375 0.026389
0 0.813281 0.025694 0.009375 0.029167
