0 0.308500 0.415900 0.011800 0.024600
0 0.701000 0.385600 0.014100 0.022600
0 0.274100 0.098800 0.012500 0.023100
0 0.859800 0.776400 0.017000 0.022700
0 0.620000 0.801500 0.017500 0.020800
0 0.256000 0.659700 0.011800 0.027000
0 0.102900 0.227600 0.016100 0.020100
0 0.273200 0.155200 0.013700 0.022600
0 0.038500 0.603200 0.016400 0.019400
0 0.845100 0.582900 0.011600 0.033000
0 0.330100 0.532800 0.014900 0.022800
0 0.385600 0.151700 0.013700 0.027800
0 0.122500 0.098500 0.013800 0.021900
0 0.066500 0.439500 0.015100 0.017300
0 0.306300 0.158200 0.014700 0.019700
0 0.241300 0.040000 0.016700 0.020300
0 0.449200 0.428900 0.016200 0.018900
0 0.671700 0.729300 0.015400 0.020800
0 0.079500 0.586200 0.013300 0.023600
0 0.259400 0.697600 0.014900 0.023600
0 0.557300 0.209600 0.015800 0.022000
0 0.455100 0.122400 0.015800 0.021700
0 0.924000 0.700700 0.017000 0.020200
0 0.980200 0.095600 0.012800 0.024600
0 0.068700 0.257900 0.015100 0.017100
0 0.595200 0.154500 0.015500 0.021500
0 0.468700 0.236300 0.015300 0.022400
0 0.394100 0.470700 0.014800 0.019600
0 0.398800 0.790100 0.010600 0.031700
0 0.106600 0.345700 0.013100 0.017300
0 0.954200 0.073100 0.016400 0.019800
0 0.568400 0.644200 0.014700 0.021500
0 0.303100 0.955600 0.014500 0.019300
0 0.866600 0.167200 0.014600 0.023800
0 0.230500 0.627200 0.013700 0.021300
0 0.890500 0.294100 0.012300 0.030000
0 0.778500 0.133400 0.014700 0.022500
0 0.892600 0.398800 0.015400 0.022900
0 0.902600 0.551100 0.013600 0.022600
0 0.109900 0.417500 0.012900 0.024900
0 0.805500 0.103700 0.013400 0.026400
0 0.180100 0.779800 0.015800 0.021000
0 0.125800 0.042100 0.011100 0.027700
0 0.972400 0.284000 0.016100 0.020600
0 0.418300 0.744900 0.011900 0.032700
0 0.056500 0.752000 0.016300 0.020200
0 0.654500 0.683000 0.016300 0.020500
0 0.780400 0.458600 0.013000 0.024400
0 0.221300 0.543100 0.012400 0.020200
0 0.480000 0.288300 0.016600 0.020100
0 0.147000 0.475700 0.016100 0.019600
0 0.797000 0.213100 0.015700 0.020200
0 0.280700 0.480900 0.013600 0.021100
0 0.026500 0.473700 0.014800 0.018400
0 0.302700 0.554700 0.015100 0.017900
0 0.482100 0.724200 0.017800 0.019500
0 0.381700 0.283900 0.015600 0.022300
0 0.109800 0.665600 0.016500 0.020600
0 0.235900 0.544200 0.011300 0.024700
0 0.286700 0.068200 0.014200 0.021500
0 0.103600 0.719600 0.016000 0.018600
0 0.568400 0.089300 0.012600 0.025600
0 0.248400 0.455200 0.013700 0.021300
0 0.421000 0.240600 0.016000 0.019900
0 0.268700 0.348100 0.015400 0.018600
0 0.599100 0.804800 0.015600 0.021700
0 0.215100 0.489500 0.009800 0.029200
0 0.705600 0.806900 0.013700 0.026200
0 0.583100 0.491400 0.014700 0.021600
0 0.197700 0.309000 0.012800 0.021400
0 0.138600 0.876400 0.014200 0.022500
0 0.684100 0.722700 0.013600 0.023000
0 0.219700 0.138500 0.012800 0.023800
0 0.542300 0.481100 0.014100 0.022100
0 0.206000 0.941700 0.015300 0.020000
0 0.007300 0.758000 0.014200 0.018800
0 0.641200 0.604600 0.017200 0.024100
0 0.446900 0.248900 0.015600 0.019700
0 0.377800 0.268600 0.017000 0.018900
0 0.980400 0.729200 0.016600 0.020000
0 0.752100 0.760200 0.012200 0.024700
0 0.680100 0.434300 0.012600 0.027000
0 0.016000 0.426500 0.013500 0.019900
0 0.722000 0.895300 0.012000 0.026000
0 0.082000 0.243800 0.016900 0.017300
0 0.065300 0.373900 0.015800 0.016200
0 0.920800 0.632700 0.013100 0.029800
0 0.033400 0.381400 0.016000 0.017000
0 0.815900 0.877900 0.016500 0.020200
0 0.251900 0.872100 0.013100 0.024700
0 0.260500 0.491000 0.015400 0.017300
0 0.024400 0.332100 0.012700 0.021200
0 0.149000 0.336800 0.012500 0.021300
0 0.614500 0.857400 0.012700 0.027800
0 0.331300 0.499100 0.011200 0.029300
0 0.527800 0.126600 0.013000 0.023400
0 0.722200 0.293800 0.012400 0.030100
0 0.383700 0.689800 0.011500 0.027300
0 0.033800 0.251500 0.012300 0.023100
0 0.222800 0.363900 0.014100 0.020500
0 0.143200 0.549400 0.016800 0.020900
0 0.508400 0.367700 0.012400 0.026400
0 0.713400 0.021300 0.016000 0.021600
0 0.426800 0.475900 0.016100 0.020700
0 0.472400 0.555600 0.012900 0.027400
0 0.231900 0.970100 0.015700 0.019500
0 0.831300 0.504900 0.013700 0.025700
0 0.633700 0.251600 0.016100 0.024400
0 0.568600 0.598800 0.013300 0.021700
0 0.560600 0.236500 0.014900 0.022500
0 0.122300 0.421600 0.014700 0.022200
0 0.003600 0.503600 0.009000 0.024100
0 0.869000 0.977500 0.012500 0.030700
0 0.264200 0.803500 0.011100 0.030400
0 0.250500 0.584400 0.010700 0.030600
0 0.805800 0.756800 0.015400 0.022000
0 0.843900 0.892100 0.011600 0.025500
0 0.233800 0.510300 0.010700 0.022300
0 0.341700 0.588600 0.012900 0.027100
0 0.826800 0.282900 0.011400 0.031300
0 0.492200 0.424000 0.015500 0.020300
0 0.911100 0.443300 0.012200 0.030400
0 0.479700 0.411300 0.014100 0.023000
0 0.157500 0.275900 0.014500 0.020100
0 0.341200 0.780700 0.014400 0.023300
0 0.423700 0.014700 0.012400 0.020600
0 0.453600 0.040500 0.015400 0.021800
0 0.378200 0.472400 0.011900 0.022800
0 0.293700 0.251600 0.014600 0.022400
0 0.732600 0.520900 0.011300 0.034100
0 0.951000 0.167000 0.016200 0.023200
0 0.469600 0.142800 0.012400 0.023800
0 0.570700 0.351300 0.012100 0.027400
0 0.952900 0.035100 0.013900 0.022700
0 0.798100 0.154900 0.015600 0.021400
0 0.520100 0.397900 0.013900 0.018300
0 0.026900 0.352900 0.014700 0.019000
0 0.458700 0.143000 0.013600 0.020300
0 0.773100 0.245700 0.013600 0.018400
0 0.516600 0.443600 0.015000 0.019500
0 0.503400 0.981000 0.012300 0.027500
0 0.755000 0.950900 0.012200 0.026900
0 0.279900 0.126400 0.013500 0.021400
0 0.351600 0.613100 0.017400 0.021900
0 0.049100 0.316500 0.013600 0.019500
0 0.301400 0.938900 0.014800 0.018900
0 0.792200 0.759200 0.015500 0.021700
0 0.391700 0.961700 0.013700 0.022600
0 0.085600 0.128700 0.012500 0.031300
0 0.563600 0.690200 0.014100 0.023500
0 0.661900 0.190800 0.014100 0.024600
0 0.216300 0.161300 0.014900 0.022700
0 0.592000 0.536000 0.012700 0.023900
0 0.786300 0.801500 0.013000 0.024300
0 0.434200 0.053300 0.011800 0.029200
0 0.217500 0.423500 0.012100 0.022100
0 0.863300 0.223900 0.013300 0.025900
0 0.798200 0.041600 0.012700 0.025100
0 0.801600 0.386200 0.015500 0.019100
0 0.653100 0.627300 0.013800 0.021000
0 0.552900 0.120400 0.010800 0.028700
0 0.819400 0.029600 0.010800 0.033100
0 0.327100 0.770700 0.012900 0.028700
0 0.531200 0.055600 0.010800 0.033600
0 0.281300 0.341500 0.013000 0.024900
0 0.675700 0.070600 0.015200 0.022300
0 0.144000 0.977800 0.011800 0.027200
0 0.076600 0.382400 0.013700 0.016700
0 0.965900 0.329200 0.011200 0.031600
0 0.736900 0.910800 0.014300 0.023000
0 0.453500 0.061100 0.014900 0.022800
0 0.717200 0.971300 0.012100 0.026400
0 0.444300 0.029600 0.014800 0.021200
0 0.638900 0.618300 0.016400 0.022800
0 0.578800 0.558800 0.009400 0.034400
0 0.715800 0.704100 0.014900 0.022600
0 0.604500 0.543200 0.009500 0.033500
0 0.615500 0.967900 0.012000 0.028200
0 0.923700 0.480100 0.012800 0.020100
0 0.338800 0.386800 0.013200 0.024200
0 0.986500 0.505300 0.013500 0.025800
0 0.723000 0.600700 0.015800 0.023800
0 0.446200 0.292000 0.014600 0.020200
0 0.036900 0.759800 0.016300 0.019500
0 0.143900 0.261600 0.014500 0.023200
0 0.473900 0.518100 0.013300 0.022200
0 0.971100 0.433800 0.013000 0.027500
0 0.886900 0.064400 0.016100 0.023400
0 0.850900 0.444600 0.012400 0.025400
0 0.091000 0.555300 0.011700 0.027600
0 0.532500 0.528400 0.011100 0.024000
0 0.861300 0.599000 0.013000 0.026200
0 0.499400 0.680100 0.017800 0.020200
0 0.786900 0.915600 0.013700 0.025500
0 0.193600 0.201100 0.013100 0.024300
0 0.242400 0.297200 0.011700 0.024000
0 0.716800 0.908500 0.011600 0.026100
0 0.881600 0.416000 0.011800 0.028200
0 0.074300 0.965500 0.012700 0.029200
0 0.605300 0.484700 0.013400 0.023400
0 0.283400 0.198700 0.011600 0.028500
0 0.385700 0.479600 0.012200 0.021700
0 0.963100 0.847100 0.012800 0.038600
0 0.776600 0.852200 0.015400 0.022000
0 0.474500 0.891200 0.014900 0.024400
0 0.513000 0.461100 0.014600 0.019900
0 0.469900 0.492700 0.014300 0.022500
0 0.849300 0.493600 0.013600 0.021300
0 0.791500 0.026900 0.012200 0.028000
0 0.585800 0.656200 0.014300 0.022200
0 0.567300 0.153400 0.010500 0.030000
0 0.486800 0.704300 0.017900 0.021600
0 0.864600 0.510700 0.010600 0.031900
0 0.955400 0.381400 0.011600 0.030900
0 0.838000 0.339400 0.013900 0.023700
0 0.700700 0.634400 0.009900 0.035800
0 0.811700 0.689200 0.012200 0.029800
0 0.801300 0.971500 0.013300 0.020600
0 0.988200 0.906000 0.011500 0.023600
0 0.275600 0.789000 0.011700 0.026200
0 0.003000 0.839100 0.006500 0.024300
0 0.859500 0.019600 0.012700 0.026200
0 0.009700 0.380000 0.011000 0.022600
0 0.983900 0.439600 0.013600 0.023100
0 0.788600 0.871300 0.016700 0.020400
0 0.600400 0.094500 0.012200 0.028200
0 0.228200 0.575900 0.010000 0.028600
0 0.952500 0.418600 0.014100 0.023200
0 0.763200 0.749600 0.016300 0.021200
0 0.125600 0.664100 0.015200 0.031800
0 0.237000 0.438900 0.011700 0.027100
0 0.987000 0.328600 0.012900 0.022000
0 0.591100 0.654100 0.014300 0.021800
0 0.038800 0.086000 0.015100 0.027300
0 0.324500 0.910400 0.014200 0.024500
0 0.372100 0.014700 0.013200 0.023700
0 0.214900 0.098600 0.014200 0.019200
0 0.114600 0.458200 0.012800 0.023100
0 0.236700 0.295500 0.010800 0.027300
0 0.034100 0.207300 0.010200 0.028600
0 0.700500 0.787800 0.015700 0.020500
0 0.377100 0.685600 0.012700 0.024100
0 0.745200 0.771900 0.012200 0.026500
0 0.229600 0.555900 0.011600 0.023000
0 0.015000 0.517000 0.016300 0.022800
0 0.834700 0.044800 0.012200 0.030500
0 0.818200 0.277600 0.011100 0.028900
0 0.323900 0.753700 0.014200 0.021200
0 0.370300 0.956100 0.012500 0.025900
0 0.143800 0.026700 0.010500 0.031800
0 0.852600 0.577900 0.012200 0.025900
0 0.568800 0.014200 0.014900 0.021800
0 0.863200 0.035900 0.017200 0.020400
0 0.730600 0.532800 0.011100 0.029900
