0 0.961000 0.050000 0.016000 0.021000
0 0.958000 0.069000 0.016000 0.021000
0 0.963000 0.094000 0.016000 0.021000
0 0.942000 0.069000 0.016000 0.021000
0 0.881000 0.075000 0.016000 0.021000
0 0.891000 0.069000 0.016000 0.021000
0 0.891000 0.098000 0.016000 0.021000
0 0.900000 0.200000 0.016000 0.021000
0 0.780000 0.083000 0.016000 0.021000
0 0.772000 0.104000 0.016000 0.021000
0 0.750000 0.119000 0.016000 0.021000
0 0.761000 0.113000 0.016000 0.021000
0 0.970000 0.190000 0.016000 0.021000
0 0.970000 0.190000 0.016000 0.021000
0 0.964000 0.206000 0.016000 0.021000
0 0.964000 0.206000 0.016000 0.021000
0 0.900000 0.246000 0.016000 0.021000
0 0.869000 0.271000 0.016000 0.021000
0 0.881000 0.271000 0.016000 0.021000
0 0.878000 0.258000 0.016000 0.021000
0 0.808000 0.283000 0.016000 0.021000
0 0.878000 0.308000 0.016000 0.021000
0 0.916000 0.394000 0.016000 0.021000
0 0.905000 0.402000 0.016000 0.021000
0 0.905000 0.375000 0.016000 0.021000
0 0.859000 0.360000 0.016000 0.021000
0 0.855000 0.321000 0.016000 0.021000
0 0.844000 0.327000 0.016000 0.021000
0 0.825000 0.340000 0.016000 0.021000
0 0.791000 0.323000 0.016000 0.021000
0 0.794000 0.344000 0.016000 0.021000
0 0.706000 0.131000 0.016000 0.021000
0 0.670000 0.071000 0.016000 0.021000
0 0.664000 0.062000 0.016000 0.021000
0 0.603000 0.075000 0.016000 0.021000
0 0.614000 0.092000 0.016000 0.021000
0 0.634000 0.113000 0.016000 0.021000
0 0.666000 0.108000 0.016000 0.021000
0 0.670000 0.254000 0.016000 0.021000
0 0.672000 0.271000 0.016000 0.021000
0 0.613000 0.250000 0.016000 0.021000
0 0.550000 0.256000 0.016000 0.021000
0 0.584000 0.163000 0.016000 0.021000
0 0.598000 0.158000 0.016000 0.021000
0 0.588000 0.173000 0.016000 0.021000
0 0.492000 0.129000 0.016000 0.021000
0 0.445000 0.054000 0.016000 0.021000
0 0.431000 0.171000 0.016000 0.021000
0 0.408000 0.177000 0.016000 0.021000
0 0.436000 0.146000 0.016000 0.021000
0 0.428000 0.129000 0.016000 0.021000
0 0.395000 0.087000 0.016000 0.021000
0 0.403000 0.065000 0.016000 0.021000
0 0.369000 0.110000 0.016000 0.021000
0 0.366000 0.138000 0.016000 0.021000
0 0.378000 0.163000 0.016000 0.021000
0 0.361000 0.173000 0.016000 0.021000
0 0.334000 0.192000 0.016000 0.021000
0 0.284000 0.096000 0.016000 0.021000
0 0.298000 0.085000 0.016000 0.021000
0 0.273000 0.065000 0.016000 0.021000
0 0.352000 0.052000 0.016000 0.021000
0 0.352000 0.071000 0.016000 0.021000
0 0.239000 0.125000 0.016000 0.021000
0 0.223000 0.129000 0.016000 0.021000
0 0.191000 0.054000 0.016000 0.021000
0 0.194000 0.044000 0.016000 0.021000
0 0.122000 0.069000 0.016000 0.021000
0 0.127000 0.052000 0.016000 0.021000
0 0.075000 0.142000 0.016000 0.021000
0 0.062000 0.152000 0.016000 0.021000
0 0.044000 0.106000 0.016000 0.021000
0 0.169000 0.094000 0.016000 0.021000
0 0.178000 0.117000 0.016000 0.021000
0 0.413000 0.087000 0.016000 0.021000
0 0.214000 0.221000 0.016000 0.021000
0 0.206000 0.229000 0.016000 0.021000
0 0.175000 0.208000 0.016000 0.021000
0 0.477000 0.296000 0.016000 0.021000
0 0.463000 0.285000 0.016000 0.021000
0 0.436000 0.273000 0.016000 0.021000
0 0.427000 0.292000 0.016000 0.021000
0 0.388000 0.327000 0.016000 0.021000
0 0.336000 0.327000 0.016000 0.021000
0 0.250000 0.317000 0.016000 0.021000
0 0.233000 0.340000 0.016000 0.021000
0 0.072000 0.273000 0.016000 0.021000
0 0.061000 0.290000 0.016000 0.021000
0 0.061000 0.323000 0.016000 0.021000
0 0.058000 0.342000 0.016000 0.021000
0 0.070000 0.369000 0.016000 0.021000
0 0.122000 0.367000 0.016000 0.021000
0 0.144000 0.329000 0.016000 0.021000
0 0.152000 0.340000 0.016000 0.021000
0 0.159000 0.350000 0.016000 0.021000
0 0.167000 0.367000 0.016000 0.021000
0 0.328000 0.346000 0.016000 0.021000
0 0.297000 0.396000 0.016000 0.021000
0 0.258000 0.398000 0.016000 0.021000
0 0.292000 0.454000 0.016000 0.021000
0 0.288000 0.419000 0.016000 0.021000
0 0.270000 0.412000 0.016000 0.021000
0 0.334000 0.421000 0.016000 0.021000
0 0.483000 0.362000 0.016000 0.021000
0 0.481000 0.392000 0.016000 0.021000
0 0.473000 0.408000 0.016000 0.021000
0 0.452000 0.406000 0.016000 0.021000
0 0.405000 0.440000 0.016000 0.021000
0 0.942000 0.473000 0.016000 0.021000
0 0.839000 0.435000 0.016000 0.021000
0 0.822000 0.456000 0.016000 0.021000
0 0.711000 0.404000 0.016000 0.021000
0 0.698000 0.400000 0.016000 0.021000
0 0.675000 0.467000 0.016000 0.021000
0 0.659000 0.462000 0.016000 0.021000
0 0.683000 0.448000 0.016000 0.021000
0 0.706000 0.467000 0.016000 0.021000
0 0.831000 0.517000 0.016000 0.021000
0 0.856000 0.508000 0.016000 0.021000
0 0.869000 0.500000 0.016000 0.021000
0 0.873000 0.515000 0.016000 0.021000
0 0.864000 0.562000 0.016000 0.021000
0 0.713000 0.542000 0.016000 0.021000
0 0.705000 0.617000 0.016000 0.021000
0 0.686000 0.623000 0.016000 0.021000
0 0.694000 0.642000 0.016000 0.021000
0 0.675000 0.583000 0.016000 0.021000
0 0.681000 0.575000 0.016000 0.021000
0 0.608000 0.487000 0.016000 0.021000
0 0.533000 0.460000 0.016000 0.021000
0 0.508000 0.498000 0.016000 0.021000
0 0.559000 0.623000 0.016000 0.021000
0 0.478000 0.565000 0.016000 0.021000
0 0.463000 0.540000 0.016000 0.021000
0 0.417000 0.523000 0.016000 0.021000
0 0.425000 0.473000 0.016000 0.021000
0 0.425000 0.450000 0.016000 0.021000
0 0.370000 0.500000 0.016000 0.021000
0 0.359000 0.481000 0.016000 0.021000
0 0.411000 0.548000 0.016000 0.021000
0 0.397000 0.544000 0.016000 0.021000
0 0.384000 0.556000 0.016000 0.021000
0 0.370000 0.590000 0.016000 0.021000
0 0.205000 0.552000 0.016000 0.021000
0 0.173000 0.575000 0.016000 0.021000
0 0.169000 0.496000 0.016000 0.021000
0 0.150000 0.487000 0.016000 0.021000
0 0.130000 0.525000 0.016000 0.021000
0 0.123000 0.540000 0.016000 0.021000
0 0.114000 0.556000 0.016000 0.021000
0 0.080000 0.494000 0.016000 0.021000
0 0.048000 0.508000 0.016000 0.021000
0 0.155000 0.658000 0.016000 0.021000
0 0.228000 0.660000 0.016000 0.021000
0 0.255000 0.602000 0.016000 0.021000
0 0.859000 0.673000 0.016000 0.021000
0 0.873000 0.683000 0.016000 0.021000
0 0.834000 0.760000 0.016000 0.021000
0 0.822000 0.754000 0.016000 0.021000
0 0.825000 0.733000 0.016000 0.021000
0 0.811000 0.706000 0.016000 0.021000
0 0.794000 0.713000 0.016000 0.021000
0 0.750000 0.731000 0.016000 0.021000
0 0.772000 0.731000 0.016000 0.021000
0 0.702000 0.760000 0.016000 0.021000
0 0.684000 0.727000 0.016000 0.021000
0 0.630000 0.677000 0.016000 0.021000
0 0.530000 0.694000 0.016000 0.021000
0 0.531000 0.650000 0.016000 0.021000
0 0.428000 0.642000 0.016000 0.021000
0 0.514000 0.704000 0.016000 0.021000
0 0.492000 0.731000 0.016000 0.021000
0 0.488000 0.754000 0.016000 0.021000
0 0.498000 0.783000 0.016000 0.021000
0 0.577000 0.725000 0.016000 0.021000
0 0.589000 0.740000 0.016000 0.021000
0 0.600000 0.758000 0.016000 0.021000
0 0.658000 0.752000 0.016000 0.021000
0 0.684000 0.754000 0.016000 0.021000
0 0.670000 0.775000 0.016000 0.021000
0 0.642000 0.773000 0.016000 0.021000
0 0.631000 0.792000 0.016000 0.021000
0 0.642000 0.806000 0.016000 0.021000
0 0.675000 0.819000 0.016000 0.021000
0 0.730000 0.806000 0.016000 0.021000
0 0.592000 0.850000 0.016000 0.021000
0 0.588000 0.873000 0.016000 0.021000
0 0.616000 0.862000 0.016000 0.021000
0 0.714000 0.883000 0.016000 0.021000
0 0.795000 0.906000 0.016000 0.021000
0 0.819000 0.879000 0.016000 0.021000
0 0.908000 0.854000 0.016000 0.021000
0 0.919000 0.879000 0.016000 0.021000
0 0.900000 0.892000 0.016000 0.021000
0 0.880000 0.896000 0.016000 0.021000
0 0.886000 0.929000 0.016000 0.021000
0 0.903000 0.927000 0.016000 0.021000
0 0.920000 0.927000 0.016000 0.021000
0 0.963000 0.879000 0.016000 0.021000
0 0.917000 0.956000 0.016000 0.021000
0 0.897000 0.956000 0.016000 0.021000
0 0.848000 0.950000 0.016000 0.021000
0 0.753000 0.960000 0.016000 0.021000
0 0.728000 0.927000 0.016000 0.021000
0 0.689000 0.919000 0.016000 0.021000
0 0.683000 0.946000 0.016000 0.021000
0 0.648000 0.942000 0.016000 0.021000
0 0.638000 0.958000 0.016000 0.021000
0 0.461000 0.779000 0.016000 0.021000
0 0.448000 0.790000 0.016000 0.021000
0 0.447000 0.810000 0.016000 0.021000
0 0.455000 0.906000 0.016000 0.021000
0 0.464000 0.935000 0.016000 0.021000
0 0.464000 0.958000 0.016000 0.021000
0 0.428000 0.858000 0.016000 0.021000
0 0.133000 0.698000 0.016000 0.021000
0 0.080000 0.733000 0.016000 0.021000
0 0.089000 0.744000 0.016000 0.021000
0 0.197000 0.819000 0.016000 0.021000
0 0.202000 0.792000 0.016000 0.021000
0 0.203000 0.846000 0.016000 0.021000
0 0.255000 0.900000 0.016000 0.021000
0 0.228000 0.938000 0.016000 0.021000
0 0.283000 0.940000 0.016000 0.021000
0 0.152000 0.898000 0.016000 0.021000
0 0.066000 0.883000 0.016000 0.021000
0 0.052000 0.873000 0.016000 0.021000
0 0.044000 0.929000 0.016000 0.021000
0 0.056000 0.942000 0.016000 0.021000
0 0.878000 0.158000 0.016000 0.021000
0 0.525000 0.300000 0.016000 0.021000
0 0.141000 0.198000 0.016000 0.021000
0 0.023000 0.613000 0.016000 0.021000
0 0.020000 0.562000 0.016000 0.021000
0 0.016000 0.542000 0.016000 0.021000
0 0.636000 0.023000 0.016000 0.021000
0 0.680000 0.035000 0.016000 0.021000
0 0.706000 0.019000 0.016000 0.021000
0 0.778000 0.037000 0.016000 0.021000
0 0.973000 0.119000 0.016000 0.021000
0 0.981000 0.229000 0.016000 0.021000
0 0.989000 0.194000 0.016000 0.021000
0 0.981000 0.590000 0.016000 0.021000
0 0.986000 0.619000 0.016000 0.021000
0 0.933000 0.971000 0.016000 0.021000
0 0.889000 0.977000 0.016000 0.021000
0 0.866000 0.963000 0.016000 0.021000
0 0.834000 0.963000 0.016000 0.021000
0 0.814000 0.965000 0.016000 0.021000
0 0.673000 0.977000 0.016000 0.021000
0 0.592000 0.965000 0.016000 0.021000
0 0.534000 0.979000 0.016000 0.021000
0 0.428000 0.977000 0.016000 0.021000
0 0.353000 0.969000 0.016000 0.021000
0 0.272000 0.977000 0.016000 0.021000
0 0.147000 0.983000 0.016000 0.021000
0 0.097000 0.975000 0.016000 0.021000
0 0.030000 0.954000 0.016000 0.021000
0 0.169000 0.650000 0.016000 0.021000
0 0.292000 0.433000 0.016000 0.021000
0 0.427000 0.269000 0.016000 0.021000
0 0.864000 0.017000 0.016000 0.021000
0 0.344000 0.033000 0.016000 0.021000
0 0.280000 0.048000 0.016000 0.021000
0 0.311000 0.019000 0.016000 0.021000
0 0.864000 0.858000 0.016000 0.021000
0 0.966000 0.977000 0.016000 0.021000
0 0.827000 0.977000 0.016000 0.021000
0 0.452000 0.585000 0.016000 0.021000
0 0.042000 0.200000 0.016000 0.021000
0 0.081000 0.979000 0.016000 0.021000
0 0.809000 0.731000 0.016000 0.021000
0 0.288000 0.075000 0.016000 0.021000
0 0.006641 0.567361 0.010156 0.029167
0 0.101172 0.259722 0.014844 0.036111
0 0.530859 0.727778 0.011719 0.027778
0 0.032422 0.535417 0.013281 0.031944
0 0.058984 0.096528 0.014844 0.031944
0 0.431250 0.238194 0.012500 0.040278
0 0.958203 0.157639 0.011719 0.034722
0 0.978516 0.082639 0.010156 0.031944
0 0.760938 0.034722 0.015625 0.033333
0 0.803516 0.498611 0.010156 0.038889
0 0.694141 0.059028 0.011719 0.031944
0 0.006250 0.018750 0.012500 0.026389
0 0.718750 0.499306 0.010937 0.037500
0 0.502734 0.534028 0.013281 0.037500
0 0.405859 0.703472 0.011719 0.043056
0 0.359766 0.944444 0.013281 0.033333
0 0.498828 0.979861 0.019531 0.034722
0 0.931250 0.337500 0.010937 0.038889
0 0.052344 0.238194 0.010937 0.034722
0 0.963281 0.677778 0.010937 0.041667
0 0.671484 0.705556 0.014844 0.030556
0 0.448438 0.302778 0.012500 0.027778
0 0.133203 0.916667 0.016406 0.022222
0 0.117578 0.015972 0.014844 0.020833
0 0.270703 0.010417 0.013281 0.018056
0 0.008594 0.229861 0.014062 0.029167
0 0.105078 0.134722 0.013281 0.033333
0 0.040625 0.127083 0.010937 0.037500
0 0.203906 0.077778 0.010937 0.036111
0 0.179297 0.339583 0.010156 0.034722
0 0.009766 0.742361 0.019531 0.020833
0 0.019531 0.638194 0.010937 0.037500
0 0.273828 0.527778 0.011719 0.036111
0 0.232422 0.537500 0.017969 0.025000
0 0.296484 0.673611 0.013281 0.033333
0 0.264844 0.750694 0.014062 0.026389
0 0.214844 0.740972 0.009375 0.031944
0 0.206250 0.763889 0.012500 0.027778
0 0.160156 0.722222 0.017188 0.025000
0 0.130859 0.829861 0.014844 0.029167
0 0.123047 0.774306 0.014844 0.029167
0 0.107813 0.888889 0.010937 0.022222
0 0.107813 0.906944 0.015625 0.025000
0 0.090625 0.902778 0.012500 0.038889
0 0.243750 0.220139 0.012500 0.029167
0 0.347266 0.209028 0.013281 0.031944
0 0.319922 0.047222 0.017969 0.025000
0 0.307422 0.305556 0.014844 0.030556
0 0.325000 0.459722 0.018750 0.025000
0 0.357031 0.662500 0.015625 0.030556
0 0.371484 0.656250 0.014844 0.029167
0 0.431641 0.792361 0.013281 0.029167
0 0.417969 0.763889 0.017188 0.025000
0 0.423047 0.595833 0.011719 0.036111
0 0.481641 0.486111 0.011719 0.030556
0 0.712891 0.365278 0.010156 0.044444
0 0.725781 0.292361 0.012500 0.034722
0 0.758984 0.285417 0.014844 0.029167
0 0.694922 0.186806 0.013281 0.031944
0 0.641016 0.218056 0.008594 0.030556
0 0.625781 0.136806 0.012500 0.037500
0 0.541016 0.229861 0.011719 0.040278
0 0.578125 0.245833 0.017188 0.025000
0 0.505469 0.231944 0.017188 0.025000
0 0.457031 0.179861 0.010937 0.040278
0 0.411328 0.379861 0.010156 0.031944
0 0.444922 0.357639 0.011719 0.034722
0 0.478516 0.079167 0.017969 0.027778
0 0.451953 0.082639 0.019531 0.023611
0 0.530078 0.070833 0.019531 0.022222
0 0.717188 0.161806 0.012500 0.029167
0 0.725000 0.215972 0.012500 0.031944
0 0.850781 0.254167 0.012500 0.027778
0 0.833203 0.257639 0.010156 0.034722
0 0.812891 0.128472 0.016406 0.020833
0 0.800781 0.143056 0.009375 0.033333
0 0.784766 0.154861 0.010156 0.031944
0 0.823047 0.185417 0.013281 0.034722
0 0.661719 0.307639 0.012500 0.029167
0 0.662891 0.287500 0.010156 0.025000
0 0.852344 0.081944 0.012500 0.027778
0 0.844141 0.059028 0.014844 0.026389
0 0.825781 0.065972 0.015625 0.029167
0 0.908984 0.120139 0.011719 0.034722
0 0.920313 0.136111 0.012500 0.022222
0 0.925000 0.149306 0.009375 0.029167
0 0.915234 0.166667 0.011719 0.027778
0 0.941406 0.227778 0.014062 0.030556
0 0.949219 0.268750 0.012500 0.026389
0 0.748047 0.436806 0.013281 0.031944
0 0.742969 0.472917 0.012500 0.029167
0 0.776953 0.606250 0.010156 0.031944
0 0.758594 0.582639 0.017188 0.023611
0 0.753516 0.618056 0.011719 0.033333
0 0.790234 0.689583 0.013281 0.034722
0 0.708203 0.665278 0.013281 0.027778
0 0.743750 0.672917 0.012500 0.037500
0 0.754297 0.664583 0.011719 0.026389
0 0.769531 0.670833 0.018750 0.025000
0 0.922656 0.727083 0.009375 0.023611
0 0.920313 0.745139 0.014062 0.023611
0 0.889063 0.788889 0.012500 0.027778
0 0.850781 0.788194 0.014062 0.031944
0 0.884375 0.831250 0.010937 0.031944
0 0.897266 0.518056 0.013281 0.030556
0 0.924609 0.466667 0.011719 0.030556
0 0.875000 0.443056 0.014062 0.033333
0 0.957422 0.358333 0.011719 0.036111
0 0.992578 0.482639 0.010156 0.040278
0 0.645312 0.575000 0.010937 0.033333
0 0.542578 0.477778 0.016406 0.025000
0 0.574609 0.493056 0.008594 0.027778
0 0.562500 0.485417 0.012500 0.018056
0 0.551562 0.495139 0.010937 0.015278
0 0.552344 0.509722 0.010937 0.019444
0 0.544531 0.524306 0.012500 0.018056
0 0.539844 0.534722 0.015625 0.025000
0 0.512891 0.395139 0.019531 0.023611
0 0.510156 0.427083 0.010937 0.034722
0 0.502734 0.410417 0.010156 0.029167
0 0.534766 0.328472 0.013281 0.018056
0 0.548047 0.326389 0.014844 0.022222
0 0.385547 0.445139 0.013281 0.029167
0 0.783203 0.366667 0.014844 0.027778
0 0.782422 0.388889 0.010156 0.033333
0 0.770703 0.777083 0.013281 0.029167
0 0.592969 0.679861 0.010937 0.031944
0 0.619141 0.829861 0.013281 0.029167
0 0.626562 0.884028 0.010937 0.026389
0 0.637891 0.903472 0.013281 0.031944
0 0.683203 0.890972 0.016406 0.023611
0 0.852734 0.738194 0.010156 0.026389
0 0.859766 0.751389 0.011719 0.036111
0 0.934766 0.675694 0.010156 0.031944
0 0.961719 0.532639 0.010937 0.034722
0 0.916797 0.662500 0.011719 0.033333
0 0.907812 0.650694 0.015625 0.023611
0 0.926953 0.280556 0.011719 0.030556
0 0.599219 0.520139 0.014062 0.034722
0 0.591406 0.551389 0.010937 0.022222
0 0.602344 0.546528 0.012500 0.037500
0 0.585156 0.565278 0.014062 0.022222
0 0.608594 0.570833 0.015625 0.025000
0 0.554688 0.435417 0.017188 0.020833
0 0.305859 0.596528 0.010156 0.026389
0 0.317187 0.605556 0.012500 0.033333
0 0.300781 0.639583 0.009375 0.026389
0 0.312109 0.640278 0.011719 0.022222
0 0.321484 0.633333 0.010156 0.033333
0 0.259766 0.353472 0.010156 0.037500
0 0.353516 0.368750 0.010156 0.031944
0 0.296875 0.120833 0.015625 0.022222
0 0.299609 0.145139 0.014844 0.029167
0 0.308203 0.122917 0.014844 0.020833
0 0.217969 0.114583 0.017188 0.023611
0 0.205469 0.177778 0.010937 0.025000
0 0.215234 0.171528 0.010156 0.018056
0 0.216016 0.190278 0.010156 0.025000
0 0.072656 0.403472 0.010937 0.031944
0 0.009766 0.391667 0.016406 0.019444
0 0.007031 0.409028 0.014062 0.018056
0 0.715234 0.797917 0.008594 0.037500
0 0.512500 0.181944 0.015625 0.027778
0 0.717578 0.077778 0.013281 0.030556
0 0.714453 0.109722 0.021094 0.019444
0 0.225781 0.409028 0.017188 0.023611
0 0.241406 0.406250 0.014062 0.023611
0 0.239844 0.428472 0.009375 0.026389
0 0.239063 0.444444 0.018750 0.013889
0 0.244922 0.459028 0.011719 0.023611
0 0.236719 0.465278 0.017188 0.025000
0 0.164844 0.399306 0.014062 0.029167
0 0.797266 0.541667 0.008594 0.033333
0 0.558984 0.760417 0.010156 0.029167
0 0.565234 0.771528 0.011719 0.023611
0 0.979297 0.673611 0.011719 0.030556
0 0.125000 0.659028 0.017188 0.023611
0 0.084375 0.314583 0.015625 0.026389
0 0.765234 0.184028 0.010156 0.023611
0 0.869531 0.378472 0.020312 0.018056
0 0.659375 0.441667 0.012500 0.033333
0 0.518750 0.581944 0.012500 0.030556
0 0.203906 0.923611 0.012500 0.030556
0 0.024609 0.034028 0.017969 0.023611
0 0.809375 0.538889 0.007813 0.027778
0 0.812891 0.518056 0.010156 0.022222
0 0.820313 0.550000 0.014062 0.025000
0 0.857031 0.538889 0.015625 0.025000
0 0.902734 0.554861 0.016406 0.020833
0 0.917188 0.570139 0.017188 0.023611
0 0.975391 0.859722 0.010156 0.036111
0 0.520312 0.906944 0.017188 0.025000
0 0.281641 0.878472 0.014844 0.026389
0 0.385156 0.814583 0.014062 0.029167
0 0.464844 0.812500 0.014062 0.025000
0 0.555859 0.699306 0.013281 0.031944
0 0.546094 0.798611 0.010937 0.027778
0 0.614453 0.433333 0.016406 0.022222
0 0.626172 0.436111 0.014844 0.022222
0 0.585938 0.365278 0.015625 0.025000
0 0.632031 0.351389 0.017188 0.025000
0 0.181250 0.608333 0.015625 0.025000
0 0.173438 0.551389 0.014062 0.027778
0 0.062500 0.031944 0.017188 0.025000
0 0.096094 0.027778 0.015625 0.019444
0 0.108984 0.636111 0.016406 0.022222
0 0.105859 0.650694 0.013281 0.031944
0 0.623828 0.961111 0.013281 0.027778
