0 0.479700 0.718200 0.015800 0.020000
0 0.309600 0.416700 0.013100 0.022400
0 0.655200 0.710100 0.014600 0.022200
0 0.772300 0.310300 0.010800 0.033800
0 0.451900 0.247000 0.016600 0.018400
0 0.232700 0.510000 0.011300 0.023500
0 0.503700 0.192300 0.016400 0.020600
0 0.029200 0.331000 0.014700 0.019400
0 0.221500 0.545400 0.013000 0.019500
0 0.482300 0.278600 0.017400 0.018900
0 0.473600 0.876700 0.016100 0.020300
0 0.192000 0.340100 0.014200 0.020200
0 0.616000 0.407800 0.013100 0.021600
0 0.759600 0.227800 0.014200 0.023200
0 0.170700 0.539700 0.016100 0.021200
0 0.819600 0.606100 0.012200 0.027700
0 0.457400 0.069200 0.012900 0.021600
0 0.351100 0.343000 0.012300 0.026200
0 0.640100 0.604000 0.015500 0.022400
0 0.326800 0.555800 0.015900 0.019100
0 0.786700 0.915500 0.013200 0.025400
0 0.030600 0.493700 0.016900 0.021100
0 0.597700 0.177100 0.013800 0.022900
0 0.254800 0.647300 0.011200 0.031500
0 0.305700 0.519400 0.013400 0.022100
0 0.869400 0.766900 0.015300 0.020400
0 0.183500 0.407000 0.012400 0.022900
0 0.365000 0.895700 0.017500 0.019300
0 0.329500 0.054700 0.014800 0.022800
0 0.674400 0.073700 0.015200 0.024300
0 0.356100 0.602200 0.016700 0.020900
0 0.067000 0.439600 0.014600 0.017000
0 0.375600 0.282400 0.014800 0.021200
0 0.853900 0.786100 0.017100 0.019800
0 0.018000 0.427500 0.014800 0.020800
0 0.583000 0.276200 0.016700 0.021400
0 0.480600 0.507900 0.012200 0.025100
0 0.471600 0.245700 0.017100 0.019400
0 0.206600 0.942800 0.015200 0.019400
0 0.228500 0.373700 0.014100 0.019600
0 0.077300 0.835700 0.015200 0.022600
0 0.235600 0.405400 0.011900 0.024100
0 0.657000 0.673800 0.014700 0.022600
0 0.113800 0.910000 0.015200 0.021500
0 0.351100 0.380300 0.013100 0.026000
0 0.106900 0.726600 0.015500 0.020500
0 0.247900 0.880300 0.014200 0.022800
0 0.098900 0.106300 0.014300 0.025900
0 0.120000 0.656400 0.016400 0.026000
0 0.536400 0.106100 0.014700 0.021800
0 0.620600 0.344400 0.013000 0.028900
0 0.383600 0.345200 0.012600 0.027500
0 0.478700 0.408600 0.014500 0.023100
0 0.781300 0.457700 0.015200 0.023200
0 0.185500 0.367500 0.014200 0.022100
0 0.579700 0.231700 0.015900 0.022200
0 0.479200 0.128000 0.016000 0.019800
0 0.280100 0.479800 0.012700 0.021700
0 0.456100 0.552600 0.014000 0.022800
0 0.609600 0.773400 0.013900 0.020700
0 0.061300 0.360500 0.016900 0.018200
0 0.423800 0.243100 0.016700 0.019200
0 0.592800 0.802400 0.015300 0.020700
0 0.394800 0.059200 0.011600 0.030600
0 0.578600 0.492200 0.015800 0.022400
0 0.692300 0.384400 0.015400 0.023400
0 0.353400 0.465900 0.013600 0.020000
0 0.133500 0.518400 0.014100 0.025000
0 0.327900 0.153000 0.015100 0.026000
0 0.454300 0.454500 0.013300 0.026300
0 0.434300 0.056500 0.011900 0.022600
0 0.519600 0.390900 0.014300 0.018900
0 0.551900 0.192100 0.013500 0.022700
0 0.055000 0.751600 0.015600 0.019400
0 0.859500 0.497200 0.013800 0.022900
0 0.217500 0.423300 0.014000 0.020300
0 0.121500 0.421600 0.016400 0.022900
0 0.322800 0.083000 0.013700 0.025600
0 0.009500 0.665300 0.016900 0.020000
0 0.814700 0.193700 0.015800 0.020300
0 0.384600 0.147500 0.013100 0.027000
0 0.916800 0.703200 0.017700 0.018700
0 0.218900 0.181000 0.016300 0.021800
0 0.756600 0.272300 0.011800 0.027600
0 0.713500 0.021500 0.015200 0.022000
0 0.086200 0.959000 0.015200 0.023200
0 0.054000 0.234400 0.011800 0.029100
0 0.718800 0.297700 0.012100 0.027500
0 0.841900 0.480800 0.014100 0.023400
0 0.503500 0.679500 0.014600 0.018500
0 0.266100 0.470300 0.012300 0.022300
0 0.377100 0.266500 0.016900 0.018400
0 0.441400 0.031900 0.014100 0.022100
0 0.965500 0.034500 0.017000 0.021000
0 0.055200 0.160300 0.014100 0.024100
0 0.626200 0.786200 0.014300 0.022200
0 0.951900 0.567600 0.012200 0.028000
0 0.886200 0.067100 0.016100 0.022000
0 0.389300 0.819800 0.013000 0.021500
0 0.720200 0.595400 0.014800 0.022700
0 0.258800 0.048100 0.017000 0.022100
0 0.801500 0.752500 0.015400 0.021700
0 0.676400 0.741500 0.014900 0.020100
0 0.585800 0.359300 0.015200 0.020500
0 0.508900 0.361500 0.012800 0.025300
0 0.619200 0.818700 0.016500 0.019200
0 0.569700 0.642700 0.014800 0.023500
0 0.901200 0.556700 0.014300 0.024400
0 0.088700 0.270100 0.014200 0.023300
0 0.167500 0.193700 0.015700 0.021900
0 0.207500 0.903900 0.010500 0.027400
0 0.107500 0.418700 0.014900 0.023700
0 0.953200 0.293900 0.016800 0.019300
0 0.778400 0.720400 0.015800 0.021800
0 0.694100 0.795400 0.013100 0.022300
0 0.035500 0.274100 0.014200 0.021200
0 0.195800 0.240400 0.012700 0.026700
0 0.846100 0.584600 0.010800 0.032400
0 0.290600 0.047900 0.015800 0.021900
0 0.241100 0.541300 0.011600 0.021700
0 0.746400 0.773800 0.011500 0.030600
0 0.914700 0.624000 0.012400 0.029800
0 0.977100 0.795000 0.013900 0.027500
0 0.434500 0.361800 0.015800 0.020800
0 0.039700 0.123000 0.014900 0.025300
0 0.277800 0.706800 0.016300 0.023000
0 0.789900 0.877300 0.013900 0.022500
0 0.891800 0.923700 0.012600 0.025700
0 0.534500 0.858500 0.012800 0.027400
0 0.669300 0.966900 0.015500 0.020700
0 0.720500 0.789700 0.010400 0.029700
0 0.820100 0.044700 0.011100 0.036300
0 0.855600 0.159500 0.015600 0.024400
0 0.053400 0.785400 0.014900 0.018600
0 0.653300 0.627400 0.013300 0.021800
0 0.030100 0.348900 0.015200 0.018700
0 0.888300 0.418900 0.013200 0.030000
0 0.971200 0.432700 0.016000 0.019200
0 0.307600 0.691400 0.012300 0.026300
0 0.701300 0.886000 0.011600 0.029500
0 0.348400 0.741200 0.014000 0.023900
0 0.980500 0.818700 0.014200 0.028800
0 0.647200 0.831400 0.016700 0.020800
0 0.478500 0.970600 0.012300 0.028800
0 0.968700 0.942900 0.014800 0.025400
0 0.655600 0.186100 0.013600 0.024200
0 0.420600 0.689600 0.013700 0.024300
0 0.873300 0.523000 0.015500 0.021200
0 0.130400 0.316200 0.015600 0.025500
0 0.759900 0.808500 0.013000 0.020900
0 0.811000 0.859700 0.011900 0.030700
0 0.843500 0.540200 0.010200 0.031500
0 0.273200 0.970200 0.015100 0.023300
0 0.562000 0.686400 0.013800 0.024200
0 0.769000 0.859800 0.013600 0.021700
0 0.706900 0.810300 0.012600 0.027600
0 0.966000 0.329600 0.012200 0.028400
0 0.923300 0.479700 0.013500 0.020500
0 0.048600 0.323600 0.014400 0.018800
0 0.635800 0.820700 0.016200 0.020400
0 0.860900 0.597800 0.011900 0.029400
0 0.275900 0.345700 0.017100 0.018300
0 0.843900 0.891900 0.011500 0.027200
0 0.376600 0.524600 0.013600 0.019800
0 0.331400 0.841600 0.016300 0.022900
0 0.518700 0.979600 0.013800 0.025000
0 0.867900 0.979200 0.012400 0.030700
0 0.082800 0.678700 0.013700 0.029000
0 0.557300 0.209900 0.015400 0.020300
0 0.467500 0.643500 0.011100 0.033900
0 0.794800 0.889400 0.012100 0.023600
0 0.781000 0.469800 0.015400 0.021800
0 0.742700 0.900700 0.013500 0.026900
0 0.433200 0.086600 0.013000 0.022000
0 0.093600 0.184400 0.013300 0.033700
0 0.244700 0.060600 0.016000 0.022800
0 0.639700 0.618500 0.015800 0.022200
0 0.523000 0.450900 0.014200 0.020800
0 0.295600 0.688600 0.013900 0.025100
0 0.384100 0.880900 0.016600 0.022500
0 0.604800 0.103400 0.010600 0.034000
0 0.757800 0.445300 0.013600 0.030300
0 0.736100 0.523200 0.010500 0.032200
0 0.951800 0.584400 0.013700 0.024600
0 0.871000 0.020300 0.015700 0.023200
0 0.354200 0.395500 0.012500 0.025600
0 0.566800 0.015900 0.016600 0.020500
0 0.600200 0.552000 0.009600 0.038400
0 0.790800 0.791700 0.012400 0.024400
0 0.703800 0.954600 0.016000 0.020900
0 0.419900 0.738400 0.012500 0.031800
0 0.565600 0.073500 0.013100 0.025200
0 0.972900 0.359700 0.014000 0.022800
0 0.743100 0.520100 0.012000 0.026600
0 0.004400 0.827900 0.008000 0.020800
0 0.573400 0.547800 0.009100 0.037900
0 0.042200 0.776200 0.014500 0.019400
0 0.700400 0.489300 0.013300 0.024900
0 0.426500 0.169300 0.014300 0.026100
0 0.785300 0.120400 0.013500 0.028200
0 0.949300 0.385100 0.011700 0.028500
0 0.789000 0.940200 0.013600 0.026800
0 0.949000 0.413200 0.014400 0.022200
0 0.182900 0.469600 0.014100 0.022600
0 0.506900 0.464500 0.013200 0.022000
0 0.232400 0.296000 0.011100 0.034600
0 0.178800 0.033100 0.021100 0.022900
0 0.663700 0.190400 0.012900 0.022300
0 0.155300 0.552200 0.018000 0.020900
0 0.003800 0.809400 0.007300 0.021700
0 0.715000 0.584400 0.013200 0.021800
0 0.772800 0.746700 0.015900 0.024200
0 0.209600 0.655500 0.012500 0.034700
0 0.171800 0.410200 0.011800 0.026200
0 0.441600 0.449400 0.015200 0.022300
0 0.976100 0.101700 0.013900 0.028500
0 0.099500 0.822800 0.015800 0.020400
0 0.105100 0.972500 0.011700 0.023500
0 0.510100 0.980500 0.012900 0.023100
0 0.244200 0.450800 0.013300 0.017500
0 0.038200 0.504300 0.014700 0.027500
0 0.261000 0.488900 0.013800 0.019700
0 0.784200 0.026100 0.010700 0.036100
0 0.914400 0.940100 0.009100 0.027900
0 0.438100 0.976400 0.014300 0.026000
0 0.986600 0.505500 0.013600 0.023800
0 0.483300 0.270300 0.015800 0.018800
0 0.703400 0.639600 0.010600 0.032200
0 0.877900 0.309400 0.012000 0.023900
0 0.568300 0.170000 0.011100 0.030200
0 0.299400 0.445100 0.013600 0.022700
0 0.590800 0.654100 0.014900 0.021600
0 0.990900 0.568400 0.008300 0.030800
0 0.992000 0.542900 0.009200 0.030600
0 0.059800 0.309400 0.012600 0.021200
0 0.355000 0.085600 0.012500 0.025900
0 0.644300 0.984500 0.012700 0.027200
0 0.174300 0.249100 0.012800 0.025400
0 0.166000 0.271500 0.013200 0.024700
0 0.873500 0.726000 0.016900 0.019800
0 0.428900 0.159200 0.014600 0.022600
0 0.246000 0.589600 0.011100 0.028700
0 0.183700 0.461100 0.013600 0.022100
0 0.852100 0.166900 0.012300 0.026600
0 0.834400 0.045000 0.012400 0.031000
0 0.503000 0.489100 0.011800 0.026700
0 0.264600 0.351400 0.013900 0.021300
0 0.557200 0.111000 0.009900 0.033000
0 0.713900 0.967600 0.016000 0.022000
0 0.776300 0.751800 0.016300 0.022000
0 0.710400 0.972100 0.016000 0.022300
0 0.491400 0.472000 0.012900 0.024200
0 0.235500 0.014400 0.014600 0.017700
0 0.070000 0.046000 0.012500 0.030200
0 0.176300 0.280800 0.015900 0.024400
0 0.083200 0.208700 0.011300 0.027500
0 0.209375 0.500000 0.012500 0.030556
0 0.200000 0.839583 0.015625 0.023611
0 0.477344 0.711806 0.017188 0.018056
0 0.825781 0.275694 0.009375 0.029167
