0 0.235000 0.092600 0.016200 0.020600
0 0.746100 0.317700 0.010400 0.035700
0 0.519800 0.853900 0.012300 0.026800
0 0.609100 0.798200 0.015200 0.020800
0 0.701000 0.782300 0.014900 0.022100
0 0.773200 0.220400 0.014500 0.026800
0 0.336400 0.624100 0.017100 0.021500
0 0.181400 0.759000 0.016100 0.019700
0 0.851800 0.542900 0.012900 0.021200
0 0.719400 0.138900 0.014300 0.025000
0 0.627300 0.795600 0.016500 0.021200
0 0.759600 0.651900 0.016700 0.021000
0 0.029300 0.440800 0.011200 0.024800
0 0.169300 0.247000 0.014800 0.021900
0 0.030700 0.342400 0.012800 0.021200
0 0.110900 0.554300 0.018800 0.019100
0 0.047100 0.318600 0.013000 0.019300
0 0.767300 0.768000 0.014600 0.023200
0 0.193600 0.945700 0.015500 0.018900
0 0.553400 0.566200 0.012200 0.026700
0 0.444100 0.440100 0.016600 0.020300
0 0.039000 0.520900 0.011200 0.029900
0 0.740100 0.901500 0.015500 0.023200
0 0.483100 0.290200 0.015900 0.019100
0 0.093200 0.711300 0.014700 0.018100
0 0.281000 0.355700 0.015000 0.020600
0 0.458200 0.671500 0.016600 0.020700
0 0.157400 0.194400 0.016200 0.022000
0 0.391900 0.147600 0.012800 0.026600
0 0.222500 0.720900 0.016100 0.021600
0 0.422900 0.239200 0.017800 0.019400
0 0.341300 0.383500 0.013700 0.023000
0 0.234700 0.509700 0.011600 0.023000
0 0.204900 0.145400 0.016800 0.019400
0 0.834500 0.781900 0.015200 0.019700
0 0.465500 0.158200 0.014800 0.020900
0 0.031000 0.417800 0.013900 0.019800
0 0.943600 0.770800 0.018300 0.021300
0 0.069800 0.364600 0.013100 0.019900
0 0.188300 0.651700 0.014600 0.023400
0 0.428600 0.577600 0.011300 0.027100
0 0.456300 0.314800 0.011700 0.027300
0 0.845800 0.580400 0.010300 0.032600
0 0.504500 0.673100 0.014800 0.019500
0 0.390200 0.476700 0.012500 0.019800
0 0.446700 0.833700 0.015600 0.026900
0 0.539900 0.923000 0.012200 0.029000
0 0.729000 0.429600 0.012900 0.023300
0 0.173200 0.298800 0.018100 0.019800
0 0.248900 0.452300 0.011800 0.024000
0 0.467400 0.755700 0.013500 0.020400
0 0.817800 0.693000 0.016200 0.021200
0 0.758800 0.952000 0.013200 0.025200
0 0.852300 0.494200 0.015100 0.021400
0 0.077000 0.952800 0.013400 0.025600
0 0.908700 0.545800 0.016100 0.021200
0 0.221400 0.540900 0.013200 0.022400
0 0.453100 0.594600 0.010800 0.028500
0 0.421000 0.754400 0.011900 0.032200
0 0.655500 0.686700 0.015800 0.023000
0 0.930000 0.698100 0.014600 0.020700
0 0.795300 0.359600 0.013800 0.022900
0 0.830100 0.286300 0.011500 0.030600
0 0.705200 0.808900 0.013000 0.027000
0 0.608900 0.501900 0.014100 0.021500
0 0.168700 0.282900 0.017500 0.020500
0 0.768700 0.743700 0.015200 0.019700
0 0.586400 0.484900 0.016000 0.022000
0 0.857700 0.468100 0.013100 0.023400
0 0.439600 0.143100 0.013800 0.021500
0 0.218100 0.423300 0.013900 0.021500
0 0.239600 0.541800 0.011200 0.026200
0 0.248400 0.876200 0.014300 0.020000
0 0.475900 0.732300 0.017200 0.019400
0 0.347800 0.685800 0.015700 0.022800
0 0.442900 0.243800 0.015400 0.020700
0 0.478000 0.102400 0.016600 0.021300
0 0.776600 0.459800 0.013200 0.023700
0 0.323100 0.872900 0.015400 0.020200
0 0.469400 0.785900 0.012800 0.028700
0 0.205300 0.870400 0.013700 0.022400
0 0.064300 0.465400 0.014500 0.023700
0 0.713200 0.021600 0.016400 0.023700
0 0.640100 0.603800 0.015300 0.025100
0 0.729300 0.596400 0.013600 0.021300
0 0.720100 0.228700 0.012900 0.023400
0 0.385300 0.286500 0.015600 0.021300
0 0.477900 0.408800 0.013500 0.025000
0 0.558600 0.458300 0.014000 0.022900
0 0.657400 0.385600 0.014600 0.023500
0 0.566100 0.688700 0.012900 0.024500
0 0.242700 0.031100 0.018300 0.020800
0 0.511100 0.377900 0.012900 0.026800
0 0.289500 0.886500 0.015500 0.021300
0 0.586100 0.173800 0.012000 0.026200
0 0.015400 0.193200 0.010700 0.029200
0 0.261200 0.408900 0.012900 0.021600
0 0.623500 0.957900 0.012200 0.029800
0 0.110800 0.427700 0.014500 0.024600
0 0.085900 0.664100 0.014900 0.021900
0 0.482000 0.036200 0.015800 0.021200
0 0.283200 0.478600 0.011200 0.022400
0 0.923800 0.479700 0.012700 0.019600
0 0.844100 0.892200 0.011500 0.026100
0 0.315500 0.411700 0.012800 0.020300
0 0.813300 0.553000 0.015000 0.020700
0 0.952700 0.434200 0.015800 0.022100
0 0.265000 0.488900 0.014000 0.021800
0 0.692800 0.378800 0.015700 0.022300
0 0.901900 0.298700 0.012000 0.029400
0 0.528800 0.291600 0.013900 0.022100
0 0.731000 0.219400 0.012900 0.023200
0 0.605100 0.088800 0.014800 0.018200
0 0.654400 0.731000 0.015900 0.019900
0 0.301400 0.403100 0.011500 0.023100
0 0.091300 0.874200 0.015400 0.023200
0 0.898200 0.052900 0.015800 0.020500
0 0.697700 0.630700 0.011800 0.032000
0 0.349500 0.932600 0.012600 0.025200
0 0.651000 0.782600 0.011800 0.028200
0 0.036400 0.555700 0.012500 0.027500
0 0.344000 0.259700 0.011600 0.031300
0 0.377900 0.268700 0.015400 0.020000
0 0.474500 0.230900 0.016700 0.020900
0 0.446000 0.042900 0.012300 0.023100
0 0.785800 0.918700 0.013500 0.024200
0 0.253300 0.063300 0.015800 0.020200
0 0.333300 0.801500 0.012000 0.031900
0 0.273400 0.367900 0.010700 0.025500
0 0.661800 0.190900 0.014100 0.024600
0 0.569000 0.082100 0.012500 0.021000
0 0.050900 0.260600 0.013500 0.021600
0 0.348700 0.511400 0.015600 0.021300
0 0.459600 0.866800 0.014600 0.024100
0 0.209100 0.401200 0.014900 0.023000
0 0.055200 0.745300 0.014500 0.021000
0 0.567100 0.644100 0.014000 0.024400
0 0.429400 0.040700 0.010800 0.028100
0 0.767700 0.547000 0.013000 0.026000
0 0.307600 0.426400 0.011700 0.022700
0 0.236500 0.822600 0.013400 0.025500
0 0.534000 0.211600 0.013800 0.024600
0 0.071600 0.586300 0.013900 0.024700
0 0.115300 0.176100 0.013900 0.025100
0 0.572400 0.332800 0.013300 0.022700
0 0.986500 0.505200 0.013700 0.025900
0 0.353300 0.319500 0.015800 0.019800
0 0.496300 0.108700 0.012500 0.027000
0 0.922100 0.630800 0.011200 0.028400
0 0.321200 0.538700 0.011300 0.029100
0 0.888100 0.408600 0.012900 0.027700
0 0.083900 0.252900 0.014700 0.026300
0 0.818700 0.033700 0.012500 0.033000
0 0.711700 0.729000 0.011800 0.030600
0 0.488100 0.711300 0.017200 0.018100
0 0.222600 0.115800 0.016700 0.020300
0 0.846600 0.971300 0.012300 0.023400
0 0.929800 0.631600 0.011800 0.027100
0 0.361000 0.161700 0.011700 0.027200
0 0.847500 0.118600 0.014500 0.026200
0 0.283900 0.979200 0.011900 0.026100
0 0.608900 0.542100 0.010500 0.030600
0 0.955900 0.384400 0.013000 0.026400
0 0.789000 0.930000 0.012300 0.020500
0 0.838200 0.182200 0.011300 0.034500
0 0.727600 0.297900 0.010500 0.032500
0 0.272900 0.470000 0.012800 0.021500
0 0.675600 0.072000 0.015400 0.021900
0 0.504400 0.416000 0.014800 0.022300
0 0.978100 0.097200 0.013000 0.025500
0 0.517200 0.983000 0.015500 0.022400
0 0.031000 0.238500 0.012000 0.025300
0 0.966000 0.330600 0.011200 0.032900
0 0.709600 0.573700 0.012900 0.027600
0 0.033400 0.380900 0.013700 0.019500
0 0.123000 0.423400 0.015700 0.024200
0 0.803300 0.925800 0.013400 0.022900
0 0.653400 0.626900 0.013300 0.020900
0 0.488000 0.627900 0.014300 0.019600
0 0.783600 0.786700 0.015900 0.020200
0 0.719700 0.515400 0.009700 0.036500
0 0.483100 0.502100 0.013200 0.024500
0 0.246300 0.593000 0.010400 0.031900
0 0.553200 0.342000 0.012600 0.027100
0 0.639200 0.618900 0.015700 0.023300
0 0.513900 0.402200 0.013400 0.021400
0 0.560100 0.026500 0.014700 0.020500
0 0.628500 0.152600 0.011100 0.028700
0 0.038900 0.749100 0.014700 0.021900
0 0.436600 0.054500 0.011700 0.027000
0 0.466600 0.900800 0.013300 0.027000
0 0.861000 0.598200 0.012500 0.028000
0 0.003200 0.393500 0.006600 0.024700
0 0.566700 0.140300 0.010800 0.032300
0 0.191300 0.189800 0.014600 0.022300
0 0.214400 0.489300 0.009100 0.031900
0 0.685100 0.860100 0.016800 0.021600
0 0.133600 0.799000 0.013300 0.022400
0 0.543400 0.048900 0.014100 0.021900
0 0.185400 0.302700 0.018300 0.018900
0 0.608300 0.404200 0.012300 0.028700
0 0.949200 0.726700 0.012500 0.026900
0 0.173400 0.836800 0.011100 0.025600
0 0.651300 0.913400 0.011600 0.029100
0 0.235100 0.303300 0.012600 0.030600
0 0.535600 0.510700 0.010600 0.030600
0 0.395000 0.613400 0.014100 0.021100
0 0.554300 0.216300 0.011500 0.022100
0 0.231100 0.296600 0.013100 0.028300
0 0.032700 0.977800 0.013700 0.029000
0 0.328700 0.195700 0.012600 0.031300
0 0.122700 0.626600 0.012100 0.028400
0 0.029400 0.017700 0.014300 0.025200
0 0.557300 0.209400 0.012000 0.021200
0 0.024400 0.356500 0.014900 0.019200
0 0.003200 0.184600 0.006200 0.025100
0 0.867000 0.981500 0.011500 0.030800
0 0.515300 0.458000 0.017600 0.022600
0 0.798000 0.749400 0.018400 0.017800
0 0.150700 0.039300 0.017300 0.025300
0 0.475600 0.551200 0.010800 0.027200
0 0.568600 0.386600 0.011800 0.027300
0 0.068500 0.333500 0.013200 0.022200
0 0.213200 0.058100 0.012900 0.022700
0 0.085200 0.157000 0.017200 0.026300
0 0.559200 0.115600 0.009900 0.030600
0 0.584200 0.657900 0.013300 0.020400
0 0.610700 0.039400 0.013700 0.021700
0 0.986200 0.273700 0.016400 0.021500
0 0.434700 0.081300 0.014200 0.024600
0 0.268100 0.660500 0.009700 0.036000
0 0.867300 0.536700 0.014400 0.020600
0 0.811100 0.120400 0.015300 0.028500
0 0.046100 0.021000 0.012800 0.028100
0 0.510500 0.466200 0.017200 0.023400
0 0.578900 0.576300 0.008600 0.040200
0 0.981100 0.073400 0.013400 0.023700
0 0.387200 0.705300 0.011400 0.030600
0 0.973700 0.288100 0.016300 0.021300
0 0.130100 0.969200 0.012100 0.022800
0 0.273100 0.047100 0.013700 0.027200
0 0.773900 0.901100 0.012100 0.026400
0 0.604600 0.264500 0.011000 0.036800
0 0.590300 0.647100 0.013100 0.024000
0 0.525600 0.138000 0.015400 0.023100
0 0.045100 0.433100 0.010800 0.022600
0 0.834900 0.044200 0.012200 0.030900
0 0.122300 0.966900 0.011300 0.021700
0 0.177100 0.191100 0.014100 0.023100
0 0.946100 0.385900 0.010100 0.031700
0 0.020400 0.978700 0.014900 0.026600
0 0.914600 0.940700 0.009500 0.030500
0 0.706700 0.093100 0.013800 0.031100
0 0.525400 0.855000 0.012600 0.024300
0 0.593750 0.442361 0.015625 0.023611
0 0.000781 0.847917 0.001563 0.001389
