0 0.569600 0.571500 0.013200 0.021800
0 0.666000 0.896700 0.014300 0.021800
0 0.184000 0.693300 0.015700 0.020300
0 0.895100 0.829300 0.015900 0.021100
0 0.826000 0.546100 0.016600 0.022600
0 0.595100 0.306000 0.014900 0.022100
0 0.730000 0.642800 0.016200 0.020200
0 0.729700 0.940800 0.014800 0.020800
0 0.034800 0.353800 0.017800 0.019500
0 0.707700 0.780800 0.015400 0.019200
0 0.648000 0.934300 0.013900 0.024500
0 0.841600 0.621600 0.014900 0.018800
0 0.008800 0.403800 0.013600 0.021900
0 0.796400 0.578000 0.015700 0.020300
0 0.784100 0.695000 0.016700 0.019700
0 0.192400 0.804900 0.015100 0.020900
0 0.919700 0.296700 0.015700 0.021200
0 0.917600 0.057900 0.016500 0.020900
0 0.258400 0.907700 0.015600 0.021700
0 0.908000 0.693200 0.013200 0.023800
0 0.342400 0.169300 0.016300 0.021800
0 0.527800 0.882000 0.015100 0.022500
0 0.115800 0.029800 0.013500 0.026200
0 0.292800 0.844000 0.016200 0.020300
0 0.008200 0.544400 0.016300 0.023800
0 0.080800 0.105700 0.014900 0.024600
0 0.557900 0.457700 0.014800 0.022400
0 0.505800 0.918000 0.015400 0.020000
0 0.966400 0.657600 0.015600 0.020600
0 0.369100 0.255400 0.015600 0.021800
0 0.204700 0.329500 0.014700 0.023700
0 0.059200 0.055700 0.013500 0.028100
0 0.860100 0.832000 0.016100 0.020400
0 0.884600 0.903800 0.015800 0.021300
0 0.581600 0.570700 0.012100 0.022100
0 0.805400 0.606400 0.014100 0.021300
0 0.855800 0.741500 0.015000 0.020900
0 0.708100 0.479300 0.014200 0.021500
0 0.571600 0.654600 0.012100 0.029100
0 0.667800 0.943000 0.013700 0.022800
0 0.894400 0.690600 0.014800 0.021500
0 0.122600 0.042900 0.015500 0.020000
0 0.209700 0.806300 0.015100 0.021400
0 0.131300 0.631300 0.015400 0.023900
0 0.316500 0.266200 0.015900 0.021300
0 0.034600 0.918000 0.016200 0.022400
0 0.633600 0.178700 0.015100 0.024000
0 0.647700 0.872400 0.014500 0.022000
0 0.781000 0.306400 0.015800 0.020800
0 0.633600 0.657500 0.015200 0.020500
0 0.071500 0.184100 0.013600 0.027100
0 0.681400 0.795600 0.014900 0.022500
0 0.969200 0.141800 0.013200 0.026500
0 0.031100 0.447000 0.015400 0.021700
0 0.126500 0.172700 0.013300 0.027900
0 0.571700 0.683700 0.012100 0.025800
0 0.135100 0.293300 0.015600 0.021400
0 0.883800 0.332500 0.014700 0.022300
0 0.634000 0.482100 0.014900 0.018800
0 0.007100 0.940400 0.011100 0.025300
0 0.477500 0.869300 0.017700 0.020600
0 0.609500 0.571000 0.016200 0.020500
0 0.077000 0.217400 0.014100 0.023000
0 0.944100 0.644700 0.016000 0.020600
0 0.647000 0.752000 0.016600 0.019500
0 0.205400 0.920100 0.015100 0.022100
0 0.442900 0.627000 0.015100 0.021100
0 0.568100 0.445000 0.014900 0.021700
0 0.416900 0.080500 0.015800 0.021600
0 0.252600 0.131000 0.015100 0.020400
0 0.106200 0.119700 0.015800 0.024000
0 0.421200 0.182700 0.015400 0.022500
0 0.743100 0.472200 0.015900 0.020400
0 0.954800 0.793600 0.015300 0.017900
0 0.619700 0.530500 0.015200 0.020600
0 0.867900 0.589900 0.014900 0.019500
0 0.752500 0.819900 0.016400 0.021100
0 0.329600 0.356400 0.014700 0.023400
0 0.419000 0.571900 0.015800 0.021700
0 0.491200 0.104800 0.015800 0.021300
0 0.440900 0.458600 0.015600 0.021800
0 0.543900 0.729700 0.013500 0.022700
0 0.329300 0.270300 0.016300 0.020100
0 0.966400 0.543300 0.017000 0.021300
0 0.893200 0.305100 0.014100 0.026500
0 0.395900 0.368100 0.014500 0.025300
0 0.765900 0.960200 0.015900 0.019600
0 0.965100 0.804300 0.015900 0.019200
0 0.982300 0.802100 0.015200 0.021600
0 0.954400 0.922300 0.016400 0.021200
0 0.509700 0.572500 0.014100 0.021700
0 0.532500 0.733600 0.013800 0.023200
0 0.729700 0.220300 0.013800 0.026400
0 0.559900 0.894600 0.015200 0.021900
0 0.268800 0.859800 0.015600 0.019900
0 0.723000 0.831800 0.013400 0.023500
0 0.598200 0.879700 0.013200 0.021400
0 0.414600 0.357700 0.013400 0.022600
0 0.404800 0.681800 0.013500 0.022100
0 0.648200 0.467900 0.014100 0.021200
0 0.469100 0.570200 0.012300 0.024800
0 0.069300 0.557800 0.015200 0.021100
0 0.231800 0.583000 0.016300 0.020500
0 0.817300 0.944800 0.014900 0.019300
0 0.590000 0.869000 0.014400 0.019500
0 0.459200 0.044500 0.015700 0.020700
0 0.089600 0.121100 0.015400 0.024900
0 0.805700 0.341700 0.016100 0.019400
0 0.719600 0.578600 0.014600 0.022400
0 0.615700 0.103500 0.015900 0.022700
0 0.032500 0.308200 0.015900 0.021300
0 0.783900 0.129600 0.014300 0.023700
0 0.945700 0.179800 0.014600 0.023600
0 0.295800 0.505100 0.016000 0.022000
0 0.594400 0.119300 0.015900 0.022800
0 0.968400 0.829900 0.013500 0.024300
0 0.845000 0.757200 0.015800 0.022100
0 0.305900 0.448100 0.015600 0.022100
0 0.359800 0.205300 0.015400 0.023000
0 0.760000 0.094900 0.012500 0.023400
0 0.158300 0.778000 0.016100 0.019900
0 0.681600 0.660100 0.016300 0.020300
0 0.047900 0.571500 0.016400 0.019800
0 0.591100 0.931500 0.014600 0.023400
0 0.694800 0.857600 0.013200 0.021000
0 0.141800 0.906800 0.015200 0.022400
0 0.146900 0.495600 0.013000 0.022200
0 0.483800 0.178600 0.013700 0.020800
0 0.308100 0.639800 0.015300 0.021500
0 0.522600 0.253300 0.014200 0.022800
0 0.440900 0.143100 0.016400 0.020700
0 0.555500 0.310200 0.014300 0.022100
0 0.518800 0.109000 0.014600 0.020700
0 0.064500 0.445500 0.015400 0.021600
0 0.940700 0.345300 0.014600 0.022900
0 0.939800 0.771700 0.013900 0.024400
0 0.845800 0.034000 0.015200 0.021100
0 0.371600 0.901600 0.015800 0.025200
0 0.515100 0.355900 0.014900 0.022900
0 0.485300 0.840700 0.015100 0.022400
0 0.293000 0.072400 0.016200 0.020400
0 0.343300 0.040400 0.015100 0.022700
0 0.734400 0.077500 0.015200 0.020200
0 0.772500 0.453000 0.012400 0.023600
0 0.156400 0.405800 0.013200 0.025000
0 0.842300 0.235100 0.014700 0.021300
0 0.604200 0.440400 0.013200 0.020800
0 0.278800 0.734500 0.014600 0.021300
0 0.556400 0.378700 0.013200 0.024300
0 0.246200 0.915400 0.014600 0.020900
0 0.143300 0.929000 0.013900 0.026100
0 0.258600 0.557700 0.013600 0.026700
0 0.768400 0.892800 0.013600 0.025500
0 0.504900 0.709400 0.013000 0.022400
0 0.684000 0.048000 0.015800 0.021900
0 0.341300 0.871000 0.013800 0.026000
0 0.017000 0.813900 0.016000 0.022700
0 0.523300 0.846500 0.013200 0.027300
0 0.265900 0.780100 0.013800 0.021600
0 0.668800 0.542900 0.013000 0.026700
0 0.256100 0.716300 0.015000 0.021400
0 0.605600 0.196500 0.015800 0.025700
0 0.947900 0.533200 0.015500 0.021400
0 0.280700 0.080100 0.014700 0.022300
0 0.446900 0.345000 0.014100 0.023200
0 0.033200 0.393300 0.016400 0.019500
0 0.876700 0.604500 0.014800 0.021100
0 0.172300 0.465400 0.013200 0.028400
0 0.466200 0.260700 0.013300 0.022200
0 0.336000 0.394800 0.014600 0.023600
0 0.567300 0.378900 0.012900 0.026100
0 0.116000 0.581100 0.013100 0.027400
0 0.689200 0.206000 0.015000 0.022800
0 0.121000 0.967600 0.014600 0.023400
0 0.481700 0.752100 0.014000 0.021300
0 0.693500 0.743000 0.016200 0.018800
0 0.240800 0.841700 0.012500 0.027300
0 0.779600 0.282900 0.014200 0.020000
0 0.822300 0.042000 0.013500 0.024400
0 0.841300 0.345600 0.015500 0.022300
0 0.527200 0.768200 0.015500 0.021600
0 0.693000 0.059200 0.014300 0.022000
0 0.256100 0.230900 0.013300 0.026800
0 0.393000 0.392200 0.013900 0.023300
0 0.370000 0.667400 0.011700 0.027500
0 0.697000 0.954400 0.012300 0.025300
0 0.132800 0.733300 0.016600 0.020700
0 0.184500 0.904300 0.015800 0.023000
0 0.406200 0.626700 0.016100 0.022400
0 0.458000 0.697000 0.013300 0.022200
0 0.006800 0.354900 0.013300 0.027300
0 0.864900 0.920000 0.014600 0.021800
0 0.819400 0.271300 0.016000 0.021700
0 0.692700 0.442200 0.013400 0.023200
0 0.265400 0.678300 0.014800 0.021200
0 0.654100 0.509200 0.013600 0.024500
0 0.067400 0.970200 0.012800 0.026500
0 0.881000 0.481400 0.013600 0.023500
0 0.766700 0.309600 0.015500 0.020700
0 0.033100 0.542300 0.018400 0.018800
0 0.210900 0.659800 0.015500 0.026000
0 0.616700 0.284400 0.014100 0.024600
0 0.893900 0.093600 0.011700 0.028600
0 0.321400 0.932800 0.012700 0.029100
0 0.134000 0.503600 0.012600 0.023800
0 0.631900 0.329600 0.013900 0.025300
0 0.185300 0.132300 0.014700 0.023000
0 0.953700 0.809100 0.014300 0.019200
0 0.204600 0.360600 0.013500 0.022100
0 0.731500 0.743300 0.016800 0.018500
0 0.741700 0.602700 0.015300 0.019700
0 0.052900 0.422600 0.016800 0.019600
0 0.181900 0.107100 0.018200 0.021900
0 0.227900 0.891300 0.016200 0.020500
0 0.891300 0.165300 0.013800 0.021800
0 0.134600 0.718700 0.016000 0.020200
0 0.989100 0.468100 0.010000 0.024600
0 0.923600 0.841200 0.016300 0.019700
0 0.057600 0.916300 0.012700 0.029500
0 0.984600 0.134800 0.015200 0.021900
0 0.270600 0.533200 0.012700 0.028500
0 0.627300 0.690200 0.015400 0.020200
0 0.440200 0.541100 0.012300 0.026800
0 0.758400 0.847000 0.016300 0.021500
0 0.296500 0.376900 0.015500 0.022800
0 0.215500 0.265000 0.012800 0.030500
0 0.940500 0.090100 0.013100 0.027400
0 0.034800 0.952900 0.011900 0.032100
0 0.166500 0.656300 0.014000 0.022100
0 0.605200 0.354000 0.012900 0.027800
0 0.156000 0.835000 0.013800 0.022600
0 0.841700 0.215100 0.014400 0.020400
0 0.277800 0.765300 0.014200 0.021200
0 0.022000 0.377100 0.016600 0.018300
0 0.170200 0.784900 0.017200 0.018500
0 0.609100 0.640400 0.013500 0.024900
0 0.054200 0.027100 0.014200 0.025100
0 0.927200 0.933600 0.011400 0.030600
0 0.254400 0.051800 0.017400 0.022100
0 0.766400 0.596400 0.015300 0.020000
0 0.261100 0.141100 0.014400 0.024200
0 0.064000 0.854100 0.015100 0.024300
0 0.167000 0.830900 0.012300 0.024100
0 0.669900 0.844600 0.013500 0.022700
0 0.410300 0.516800 0.012700 0.027800
0 0.927000 0.280500 0.015200 0.020400
0 0.633500 0.806600 0.010900 0.029800
0 0.059900 0.583100 0.014800 0.020900
0 0.582100 0.891700 0.014800 0.022500
0 0.603900 0.454900 0.014300 0.019300
0 0.207200 0.528700 0.013900 0.025900
0 0.867900 0.233300 0.015300 0.021700
0 0.233200 0.697800 0.015700 0.021400
0 0.534900 0.631100 0.012300 0.020600
0 0.854800 0.135900 0.015000 0.022100
0 0.981800 0.443000 0.015000 0.021300
0 0.255900 0.753800 0.014500 0.020700
0 0.347600 0.564500 0.014600 0.022700
0 0.222900 0.178000 0.013800 0.025400
0 0.278400 0.673500 0.015100 0.020500
0 0.191300 0.978200 0.016700 0.022300
0 0.259600 0.210100 0.015100 0.022400
0 0.044700 0.553700 0.016200 0.018900
0 0.830900 0.252800 0.015000 0.022500
0 0.822500 0.857000 0.015700 0.023200
0 0.931900 0.143800 0.010600 0.033800
0 0.205300 0.428600 0.011900 0.030800
0 0.977800 0.259300 0.017400 0.023200
0 0.242300 0.665800 0.013200 0.029000
0 0.447900 0.190200 0.013100 0.025400
0 0.419500 0.546000 0.013200 0.022600
0 0.555900 0.247000 0.011000 0.032000
0 0.258300 0.601500 0.015400 0.022500
0 0.898400 0.517400 0.013200 0.029500
0 0.755200 0.031200 0.014400 0.025100
0 0.014300 0.516700 0.015100 0.023400
0 0.072500 0.458700 0.016000 0.019900
0 0.479700 0.121000 0.016100 0.019500
0 0.430200 0.553900 0.013700 0.022400
0 0.177800 0.733700 0.014500 0.022400
0 0.610600 0.232200 0.012300 0.030700
0 0.244700 0.706000 0.016700 0.019900
0 0.289600 0.285700 0.014900 0.020700
0 0.173400 0.807600 0.013700 0.024600
0 0.478900 0.317800 0.013500 0.024900
0 0.814200 0.079200 0.013900 0.025000
0 0.159700 0.681500 0.015600 0.020700
0 0.010600 0.014400 0.010800 0.022600
0 0.542900 0.620000 0.011400 0.028400
0 0.873300 0.653000 0.012700 0.024600
0 0.790700 0.805500 0.014400 0.022000
0 0.228400 0.396700 0.012300 0.031400
0 0.970900 0.759600 0.015000 0.019800
0 0.436000 0.732800 0.014300 0.021900
0 0.706500 0.497300 0.014200 0.021400
0 0.773500 0.534200 0.015700 0.020300
0 0.329200 0.291600 0.012300 0.026400
0 0.681200 0.835200 0.013000 0.021500
0 0.335000 0.492000 0.012900 0.029000
0 0.020700 0.361200 0.019200 0.019000
0 0.323600 0.671700 0.015000 0.022900
0 0.567400 0.984400 0.014700 0.022400
0 0.376700 0.822100 0.014400 0.023000
0 0.449000 0.577700 0.013400 0.022700
0 0.641800 0.298600 0.014100 0.021400
0 0.694200 0.114700 0.013800 0.024800
0 0.095600 0.978600 0.014500 0.022600
0 0.218700 0.504700 0.012000 0.032000
0 0.289300 0.792800 0.016600 0.021900
0 0.943200 0.560500 0.015500 0.020300
0 0.247000 0.220800 0.013900 0.024100
0 0.968800 0.976500 0.014200 0.019400
0 0.464300 0.778000 0.015300 0.022200
0 0.923100 0.666800 0.015500 0.021200
0 0.194300 0.609500 0.014400 0.028600
0 0.044000 0.394800 0.016300 0.018700
0 0.428200 0.754200 0.015000 0.021600
0 0.716800 0.234100 0.012200 0.029900
0 0.013800 0.833300 0.017200 0.022400
0 0.193900 0.267200 0.015500 0.023700
0 0.906600 0.560700 0.015400 0.022700
0 0.173200 0.710000 0.016200 0.020700
0 0.578400 0.479000 0.015000 0.019800
0 0.926800 0.370700 0.013400 0.025500
0 0.168800 0.532300 0.014800 0.024500
0 0.504400 0.452100 0.015800 0.025700
0 0.718400 0.966500 0.012500 0.025400
0 0.580300 0.510400 0.015400 0.020400
0 0.234700 0.623700 0.016100 0.022400
0 0.301900 0.666100 0.015800 0.020600
0 0.453900 0.755100 0.011300 0.030600
0 0.669100 0.172500 0.012900 0.027500
0 0.590900 0.444300 0.011900 0.025400
0 0.880000 0.158600 0.013700 0.023400
0 0.589200 0.734200 0.015300 0.022200
0 0.494900 0.353300 0.012800 0.029800
0 0.747600 0.972100 0.015000 0.018700
0 0.504600 0.192400 0.010500 0.031800
0 0.005500 0.453200 0.009000 0.033700
0 0.536000 0.702700 0.013200 0.025100
0 0.169800 0.519700 0.013700 0.024800
0 0.780100 0.722900 0.016400 0.019200
0 0.363800 0.703000 0.014300 0.021100
0 0.679000 0.208800 0.014700 0.022600
0 0.053700 0.383400 0.016500 0.020900
0 0.605300 0.473400 0.016100 0.018800
0 0.378100 0.773000 0.010800 0.028800
0 0.111200 0.746500 0.017000 0.021800
0 0.418000 0.022200 0.013000 0.027200
0 0.856800 0.915200 0.016100 0.020400
0 0.914300 0.372100 0.014800 0.023900
0 0.476900 0.709900 0.012700 0.024700
0 0.572200 0.478900 0.015000 0.021500
0 0.605200 0.048400 0.015700 0.022800
0 0.830900 0.647100 0.010900 0.032000
0 0.067700 0.110700 0.014300 0.025700
0 0.768300 0.564600 0.014000 0.021600
0 0.194800 0.728400 0.012100 0.026500
0 0.355200 0.019800 0.012400 0.026200
0 0.918300 0.739200 0.014200 0.021000
0 0.733300 0.810900 0.015500 0.018100
0 0.889400 0.845400 0.013800 0.020400
0 0.172700 0.105900 0.015800 0.021800
0 0.430400 0.710700 0.014000 0.021800
0 0.501200 0.656900 0.014600 0.020800
0 0.346200 0.526700 0.015900 0.023800
0 0.311300 0.705700 0.015600 0.021900
0 0.848400 0.929900 0.016700 0.018700
0 0.756200 0.327600 0.015600 0.021700
0 0.258800 0.888800 0.015900 0.020800
0 0.684700 0.735300 0.015700 0.019300
0 0.703100 0.394800 0.012900 0.021800
0 0.873100 0.727600 0.011800 0.031400
0 0.610500 0.848300 0.015000 0.019400
0 0.279000 0.835700 0.015300 0.021100
0 0.331700 0.752000 0.013600 0.024500
0 0.284900 0.491100 0.017900 0.022700
0 0.823600 0.970500 0.013400 0.022000
0 0.804100 0.223600 0.014700 0.021600
0 0.582300 0.161000 0.014900 0.022400
0 0.111400 0.421000 0.014700 0.024600
0 0.056300 0.640500 0.011900 0.035100
0 0.663800 0.697400 0.015800 0.019800
0 0.107900 0.221800 0.010600 0.036200
0 0.416700 0.395800 0.013500 0.027000
0 0.048400 0.761400 0.015100 0.023200
0 0.042700 0.211700 0.016200 0.023100
0 0.476600 0.939400 0.017600 0.021100
0 0.492300 0.972900 0.014400 0.023300
0 0.604400 0.866900 0.013600 0.020600
0 0.192700 0.023200 0.014900 0.025000
0 0.026300 0.576400 0.016700 0.020500
0 0.651300 0.378000 0.014700 0.021400
0 0.586400 0.309000 0.014100 0.023500
0 0.748400 0.846400 0.015100 0.021200
0 0.045000 0.036100 0.015300 0.025200
0 0.944100 0.865100 0.016100 0.023700
0 0.477000 0.133400 0.016300 0.020200
0 0.580000 0.411200 0.013500 0.022300
0 0.588700 0.759200 0.013200 0.028400
0 0.979500 0.603600 0.013800 0.028000
0 0.364700 0.017700 0.012800 0.024600
0 0.440300 0.216000 0.014400 0.024700
0 0.153200 0.166300 0.010200 0.035500
0 0.291400 0.348100 0.011800 0.027300
0 0.873300 0.360800 0.014400 0.021200
0 0.190300 0.921300 0.012400 0.025400
0 0.402300 0.405100 0.014300 0.022800
0 0.098000 0.658400 0.012300 0.031500
0 0.982800 0.565600 0.012800 0.026300
0 0.406400 0.334800 0.014700 0.027500
0 0.902300 0.152600 0.014000 0.023200
0 0.730500 0.317100 0.013700 0.023400
0 0.345500 0.435700 0.015000 0.021700
0 0.467600 0.501200 0.015200 0.022100
0 0.260000 0.730200 0.014400 0.020700
0 0.813600 0.182800 0.014800 0.022500
0 0.073500 0.308200 0.016500 0.022200
0 0.413700 0.728200 0.014300 0.023800
0 0.100900 0.845000 0.013800 0.025500
0 0.990400 0.431400 0.009900 0.019500
0 0.451300 0.102900 0.015400 0.021500
0 0.739000 0.307400 0.014000 0.022700
0 0.886100 0.429100 0.013700 0.031500
0 0.817600 0.248000 0.013700 0.022700
0 0.201600 0.098100 0.015800 0.022400
0 0.731000 0.279600 0.008200 0.037000
0 0.075900 0.034900 0.015400 0.022600
0 0.784000 0.582400 0.014300 0.021300
0 0.534400 0.027400 0.016000 0.021900
0 0.009000 0.296000 0.011500 0.018100
0 0.930600 0.585700 0.014100 0.021200
0 0.124300 0.309200 0.016100 0.022700
0 0.451000 0.384600 0.012500 0.029100
0 0.661700 0.304500 0.013700 0.022400
0 0.960900 0.742000 0.014800 0.019900
0 0.704700 0.656500 0.015000 0.020700
0 0.693600 0.430000 0.013000 0.023600
0 0.389300 0.501500 0.016500 0.021800
0 0.485800 0.215000 0.010800 0.031800
0 0.313200 0.866900 0.012700 0.029700
0 0.783200 0.338800 0.016100 0.020600
0 0.452500 0.223100 0.014300 0.025800
0 0.425900 0.281100 0.015800 0.025300
0 0.141800 0.598800 0.015200 0.023900
0 0.772800 0.584800 0.014000 0.019100
0 0.940800 0.578100 0.014000 0.021800
0 0.929200 0.048500 0.015000 0.019500
0 0.786500 0.417000 0.012900 0.024900
0 0.193700 0.255200 0.013700 0.026500
0 0.313700 0.504800 0.015300 0.023000
0 0.764900 0.440900 0.011700 0.025800
0 0.384600 0.160800 0.017000 0.019100
0 0.284900 0.372900 0.014500 0.024100
0 0.510300 0.273500 0.013000 0.024000
0 0.006700 0.084700 0.010900 0.033800
0 0.070400 0.148500 0.015000 0.025000
0 0.807200 0.289200 0.014700 0.023000
0 0.548500 0.860500 0.016000 0.021700
0 0.960500 0.558900 0.016400 0.020400
0 0.419000 0.372600 0.013700 0.020600
0 0.360900 0.444600 0.015300 0.021400
0 0.481400 0.573700 0.013700 0.018400
0 0.310100 0.210600 0.011600 0.032300
0 0.378200 0.842000 0.014100 0.023900
0 0.578800 0.903500 0.014300 0.022400
0 0.119100 0.416800 0.014500 0.027300
0 0.233100 0.564000 0.016200 0.022200
0 0.790900 0.948200 0.014200 0.022000
0 0.003200 0.955500 0.006300 0.020800
0 0.756500 0.615800 0.013600 0.027900
0 0.530400 0.046100 0.015800 0.024800
0 0.958800 0.048200 0.015300 0.022600
0 0.430500 0.788700 0.014700 0.023500
0 0.494500 0.411100 0.015000 0.025400
0 0.966100 0.723600 0.016900 0.018700
0 0.855100 0.947700 0.016900 0.018400
0 0.448400 0.047800 0.014200 0.023100
0 0.815000 0.470200 0.014500 0.024200
0 0.905300 0.052400 0.016900 0.021800
0 0.621400 0.885700 0.010500 0.029300
0 0.296300 0.592100 0.010800 0.035700
0 0.464300 0.517200 0.015500 0.022200
0 0.889900 0.061200 0.016800 0.020000
0 0.335000 0.926800 0.014100 0.023700
0 0.984500 0.673600 0.016300 0.020800
0 0.828700 0.968100 0.013800 0.022600
0 0.790700 0.836400 0.017100 0.018900
0 0.384700 0.832700 0.013500 0.022600
0 0.554200 0.983800 0.013100 0.022600
0 0.776300 0.618900 0.016200 0.021600
0 0.464000 0.429000 0.012700 0.030200
0 0.264700 0.982300 0.009300 0.027800
0 0.701700 0.689700 0.016900 0.019700
0 0.018100 0.601700 0.012900 0.027600
0 0.373800 0.031900 0.013900 0.024900
0 0.823700 0.370500 0.016600 0.021400
0 0.197700 0.173800 0.011000 0.031600
0 0.023100 0.541300 0.017200 0.021100
0 0.543600 0.259900 0.012300 0.026800
0 0.960300 0.023100 0.013700 0.022400
0 0.945000 0.610400 0.013800 0.023100
0 0.572100 0.696200 0.013600 0.024400
0 0.150900 0.698700 0.016000 0.020600
0 0.104800 0.561400 0.014100 0.022300
0 0.543900 0.139000 0.013400 0.025000
0 0.526600 0.308100 0.015500 0.021900
0 0.038200 0.701000 0.016600 0.021600
0 0.394300 0.977800 0.013100 0.023200
0 0.724000 0.753100 0.016700 0.018400
0 0.790500 0.598500 0.014700 0.021100
0 0.151000 0.533000 0.014900 0.024400
0 0.155900 0.061100 0.017400 0.024800
0 0.296300 0.210900 0.011500 0.032800
0 0.922900 0.173200 0.012600 0.028900
0 0.699200 0.885000 0.012400 0.024400
0 0.419400 0.748600 0.015100 0.020300
0 0.278200 0.101500 0.016500 0.021500
0 0.323600 0.722200 0.014900 0.020900
0 0.989700 0.389400 0.009200 0.026800
0 0.786100 0.173700 0.015900 0.021600
0 0.691500 0.535800 0.013300 0.027000
0 0.871400 0.073100 0.011100 0.030200
0 0.539600 0.311100 0.014900 0.022000
0 0.880100 0.167700 0.014600 0.023200
0 0.179297 0.349306 0.016406 0.043056
0 0.399609 0.083333 0.013281 0.025000
0 0.463281 0.164583 0.015625 0.026389
0 0.562891 0.186806 0.014844 0.034722
0 0.553906 0.138194 0.012500 0.029167
0 0.804688 0.136806 0.014062 0.037500
0 0.750391 0.236111 0.017969 0.027778
0 0.798828 0.249306 0.019531 0.026389
0 0.891797 0.559722 0.011719 0.036111
0 0.648828 0.636806 0.014844 0.029167
0 0.810938 0.739583 0.018750 0.034722
0 0.891797 0.731250 0.000781 0.001389
0 0.890234 0.725694 0.000781 0.001389
0 0.899219 0.749306 0.010937 0.031944
0 0.725000 0.676389 0.018750 0.025000
0 0.660156 0.799306 0.014062 0.031944
0 0.500000 0.870139 0.015625 0.026389
0 0.361328 0.763194 0.019531 0.029167
0 0.223438 0.972917 0.017188 0.031944
0 0.122656 0.525694 0.010937 0.034722
0 0.299219 0.422222 0.018750 0.033333
0 0.387891 0.447917 0.017969 0.034722
0 0.486328 0.615278 0.019531 0.027778
0 0.173047 0.439583 0.016406 0.034722
0 0.599219 0.286806 0.012500 0.031944
0 0.551172 0.036806 0.014844 0.026389
0 0.924609 0.325000 0.016406 0.030556
0 0.887500 0.981250 0.018750 0.029167
0 0.900000 0.911806 0.010937 0.026389
0 0.851953 0.497917 0.011719 0.029167
0 0.982422 0.537500 0.014844 0.027778
0 0.061719 0.872222 0.017188 0.022222
0 0.064844 0.477778 0.014062 0.022222
0 0.475781 0.334722 0.010937 0.025000
0 0.458594 0.322222 0.014062 0.022222
0 0.448438 0.309722 0.012500 0.025000
0 0.751562 0.087500 0.017188 0.022222
0 0.198437 0.690278 0.015625 0.025000
