0 0.853000 0.583800 0.012300 0.026000
0 0.815800 0.619800 0.016100 0.022500
0 0.035200 0.029500 0.016100 0.023600
0 0.015900 0.067200 0.015700 0.023900
0 0.593800 0.891300 0.014500 0.021300
0 0.091800 0.806800 0.014900 0.026300
0 0.904600 0.807900 0.014000 0.021900
0 0.835200 0.751700 0.017900 0.018900
0 0.506800 0.716800 0.012700 0.020200
0 0.770200 0.143300 0.016000 0.020300
0 0.480500 0.792000 0.015700 0.020400
0 0.970900 0.845000 0.017400 0.019200
0 0.820500 0.745100 0.015700 0.020700
0 0.807100 0.827900 0.014700 0.021300
0 0.255200 0.918200 0.016600 0.022900
0 0.444000 0.596400 0.014500 0.021000
0 0.745300 0.855800 0.014500 0.023900
0 0.008200 0.982900 0.011300 0.021700
0 0.758800 0.357200 0.015900 0.021800
0 0.878500 0.406600 0.015700 0.022200
0 0.296300 0.128500 0.016200 0.021200
0 0.081100 0.146000 0.015300 0.023700
0 0.481100 0.832300 0.014300 0.024100
0 0.091900 0.957000 0.020100 0.020700
0 0.966500 0.757900 0.013400 0.018800
0 0.465600 0.580900 0.012600 0.027200
0 0.159100 0.046100 0.016100 0.023000
0 0.794400 0.444100 0.013800 0.024300
0 0.607800 0.218200 0.013400 0.022100
0 0.868100 0.265500 0.016100 0.018800
0 0.496600 0.171000 0.015700 0.020200
0 0.153800 0.907700 0.015100 0.022600
0 0.047800 0.368200 0.014800 0.024000
0 0.356700 0.354600 0.015800 0.019900
0 0.682400 0.370200 0.015700 0.022700
0 0.516500 0.978800 0.013700 0.025000
0 0.890900 0.669700 0.013400 0.022500
0 0.408100 0.366400 0.015700 0.020400
0 0.815300 0.522600 0.014300 0.022500
0 0.072800 0.390100 0.016800 0.018300
0 0.429100 0.132400 0.015800 0.019400
0 0.518400 0.818900 0.015300 0.023100
0 0.756500 0.756600 0.015400 0.022500
0 0.555400 0.545200 0.015100 0.020300
0 0.307500 0.504500 0.015000 0.023700
0 0.097700 0.564700 0.015400 0.023000
0 0.207400 0.333900 0.016500 0.022800
0 0.491100 0.893100 0.017700 0.019500
0 0.465600 0.318600 0.014000 0.023500
0 0.939400 0.791500 0.015100 0.022700
0 0.447400 0.171400 0.015900 0.020500
0 0.642100 0.243600 0.013700 0.020000
0 0.205700 0.820200 0.015900 0.022000
0 0.203900 0.710000 0.015300 0.020200
0 0.607600 0.594100 0.015500 0.019800
0 0.247800 0.833800 0.015200 0.022200
0 0.309000 0.819700 0.013700 0.025400
0 0.296800 0.604700 0.017200 0.019700
0 0.860300 0.642700 0.014200 0.020500
0 0.920900 0.653800 0.014800 0.021500
0 0.893000 0.706700 0.014600 0.020300
0 0.842300 0.266500 0.016400 0.018400
0 0.721700 0.557500 0.015600 0.024000
0 0.166700 0.142900 0.013800 0.021900
0 0.891300 0.259800 0.013800 0.021000
0 0.050900 0.758500 0.014800 0.025700
0 0.483400 0.407400 0.015100 0.020000
0 0.771600 0.243100 0.013000 0.020700
0 0.393400 0.370100 0.015400 0.020100
0 0.243300 0.366800 0.014500 0.021600
0 0.270400 0.346100 0.014100 0.022900
0 0.969300 0.417800 0.016500 0.023400
0 0.433600 0.481700 0.014500 0.022600
0 0.855300 0.108800 0.015900 0.020300
0 0.544700 0.280700 0.015800 0.020700
0 0.056300 0.166000 0.014700 0.025400
0 0.753600 0.708300 0.015600 0.018900
0 0.303200 0.358600 0.014100 0.023000
0 0.155500 0.723000 0.015200 0.022200
0 0.479600 0.258600 0.014600 0.021900
0 0.031400 0.092600 0.015200 0.021000
0 0.367400 0.670900 0.017100 0.020200
0 0.440400 0.457900 0.015300 0.020500
0 0.382500 0.709000 0.013800 0.024600
0 0.380300 0.630100 0.016700 0.017900
0 0.779800 0.894600 0.014900 0.021600
0 0.255500 0.069300 0.015300 0.022100
0 0.043200 0.118000 0.014700 0.025000
0 0.529900 0.118800 0.014600 0.023600
0 0.229600 0.481100 0.015700 0.022800
0 0.284400 0.730800 0.013200 0.025900
0 0.919800 0.890800 0.014400 0.022300
0 0.520400 0.704800 0.014100 0.019000
0 0.633700 0.095300 0.012900 0.025900
0 0.223000 0.306900 0.016100 0.019100
0 0.203300 0.678200 0.016400 0.021000
0 0.719200 0.798200 0.014400 0.019300
0 0.530200 0.194900 0.013800 0.020800
0 0.619600 0.644000 0.013500 0.023000
0 0.934000 0.583400 0.013000 0.026600
0 0.833700 0.130300 0.015700 0.024500
0 0.330400 0.554700 0.014900 0.021700
0 0.819900 0.680800 0.013200 0.026900
0 0.642000 0.644900 0.013400 0.024200
0 0.846800 0.656100 0.013100 0.025100
0 0.766000 0.867900 0.015000 0.023100
0 0.344700 0.645400 0.015200 0.021600
0 0.157700 0.129000 0.014700 0.024200
0 0.721600 0.728900 0.016000 0.020700
0 0.401900 0.283600 0.014500 0.021400
0 0.956300 0.432000 0.014300 0.023400
0 0.954300 0.580900 0.016100 0.020800
0 0.503900 0.507200 0.016000 0.022500
0 0.431700 0.531300 0.015500 0.019800
0 0.509200 0.103100 0.015700 0.022200
0 0.091700 0.641700 0.014600 0.023000
0 0.897900 0.545900 0.015000 0.021300
0 0.867900 0.895500 0.014400 0.027700
0 0.381000 0.476800 0.014900 0.021700
0 0.917500 0.192200 0.017000 0.019300
0 0.059000 0.320600 0.012500 0.030000
0 0.465800 0.208800 0.013800 0.022100
0 0.307700 0.153700 0.014700 0.022300
0 0.128500 0.905100 0.015800 0.021100
0 0.864700 0.331900 0.014600 0.025600
0 0.092600 0.208500 0.015200 0.023000
0 0.469700 0.441900 0.015300 0.022100
0 0.655400 0.634500 0.015100 0.024800
0 0.519900 0.234800 0.016200 0.021100
0 0.460000 0.182100 0.014100 0.024400
0 0.103400 0.842300 0.015600 0.022400
0 0.559300 0.258200 0.015800 0.021300
0 0.182200 0.220500 0.012700 0.025000
0 0.669600 0.370800 0.014700 0.024700
0 0.207000 0.656400 0.016000 0.023000
0 0.665100 0.527700 0.013900 0.019800
0 0.119400 0.272400 0.015200 0.023800
0 0.356500 0.390900 0.014700 0.022300
0 0.708200 0.521100 0.014900 0.022900
0 0.021100 0.840900 0.014000 0.029700
0 0.318900 0.954700 0.014000 0.025000
0 0.896600 0.092100 0.015200 0.022900
0 0.597200 0.778700 0.015100 0.021800
0 0.217400 0.847800 0.015000 0.021400
0 0.378600 0.942700 0.013700 0.025000
0 0.013900 0.456700 0.012500 0.027700
0 0.369400 0.702000 0.014500 0.021100
0 0.527400 0.056200 0.014600 0.023600
0 0.415900 0.907200 0.015000 0.025300
0 0.584900 0.923000 0.016000 0.023200
0 0.542900 0.803900 0.014700 0.023800
0 0.578100 0.805500 0.012100 0.028500
0 0.043100 0.628900 0.015700 0.025200
0 0.231500 0.840500 0.014600 0.021200
0 0.959600 0.192800 0.017900 0.019300
0 0.339000 0.759600 0.014300 0.021000
0 0.689400 0.915500 0.014100 0.023400
0 0.717900 0.604000 0.015000 0.021600
0 0.084300 0.690500 0.015500 0.024200
0 0.133400 0.252500 0.015600 0.022500
0 0.357600 0.133500 0.014100 0.022300
0 0.598500 0.694300 0.013500 0.026200
0 0.122100 0.546500 0.016400 0.020500
0 0.642800 0.960900 0.017800 0.020300
0 0.909200 0.080000 0.013800 0.023500
0 0.648000 0.141400 0.015700 0.021000
0 0.203400 0.421100 0.012900 0.027300
0 0.559400 0.122100 0.015900 0.021600
0 0.779700 0.169300 0.014700 0.021400
0 0.234300 0.022700 0.013100 0.024400
0 0.202000 0.091400 0.016700 0.022400
0 0.297300 0.706000 0.013700 0.024200
0 0.222600 0.745500 0.015100 0.024600
0 0.545700 0.335200 0.017100 0.021900
0 0.558100 0.203500 0.013100 0.027400
0 0.355400 0.516900 0.014100 0.018600
0 0.181700 0.119500 0.012500 0.027400
0 0.567900 0.489900 0.016100 0.021300
0 0.972200 0.209000 0.018200 0.019000
0 0.747700 0.295000 0.010100 0.030400
0 0.278200 0.696500 0.014500 0.025100
0 0.089600 0.131700 0.014700 0.024700
0 0.752300 0.134700 0.015800 0.019200
0 0.770600 0.065500 0.016200 0.023200
0 0.680100 0.834600 0.013200 0.022000
0 0.585200 0.364400 0.015400 0.020000
0 0.059100 0.592800 0.009800 0.036500
0 0.964400 0.793000 0.017600 0.022000
0 0.510100 0.780400 0.012300 0.026900
0 0.161000 0.467100 0.014100 0.025700
0 0.185400 0.416000 0.012000 0.027800
0 0.865500 0.281100 0.015800 0.019000
0 0.291900 0.097300 0.015600 0.021300
0 0.384500 0.656200 0.016900 0.020100
0 0.753300 0.834300 0.016300 0.022000
0 0.534900 0.458900 0.016300 0.021000
0 0.352400 0.592700 0.015800 0.018900
0 0.260100 0.846700 0.014700 0.023800
0 0.893200 0.973400 0.018400 0.020700
0 0.207500 0.197500 0.013900 0.023100
0 0.098200 0.865200 0.015500 0.023200
0 0.420700 0.763900 0.015100 0.020800
0 0.129700 0.479100 0.016300 0.021200
0 0.394900 0.080500 0.014900 0.023900
0 0.889600 0.641700 0.013700 0.021600
0 0.198500 0.321900 0.017100 0.021000
0 0.871100 0.498200 0.014400 0.024200
0 0.144000 0.860100 0.013600 0.027200
0 0.721800 0.203000 0.013600 0.025300
0 0.105800 0.606100 0.013100 0.021900
0 0.478800 0.122000 0.015800 0.020500
0 0.783700 0.247300 0.013900 0.020700
0 0.878900 0.104500 0.014700 0.022900
0 0.370800 0.908000 0.013300 0.031700
0 0.518200 0.168400 0.014900 0.021000
0 0.546000 0.296300 0.015600 0.020400
0 0.983700 0.128600 0.016000 0.021900
0 0.230000 0.627000 0.015300 0.022400
0 0.603100 0.184200 0.016800 0.020200
0 0.167100 0.865700 0.013200 0.028800
0 0.142300 0.754100 0.015500 0.024400
0 0.134500 0.608600 0.011700 0.029100
0 0.548200 0.578400 0.011600 0.025300
0 0.620000 0.728400 0.014700 0.022100
0 0.877800 0.810200 0.016100 0.020800
0 0.285800 0.520600 0.013600 0.026800
0 0.671600 0.829400 0.012200 0.023700
0 0.416400 0.827900 0.013900 0.026900
0 0.735600 0.355500 0.014600 0.020500
0 0.791400 0.591500 0.014700 0.022600
0 0.879800 0.697300 0.013800 0.021300
0 0.172100 0.243300 0.012100 0.032200
0 0.477700 0.673000 0.016200 0.021200
0 0.573100 0.391800 0.014000 0.022900
0 0.185500 0.520800 0.017700 0.021300
0 0.019700 0.543200 0.012400 0.029200
0 0.307900 0.310400 0.013800 0.023700
0 0.883800 0.982800 0.016800 0.022200
0 0.652200 0.206000 0.013400 0.023400
0 0.718000 0.832300 0.014200 0.019200
0 0.855400 0.940700 0.015900 0.022200
0 0.130200 0.579400 0.011600 0.028400
0 0.207300 0.127000 0.015300 0.023800
0 0.796700 0.954700 0.015800 0.021700
0 0.373400 0.307000 0.015800 0.020100
0 0.002600 0.257300 0.006100 0.020100
0 0.186200 0.751900 0.014500 0.023700
0 0.051300 0.817500 0.012200 0.029600
0 0.410000 0.071400 0.012900 0.030700
0 0.008300 0.182100 0.014000 0.030600
0 0.677800 0.021600 0.014500 0.023600
0 0.586000 0.442800 0.015000 0.021100
0 0.126900 0.367000 0.015500 0.021900
0 0.315000 0.203000 0.015700 0.023200
0 0.717000 0.582800 0.014900 0.024500
0 0.408800 0.657200 0.016900 0.021100
0 0.552500 0.027900 0.015200 0.024500
0 0.242300 0.689600 0.013400 0.024700
0 0.809400 0.640000 0.013500 0.023000
0 0.215200 0.220700 0.012800 0.024700
0 0.289300 0.143900 0.015700 0.021400
0 0.179400 0.172200 0.011600 0.022800
0 0.166600 0.765100 0.015000 0.025100
0 0.926400 0.405900 0.014100 0.023900
0 0.293400 0.168600 0.014600 0.022700
0 0.282200 0.909800 0.017100 0.020100
0 0.771800 0.453100 0.011500 0.022300
0 0.681600 0.752000 0.013800 0.022000
0 0.320800 0.666200 0.013000 0.026400
0 0.210300 0.555300 0.011800 0.032500
0 0.267300 0.561000 0.016800 0.023000
0 0.966300 0.033900 0.013500 0.028000
0 0.780900 0.923700 0.017100 0.020500
0 0.358500 0.771400 0.012400 0.028300
0 0.893300 0.729000 0.012500 0.026600
0 0.621100 0.779500 0.014800 0.023700
0 0.340700 0.582600 0.015800 0.020300
0 0.674000 0.691900 0.011100 0.030600
0 0.259500 0.585800 0.017000 0.021500
0 0.154100 0.660800 0.014800 0.022000
0 0.694800 0.895000 0.012500 0.021400
0 0.617300 0.872900 0.013700 0.022700
0 0.638800 0.393700 0.014600 0.025300
0 0.531600 0.477200 0.015100 0.021300
0 0.677800 0.777700 0.011600 0.022500
0 0.444200 0.301800 0.014800 0.021300
0 0.441600 0.573200 0.015500 0.020700
0 0.446900 0.328300 0.011700 0.030600
0 0.501400 0.922100 0.016400 0.019900
0 0.816700 0.966000 0.014000 0.024100
0 0.482300 0.340200 0.015000 0.023300
0 0.765300 0.016200 0.013900 0.022900
0 0.380800 0.968400 0.014100 0.023000
0 0.052900 0.708800 0.012800 0.023900
0 0.931600 0.240200 0.016900 0.020700
0 0.235000 0.451800 0.013900 0.024300
0 0.983000 0.922600 0.013000 0.027900
0 0.638800 0.806200 0.012800 0.027700
0 0.632500 0.410700 0.014500 0.024600
0 0.040200 0.922300 0.016400 0.022800
0 0.718200 0.471300 0.011300 0.031900
0 0.656400 0.111000 0.013800 0.021900
0 0.303900 0.417000 0.011300 0.034000
0 0.589100 0.267000 0.013900 0.027500
0 0.901900 0.404400 0.015400 0.021900
0 0.441100 0.505400 0.015500 0.020300
0 0.723000 0.348200 0.014400 0.021300
0 0.280000 0.627500 0.016100 0.019900
0 0.660500 0.940800 0.015800 0.020300
0 0.754000 0.896500 0.015000 0.022900
0 0.291100 0.264300 0.016400 0.020600
0 0.027100 0.283600 0.012200 0.031100
0 0.822200 0.145400 0.018300 0.023200
0 0.665700 0.313800 0.014800 0.021100
0 0.681200 0.985300 0.017300 0.019800
0 0.755000 0.514100 0.014500 0.023500
0 0.416800 0.280200 0.011800 0.029500
0 0.539400 0.079100 0.013000 0.029400
0 0.821600 0.485100 0.011900 0.025400
0 0.629600 0.266100 0.013800 0.021100
0 0.392700 0.523500 0.013900 0.022300
0 0.715200 0.539700 0.015600 0.021800
0 0.979200 0.541900 0.017100 0.021800
0 0.329600 0.520100 0.011600 0.031000
0 0.356800 0.610400 0.015400 0.021200
0 0.810600 0.917000 0.016200 0.021900
0 0.772900 0.723600 0.017600 0.019900
0 0.530000 0.560500 0.013200 0.024800
0 0.859400 0.434200 0.010700 0.036000
0 0.659800 0.751800 0.013900 0.023400
0 0.422400 0.977400 0.014800 0.022300
0 0.636200 0.072000 0.013000 0.021800
0 0.302300 0.755100 0.015500 0.023300
0 0.867300 0.676800 0.014700 0.020700
0 0.709700 0.659900 0.015400 0.025500
0 0.101000 0.071800 0.014300 0.022500
0 0.052600 0.786100 0.014500 0.025100
0 0.036200 0.531100 0.016400 0.021900
0 0.940900 0.647200 0.013200 0.021100
0 0.543700 0.977800 0.014200 0.023000
0 0.495100 0.358000 0.016200 0.020300
0 0.194600 0.415100 0.011500 0.028600
0 0.482200 0.639600 0.014900 0.020800
0 0.119600 0.501200 0.016000 0.021800
0 0.742300 0.173400 0.014800 0.021200
0 0.368400 0.123700 0.015500 0.019600
0 0.913600 0.231400 0.013700 0.024200
0 0.914000 0.632600 0.014800 0.021000
0 0.930200 0.116300 0.012300 0.030900
0 0.059700 0.377800 0.016500 0.018600
0 0.453800 0.448400 0.014000 0.021300
0 0.953800 0.665700 0.013300 0.025600
0 0.623200 0.179800 0.016900 0.019900
0 0.911400 0.517000 0.015000 0.020000
0 0.101100 0.504100 0.016400 0.020900
0 0.807100 0.809200 0.015100 0.018400
0 0.378000 0.078200 0.015200 0.024400
0 0.588600 0.056600 0.011900 0.029000
0 0.748500 0.721200 0.016300 0.019500
0 0.498200 0.414400 0.016500 0.020100
0 0.405300 0.851900 0.010000 0.036600
0 0.017400 0.120700 0.012000 0.029900
0 0.957700 0.130200 0.012300 0.030000
0 0.746400 0.255300 0.012600 0.024400
0 0.228600 0.911200 0.018000 0.020500
0 0.456600 0.426400 0.015800 0.020900
0 0.739800 0.264500 0.012700 0.023800
0 0.046200 0.927600 0.017100 0.023000
0 0.236200 0.595400 0.016100 0.020400
0 0.466100 0.065100 0.012200 0.030000
0 0.960700 0.265300 0.017000 0.020900
0 0.044900 0.886200 0.014000 0.028800
0 0.970600 0.073100 0.013700 0.023800
0 0.698600 0.067900 0.016000 0.021800
0 0.248800 0.384600 0.013700 0.023700
0 0.146300 0.597800 0.012300 0.029500
0 0.045400 0.702700 0.012900 0.025400
0 0.240600 0.972900 0.013300 0.025300
0 0.883400 0.021100 0.013500 0.025900
0 0.301000 0.659500 0.014200 0.022200
0 0.516300 0.677000 0.014100 0.019300
0 0.782000 0.833600 0.014600 0.022700
0 0.222100 0.546900 0.012100 0.029000
0 0.063500 0.092500 0.015800 0.020200
0 0.280900 0.560800 0.016600 0.023300
0 0.907500 0.852300 0.012200 0.026800
0 0.357100 0.016600 0.015400 0.022300
0 0.298800 0.979900 0.016600 0.025400
0 0.391100 0.059000 0.013100 0.026100
0 0.491100 0.972700 0.012300 0.024700
0 0.820700 0.285200 0.013400 0.023900
0 0.618900 0.429900 0.014100 0.025400
0 0.283800 0.681900 0.013400 0.024300
0 0.661800 0.584900 0.013100 0.024600
0 0.299300 0.843500 0.013800 0.027200
0 0.304400 0.534800 0.015300 0.023500
0 0.153200 0.027500 0.014500 0.024100
0 0.316700 0.084100 0.011400 0.034500
0 0.935500 0.057000 0.013100 0.022500
0 0.180700 0.064100 0.015300 0.022600
0 0.004500 0.665500 0.008900 0.031600
0 0.266400 0.978000 0.014900 0.025100
0 0.856700 0.022600 0.015900 0.024100
0 0.823300 0.843100 0.016400 0.019800
0 0.680600 0.635700 0.014200 0.021800
0 0.121700 0.789400 0.012900 0.028300
0 0.866000 0.782300 0.015600 0.021400
0 0.632900 0.434600 0.014200 0.024000
0 0.038800 0.966500 0.017800 0.022400
0 0.543500 0.184700 0.013000 0.024900
0 0.133100 0.960800 0.018100 0.020200
0 0.723500 0.751400 0.015900 0.020800
0 0.544300 0.160600 0.015800 0.020900
0 0.803900 0.301300 0.015000 0.021300
0 0.114100 0.827000 0.014900 0.025100
0 0.086100 0.079100 0.016300 0.020300
0 0.384100 0.640200 0.017300 0.017700
0 0.705800 0.217400 0.013100 0.024400
0 0.514000 0.322500 0.016000 0.021100
0 0.754300 0.473800 0.013600 0.022300
0 0.189600 0.884100 0.012900 0.030100
0 0.211500 0.289400 0.013700 0.026000
0 0.947300 0.479500 0.014600 0.021300
0 0.548800 0.372300 0.018200 0.019900
0 0.293700 0.433700 0.011300 0.034700
0 0.106400 0.289100 0.014300 0.023200
0 0.356700 0.273400 0.014000 0.027100
0 0.869400 0.761100 0.014400 0.022200
0 0.831300 0.721800 0.017200 0.022300
0 0.480500 0.359500 0.015500 0.023800
0 0.782900 0.789500 0.014000 0.022700
0 0.309600 0.709300 0.013200 0.025600
0 0.516000 0.926300 0.015400 0.021700
0 0.258900 0.751500 0.013600 0.025600
0 0.281200 0.842200 0.011500 0.034400
0 0.986500 0.298500 0.015200 0.021300
0 0.782000 0.952500 0.015100 0.023000
0 0.426900 0.084400 0.014100 0.023600
0 0.961200 0.378900 0.016700 0.020800
0 0.893000 0.073100 0.015100 0.022800
0 0.152100 0.682500 0.015700 0.021800
0 0.167400 0.735700 0.013000 0.025300
0 0.102400 0.597300 0.012500 0.022400
0 0.658500 0.036500 0.015200 0.020000
0 0.558400 0.426100 0.016400 0.019700
0 0.063200 0.358200 0.015400 0.021600
0 0.395700 0.708700 0.014800 0.021900
0 0.523900 0.618200 0.014900 0.023000
0 0.823200 0.639900 0.015000 0.020200
0 0.351100 0.959900 0.015400 0.020800
0 0.105000 0.363700 0.015600 0.023600
0 0.592400 0.211300 0.015600 0.020300
0 0.503100 0.122900 0.014800 0.023600
0 0.577200 0.065300 0.012500 0.030500
0 0.155000 0.502000 0.016000 0.021200
0 0.552800 0.623800 0.015200 0.022300
0 0.221200 0.320400 0.016500 0.020800
0 0.441200 0.522400 0.016700 0.019200
0 0.922900 0.916000 0.015600 0.020900
0 0.302600 0.172800 0.012800 0.024900
0 0.948700 0.564500 0.015500 0.021000
0 0.006400 0.460700 0.009500 0.031200
0 0.236200 0.054300 0.017200 0.020600
0 0.648500 0.564600 0.013600 0.028300
0 0.757300 0.198600 0.014800 0.020000
0 0.490500 0.547900 0.011200 0.032900
0 0.722200 0.838600 0.014100 0.019400
0 0.023600 0.400800 0.015700 0.022600
0 0.213400 0.035500 0.015900 0.022400
0 0.989000 0.244300 0.009100 0.023500
0 0.738400 0.795100 0.014600 0.020400
0 0.795800 0.651500 0.013800 0.021400
0 0.138900 0.028900 0.016300 0.021700
0 0.395000 0.464100 0.014000 0.024700
0 0.260700 0.371200 0.013700 0.020900
0 0.002000 0.645500 0.003600 0.030300
0 0.952900 0.241100 0.017800 0.020400
0 0.726400 0.859900 0.014200 0.022800
0 0.792800 0.114000 0.014600 0.022100
0 0.958000 0.479300 0.015300 0.023400
0 0.736200 0.052800 0.013100 0.030300
0 0.649300 0.891100 0.014300 0.021100
0 0.913800 0.798000 0.014900 0.020700
0 0.158400 0.414100 0.013000 0.028300
0 0.265300 0.477000 0.012200 0.031600
0 0.763500 0.810200 0.016600 0.020000
0 0.301200 0.553700 0.016500 0.021500
0 0.950900 0.059100 0.012400 0.028600
0 0.447400 0.026000 0.016300 0.022900
0 0.144900 0.671600 0.015600 0.021000
0 0.373900 0.559900 0.015200 0.021900
0 0.227500 0.322900 0.016900 0.019800
0 0.682000 0.689700 0.013100 0.024400
0 0.249100 0.634100 0.015200 0.021300
0 0.622600 0.770700 0.014400 0.023500
0 0.936800 0.846100 0.013100 0.022100
0 0.902900 0.497900 0.014500 0.022600
0 0.835500 0.727200 0.017800 0.021600
0 0.463500 0.861200 0.015900 0.020700
0 0.530800 0.786200 0.012800 0.025300
0 0.429500 0.914300 0.013500 0.026900
0 0.535800 0.810000 0.014200 0.024100
0 0.546300 0.510700 0.015600 0.020100
0 0.946000 0.655800 0.011800 0.026000
0 0.681300 0.139000 0.013800 0.027100
0 0.919200 0.676500 0.013500 0.021200
0 0.565100 0.773900 0.014700 0.022100
0 0.275900 0.157600 0.016000 0.022600
0 0.469500 0.741400 0.013400 0.021600
0 0.488400 0.304300 0.015700 0.020600
0 0.285200 0.489300 0.013400 0.026200
0 0.848400 0.139100 0.016200 0.023800
0 0.639400 0.448100 0.014100 0.024600
0 0.301300 0.773700 0.015100 0.022100
0 0.264600 0.785100 0.014500 0.025600
0 0.911400 0.881100 0.012100 0.025100
0 0.320900 0.727900 0.012100 0.023700
0 0.077100 0.015700 0.010400 0.028600
0 0.400900 0.428700 0.013200 0.026000
0 0.823900 0.211500 0.017300 0.021200
0 0.547800 0.202900 0.013900 0.023300
0 0.923200 0.873100 0.014100 0.023900
0 0.046800 0.283200 0.012800 0.024800
0 0.928600 0.623700 0.015400 0.019400
0 0.354688 0.199306 0.014062 0.034722
0 0.226172 0.211111 0.014844 0.027778
0 0.486328 0.197222 0.011719 0.033333
0 0.486328 0.097222 0.016406 0.030556
0 0.187109 0.370833 0.014844 0.030556
0 0.331250 0.424306 0.012500 0.031944
0 0.624219 0.475694 0.012500 0.037500
0 0.700000 0.465278 0.012500 0.033333
0 0.978516 0.435417 0.011719 0.031944
0 0.737500 0.627083 0.014062 0.034722
0 0.071484 0.499306 0.013281 0.031944
0 0.192578 0.974306 0.016406 0.029167
0 0.144922 0.937500 0.014844 0.027778
0 0.111719 0.945833 0.018750 0.025000
0 0.112500 0.968750 0.017188 0.023611
0 0.582812 0.745833 0.015625 0.036111
0 0.537891 0.525694 0.017969 0.029167
0 0.689062 0.947222 0.015625 0.033333
0 0.336719 0.805556 0.017188 0.025000
0 0.564453 0.922917 0.021094 0.031944
0 0.925000 0.751389 0.012500 0.033333
0 0.551953 0.317361 0.021094 0.020833
0 0.953516 0.296528 0.022656 0.023611
0 0.848437 0.287500 0.018750 0.030556
0 0.601953 0.402778 0.019531 0.027778
0 0.125000 0.233333 0.015625 0.025000
0 0.894531 0.839583 0.012500 0.029167
0 0.949219 0.199306 0.015625 0.020833
0 0.513281 0.136111 0.012500 0.019444
0 0.107813 0.805556 0.009375 0.025000
0 0.603125 0.762500 0.014062 0.025000
