0 0.342700 0.859000 0.015600 0.022500
0 0.044600 0.118800 0.015200 0.023600
0 0.867400 0.807500 0.015700 0.021300
0 0.817900 0.546800 0.014200 0.022300
0 0.558600 0.168600 0.013300 0.027200
0 0.292400 0.752700 0.015600 0.020600
0 0.979600 0.807800 0.013800 0.021900
0 0.692500 0.708900 0.014500 0.021800
0 0.955100 0.854000 0.015100 0.021600
0 0.695300 0.741700 0.016000 0.021700
0 0.328600 0.481800 0.014100 0.024400
0 0.268800 0.930600 0.016200 0.022100
0 0.895300 0.817900 0.014200 0.023200
0 0.143100 0.044700 0.014700 0.023900
0 0.944000 0.942100 0.017500 0.022600
0 0.828600 0.195700 0.015200 0.019800
0 0.919400 0.879200 0.016200 0.022500
0 0.881400 0.717000 0.016200 0.021000
0 0.989500 0.491700 0.009000 0.022500
0 0.181500 0.355500 0.015100 0.022800
0 0.019200 0.729300 0.015700 0.024600
0 0.346700 0.933500 0.015700 0.022300
0 0.034800 0.040300 0.015800 0.026700
0 0.343500 0.270900 0.014800 0.022800
0 0.457700 0.305300 0.015000 0.021800
0 0.459500 0.746400 0.014400 0.021100
0 0.722600 0.671200 0.014400 0.021300
0 0.481000 0.206900 0.015000 0.022300
0 0.817500 0.733500 0.014500 0.023000
0 0.744100 0.891400 0.016200 0.020300
0 0.043000 0.716800 0.015700 0.021100
0 0.532600 0.428600 0.015500 0.022400
0 0.791500 0.770700 0.018100 0.020600
0 0.303400 0.271300 0.011900 0.025600
0 0.819400 0.834500 0.016400 0.021300
0 0.180400 0.904700 0.014100 0.025000
0 0.443200 0.434300 0.016500 0.023700
0 0.594200 0.905500 0.014200 0.023700
0 0.844200 0.602900 0.014100 0.024500
0 0.792300 0.633500 0.015500 0.021200
0 0.458400 0.729000 0.015400 0.020200
0 0.006300 0.304600 0.011700 0.019600
0 0.566900 0.890700 0.015600 0.020200
0 0.545500 0.843700 0.015800 0.018200
0 0.245300 0.268000 0.014500 0.022900
0 0.919400 0.371300 0.014500 0.022600
0 0.647400 0.578800 0.015300 0.022900
0 0.093100 0.656300 0.015600 0.022100
0 0.133200 0.557300 0.016000 0.022500
0 0.880900 0.740600 0.014200 0.023100
0 0.072900 0.447000 0.013700 0.022300
0 0.328200 0.420000 0.013400 0.027400
0 0.920200 0.145500 0.013500 0.022500
0 0.769700 0.204800 0.016500 0.019300
0 0.945300 0.029900 0.014100 0.023500
0 0.770900 0.143000 0.015600 0.020700
0 0.980200 0.130900 0.014100 0.024100
0 0.854300 0.940600 0.013900 0.021000
0 0.482200 0.607800 0.014600 0.023600
0 0.533800 0.718900 0.014300 0.021900
0 0.919600 0.252100 0.016400 0.021500
0 0.179500 0.853400 0.014100 0.024900
0 0.160400 0.094600 0.016200 0.020500
0 0.756300 0.617800 0.015600 0.022600
0 0.297000 0.780200 0.016100 0.020800
0 0.494000 0.735300 0.014600 0.021100
0 0.519200 0.603200 0.015400 0.022600
0 0.606900 0.814800 0.017100 0.021500
0 0.017300 0.852500 0.015300 0.022100
0 0.205900 0.795400 0.014300 0.022800
0 0.703900 0.195600 0.015900 0.024500
0 0.294600 0.546200 0.014600 0.024800
0 0.470400 0.693000 0.015200 0.022600
0 0.405900 0.705200 0.015100 0.022500
0 0.696200 0.079600 0.015500 0.021800
0 0.456200 0.955300 0.015400 0.022900
0 0.134200 0.181000 0.015100 0.022900
0 0.891400 0.184000 0.015700 0.023100
0 0.446700 0.233900 0.016900 0.019200
0 0.108200 0.470100 0.013300 0.025000
0 0.052600 0.666300 0.015200 0.020300
0 0.230600 0.129600 0.015400 0.021400
0 0.552700 0.819700 0.017000 0.020600
0 0.545900 0.570600 0.014100 0.025100
0 0.728000 0.566100 0.016700 0.021000
0 0.254300 0.118200 0.016600 0.020900
0 0.359400 0.592100 0.015200 0.021000
0 0.129700 0.653700 0.016000 0.021600
0 0.853400 0.822800 0.016200 0.020900
0 0.196300 0.455700 0.016400 0.022300
0 0.081700 0.882000 0.014500 0.026400
0 0.454600 0.219100 0.015700 0.020300
0 0.668900 0.155800 0.016600 0.021800
0 0.854600 0.792200 0.015500 0.018900
0 0.457500 0.432700 0.015400 0.022200
0 0.856400 0.044700 0.013600 0.022400
0 0.359800 0.809300 0.016300 0.022800
0 0.365000 0.096700 0.018800 0.020100
0 0.092000 0.571200 0.015000 0.024400
0 0.234700 0.540800 0.017300 0.021000
0 0.170000 0.681300 0.015500 0.023300
0 0.623100 0.595700 0.015000 0.019700
0 0.281100 0.819500 0.015900 0.022400
0 0.204000 0.906100 0.015500 0.021500
0 0.793400 0.117200 0.015600 0.019400
0 0.719100 0.754300 0.015000 0.022900
0 0.777400 0.733400 0.015600 0.019900
0 0.365200 0.406100 0.014200 0.026600
0 0.440500 0.457600 0.016700 0.022400
0 0.059800 0.858400 0.017200 0.019700
0 0.267000 0.905200 0.016400 0.020500
0 0.504700 0.333000 0.015200 0.025000
0 0.339900 0.495800 0.015700 0.021200
0 0.494600 0.402500 0.015000 0.023900
0 0.480300 0.442700 0.014200 0.022800
0 0.529700 0.579200 0.014900 0.021500
0 0.722700 0.692800 0.014300 0.020500
0 0.968400 0.194300 0.014900 0.024700
0 0.073000 0.718700 0.016700 0.023600
0 0.531700 0.272000 0.014100 0.021900
0 0.306900 0.766500 0.014900 0.022400
0 0.042600 0.677600 0.015000 0.022700
0 0.066100 0.077200 0.015500 0.022100
0 0.958200 0.155500 0.013500 0.023400
0 0.305100 0.745100 0.014900 0.021900
0 0.709600 0.133700 0.014900 0.020400
0 0.580100 0.871700 0.014200 0.021900
0 0.496200 0.081800 0.013700 0.025600
0 0.934700 0.855800 0.013900 0.023500
0 0.227800 0.941900 0.016500 0.021400
0 0.220300 0.029400 0.014800 0.020300
0 0.677500 0.716500 0.014700 0.022800
0 0.172900 0.617100 0.016400 0.021700
0 0.955900 0.743500 0.012200 0.026600
0 0.170100 0.107700 0.014100 0.020000
0 0.621000 0.771100 0.018400 0.022800
0 0.758300 0.193800 0.014800 0.022700
0 0.939900 0.634600 0.015500 0.019600
0 0.152500 0.178900 0.014700 0.026200
0 0.158700 0.334100 0.014900 0.022000
0 0.085800 0.378200 0.014900 0.019600
0 0.727100 0.782200 0.015100 0.020000
0 0.653200 0.333100 0.015600 0.020500
0 0.707100 0.952900 0.014400 0.023800
0 0.116600 0.943000 0.015600 0.021600
0 0.730700 0.434100 0.015000 0.025100
0 0.892100 0.216300 0.016600 0.021700
0 0.265000 0.616400 0.011600 0.028100
0 0.577800 0.572400 0.013900 0.021600
0 0.483600 0.396500 0.012700 0.027500
0 0.247600 0.502700 0.016300 0.023200
0 0.194800 0.541500 0.015600 0.022700
0 0.189800 0.070900 0.016600 0.021500
0 0.840100 0.903800 0.017600 0.022600
0 0.014600 0.907600 0.013000 0.025800
0 0.559700 0.057600 0.015200 0.024400
0 0.518600 0.093500 0.013000 0.029500
0 0.310200 0.958900 0.017000 0.022100
0 0.815500 0.029200 0.015700 0.021700
0 0.589000 0.534300 0.014300 0.022800
0 0.806900 0.632800 0.014900 0.019800
0 0.245700 0.902300 0.015600 0.022300
0 0.368100 0.692300 0.011200 0.031800
0 0.967600 0.168400 0.016200 0.021500
0 0.496200 0.954100 0.014900 0.023700
0 0.004900 0.531600 0.010900 0.021400
0 0.191900 0.601900 0.017700 0.021300
0 0.079500 0.019100 0.011300 0.030400
0 0.444400 0.982300 0.015400 0.021400
0 0.634900 0.807400 0.014700 0.023000
0 0.628500 0.670700 0.013300 0.029300
0 0.393700 0.645100 0.014000 0.025600
0 0.979900 0.642700 0.014400 0.021600
0 0.228200 0.057000 0.014500 0.024100
0 0.161000 0.906100 0.014300 0.024600
0 0.641800 0.852900 0.013900 0.023000
0 0.214700 0.831300 0.017100 0.023400
0 0.846300 0.959500 0.014900 0.018600
0 0.803400 0.672100 0.014600 0.020400
0 0.315500 0.878900 0.015200 0.021500
0 0.834900 0.369800 0.016500 0.022100
0 0.472200 0.280900 0.012700 0.024000
0 0.671100 0.309400 0.015400 0.021600
0 0.756400 0.657200 0.012100 0.028800
0 0.709200 0.571800 0.015600 0.022500
0 0.331600 0.615200 0.014200 0.020900
0 0.293300 0.289800 0.012800 0.023300
0 0.144700 0.334400 0.014500 0.023500
0 0.356300 0.143400 0.012700 0.031600
0 0.743500 0.133900 0.016000 0.019400
0 0.840100 0.253600 0.017400 0.021400
0 0.108400 0.664400 0.016500 0.020600
0 0.497700 0.566000 0.013800 0.019800
0 0.917700 0.755800 0.011900 0.029000
0 0.552700 0.234000 0.013100 0.023500
0 0.353200 0.482900 0.014400 0.020800
0 0.366900 0.080300 0.018000 0.020600
0 0.255600 0.944500 0.014500 0.024700
0 0.370900 0.872600 0.013000 0.024600
0 0.367700 0.246400 0.014000 0.024600
0 0.883300 0.506300 0.010900 0.030600
0 0.164500 0.805000 0.012700 0.027200
0 0.932400 0.721600 0.015100 0.021500
0 0.853800 0.259400 0.016900 0.020900
0 0.444900 0.521600 0.013600 0.022500
0 0.808200 0.967300 0.015400 0.020000
0 0.893900 0.673500 0.014900 0.021000
0 0.393800 0.114100 0.016400 0.019200
0 0.985800 0.070700 0.013800 0.024200
0 0.231900 0.729400 0.015200 0.020700
0 0.085900 0.134000 0.015100 0.021200
0 0.548600 0.705700 0.014800 0.025600
0 0.294700 0.190700 0.016100 0.025000
0 0.628800 0.971700 0.013500 0.023900
0 0.907200 0.484600 0.013400 0.025600
0 0.766900 0.770900 0.015200 0.018800
0 0.138900 0.929100 0.015000 0.022800
0 0.766500 0.784300 0.016000 0.018900
0 0.321300 0.178800 0.012300 0.029000
0 0.647500 0.270200 0.014400 0.023600
0 0.768200 0.265100 0.014900 0.022600
0 0.279700 0.347200 0.015800 0.022300
0 0.518600 0.804900 0.016600 0.022200
0 0.155800 0.384800 0.014100 0.022800
0 0.706600 0.921800 0.014000 0.023000
0 0.154100 0.360600 0.015900 0.021800
0 0.673000 0.844400 0.012300 0.029700
0 0.631700 0.141600 0.016400 0.022600
0 0.681400 0.354100 0.015300 0.023900
0 0.065900 0.872100 0.016800 0.021500
0 0.917300 0.840300 0.013400 0.023800
0 0.147900 0.552800 0.016100 0.020700
0 0.321000 0.435400 0.013900 0.022500
0 0.559200 0.353100 0.014500 0.026300
0 0.580700 0.142600 0.014500 0.020500
0 0.809200 0.857600 0.013400 0.025200
0 0.570000 0.128500 0.015000 0.020800
0 0.235900 0.168100 0.012000 0.027700
0 0.333800 0.632900 0.013200 0.023100
0 0.280500 0.969900 0.015700 0.020500
0 0.610800 0.666300 0.015800 0.024300
0 0.630100 0.343400 0.016000 0.019800
0 0.965600 0.609400 0.016200 0.020500
0 0.518200 0.020500 0.016500 0.021400
0 0.571200 0.858800 0.016200 0.018900
0 0.691400 0.966600 0.013300 0.028200
0 0.158100 0.517700 0.013700 0.027900
0 0.034700 0.547900 0.016600 0.023700
0 0.956700 0.585700 0.017800 0.020400
0 0.847100 0.114700 0.015900 0.020400
0 0.271400 0.282000 0.013100 0.027500
0 0.295200 0.815500 0.014400 0.026600
0 0.718700 0.421800 0.012800 0.025700
0 0.510900 0.395200 0.014200 0.023900
0 0.480500 0.942000 0.016500 0.022400
0 0.660100 0.570300 0.013300 0.023000
0 0.727100 0.721500 0.014700 0.021300
0 0.592900 0.927600 0.012400 0.026400
0 0.864200 0.157500 0.015300 0.021800
0 0.185400 0.632800 0.015200 0.021000
0 0.144400 0.677600 0.017000 0.023000
0 0.046800 0.891200 0.014300 0.020700
0 0.577900 0.472800 0.014700 0.022600
0 0.332200 0.896700 0.013000 0.028400
0 0.358900 0.460000 0.013200 0.027200
0 0.208500 0.736300 0.015600 0.022500
0 0.319800 0.104500 0.012500 0.031400
0 0.560100 0.852700 0.016100 0.018800
0 0.882300 0.983500 0.012800 0.023000
0 0.460900 0.040900 0.015700 0.023500
0 0.958500 0.283700 0.013400 0.029800
0 0.953700 0.977600 0.012800 0.023400
0 0.640400 0.890100 0.013000 0.025500
0 0.127700 0.233800 0.016500 0.022600
0 0.052500 0.909200 0.016100 0.020000
0 0.223000 0.629900 0.012600 0.031800
0 0.248600 0.246600 0.014400 0.021500
0 0.970200 0.485500 0.016400 0.024000
0 0.076700 0.969900 0.016900 0.021800
0 0.371900 0.227500 0.012700 0.024500
0 0.797900 0.216900 0.015400 0.020800
0 0.410900 0.533000 0.014800 0.023300
0 0.048100 0.634700 0.014600 0.024800
0 0.789600 0.853700 0.014800 0.023200
0 0.026500 0.693800 0.018100 0.019900
0 0.897700 0.953000 0.014400 0.025600
0 0.719200 0.983200 0.014000 0.024100
0 0.964400 0.683100 0.017100 0.020500
0 0.248300 0.566000 0.016500 0.022600
0 0.780700 0.016600 0.014700 0.021600
0 0.211600 0.878200 0.013700 0.024200
0 0.760500 0.428800 0.013100 0.027100
0 0.904800 0.689700 0.017400 0.020000
0 0.534400 0.561100 0.015700 0.020700
0 0.893200 0.697500 0.016200 0.020200
0 0.485900 0.047200 0.014700 0.022200
0 0.835700 0.143500 0.016200 0.020400
0 0.268800 0.080000 0.011600 0.032800
0 0.547200 0.035900 0.017200 0.020600
0 0.302200 0.491000 0.013000 0.026700
0 0.661600 0.669500 0.013200 0.026300
0 0.027500 0.940400 0.016000 0.022500
0 0.461000 0.415300 0.014800 0.022500
0 0.427100 0.414500 0.016300 0.023700
0 0.342700 0.315000 0.015300 0.021400
0 0.039800 0.943300 0.015900 0.021100
0 0.401600 0.845100 0.012300 0.029500
0 0.101500 0.458100 0.012400 0.025200
0 0.861300 0.091300 0.013100 0.027000
0 0.447400 0.590700 0.013500 0.026100
0 0.291300 0.026800 0.011900 0.029600
0 0.026700 0.596800 0.014600 0.026500
0 0.948700 0.140200 0.013600 0.023800
0 0.867500 0.122600 0.013600 0.025100
0 0.109200 0.923000 0.013100 0.025900
0 0.577400 0.529200 0.012200 0.025000
0 0.868300 0.686200 0.016900 0.021300
0 0.540600 0.241100 0.014300 0.021100
0 0.020400 0.756900 0.016300 0.024600
0 0.133000 0.476400 0.013900 0.022100
0 0.769000 0.923400 0.016400 0.021400
0 0.919600 0.038700 0.014400 0.021000
0 0.401200 0.358200 0.015000 0.025400
0 0.015300 0.578100 0.016000 0.023200
0 0.893600 0.584900 0.014000 0.022900
0 0.642600 0.923100 0.013800 0.024500
0 0.535900 0.178100 0.013600 0.025300
0 0.361100 0.621400 0.014800 0.020700
0 0.276300 0.154900 0.015100 0.023700
0 0.122800 0.064800 0.014100 0.029600
0 0.318000 0.652900 0.013500 0.021800
0 0.732600 0.892000 0.015600 0.020500
0 0.433900 0.523200 0.013600 0.023200
0 0.342800 0.585500 0.013700 0.021600
0 0.091800 0.686100 0.015500 0.022500
0 0.908400 0.364400 0.016700 0.021600
0 0.855900 0.546400 0.012800 0.021300
0 0.240500 0.773700 0.015800 0.023200
0 0.315500 0.323400 0.015100 0.022500
0 0.198100 0.647000 0.013000 0.027800
0 0.393100 0.334800 0.011900 0.032800
0 0.130000 0.958500 0.016500 0.021400
0 0.873500 0.589700 0.013900 0.025300
0 0.778500 0.435100 0.016800 0.020700
0 0.330700 0.260000 0.011900 0.028100
0 0.414000 0.265400 0.015400 0.022100
0 0.317400 0.601600 0.013800 0.023000
0 0.568600 0.107800 0.015400 0.022100
0 0.358600 0.016100 0.011500 0.026800
0 0.598900 0.157600 0.012900 0.025100
0 0.378400 0.703600 0.010800 0.031600
0 0.342700 0.521900 0.013700 0.026800
0 0.388700 0.507000 0.014800 0.024700
0 0.798400 0.527600 0.011100 0.030400
0 0.739600 0.022500 0.017100 0.021800
0 0.002100 0.333500 0.005400 0.019900
0 0.254600 0.363800 0.016300 0.020800
0 0.772400 0.452600 0.014100 0.024100
0 0.182700 0.309700 0.011700 0.033000
0 0.026300 0.361300 0.015000 0.021500
0 0.028500 0.759200 0.017400 0.023700
0 0.753200 0.966200 0.012700 0.028700
0 0.251800 0.190300 0.016100 0.022100
0 0.278700 0.768500 0.016100 0.021600
0 0.503600 0.551900 0.014600 0.020600
0 0.589500 0.817400 0.017300 0.021900
0 0.001800 0.932600 0.003500 0.026500
0 0.734300 0.416400 0.014000 0.022500
0 0.740400 0.735400 0.016100 0.020300
0 0.436300 0.205900 0.016300 0.020600
0 0.828400 0.448000 0.016200 0.023700
0 0.758700 0.302100 0.013300 0.023900
0 0.522500 0.477400 0.017200 0.022900
0 0.810200 0.764100 0.014800 0.023500
0 0.579800 0.491000 0.014400 0.022500
0 0.288500 0.932800 0.015700 0.023400
0 0.924100 0.404100 0.015000 0.025700
0 0.007100 0.520200 0.012500 0.024300
0 0.789500 0.373100 0.015100 0.024100
0 0.885400 0.084700 0.011300 0.030200
0 0.768200 0.119200 0.015700 0.019200
0 0.852800 0.748800 0.015600 0.021500
0 0.698100 0.121300 0.016200 0.019600
0 0.039200 0.144000 0.013200 0.025900
0 0.164900 0.223200 0.011900 0.033400
0 0.953200 0.334900 0.011800 0.032000
0 0.451800 0.109300 0.015900 0.021900
0 0.459900 0.126300 0.017200 0.021900
0 0.715700 0.064000 0.015400 0.021200
0 0.297900 0.239100 0.012500 0.027300
0 0.603800 0.139500 0.014600 0.021500
0 0.188500 0.144500 0.013500 0.026400
0 0.590300 0.326700 0.014700 0.022000
0 0.968700 0.727900 0.014300 0.019100
0 0.966000 0.740100 0.013500 0.020500
0 0.581100 0.077000 0.015400 0.022400
0 0.306500 0.622900 0.013700 0.023800
0 0.310500 0.722500 0.014800 0.023700
0 0.776400 0.302700 0.015400 0.022600
0 0.219500 0.601400 0.015900 0.023400
0 0.642000 0.360100 0.018800 0.020700
0 0.502300 0.051700 0.015000 0.021200
0 0.188600 0.190000 0.014300 0.026200
0 0.004200 0.847600 0.008500 0.023600
0 0.620300 0.121000 0.014900 0.022200
0 0.410900 0.790100 0.011700 0.033300
0 0.903300 0.598300 0.015700 0.021900
0 0.944200 0.857300 0.012900 0.022100
0 0.214000 0.555100 0.016800 0.019900
0 0.244200 0.035000 0.011900 0.032500
0 0.844000 0.721500 0.014400 0.023200
0 0.222900 0.495900 0.017000 0.019800
0 0.659100 0.933000 0.013600 0.023800
0 0.064600 0.335900 0.013500 0.026700
0 0.951200 0.240800 0.016300 0.019100
0 0.176000 0.494400 0.016000 0.021400
0 0.205800 0.501800 0.015600 0.021400
0 0.134200 0.286200 0.014500 0.025400
0 0.277100 0.359400 0.016100 0.021900
0 0.564500 0.597900 0.013200 0.023900
0 0.582600 0.127000 0.014400 0.021200
0 0.260400 0.773800 0.015400 0.022600
0 0.002500 0.422600 0.005900 0.019900
0 0.577300 0.102000 0.014800 0.022800
0 0.992400 0.218000 0.007600 0.023600
0 0.790000 0.098300 0.016600 0.019800
0 0.979500 0.609300 0.015300 0.021600
0 0.664800 0.090500 0.015700 0.022300
0 0.629000 0.560900 0.011300 0.030700
0 0.428300 0.573200 0.011900 0.029000
0 0.777200 0.814500 0.014700 0.022700
0 0.991800 0.145600 0.008700 0.023700
0 0.426300 0.119000 0.017600 0.022300
0 0.880600 0.329100 0.015700 0.023100
0 0.438900 0.641800 0.014100 0.024200
0 0.852000 0.478000 0.011600 0.028000
0 0.561200 0.717200 0.016300 0.022300
0 0.413500 0.971600 0.015100 0.022800
0 0.070000 0.188600 0.014400 0.024300
0 0.923900 0.642400 0.014300 0.022000
0 0.838900 0.184700 0.012900 0.025700
0 0.164200 0.156400 0.013800 0.025000
0 0.318500 0.631200 0.013900 0.022600
0 0.770800 0.898000 0.016900 0.019100
0 0.455900 0.266800 0.014400 0.022100
0 0.658900 0.235800 0.011200 0.029500
0 0.051900 0.847400 0.016500 0.021600
0 0.031500 0.101200 0.015300 0.023400
0 0.302100 0.189900 0.014800 0.025400
0 0.926900 0.273600 0.015700 0.021300
0 0.267300 0.798600 0.015500 0.022200
0 0.617000 0.514100 0.012700 0.023100
0 0.439900 0.247800 0.015300 0.021100
0 0.603500 0.452200 0.013000 0.027800
0 0.588900 0.035300 0.016900 0.022100
0 0.098800 0.781500 0.013300 0.031600
0 0.320500 0.643600 0.013200 0.023500
0 0.461100 0.465100 0.014000 0.025900
0 0.573200 0.639100 0.013200 0.026700
0 0.547100 0.166900 0.014400 0.022100
0 0.220800 0.472500 0.014000 0.025300
0 0.836000 0.085700 0.015500 0.022600
0 0.808000 0.073700 0.015200 0.022600
0 0.204500 0.536100 0.016900 0.020900
0 0.195600 0.486200 0.015700 0.019600
0 0.557600 0.522400 0.013600 0.024700
0 0.192900 0.561000 0.016400 0.022400
0 0.276100 0.610000 0.011600 0.029700
0 0.378100 0.598700 0.014700 0.020800
0 0.631500 0.309500 0.013500 0.020900
0 0.473400 0.022100 0.016600 0.023700
0 0.850700 0.620000 0.014900 0.020900
0 0.870600 0.971700 0.011800 0.027900
0 0.492300 0.285700 0.012700 0.025900
0 0.664500 0.026600 0.015300 0.025700
0 0.754600 0.160400 0.015600 0.020800
0 0.685700 0.935300 0.013400 0.025800
0 0.533100 0.466000 0.015000 0.025800
0 0.251300 0.869800 0.017200 0.022300
0 0.945800 0.485800 0.014500 0.022300
0 0.822000 0.767000 0.014700 0.021500
0 0.973300 0.576900 0.017600 0.019200
0 0.897500 0.848400 0.013900 0.023400
0 0.241700 0.721500 0.014500 0.023400
0 0.674000 0.643000 0.016000 0.025100
0 0.964000 0.704800 0.017100 0.020700
0 0.860900 0.459200 0.012400 0.024200
0 0.877000 0.321200 0.017500 0.021800
0 0.088900 0.438800 0.013200 0.023300
0 0.599000 0.182600 0.014100 0.027000
0 0.289500 0.435400 0.013100 0.031000
0 0.426100 0.778600 0.015300 0.023500
0 0.641100 0.342500 0.016100 0.020800
0 0.622200 0.301700 0.013500 0.022200
0 0.384700 0.977900 0.014500 0.023200
0 0.920500 0.226400 0.017400 0.020000
0 0.325900 0.866900 0.014600 0.023100
0 0.936300 0.417000 0.014800 0.024600
0 0.213200 0.209000 0.013900 0.024100
0 0.653900 0.788500 0.017200 0.020000
0 0.170600 0.526700 0.015400 0.025700
0 0.156600 0.424000 0.014400 0.022500
0 0.123500 0.870400 0.014200 0.024800
0 0.330900 0.548400 0.014400 0.024400
0 0.661600 0.709400 0.013700 0.024600
0 0.447600 0.939200 0.016900 0.020800
0 0.296200 0.573400 0.012800 0.027100
0 0.886800 0.569400 0.013600 0.021600
0 0.639400 0.331300 0.014800 0.021300
0 0.813800 0.510200 0.015800 0.021100
0 0.525600 0.632600 0.012100 0.030600
0 0.236200 0.754200 0.014000 0.024100
0 0.942800 0.089000 0.012000 0.028400
0 0.293400 0.727900 0.016700 0.020400
0 0.490900 0.539500 0.015000 0.023300
0 0.173600 0.964500 0.017100 0.021400
0 0.551100 0.292600 0.013700 0.026600
0 0.625800 0.116100 0.014100 0.021900
0 0.992400 0.622100 0.008700 0.023100
0 0.411200 0.485500 0.012800 0.027200
0 0.016300 0.554600 0.015400 0.022900
0 0.488281 0.127083 0.012500 0.040278
0 0.463672 0.087500 0.017969 0.030556
0 0.577734 0.299306 0.011719 0.037500
0 0.586719 0.411806 0.012500 0.031944
0 0.851172 0.399306 0.014844 0.034722
0 0.111328 0.179167 0.011719 0.036111
0 0.975391 0.409028 0.017969 0.031944
0 0.175000 0.756944 0.014062 0.038889
0 0.136719 0.845139 0.015625 0.031944
0 0.110156 0.887500 0.017188 0.030556
0 0.443750 0.788889 0.012500 0.038889
0 0.499219 0.597222 0.012500 0.033333
0 0.523438 0.967361 0.017188 0.029167
0 0.523828 0.734722 0.016406 0.030556
0 0.616406 0.484722 0.012500 0.025000
0 0.620703 0.459028 0.011719 0.031944
0 0.935938 0.584722 0.017188 0.025000
0 0.985937 0.873611 0.018750 0.030556
0 0.917578 0.983333 0.017969 0.022222
0 0.662109 0.536806 0.011719 0.026389
0 0.672656 0.557639 0.012500 0.029167
0 0.982031 0.700000 0.018750 0.025000
0 0.125000 0.600000 0.014062 0.033333
0 0.233594 0.599306 0.012500 0.040278
0 0.788281 0.040278 0.010937 0.033333
0 0.514844 0.131250 0.018750 0.026389
0 0.974609 0.966667 0.011719 0.036111
0 0.985156 0.970139 0.001563 0.001389
0 0.987500 0.972222 0.009375 0.033333
0 0.991016 0.370833 0.010156 0.036111
0 0.787891 0.233333 0.011719 0.030556
0 0.372656 0.973611 0.014062 0.022222
0 0.396875 0.975694 0.009375 0.031944
