0 0.829900 0.580000 0.016900 0.019900
0 0.857600 0.743100 0.013700 0.020300
0 0.205500 0.232700 0.014600 0.023600
0 0.392600 0.271400 0.015700 0.022300
0 0.915600 0.719900 0.015500 0.020600
0 0.530400 0.305200 0.016400 0.020400
0 0.230200 0.244800 0.014300 0.021800
0 0.354000 0.942100 0.016700 0.021500
0 0.817500 0.543900 0.016100 0.021000
0 0.671500 0.117000 0.015200 0.020800
0 0.833800 0.442800 0.017300 0.020400
0 0.992300 0.270300 0.011100 0.021300
0 0.070500 0.572500 0.015700 0.020200
0 0.406700 0.071500 0.013900 0.023100
0 0.132000 0.580300 0.012800 0.025400
0 0.707500 0.553600 0.014400 0.020300
0 0.694000 0.220100 0.019500 0.022000
0 0.467600 0.106500 0.013200 0.022700
0 0.594400 0.266700 0.016300 0.019200
0 0.517300 0.693100 0.016800 0.022800
0 0.509200 0.630800 0.016200 0.019100
0 0.467900 0.622500 0.014100 0.020700
0 0.208300 0.534900 0.012800 0.022600
0 0.194800 0.491100 0.013700 0.023700
0 0.933800 0.882000 0.016700 0.019100
0 0.091000 0.641100 0.013400 0.027600
0 0.384800 0.431300 0.016400 0.021000
0 0.007100 0.845200 0.015300 0.020200
0 0.482000 0.683100 0.016900 0.019700
0 0.534200 0.907800 0.015200 0.020700
0 0.464600 0.716100 0.015300 0.022300
0 0.659900 0.165900 0.016100 0.020400
0 0.369400 0.421400 0.014400 0.020000
0 0.265200 0.110300 0.017600 0.021600
0 0.669600 0.571100 0.013500 0.020500
0 0.905700 0.746000 0.015700 0.019500
0 0.518100 0.106700 0.015800 0.021800
0 0.658500 0.092900 0.016900 0.018600
0 0.064800 0.967400 0.016700 0.020300
0 0.704100 0.332100 0.017300 0.021900
0 0.697800 0.443000 0.015700 0.020300
0 0.032900 0.529300 0.016200 0.020300
0 0.055100 0.553800 0.015400 0.020700
0 0.793500 0.707900 0.013400 0.024200
0 0.097400 0.182500 0.015200 0.023900
0 0.723000 0.180200 0.018700 0.020100
0 0.618400 0.955100 0.015600 0.019400
0 0.428800 0.178400 0.014500 0.024400
0 0.331500 0.918700 0.017900 0.019400
0 0.655300 0.521200 0.011700 0.025900
0 0.358800 0.322600 0.016900 0.020200
0 0.070900 0.271900 0.014700 0.024400
0 0.292600 0.267100 0.015600 0.021600
0 0.745800 0.689700 0.016300 0.022300
0 0.133700 0.247700 0.015200 0.022400
0 0.430800 0.959900 0.017100 0.021000
0 0.232300 0.943000 0.015600 0.019800
0 0.702100 0.594300 0.014000 0.021300
0 0.466700 0.568400 0.015200 0.020600
0 0.454800 0.854500 0.014600 0.022400
0 0.371600 0.583400 0.015200 0.021800
0 0.794900 0.166100 0.016000 0.021800
0 0.804300 0.879200 0.015400 0.023500
0 0.545100 0.841100 0.016000 0.023200
0 0.297700 0.490700 0.016300 0.020400
0 0.480900 0.180400 0.014800 0.021000
0 0.635600 0.232200 0.017400 0.020800
0 0.242900 0.376400 0.015900 0.021400
0 0.064400 0.233300 0.015900 0.021700
0 0.577400 0.720700 0.015900 0.021800
0 0.703100 0.035100 0.015500 0.024600
0 0.304400 0.966700 0.014800 0.022900
0 0.809400 0.746900 0.013300 0.026800
0 0.573200 0.643300 0.015700 0.021700
0 0.717100 0.197900 0.019100 0.019200
0 0.173100 0.618600 0.012900 0.022600
0 0.843100 0.052300 0.014800 0.021600
0 0.232100 0.754700 0.012700 0.025800
0 0.008400 0.969900 0.016400 0.019700
0 0.958500 0.459900 0.016500 0.023000
0 0.728300 0.929200 0.018000 0.019700
0 0.684600 0.921900 0.018000 0.021100
0 0.061000 0.293500 0.015100 0.024800
0 0.945500 0.645900 0.019200 0.020100
0 0.734500 0.207600 0.017200 0.020100
0 0.026600 0.904800 0.017800 0.020800
0 0.015400 0.596200 0.016000 0.021200
0 0.282100 0.909600 0.015300 0.020600
0 0.598000 0.835300 0.019500 0.021700
0 0.182500 0.807500 0.015400 0.019100
0 0.589400 0.030500 0.016900 0.021500
0 0.697500 0.458200 0.016000 0.019800
0 0.098100 0.417000 0.013400 0.021900
0 0.585900 0.621500 0.017300 0.020100
0 0.551400 0.519400 0.014700 0.022300
0 0.069500 0.765400 0.015200 0.023800
0 0.679600 0.740200 0.015100 0.024400
0 0.340100 0.355700 0.014000 0.022700
0 0.217800 0.759800 0.014600 0.020900
0 0.194900 0.259800 0.014100 0.023400
0 0.108600 0.855500 0.014600 0.022500
0 0.934400 0.902900 0.015600 0.022000
0 0.155800 0.693200 0.013000 0.027800
0 0.381200 0.661100 0.015400 0.019400
0 0.118000 0.477900 0.015300 0.021900
0 0.313900 0.502900 0.016700 0.022100
0 0.178300 0.964300 0.016300 0.022000
0 0.609200 0.646900 0.018000 0.022700
0 0.278500 0.389500 0.014600 0.023000
0 0.134600 0.315500 0.015800 0.021600
0 0.698500 0.279500 0.014300 0.026900
0 0.091000 0.120700 0.013900 0.022400
0 0.348100 0.834600 0.016200 0.021400
0 0.682900 0.395400 0.015200 0.023500
0 0.377700 0.284900 0.015500 0.020900
0 0.965100 0.670300 0.016300 0.023300
0 0.342200 0.172200 0.016500 0.019900
0 0.419400 0.352800 0.015400 0.024300
0 0.819400 0.614400 0.016500 0.020600
0 0.568800 0.283000 0.013300 0.030200
0 0.953100 0.071200 0.017700 0.026000
0 0.684900 0.658900 0.013600 0.026000
0 0.802100 0.316000 0.017700 0.019900
0 0.452100 0.206000 0.014800 0.020500
0 0.297500 0.391100 0.011600 0.029000
0 0.042100 0.836100 0.017200 0.019900
0 0.482100 0.970900 0.016200 0.022700
0 0.416900 0.877800 0.016200 0.019400
0 0.080500 0.823500 0.015600 0.021400
0 0.982000 0.769700 0.017000 0.021600
0 0.830900 0.207700 0.013200 0.027900
0 0.201300 0.843000 0.012600 0.027600
0 0.506200 0.970900 0.018100 0.020500
0 0.052000 0.572300 0.016500 0.020700
0 0.885300 0.547300 0.013900 0.025100
0 0.369800 0.135300 0.012000 0.021700
0 0.381100 0.240400 0.012300 0.028100
0 0.138900 0.271300 0.012400 0.024700
0 0.782700 0.208800 0.016800 0.022200
0 0.210800 0.593600 0.013500 0.019300
0 0.090200 0.108500 0.012500 0.023700
0 0.596000 0.353800 0.011400 0.033200
0 0.813900 0.245100 0.016400 0.021200
0 0.883200 0.490200 0.013300 0.028900
0 0.158100 0.126700 0.014100 0.023900
0 0.956700 0.167200 0.012800 0.026800
0 0.518400 0.086000 0.015200 0.019000
0 0.493000 0.481400 0.014200 0.020900
0 0.947900 0.328700 0.015600 0.022200
0 0.402400 0.389100 0.015300 0.023100
0 0.184700 0.180200 0.012700 0.024600
0 0.992100 0.190700 0.010200 0.025400
0 0.192700 0.701900 0.013900 0.023600
0 0.609000 0.252500 0.016800 0.019500
0 0.859300 0.522900 0.014800 0.021500
0 0.767200 0.208300 0.015300 0.024100
0 0.118800 0.293900 0.016500 0.022700
0 0.715100 0.078200 0.012100 0.027700
0 0.091300 0.336400 0.015400 0.022600
0 0.540700 0.304300 0.016900 0.020100
0 0.061200 0.520500 0.014900 0.023000
0 0.935100 0.785800 0.016500 0.020300
0 0.851700 0.354200 0.014300 0.028800
0 0.297800 0.956100 0.014400 0.023600
0 0.626500 0.934100 0.012700 0.018600
0 0.947000 0.657200 0.017200 0.018600
0 0.918000 0.235700 0.015800 0.023100
0 0.317100 0.573900 0.014900 0.021000
0 0.073400 0.783900 0.017100 0.022700
0 0.105200 0.464700 0.013700 0.022500
0 0.760700 0.679700 0.013900 0.024000
0 0.092100 0.459900 0.013100 0.023300
0 0.089400 0.284200 0.017500 0.022200
0 0.285800 0.318800 0.015600 0.021900
0 0.434400 0.660200 0.012500 0.024600
0 0.873800 0.896500 0.016900 0.020300
0 0.748500 0.595800 0.011900 0.028000
0 0.042300 0.447500 0.010700 0.028100
0 0.553500 0.927200 0.014000 0.024400
0 0.454800 0.685400 0.015000 0.024600
0 0.316200 0.770800 0.015600 0.027100
0 0.902400 0.402100 0.016300 0.022800
0 0.332500 0.698700 0.016000 0.020900
0 0.464700 0.043400 0.009500 0.033900
0 0.407900 0.039200 0.014700 0.023300
0 0.076200 0.018600 0.013700 0.028800
0 0.330600 0.898300 0.017800 0.019000
0 0.165900 0.739200 0.014200 0.025300
0 0.939400 0.398900 0.016400 0.021300
0 0.381600 0.401500 0.015700 0.021200
0 0.403200 0.572200 0.018900 0.022600
0 0.091600 0.428000 0.012800 0.023000
0 0.601500 0.697400 0.012400 0.030800
0 0.648800 0.106500 0.016600 0.019900
0 0.588500 0.891300 0.014500 0.024200
0 0.282200 0.926200 0.015900 0.020000
0 0.811300 0.373600 0.017900 0.020500
0 0.921200 0.021600 0.017400 0.025400
0 0.909700 0.957700 0.016900 0.022400
0 0.245900 0.239000 0.014500 0.022600
0 0.309300 0.372100 0.012000 0.028300
0 0.611000 0.910700 0.015500 0.019600
0 0.146900 0.922800 0.012200 0.031500
0 0.931500 0.972100 0.017600 0.021800
0 0.842200 0.276300 0.014700 0.021100
0 0.390300 0.873700 0.015400 0.020800
0 0.109600 0.814400 0.013200 0.027200
0 0.451200 0.804900 0.014500 0.026000
0 0.603300 0.289900 0.013700 0.022800
0 0.104100 0.647300 0.013300 0.024900
0 0.893600 0.622900 0.016300 0.022900
0 0.517200 0.064200 0.013100 0.022100
0 0.390700 0.821500 0.012900 0.024400
0 0.474000 0.167200 0.014900 0.020300
0 0.547800 0.981100 0.016800 0.021900
0 0.203700 0.786400 0.015300 0.021700
0 0.473500 0.728500 0.015000 0.022700
0 0.907600 0.627600 0.015800 0.026000
0 0.613500 0.854800 0.017000 0.021900
0 0.341000 0.278400 0.014000 0.025900
0 0.281300 0.364800 0.012000 0.029800
0 0.048100 0.214100 0.016700 0.020400
0 0.819000 0.763900 0.015000 0.021600
0 0.040800 0.872700 0.012700 0.026000
0 0.026300 0.845900 0.015700 0.019800
0 0.019100 0.524100 0.017700 0.019500
0 0.430700 0.826300 0.015200 0.022200
0 0.315000 0.622600 0.011200 0.022900
0 0.564600 0.717700 0.016000 0.022100
0 0.583300 0.284700 0.014700 0.025600
0 0.588400 0.320200 0.016100 0.020500
0 0.761200 0.573300 0.015700 0.020100
0 0.240200 0.859800 0.014800 0.025400
0 0.289200 0.611400 0.015500 0.018900
0 0.194400 0.526400 0.012500 0.023200
0 0.023200 0.377600 0.013800 0.020700
0 0.371400 0.015600 0.014200 0.025900
0 0.951400 0.790200 0.017100 0.021700
0 0.097600 0.338400 0.015000 0.021800
0 0.350900 0.027700 0.014400 0.022300
0 0.486200 0.666800 0.015900 0.019500
0 0.416100 0.911300 0.016000 0.020100
0 0.306300 0.530500 0.009600 0.037100
0 0.652700 0.135900 0.015000 0.021100
0 0.938600 0.534700 0.019200 0.021600
0 0.082700 0.223500 0.016300 0.022300
0 0.573900 0.459700 0.015600 0.021600
0 0.671600 0.021800 0.018100 0.024800
0 0.110900 0.129400 0.010000 0.035600
0 0.846800 0.226500 0.017200 0.019800
0 0.179500 0.388600 0.013200 0.023100
0 0.729800 0.019400 0.015600 0.027500
0 0.155800 0.344900 0.011600 0.035200
0 0.249200 0.702400 0.016900 0.019800
0 0.317900 0.264200 0.015300 0.023400
0 0.619200 0.264000 0.014700 0.021300
0 0.785700 0.732900 0.015000 0.028900
0 0.688700 0.585100 0.015300 0.020700
0 0.453500 0.147300 0.011800 0.026900
0 0.204600 0.180200 0.011700 0.029900
0 0.110900 0.164900 0.014900 0.024600
0 0.340400 0.185200 0.014500 0.020500
0 0.336100 0.509000 0.014400 0.024400
0 0.415300 0.186000 0.013700 0.023900
0 0.542800 0.263500 0.015200 0.022600
0 0.130000 0.822800 0.011800 0.028400
0 0.597000 0.478100 0.011900 0.032000
0 0.356400 0.973500 0.015700 0.022200
0 0.930600 0.951200 0.018400 0.020400
0 0.485600 0.638600 0.016400 0.020100
0 0.363300 0.909400 0.017000 0.019600
0 0.336700 0.732400 0.015900 0.021900
0 0.786700 0.265700 0.016300 0.021200
0 0.986700 0.229600 0.015900 0.022300
0 0.184600 0.065700 0.010400 0.036900
0 0.045100 0.136300 0.015000 0.022300
0 0.020100 0.576300 0.017800 0.018800
0 0.852100 0.864700 0.013000 0.028200
0 0.984600 0.809000 0.017300 0.021200
0 0.128700 0.876100 0.014600 0.022800
0 0.991700 0.327000 0.009200 0.024600
0 0.262109 0.012500 0.016406 0.019444
0 0.149219 0.012500 0.018750 0.025000
0 0.118359 0.012500 0.017969 0.019444
0 0.028516 0.747917 0.014844 0.023611
0 0.024219 0.734028 0.010937 0.026389
0 0.072266 0.485417 0.011719 0.023611
0 0.123438 0.687500 0.012500 0.027778
0 0.053125 0.337500 0.014062 0.027778
0 0.165234 0.168750 0.011719 0.034722
0 0.198828 0.125694 0.014844 0.029167
0 0.233203 0.886806 0.013281 0.026389
0 0.260156 0.875694 0.015625 0.026389
0 0.380078 0.973611 0.014844 0.019444
0 0.392578 0.974306 0.016406 0.020833
0 0.462109 0.911111 0.017969 0.025000
0 0.521875 0.784722 0.012500 0.022222
0 0.513281 0.772222 0.012500 0.030556
0 0.974219 0.945139 0.015625 0.020833
0 0.927734 0.724306 0.014844 0.023611
0 0.908984 0.764583 0.013281 0.023611
0 0.860547 0.611806 0.017969 0.023611
0 0.768359 0.638194 0.013281 0.029167
0 0.948438 0.188194 0.017188 0.020833
0 0.186719 0.200000 0.015625 0.025000
0 0.194922 0.208333 0.014844 0.025000
0 0.195312 0.656250 0.010937 0.031944
0 0.247266 0.595139 0.010156 0.029167
0 0.240625 0.608333 0.012500 0.019444
0 0.233594 0.600000 0.010937 0.022222
0 0.349219 0.897917 0.012500 0.023611
0 0.470703 0.452778 0.011719 0.036111
0 0.673437 0.686111 0.012500 0.022222
0 0.892187 0.575694 0.015625 0.020833
0 0.739062 0.348611 0.010937 0.027778
0 0.723047 0.372917 0.013281 0.026389
0 0.728516 0.363889 0.013281 0.022222
0 0.905859 0.627778 0.011719 0.025000
0 0.992969 0.950000 0.012500 0.025000
0 0.035937 0.190972 0.014062 0.026389
0 0.067188 0.113194 0.015625 0.020833
0 0.446484 0.472917 0.014844 0.020833
0 0.432813 0.470139 0.014062 0.018056
0 0.441016 0.456944 0.017969 0.022222
0 0.460156 0.482639 0.014062 0.023611
0 0.457812 0.677083 0.010937 0.029167
