0 0.357000 0.457000 0.017700 0.019300
0 0.829400 0.580300 0.016900 0.019600
0 0.144900 0.241100 0.013800 0.021700
0 0.243000 0.378100 0.016500 0.018800
0 0.241400 0.427400 0.014900 0.017600
0 0.394100 0.431100 0.015600 0.020500
0 0.079400 0.518200 0.016600 0.020200
0 0.543900 0.833000 0.014100 0.022300
0 0.830900 0.631300 0.016200 0.020300
0 0.703900 0.334600 0.016500 0.021600
0 0.630200 0.633000 0.016600 0.019600
0 0.579300 0.383100 0.015200 0.021300
0 0.096200 0.339400 0.014100 0.021800
0 0.794800 0.596300 0.016400 0.020100
0 0.355100 0.944600 0.015800 0.022100
0 0.357500 0.156600 0.013100 0.020800
0 0.446200 0.705700 0.016700 0.019500
0 0.704400 0.666500 0.016400 0.021000
0 0.480800 0.182200 0.016600 0.018200
0 0.733300 0.196700 0.017800 0.019100
0 0.017600 0.519000 0.017200 0.021400
0 0.716400 0.206700 0.019100 0.019600
0 0.533700 0.954900 0.019400 0.022300
0 0.081600 0.670200 0.016600 0.020200
0 0.493200 0.192700 0.016400 0.018400
0 0.681400 0.821200 0.014700 0.020500
0 0.671400 0.119500 0.016800 0.022400
0 0.316100 0.506400 0.016000 0.020500
0 0.246700 0.143200 0.016200 0.019300
0 0.252700 0.227600 0.015700 0.022300
0 0.619500 0.822900 0.014500 0.021200
0 0.631500 0.843200 0.014900 0.021300
0 0.530700 0.197000 0.016000 0.019300
0 0.796000 0.216800 0.017700 0.018900
0 0.245400 0.121500 0.015500 0.019400
0 0.596200 0.595700 0.016700 0.023900
0 0.907600 0.632700 0.016900 0.023500
0 0.618900 0.956100 0.016200 0.021800
0 0.782400 0.568100 0.016200 0.019600
0 0.218100 0.043500 0.014600 0.025000
0 0.728800 0.931300 0.016400 0.019700
0 0.190600 0.482300 0.014200 0.022800
0 0.242900 0.542200 0.014700 0.022400
0 0.119900 0.478300 0.015500 0.019800
0 0.195700 0.605000 0.015000 0.025900
0 0.307800 0.260400 0.014900 0.018800
0 0.509200 0.633800 0.015100 0.021300
0 0.456500 0.672000 0.017200 0.024000
0 0.156700 0.284800 0.015900 0.020800
0 0.243500 0.830300 0.013600 0.023700
0 0.095500 0.934300 0.014300 0.022500
0 0.659900 0.167900 0.016300 0.020300
0 0.028400 0.905600 0.019900 0.021400
0 0.031600 0.769400 0.018800 0.020000
0 0.959400 0.635700 0.019200 0.018200
0 0.454200 0.257500 0.013000 0.022000
0 0.730200 0.364700 0.015400 0.019900
0 0.033000 0.531200 0.018400 0.019700
0 0.789900 0.807800 0.015400 0.023300
0 0.235200 0.616300 0.015500 0.023600
0 0.092400 0.642400 0.013300 0.027800
0 0.460300 0.303700 0.015400 0.021900
0 0.842600 0.280500 0.015600 0.021900
0 0.843400 0.227800 0.016300 0.021600
0 0.229100 0.465200 0.014700 0.019400
0 0.340400 0.356700 0.014700 0.020700
0 0.653900 0.081500 0.016900 0.021300
0 0.129400 0.876800 0.014900 0.021100
0 0.881900 0.971900 0.016300 0.020600
0 0.922900 0.215000 0.016300 0.020500
0 0.054000 0.831600 0.017000 0.023500
0 0.207900 0.541000 0.014400 0.022400
0 0.834900 0.045200 0.014500 0.022400
0 0.181500 0.609100 0.014300 0.025500
0 0.796300 0.188800 0.017300 0.020900
0 0.579800 0.980000 0.016700 0.022400
0 0.698000 0.458400 0.017400 0.020100
0 0.482500 0.685000 0.017600 0.020000
0 0.429400 0.859100 0.017600 0.020000
0 0.070400 0.608100 0.014400 0.024800
0 0.542700 0.265800 0.015500 0.024900
0 0.073200 0.203000 0.016000 0.021900
0 0.785300 0.141100 0.016800 0.021200
0 0.527400 0.806500 0.013600 0.023300
0 0.931300 0.708600 0.015600 0.023700
0 0.317600 0.576700 0.016000 0.021100
0 0.452400 0.072800 0.015400 0.022800
0 0.222800 0.771500 0.015700 0.021900
0 0.589200 0.032600 0.017600 0.023200
0 0.617100 0.880000 0.014800 0.023300
0 0.259100 0.064100 0.014800 0.021000
0 0.769200 0.389600 0.016500 0.021400
0 0.076600 0.756900 0.016100 0.021900
0 0.017300 0.726400 0.017200 0.019900
0 0.108000 0.465200 0.015500 0.022500
0 0.932400 0.842300 0.017000 0.022200
0 0.171200 0.679100 0.014300 0.026100
0 0.093700 0.028100 0.016400 0.021400
0 0.356300 0.684000 0.015400 0.019200
0 0.483900 0.805600 0.015100 0.023600
0 0.506400 0.058300 0.013100 0.019900
0 0.321300 0.926900 0.018900 0.018400
0 0.385000 0.304500 0.017100 0.021300
0 0.065800 0.970900 0.018400 0.019600
0 0.006100 0.577600 0.015800 0.017300
0 0.179100 0.103300 0.013800 0.022100
0 0.876700 0.566900 0.018400 0.020700
0 0.490500 0.094000 0.014500 0.021400
0 0.055200 0.328800 0.012600 0.026300
0 0.846000 0.432400 0.014000 0.024800
0 0.957000 0.196700 0.016100 0.021400
0 0.579200 0.435100 0.013600 0.023400
0 0.042000 0.103300 0.013400 0.024700
0 0.791900 0.904300 0.014400 0.025200
0 0.443100 0.230800 0.014400 0.024000
0 0.876700 0.607900 0.016900 0.020300
0 0.678700 0.743500 0.013300 0.023000
0 0.957900 0.359400 0.014200 0.026100
0 0.968600 0.493400 0.016200 0.021600
0 0.768800 0.702700 0.015600 0.025200
0 0.930900 0.952100 0.018000 0.021800
0 0.803300 0.251800 0.016500 0.022100
0 0.353800 0.890800 0.016300 0.022500
0 0.409500 0.978200 0.018100 0.022200
0 0.592600 0.423000 0.014800 0.021800
0 0.931100 0.971700 0.016000 0.020800
0 0.691500 0.965500 0.013500 0.025200
0 0.878900 0.920600 0.016200 0.021100
0 0.484200 0.060000 0.013600 0.023900
0 0.810100 0.377000 0.016400 0.022100
0 0.476700 0.910200 0.015900 0.019900
0 0.304300 0.969300 0.016500 0.021800
0 0.597600 0.478200 0.011400 0.027900
0 0.615000 0.254400 0.018400 0.018800
0 0.835400 0.603100 0.016200 0.021100
0 0.342300 0.265700 0.015000 0.022300
0 0.544800 0.076700 0.016400 0.020800
0 0.609100 0.647900 0.016000 0.020800
0 0.847700 0.959700 0.015200 0.021300
0 0.456900 0.452400 0.012400 0.020800
0 0.695700 0.306600 0.013000 0.027600
0 0.447100 0.142600 0.012000 0.022000
0 0.390600 0.602800 0.018200 0.020500
0 0.656500 0.984200 0.015600 0.020300
0 0.430300 0.373300 0.014600 0.022200
0 0.021900 0.842700 0.018900 0.021300
0 0.420900 0.522200 0.014000 0.022200
0 0.669300 0.028700 0.016300 0.021300
0 0.886200 0.770300 0.017600 0.022000
0 0.117300 0.335000 0.014800 0.024700
0 0.439800 0.444500 0.015700 0.018300
0 0.766200 0.564500 0.017200 0.020500
0 0.346100 0.326400 0.016900 0.020200
0 0.311300 0.604900 0.016100 0.021400
0 0.258000 0.102000 0.015200 0.019800
0 0.058900 0.732700 0.012700 0.029600
0 0.880900 0.653600 0.015300 0.021500
0 0.483100 0.830400 0.013500 0.025500
0 0.518300 0.407400 0.013100 0.025200
0 0.048100 0.573100 0.017900 0.021200
0 0.281200 0.914000 0.015300 0.020900
0 0.384700 0.928600 0.014000 0.027200
0 0.711100 0.434000 0.019100 0.018500
0 0.058300 0.420300 0.011500 0.031300
0 0.073100 0.016500 0.014800 0.024600
0 0.069600 0.572800 0.014000 0.023100
0 0.148100 0.017400 0.016700 0.021200
0 0.955700 0.761000 0.018500 0.020900
0 0.504900 0.559800 0.016000 0.025400
0 0.421300 0.547500 0.014100 0.025000
0 0.240800 0.845300 0.014100 0.022700
0 0.423700 0.643500 0.013400 0.028500
0 0.285900 0.320600 0.014800 0.022100
0 0.010400 0.589100 0.016500 0.019000
0 0.645800 0.352500 0.013100 0.026800
0 0.410000 0.458600 0.012700 0.022800
0 0.081400 0.551500 0.016100 0.022300
0 0.714600 0.021300 0.018900 0.023100
0 0.423000 0.934500 0.018200 0.020500
0 0.314200 0.092000 0.014900 0.021800
0 0.464700 0.717800 0.017100 0.021300
0 0.702000 0.408700 0.018000 0.022200
0 0.864400 0.041400 0.017400 0.019300
0 0.594000 0.827800 0.015200 0.025300
0 0.278300 0.367100 0.015100 0.018600
0 0.339100 0.189400 0.011600 0.022700
0 0.989100 0.929400 0.013900 0.020900
0 0.172900 0.120000 0.015700 0.019000
0 0.505300 0.408300 0.012900 0.028200
0 0.498500 0.158600 0.015600 0.020100
0 0.234600 0.890200 0.013100 0.028900
0 0.480300 0.758600 0.012800 0.028800
0 0.904500 0.489500 0.014900 0.025100
0 0.836600 0.183700 0.012000 0.027300
0 0.101400 0.305400 0.015900 0.021200
0 0.377200 0.271700 0.016100 0.021700
0 0.057100 0.522000 0.014700 0.024800
0 0.504700 0.585800 0.015100 0.025000
0 0.399000 0.181700 0.015700 0.022000
0 0.294300 0.901600 0.015700 0.021000
0 0.343500 0.377800 0.013200 0.022800
0 0.386300 0.903400 0.017400 0.020700
0 0.490900 0.247200 0.012200 0.022400
0 0.078200 0.373200 0.013600 0.023800
0 0.751400 0.978800 0.016700 0.021200
0 0.332000 0.919800 0.018600 0.018800
0 0.595800 0.698600 0.015200 0.023500
0 0.176200 0.946600 0.014500 0.024300
0 0.553600 0.016500 0.012200 0.027700
0 0.845600 0.538500 0.016400 0.022200
0 0.071500 0.127300 0.014700 0.027000
0 0.080300 0.826200 0.016100 0.022800
0 0.126300 0.164700 0.012900 0.026400
0 0.951200 0.389300 0.015300 0.022300
0 0.764000 0.677100 0.016500 0.021200
0 0.501900 0.977400 0.017000 0.021200
0 0.469700 0.460600 0.016900 0.017100
0 0.064400 0.235800 0.014600 0.023400
0 0.394700 0.635800 0.016100 0.022100
0 0.400900 0.377200 0.015100 0.023700
0 0.229400 0.958300 0.017100 0.016200
0 0.379000 0.976400 0.015800 0.022300
0 0.343400 0.241300 0.016200 0.019600
0 0.501700 0.952000 0.016400 0.023700
0 0.051200 0.708200 0.016000 0.021500
0 0.321300 0.798600 0.014400 0.019700
0 0.676900 0.728700 0.012700 0.023600
0 0.207600 0.870300 0.011400 0.036700
0 0.267800 0.986300 0.016300 0.021200
0 0.823000 0.852200 0.015500 0.022800
0 0.004500 0.832300 0.010400 0.023200
0 0.423600 0.341200 0.016900 0.021600
0 0.400900 0.856400 0.016400 0.021700
0 0.940000 0.022500 0.013400 0.029900
0 0.514300 0.772300 0.013100 0.025100
0 0.013900 0.745700 0.016400 0.019200
0 0.369700 0.167700 0.010100 0.033700
0 0.851600 0.758400 0.012600 0.024600
0 0.470800 0.708900 0.016300 0.019700
0 0.198000 0.151100 0.014900 0.022300
0 0.280800 0.348000 0.014900 0.019200
0 0.038600 0.303800 0.016100 0.023800
0 0.389300 0.333400 0.017500 0.020600
0 0.251000 0.704300 0.016000 0.021800
0 0.826500 0.658300 0.014300 0.023000
0 0.585800 0.623500 0.017200 0.020200
0 0.715100 0.895000 0.011000 0.035600
0 0.231200 0.432400 0.013200 0.017400
0 0.993000 0.270900 0.009700 0.021000
0 0.873600 0.898600 0.017000 0.019300
0 0.813800 0.205700 0.015700 0.022700
0 0.647900 0.208800 0.018300 0.022100
0 0.167500 0.214600 0.011500 0.031000
0 0.181700 0.588900 0.014700 0.019700
0 0.142800 0.139800 0.011900 0.031100
0 0.983200 0.072400 0.013400 0.022100
0 0.620900 0.764400 0.015200 0.020200
0 0.580000 0.804400 0.013700 0.027700
0 0.724000 0.452900 0.016500 0.021700
0 0.413700 0.419200 0.016000 0.019300
0 0.402600 0.577000 0.016900 0.023600
0 0.102300 0.604700 0.010800 0.032700
0 0.309200 0.373100 0.011500 0.031000
0 0.260300 0.015100 0.015200 0.022700
0 0.688500 0.528500 0.013000 0.029300
0 0.909600 0.673300 0.012800 0.025700
0 0.963600 0.172500 0.018100 0.021700
0 0.694200 0.685800 0.013900 0.020100
0 0.201200 0.795200 0.015200 0.020700
0 0.478800 0.036100 0.011800 0.029600
0 0.736300 0.173500 0.018100 0.018500
0 0.166000 0.169900 0.010800 0.035100
0 0.328800 0.956900 0.016000 0.022400
0 0.748200 0.672100 0.016700 0.021800
0 0.152700 0.821500 0.009900 0.038400
0 0.199609 0.040972 0.011719 0.031944
0 0.157813 0.627778 0.012500 0.036111
0 0.250000 0.736111 0.012500 0.033333
0 0.337109 0.735417 0.016406 0.026389
0 0.248437 0.775000 0.014062 0.027778
0 0.168359 0.837500 0.013281 0.030556
0 0.022266 0.961806 0.017969 0.023611
0 0.250391 0.563194 0.016406 0.023611
0 0.343750 0.640972 0.015625 0.034722
0 0.357031 0.291667 0.015625 0.025000
0 0.086719 0.338889 0.014062 0.027778
0 0.893750 0.626389 0.014062 0.030556
0 0.937891 0.537500 0.017969 0.027778
0 0.980469 0.504167 0.014062 0.030556
0 0.823438 0.450000 0.012500 0.030556
0 0.629687 0.311806 0.012500 0.031944
0 0.635938 0.239583 0.014062 0.029167
0 0.962891 0.019444 0.013281 0.033333
0 0.510547 0.024306 0.014844 0.026389
0 0.165234 0.728472 0.014844 0.026389
0 0.174219 0.730556 0.014062 0.027778
0 0.616016 0.977778 0.017969 0.022222
0 0.649219 0.965278 0.018750 0.019444
0 0.850781 0.199306 0.010937 0.029167
0 0.830859 0.255556 0.014844 0.022222
0 0.633594 0.087500 0.012500 0.030556
0 0.312500 0.077778 0.012500 0.027778
0 0.474219 0.660417 0.017188 0.018056
0 0.460156 0.650694 0.015625 0.020833
0 0.281641 0.275000 0.011719 0.030556
0 0.135156 0.241667 0.010937 0.027778
0 0.013281 0.397222 0.015625 0.025000
0 0.073437 0.280556 0.014062 0.027778
0 0.075000 0.271528 0.012500 0.026389
0 0.601562 0.265278 0.012500 0.025000
0 0.610937 0.265972 0.014062 0.023611
0 0.856641 0.746528 0.017969 0.026389
