0 0.047200 0.054500 0.011600 0.034800
0 0.090625 0.027083 0.015625 0.029167
0 0.105859 0.013194 0.019531 0.023611
0 0.150000 0.018750 0.018750 0.020833
0 0.206250 0.041667 0.012500 0.030556
0 0.194141 0.014583 0.013281 0.023611
0 0.164844 0.174306 0.012500 0.034722
0 0.075000 0.202778 0.018750 0.025000
0 0.116797 0.179167 0.016406 0.022222
0 0.063281 0.236806 0.015625 0.023611
0 0.075391 0.268750 0.016406 0.029167
0 0.149609 0.240278 0.017969 0.025000
0 0.140625 0.272222 0.012500 0.025000
0 0.143359 0.286806 0.014844 0.029167
0 0.104297 0.314583 0.017969 0.029167
0 0.109766 0.340972 0.011719 0.026389
0 0.096875 0.340972 0.014062 0.020833
0 0.085938 0.338194 0.012500 0.026389
0 0.075000 0.330556 0.015625 0.022222
0 0.068750 0.351389 0.017188 0.025000
0 0.155859 0.340972 0.017969 0.020833
0 0.144531 0.414583 0.015625 0.031944
0 0.057813 0.384028 0.017188 0.018056
0 0.067578 0.418750 0.011719 0.029167
0 0.101562 0.427083 0.012500 0.031944
0 0.181641 0.437500 0.011719 0.033333
0 0.122656 0.479167 0.018750 0.025000
0 0.108203 0.464583 0.014844 0.029167
0 0.093359 0.515972 0.017969 0.020833
0 0.098438 0.530556 0.012500 0.025000
0 0.017578 0.521528 0.016406 0.026389
0 0.033984 0.533333 0.017969 0.025000
0 0.089062 0.547917 0.014062 0.026389
0 0.081641 0.567361 0.011719 0.029167
0 0.052344 0.567361 0.015625 0.026389
0 0.005859 0.571528 0.011719 0.020833
0 0.015625 0.586111 0.015625 0.019444
0 0.091016 0.643056 0.014844 0.027778
0 0.118359 0.620139 0.014844 0.026389
0 0.130469 0.586806 0.015625 0.029167
0 0.023047 0.660417 0.014844 0.026389
0 0.020312 0.689583 0.017188 0.026389
0 0.053906 0.704167 0.015625 0.022222
0 0.078125 0.727083 0.012500 0.034722
0 0.076563 0.748611 0.018750 0.025000
0 0.024219 0.727778 0.015625 0.022222
0 0.021875 0.747917 0.018750 0.023611
0 0.045313 0.740278 0.014062 0.030556
0 0.059375 0.792361 0.014062 0.026389
0 0.032031 0.840278 0.017188 0.022222
0 0.026563 0.849306 0.017188 0.018056
0 0.026563 0.908333 0.017188 0.019444
0 0.027734 0.948611 0.014844 0.027778
0 0.067188 0.969444 0.017188 0.022222
0 0.117188 0.945139 0.015625 0.023611
0 0.129688 0.876389 0.017188 0.022222
0 0.062109 0.834722 0.014844 0.022222
0 0.080078 0.827083 0.019531 0.018056
0 0.178125 0.985417 0.018750 0.020833
0 0.173438 0.943750 0.015625 0.029167
0 0.161328 0.808333 0.011719 0.030556
0 0.172266 0.766667 0.014844 0.022222
0 0.181250 0.725694 0.014062 0.026389
0 0.167578 0.649306 0.013281 0.029167
0 0.177344 0.674306 0.014062 0.026389
0 0.202344 0.599306 0.014062 0.031944
0 0.208203 0.536806 0.014844 0.023611
0 0.211328 0.547917 0.013281 0.023611
0 0.249219 0.948611 0.017188 0.019444
0 0.253125 0.928472 0.010937 0.029167
0 0.233984 0.889583 0.011719 0.031944
0 0.207031 0.790972 0.017188 0.023611
0 0.226172 0.768056 0.017969 0.027778
0 0.233984 0.688889 0.014844 0.025000
0 0.251172 0.704861 0.014844 0.023611
0 0.259766 0.697917 0.013281 0.023611
0 0.230859 0.614583 0.013281 0.026389
0 0.251172 0.565278 0.016406 0.025000
0 0.241016 0.476389 0.013281 0.027778
0 0.232422 0.431944 0.014844 0.022222
0 0.241797 0.410417 0.013281 0.020833
0 0.244141 0.378472 0.017969 0.020833
0 0.250391 0.347222 0.013281 0.025000
0 0.268359 0.256250 0.016406 0.023611
0 0.261328 0.219444 0.017969 0.022222
0 0.255859 0.052083 0.017969 0.020833
0 0.261328 0.014583 0.017969 0.023611
0 0.306641 0.041667 0.016406 0.022222
0 0.299219 0.059028 0.014062 0.031944
0 0.282422 0.681944 0.013281 0.030556
0 0.370313 0.148611 0.020312 0.027778
0 0.339063 0.188194 0.017188 0.026389
0 0.349609 0.211111 0.016406 0.030556
0 0.315625 0.251389 0.018750 0.027778
0 0.328516 0.260417 0.019531 0.023611
0 0.288672 0.322917 0.019531 0.023611
0 0.373047 0.281250 0.017969 0.026389
0 0.380469 0.312500 0.014062 0.036111
0 0.346484 0.327778 0.019531 0.027778
0 0.281250 0.915278 0.015625 0.022222
0 0.303906 0.970833 0.015625 0.025000
0 0.285547 0.847917 0.016406 0.023611
0 0.332812 0.922222 0.017188 0.025000
0 0.355859 0.946528 0.016406 0.023611
0 0.380469 0.979167 0.017188 0.022222
0 0.419922 0.974306 0.016406 0.020833
0 0.438672 0.973611 0.013281 0.019444
0 0.430859 0.986806 0.016406 0.015278
0 0.400000 0.900000 0.020312 0.022222
0 0.407422 0.865278 0.017969 0.025000
0 0.360547 0.890278 0.014844 0.027778
0 0.356250 0.873611 0.015625 0.030556
0 0.344922 0.754167 0.017969 0.022222
0 0.339453 0.733333 0.019531 0.022222
0 0.356250 0.704861 0.015625 0.023611
0 0.321484 0.596528 0.016406 0.020833
0 0.318359 0.577083 0.014844 0.023611
0 0.293750 0.567361 0.012500 0.026389
0 0.313672 0.506944 0.016406 0.025000
0 0.317187 0.444444 0.017188 0.022222
0 0.308594 0.375694 0.012500 0.031944
0 0.339453 0.357639 0.013281 0.023611
0 0.358984 0.404167 0.014844 0.025000
0 0.374609 0.464583 0.017969 0.020833
0 0.360156 0.472917 0.012500 0.020833
0 0.366406 0.500694 0.014062 0.029167
0 0.393750 0.505556 0.014062 0.027778
0 0.391406 0.545139 0.014062 0.029167
0 0.322266 0.706250 0.013281 0.029167
0 0.423438 0.797222 0.010937 0.027778
0 0.417188 0.757639 0.015625 0.026389
0 0.383203 0.686806 0.014844 0.023611
0 0.407031 0.679167 0.014062 0.025000
0 0.405859 0.636111 0.016406 0.019444
0 0.425391 0.575000 0.011719 0.033333
0 0.384375 0.421528 0.014062 0.023611
0 0.422266 0.347917 0.017969 0.023611
0 0.405469 0.368056 0.014062 0.027778
0 0.439844 0.356944 0.015625 0.025000
0 0.418750 0.397917 0.017188 0.023611
0 0.414453 0.172222 0.017969 0.030556
0 0.444922 0.077778 0.014844 0.030556
0 0.466406 0.077083 0.017188 0.023611
0 0.454297 0.104167 0.019531 0.022222
0 0.472656 0.090972 0.012500 0.031944
0 0.456641 0.021528 0.019531 0.020833
0 0.485156 0.038194 0.012500 0.031944
0 0.457812 0.178472 0.012500 0.034722
0 0.475781 0.254861 0.018750 0.023611
0 0.457422 0.286806 0.013281 0.037500
0 0.507812 0.152083 0.018750 0.023611
0 0.479688 0.161111 0.015625 0.027778
0 0.479688 0.182639 0.015625 0.029167
0 0.523438 0.139583 0.015625 0.026389
0 0.545703 0.069444 0.019531 0.025000
0 0.578125 0.204861 0.012500 0.029167
0 0.543359 0.268056 0.016406 0.027778
0 0.482422 0.355556 0.013281 0.030556
0 0.492969 0.391667 0.017188 0.022222
0 0.453906 0.428472 0.018750 0.023611
0 0.455078 0.468750 0.014844 0.029167
0 0.429688 0.529167 0.017188 0.022222
0 0.476562 0.600694 0.012500 0.029167
0 0.500781 0.559722 0.015625 0.022222
0 0.473047 0.645833 0.017969 0.019444
0 0.466797 0.656944 0.016406 0.025000
0 0.480469 0.686806 0.017188 0.023611
0 0.464844 0.720833 0.018750 0.022222
0 0.501172 0.727083 0.016406 0.023611
0 0.482812 0.789583 0.015625 0.020833
0 0.505078 0.784722 0.013281 0.022222
0 0.482422 0.900000 0.019531 0.022222
0 0.453906 0.906944 0.015625 0.019444
0 0.505859 0.947917 0.013281 0.029167
0 0.521875 0.893056 0.012500 0.025000
0 0.508984 0.981250 0.014844 0.018056
0 0.497266 0.982639 0.013281 0.018056
0 0.579687 0.968750 0.015625 0.020833
0 0.580078 0.938889 0.014844 0.019444
0 0.496094 0.663889 0.015625 0.025000
0 0.510156 0.634028 0.015625 0.023611
0 0.528125 0.561806 0.014062 0.031944
0 0.515625 0.365278 0.012500 0.033333
0 0.541406 0.363889 0.012500 0.030556
0 0.541406 0.331250 0.014062 0.026389
0 0.577344 0.269444 0.012500 0.027778
0 0.607031 0.163889 0.015625 0.027778
0 0.591016 0.036806 0.019531 0.023611
0 0.620703 0.255556 0.014844 0.022222
0 0.635547 0.236806 0.016406 0.020833
0 0.557813 0.388194 0.014062 0.029167
0 0.575391 0.388194 0.011719 0.023611
0 0.589063 0.396528 0.014062 0.023611
0 0.569922 0.444444 0.016406 0.025000
0 0.596875 0.478472 0.012500 0.026389
0 0.557031 0.572222 0.014062 0.022222
0 0.515234 0.775000 0.013281 0.030556
0 0.583203 0.623611 0.017969 0.022222
0 0.616797 0.640972 0.011719 0.034722
0 0.606641 0.648611 0.014844 0.025000
0 0.651172 0.665972 0.014844 0.029167
0 0.608984 0.688889 0.016406 0.025000
0 0.576953 0.696528 0.013281 0.034722
0 0.625000 0.815972 0.017188 0.026389
0 0.679297 0.747222 0.016406 0.030556
0 0.643750 0.836806 0.017188 0.029167
0 0.625391 0.877778 0.014844 0.027778
0 0.611719 0.879861 0.015625 0.023611
0 0.619141 0.956944 0.016406 0.025000
0 0.639453 0.584028 0.014844 0.023611
0 0.558203 0.013889 0.017969 0.016667
0 0.607422 0.009722 0.016406 0.016667
0 0.652734 0.032639 0.011719 0.037500
0 0.637109 0.079167 0.016406 0.019444
0 0.652734 0.077778 0.014844 0.022222
0 0.657422 0.107639 0.016406 0.026389
0 0.673437 0.121528 0.017188 0.023611
0 0.720703 0.018750 0.016406 0.023611
0 0.738281 0.013194 0.018750 0.020833
0 0.783203 0.020139 0.016406 0.023611
0 0.830859 0.056944 0.016406 0.030556
0 0.863281 0.042361 0.015625 0.023611
0 0.860156 0.031944 0.017188 0.016667
0 0.892187 0.064583 0.017188 0.026389
0 0.928125 0.104167 0.015625 0.025000
0 0.953125 0.104167 0.015625 0.025000
0 0.980078 0.158333 0.014844 0.027778
0 0.819141 0.138889 0.014844 0.033333
0 0.660547 0.169444 0.014844 0.027778
0 0.706250 0.178472 0.014062 0.023611
0 0.692578 0.185417 0.016406 0.023611
0 0.749609 0.168750 0.011719 0.020833
0 0.742188 0.174306 0.014062 0.020833
0 0.925000 0.174306 0.017188 0.023611
0 0.955859 0.197222 0.016406 0.022222
0 0.932813 0.214583 0.017188 0.023611
0 0.800391 0.184722 0.019531 0.025000
0 0.864453 0.203472 0.011719 0.034722
0 0.982813 0.258333 0.017188 0.019444
0 0.964063 0.257639 0.014062 0.029167
0 0.843359 0.281250 0.016406 0.026389
0 0.819922 0.246528 0.016406 0.026389
0 0.814062 0.278472 0.014062 0.029167
0 0.743359 0.187500 0.016406 0.027778
0 0.719922 0.208333 0.017969 0.022222
0 0.659375 0.231944 0.010937 0.036111
0 0.645312 0.168056 0.014062 0.022222
0 0.654688 0.329167 0.015625 0.022222
0 0.705078 0.335417 0.019531 0.020833
0 0.730859 0.365278 0.016406 0.022222
0 0.956641 0.381944 0.019531 0.022222
0 0.666797 0.425000 0.013281 0.027778
0 0.718750 0.431944 0.017188 0.025000
0 0.679688 0.463194 0.017188 0.023611
0 0.700000 0.460417 0.017188 0.020833
0 0.724609 0.452778 0.016406 0.019444
0 0.722656 0.487500 0.015625 0.030556
0 0.974219 0.433333 0.010937 0.033333
0 0.854297 0.488194 0.013281 0.029167
0 0.916406 0.491667 0.015625 0.027778
0 0.978906 0.517361 0.014062 0.029167
0 0.678125 0.568056 0.015625 0.019444
0 0.718359 0.599306 0.014844 0.020833
0 0.706250 0.601389 0.014062 0.019444
0 0.775391 0.550694 0.014844 0.020833
0 0.792578 0.553472 0.017969 0.020833
0 0.771094 0.579861 0.014062 0.029167
0 0.851562 0.534722 0.017188 0.022222
0 0.929688 0.521528 0.017188 0.020833
0 0.925781 0.538889 0.017188 0.025000
0 0.936719 0.536111 0.015625 0.025000
0 0.973437 0.543750 0.015625 0.023611
0 0.765234 0.622917 0.011719 0.026389
0 0.829687 0.581944 0.018750 0.025000
0 0.876562 0.600000 0.017188 0.022222
0 0.782422 0.661806 0.017969 0.023611
0 0.809375 0.665972 0.014062 0.031944
0 0.874219 0.620833 0.014062 0.027778
0 0.908203 0.631250 0.016406 0.026389
0 0.893359 0.626389 0.013281 0.030556
0 0.963281 0.627778 0.018750 0.025000
0 0.938281 0.701389 0.017188 0.027778
0 0.829297 0.728472 0.016406 0.026389
0 0.966797 0.754861 0.016406 0.023611
0 0.717578 0.710417 0.017969 0.023611
0 0.895703 0.750000 0.017969 0.025000
0 0.899219 0.805556 0.015625 0.022222
0 0.664844 0.910417 0.018750 0.020833
0 0.675000 0.944444 0.014062 0.022222
0 0.686719 0.949306 0.015625 0.023611
0 0.728125 0.934028 0.014062 0.023611
0 0.835547 0.884028 0.013281 0.031944
0 0.771484 0.959028 0.016406 0.026389
0 0.783984 0.955556 0.014844 0.022222
0 0.874609 0.898611 0.016406 0.025000
0 0.941406 0.870139 0.014062 0.026389
0 0.985156 0.872917 0.014062 0.026389
0 0.991797 0.927083 0.014844 0.023611
0 0.894141 0.962500 0.016406 0.033333
0 0.931250 0.953472 0.018750 0.020833
0 0.930859 0.970833 0.017969 0.019444
0 0.714063 0.919444 0.014062 0.027778
0 0.607422 0.267361 0.017969 0.023611
0 0.606641 0.265972 0.017969 0.023611
0 0.856641 0.745139 0.016406 0.023611
0 0.851562 0.210417 0.017188 0.029167
