0 0.318800 0.504800 0.012500 0.022900
0 0.682400 0.558700 0.014800 0.022400
0 0.830400 0.579600 0.018500 0.021300
0 0.671600 0.117500 0.014100 0.021400
0 0.228400 0.244100 0.016200 0.023800
0 0.556000 0.459300 0.013700 0.022600
0 0.095600 0.770400 0.017500 0.022600
0 0.065500 0.232700 0.015900 0.022400
0 0.791300 0.367900 0.016200 0.020100
0 0.818900 0.542200 0.016600 0.021100
0 0.657700 0.091400 0.015000 0.020200
0 0.181800 0.217600 0.014000 0.021800
0 0.678900 0.502900 0.015000 0.021800
0 0.354100 0.942200 0.017200 0.020800
0 0.933500 0.079900 0.015500 0.020300
0 0.207600 0.535200 0.013600 0.021700
0 0.568100 0.541700 0.013000 0.021400
0 0.728300 0.928900 0.016400 0.018700
0 0.919500 0.894100 0.016600 0.021800
0 0.385200 0.431700 0.016700 0.021200
0 0.495200 0.633600 0.016500 0.020100
0 0.704000 0.332400 0.016500 0.021900
0 0.782500 0.206600 0.017000 0.021200
0 0.206000 0.571100 0.013800 0.024900
0 0.704300 0.909900 0.014900 0.020400
0 0.941100 0.397900 0.016800 0.020800
0 0.232500 0.741200 0.013300 0.022800
0 0.416300 0.843600 0.016300 0.020500
0 0.768000 0.566300 0.014100 0.020900
0 0.595500 0.265400 0.015000 0.020900
0 0.694900 0.604400 0.013300 0.022400
0 0.332300 0.918100 0.017400 0.019200
0 0.033600 0.529800 0.016400 0.019000
0 0.295700 0.403300 0.014600 0.020000
0 0.233100 0.942500 0.017400 0.019600
0 0.473400 0.167900 0.015100 0.021000
0 0.359000 0.406600 0.015600 0.020600
0 0.817600 0.246100 0.015800 0.021300
0 0.433700 0.878900 0.015600 0.020000
0 0.532400 0.691200 0.015900 0.023300
0 0.510200 0.630800 0.015600 0.020000
0 0.618700 0.953500 0.015100 0.021500
0 0.372700 0.105400 0.013200 0.024300
0 0.331500 0.897200 0.017300 0.019100
0 0.222500 0.228300 0.015900 0.023000
0 0.371700 0.831100 0.015900 0.020700
0 0.464300 0.716400 0.016100 0.022500
0 0.442800 0.579500 0.014400 0.025500
0 0.305400 0.965900 0.014500 0.023100
0 0.259600 0.929600 0.016100 0.022600
0 0.944900 0.645200 0.018700 0.020100
0 0.281300 0.490000 0.015800 0.017800
0 0.492700 0.708000 0.015100 0.024600
0 0.992400 0.269800 0.010400 0.021300
0 0.480400 0.180400 0.014600 0.020500
0 0.645000 0.466400 0.013900 0.022500
0 0.055600 0.555000 0.015600 0.020100
0 0.008000 0.844200 0.016300 0.019500
0 0.609400 0.646300 0.016800 0.021000
0 0.033500 0.146000 0.016300 0.022000
0 0.070100 0.572000 0.015300 0.021200
0 0.919500 0.416600 0.015400 0.023300
0 0.703700 0.393600 0.016100 0.021800
0 0.845100 0.544600 0.015600 0.023900
0 0.067500 0.968400 0.014600 0.019700
0 0.469200 0.872700 0.017600 0.019400
0 0.905400 0.577600 0.016400 0.021400
0 0.703600 0.034300 0.016400 0.020100
0 0.073400 0.268500 0.015200 0.022400
0 0.235000 0.029200 0.016300 0.022700
0 0.456000 0.607400 0.013500 0.024900
0 0.560600 0.858700 0.015900 0.019700
0 0.660000 0.165800 0.015300 0.021300
0 0.508300 0.469900 0.014700 0.022700
0 0.359400 0.322500 0.017000 0.020400
0 0.966700 0.644500 0.021700 0.018700
0 0.577300 0.721400 0.015200 0.022900
0 0.026700 0.905000 0.017500 0.021600
0 0.377900 0.284400 0.015200 0.020400
0 0.573000 0.327900 0.015100 0.020500
0 0.696600 0.417000 0.015700 0.021900
0 0.183500 0.716600 0.013600 0.022600
0 0.842900 0.052300 0.015000 0.020600
0 0.206000 0.785100 0.015000 0.021800
0 0.131300 0.246800 0.014800 0.022200
0 0.967600 0.168100 0.015300 0.022800
0 0.054600 0.956100 0.013800 0.024500
0 0.278500 0.382900 0.012100 0.025500
0 0.843800 0.779300 0.015500 0.021000
0 0.282200 0.910400 0.015800 0.020700
0 0.382000 0.660200 0.016400 0.019300
0 0.610200 0.252500 0.017000 0.019100
0 0.242800 0.376500 0.015600 0.021300
0 0.352400 0.255900 0.015400 0.022300
0 0.589400 0.030500 0.016700 0.021900
0 0.033500 0.745400 0.018000 0.021000
0 0.973000 0.945700 0.017900 0.020700
0 0.128600 0.853900 0.015500 0.021400
0 0.069300 0.764900 0.015900 0.024300
0 0.343400 0.171500 0.015900 0.020900
0 0.907500 0.716800 0.016700 0.020300
0 0.391900 0.844100 0.014900 0.021700
0 0.481400 0.683700 0.017100 0.022600
0 0.193100 0.139700 0.014600 0.022900
0 0.091100 0.336300 0.015600 0.022000
0 0.166300 0.739300 0.014800 0.023000
0 0.190400 0.505500 0.011500 0.027300
0 0.015700 0.595200 0.015100 0.020200
0 0.409400 0.166300 0.012600 0.021300
0 0.717000 0.103200 0.014400 0.025800
0 0.180400 0.964700 0.015600 0.021000
0 0.040200 0.834100 0.017100 0.019700
0 0.157300 0.692600 0.013000 0.026500
0 0.029900 0.167400 0.014400 0.023700
0 0.498200 0.206600 0.015600 0.020600
0 0.972800 0.343600 0.018400 0.019300
0 0.328600 0.604700 0.014500 0.022900
0 0.748500 0.692100 0.014800 0.021700
0 0.340200 0.355600 0.014400 0.021900
0 0.068500 0.465500 0.013500 0.024700
0 0.770500 0.608000 0.015100 0.024300
0 0.677100 0.628200 0.011200 0.024900
0 0.679200 0.740200 0.014800 0.024900
0 0.185000 0.805600 0.016300 0.020500
0 0.755600 0.579200 0.012200 0.028000
0 0.173000 0.140300 0.014400 0.023800
0 0.697700 0.458200 0.016900 0.019300
0 0.198500 0.155700 0.013900 0.021500
0 0.368100 0.021800 0.015200 0.025200
0 0.484300 0.967900 0.015600 0.024500
0 0.585800 0.621600 0.016400 0.022000
0 0.831900 0.207400 0.013900 0.028000
0 0.590200 0.890200 0.015100 0.022700
0 0.077200 0.783400 0.017400 0.021500
0 0.095000 0.394700 0.013500 0.019600
0 0.197800 0.465900 0.013400 0.025100
0 0.569700 0.269900 0.015100 0.024100
0 0.635800 0.232100 0.016900 0.019200
0 0.609600 0.980600 0.014400 0.022000
0 0.173800 0.618700 0.012900 0.024300
0 0.147000 0.572500 0.013800 0.022000
0 0.382500 0.266800 0.013300 0.022000
0 0.935600 0.780900 0.016600 0.022300
0 0.114600 0.669300 0.013500 0.021900
0 0.834900 0.610700 0.018400 0.018900
0 0.054800 0.335600 0.013800 0.024800
0 0.919000 0.734700 0.015200 0.022800
0 0.335400 0.272100 0.015300 0.021200
0 0.389100 0.071000 0.015300 0.022100
0 0.207900 0.185100 0.015000 0.023100
0 0.484500 0.097900 0.015100 0.020400
0 0.131400 0.822000 0.011900 0.028500
0 0.080700 0.823600 0.016700 0.021200
0 0.265700 0.855300 0.012100 0.031400
0 0.905100 0.621200 0.018000 0.022600
0 0.464600 0.913900 0.016400 0.019500
0 0.441200 0.457800 0.014900 0.020700
0 0.522600 0.084300 0.016600 0.023800
0 0.598700 0.834900 0.017400 0.021000
0 0.144400 0.944900 0.012100 0.029400
0 0.035200 0.581500 0.017800 0.016900
0 0.255200 0.567100 0.011700 0.028800
0 0.419500 0.352600 0.016200 0.024200
0 0.091300 0.641200 0.014000 0.027100
0 0.077000 0.020300 0.013500 0.028200
0 0.147100 0.016700 0.019000 0.020700
0 0.516700 0.941700 0.015600 0.020600
0 0.806700 0.222400 0.016000 0.022800
0 0.145700 0.356600 0.011300 0.032100
0 0.044200 0.444100 0.011100 0.033700
0 0.645100 0.083100 0.012400 0.026100
0 0.613900 0.854900 0.016600 0.021700
0 0.453900 0.129100 0.011200 0.028400
0 0.122000 0.151700 0.016200 0.021000
0 0.338400 0.539700 0.013100 0.024100
0 0.429100 0.467200 0.015700 0.020600
0 0.317100 0.573800 0.015800 0.020000
0 0.338500 0.732400 0.016800 0.021700
0 0.141800 0.253700 0.011500 0.029600
0 0.105900 0.289100 0.015500 0.021500
0 0.311300 0.502900 0.014700 0.018200
0 0.635000 0.907900 0.015100 0.025100
0 0.123100 0.313900 0.015400 0.021500
0 0.382100 0.398700 0.016300 0.020000
0 0.436000 0.918300 0.017500 0.019500
0 0.543900 0.910600 0.015700 0.022600
0 0.309000 0.371300 0.012000 0.030700
0 0.019500 0.526000 0.017100 0.019600
0 0.116600 0.091600 0.011000 0.029900
0 0.892900 0.622500 0.016500 0.022800
0 0.444000 0.814300 0.016100 0.022500
0 0.736100 0.329100 0.014000 0.023600
0 0.035200 0.566200 0.017500 0.017900
0 0.776600 0.228800 0.015700 0.020300
0 0.852100 0.981500 0.018000 0.021400
0 0.446800 0.491000 0.015400 0.023000
0 0.286000 0.318400 0.016100 0.021900
0 0.466200 0.041900 0.010200 0.032200
0 0.592100 0.330500 0.011900 0.032700
0 0.815800 0.864400 0.014200 0.024900
0 0.086300 0.408200 0.012100 0.021300
0 0.865400 0.882200 0.017000 0.019200
0 0.542800 0.264000 0.015300 0.022100
0 0.517400 0.307200 0.015800 0.019800
0 0.577700 0.660300 0.013200 0.025800
0 0.883300 0.489600 0.012900 0.029200
0 0.427100 0.156500 0.012700 0.030300
0 0.271800 0.480000 0.015500 0.016700
0 0.516500 0.772400 0.014000 0.025800
0 0.886100 0.529000 0.011000 0.028600
0 0.336300 0.696400 0.017700 0.019600
0 0.947800 0.140200 0.015000 0.023800
0 0.294500 0.263800 0.016200 0.021600
0 0.677700 0.690200 0.011700 0.020000
0 0.102600 0.477500 0.016200 0.020400
0 0.864100 0.611300 0.017800 0.020100
0 0.294100 0.357700 0.011900 0.025800
0 0.940800 0.908200 0.014400 0.028400
0 0.918400 0.236100 0.015200 0.022000
0 0.364700 0.567500 0.019000 0.019200
0 0.429100 0.211300 0.014700 0.020700
0 0.506800 0.052900 0.013400 0.024900
0 0.938600 0.534800 0.018500 0.021500
0 0.665700 0.547300 0.012500 0.026400
0 0.593900 0.909300 0.015000 0.022000
0 0.915600 0.717300 0.016400 0.020300
0 0.526900 0.306500 0.017400 0.020800
0 0.507200 0.772100 0.014700 0.025300
0 0.063600 0.519800 0.015500 0.020600
0 0.431700 0.682600 0.011900 0.031300
0 0.351100 0.026800 0.015500 0.021000
0 0.126100 0.670200 0.013000 0.022700
0 0.231400 0.584800 0.012100 0.031900
0 0.063200 0.294100 0.014800 0.024100
0 0.207100 0.210600 0.013400 0.023400
0 0.992800 0.953500 0.010300 0.023300
0 0.109000 0.459500 0.014100 0.025900
0 0.044000 0.352500 0.012600 0.023500
0 0.698200 0.216300 0.018000 0.020000
0 0.364000 0.911200 0.017400 0.020700
0 0.340500 0.185600 0.014700 0.020500
0 0.514200 0.922800 0.017000 0.020800
0 0.392100 0.873800 0.016600 0.021000
0 0.945400 0.089400 0.015000 0.022400
0 0.165200 0.169400 0.011400 0.034400
0 0.953200 0.302600 0.013700 0.024400
0 0.960300 0.764100 0.017800 0.020200
0 0.192000 0.684400 0.013000 0.026400
0 0.290200 0.611700 0.016400 0.019700
0 0.731800 0.358800 0.015600 0.019900
0 0.527600 0.314400 0.015500 0.019000
0 0.402300 0.572600 0.019600 0.022400
0 0.097900 0.338400 0.015300 0.021400
0 0.875900 0.896600 0.016900 0.020900
0 0.778100 0.163900 0.016700 0.019900
0 0.249300 0.702300 0.015300 0.020000
0 0.098700 0.091200 0.015800 0.020700
0 0.610100 0.264500 0.016300 0.020200
0 0.185100 0.066700 0.010500 0.037100
0 0.842400 0.276100 0.014800 0.021900
0 0.094300 0.201100 0.015500 0.022700
0 0.023500 0.728000 0.012000 0.028000
0 0.771700 0.715400 0.014000 0.028300
0 0.438400 0.971000 0.015700 0.021600
0 0.597100 0.478300 0.011400 0.030800
0 0.382100 0.973400 0.017500 0.018800
0 0.022900 0.085800 0.013900 0.023100
0 0.788500 0.263700 0.016200 0.020200
0 0.129300 0.873700 0.015100 0.022600
0 0.026400 0.846600 0.016800 0.019900
0 0.411100 0.270800 0.016500 0.019900
0 0.724000 0.177000 0.017500 0.021800
0 0.086400 0.283100 0.015400 0.020300
0 0.695100 0.026400 0.018100 0.017600
0 0.197500 0.871800 0.013400 0.027000
0 0.164500 0.398800 0.014700 0.023100
0 0.972300 0.689900 0.016000 0.022300
0 0.123400 0.684600 0.011900 0.026700
0 0.688300 0.254100 0.016200 0.022300
0 0.982500 0.463900 0.016700 0.020300
0 0.540500 0.986300 0.014500 0.022700
0 0.234300 0.889000 0.013600 0.025900
0 0.621300 0.241200 0.014000 0.020400
0 0.403700 0.388500 0.015500 0.022900
0 0.864300 0.210600 0.016000 0.018900
0 0.699100 0.444700 0.017200 0.018000
0 0.262500 0.012500 0.015625 0.022222
0 0.250781 0.100000 0.018750 0.022222
0 0.201953 0.287500 0.010156 0.038889
0 0.050391 0.211111 0.016406 0.019444
0 0.054297 0.127083 0.016406 0.020833
0 0.723828 0.450694 0.014844 0.023611
0 0.554297 0.734028 0.011719 0.029167
0 0.238281 0.774306 0.010937 0.026389
0 0.112109 0.838194 0.010156 0.031944
0 0.227734 0.872917 0.016406 0.026389
0 0.311719 0.736111 0.010937 0.027778
0 0.250000 0.588194 0.009375 0.031944
0 0.650000 0.116667 0.014062 0.025000
0 0.395312 0.975000 0.014062 0.016667
0 0.812500 0.770139 0.012500 0.034722
0 0.608594 0.672917 0.014062 0.029167
0 0.470703 0.451389 0.011719 0.027778
0 0.812109 0.301389 0.011719 0.033333
0 0.853125 0.378472 0.012500 0.031944
0 0.849219 0.427778 0.018750 0.025000
0 0.792969 0.688194 0.010937 0.040278
0 0.759375 0.663889 0.010937 0.036111
0 0.750000 0.668056 0.009375 0.033333
0 0.971875 0.800694 0.015625 0.031944
0 0.993750 0.780556 0.010937 0.041667
0 0.717969 0.200000 0.015625 0.019444
0 0.725391 0.195139 0.016406 0.023611
0 0.923828 0.962500 0.013281 0.022222
0 0.929297 0.968056 0.014844 0.019444
0 0.931250 0.950000 0.018750 0.022222
0 0.442969 0.471528 0.015625 0.023611
0 0.456641 0.684028 0.013281 0.029167
0 0.454297 0.679861 0.014844 0.020833
0 0.856250 0.744444 0.018750 0.025000
