0 0.830100 0.579200 0.017700 0.020900
0 0.671000 0.117400 0.015400 0.019900
0 0.554100 0.117800 0.016200 0.020600
0 0.058900 0.209100 0.016200 0.019900
0 0.206900 0.829600 0.015600 0.021400
0 0.945100 0.391800 0.017400 0.021000
0 0.515700 0.858800 0.015400 0.021000
0 0.605200 0.831800 0.016100 0.020000
0 0.041800 0.205500 0.016900 0.022000
0 0.496300 0.257900 0.017100 0.019800
0 0.380800 0.829300 0.015100 0.020800
0 0.354900 0.243700 0.014000 0.020300
0 0.640100 0.919800 0.015600 0.020400
0 0.821100 0.732800 0.014600 0.023600
0 0.471200 0.909900 0.015000 0.022200
0 0.391100 0.433700 0.017100 0.020100
0 0.340800 0.894300 0.016800 0.020000
0 0.102000 0.796300 0.014900 0.022400
0 0.604700 0.715100 0.016300 0.019500
0 0.782900 0.443200 0.016600 0.021500
0 0.103800 0.464900 0.016900 0.018600
0 0.992100 0.269600 0.010500 0.023100
0 0.521600 0.921500 0.016500 0.021700
0 0.794500 0.258900 0.016400 0.020300
0 0.564900 0.682100 0.016300 0.019800
0 0.884200 0.766600 0.014600 0.019700
0 0.609100 0.646300 0.017100 0.021900
0 0.354200 0.942100 0.017500 0.020500
0 0.030700 0.507000 0.016000 0.020400
0 0.618800 0.953800 0.016400 0.020300
0 0.658100 0.092900 0.016200 0.020600
0 0.156500 0.391200 0.015200 0.023300
0 0.767400 0.560200 0.014200 0.021900
0 0.946300 0.941700 0.016800 0.022300
0 0.331600 0.433000 0.016400 0.019800
0 0.678000 0.215100 0.016600 0.020100
0 0.332000 0.918500 0.017400 0.019400
0 0.793100 0.609800 0.015900 0.020200
0 0.617000 0.853400 0.015900 0.020800
0 0.841700 0.272900 0.016400 0.019300
0 0.292200 0.607300 0.015600 0.021500
0 0.064800 0.233300 0.015200 0.022700
0 0.702900 0.029400 0.016400 0.021800
0 0.509400 0.631200 0.016100 0.020900
0 0.701800 0.208400 0.016600 0.022600
0 0.728100 0.929000 0.015600 0.018800
0 0.241100 0.069000 0.012800 0.026600
0 0.280400 0.482500 0.015000 0.022900
0 0.906400 0.390600 0.015900 0.021300
0 0.305000 0.342100 0.014600 0.022100
0 0.704000 0.332400 0.017400 0.021800
0 0.721700 0.207800 0.017500 0.020500
0 0.728700 0.177800 0.016900 0.019800
0 0.206600 0.504900 0.013600 0.023500
0 0.385700 0.394900 0.016900 0.020700
0 0.464800 0.716600 0.015600 0.020900
0 0.827800 0.543300 0.015800 0.022100
0 0.869400 0.554000 0.017200 0.022500
0 0.820300 0.959100 0.017000 0.021600
0 0.620800 0.028700 0.013100 0.022800
0 0.866600 0.607100 0.019000 0.020400
0 0.970900 0.419800 0.017800 0.023200
0 0.357700 0.321300 0.016800 0.019900
0 0.518000 0.317700 0.014100 0.022000
0 0.181700 0.082600 0.012600 0.026000
0 0.270000 0.371400 0.015400 0.021600
0 0.068100 0.319200 0.016100 0.020700
0 0.660200 0.165500 0.014500 0.020400
0 0.408600 0.384200 0.015800 0.020400
0 0.066100 0.969000 0.016000 0.019700
0 0.395500 0.868600 0.017900 0.019700
0 0.243100 0.377000 0.016000 0.020300
0 0.931200 0.602000 0.017000 0.020800
0 0.053800 0.719300 0.015300 0.023500
0 0.304700 0.967500 0.015600 0.021900
0 0.080800 0.823500 0.016400 0.019600
0 0.172700 0.393200 0.015200 0.023200
0 0.028400 0.541500 0.018300 0.019200
0 0.377300 0.289100 0.015900 0.022400
0 0.528500 0.842200 0.013500 0.022400
0 0.641000 0.641500 0.015100 0.021100
0 0.532400 0.083700 0.015200 0.023000
0 0.440000 0.921600 0.013500 0.024500
0 0.920600 0.230800 0.016700 0.023100
0 0.295300 0.258400 0.014600 0.020700
0 0.069600 0.033100 0.015100 0.021200
0 0.822900 0.242000 0.016800 0.020800
0 0.133900 0.241700 0.015300 0.023400
0 0.630000 0.081800 0.015700 0.022400
0 0.604700 0.468000 0.013100 0.021200
0 0.240400 0.233800 0.016600 0.021700
0 0.519700 0.540700 0.015300 0.024500
0 0.060100 0.553500 0.016400 0.021600
0 0.481200 0.443300 0.014500 0.019400
0 0.044000 0.831300 0.017300 0.022200
0 0.872900 0.820500 0.015700 0.019300
0 0.217000 0.060100 0.014000 0.023800
0 0.167100 0.740500 0.014300 0.022000
0 0.346900 0.164500 0.015400 0.020700
0 0.920000 0.719500 0.016400 0.024400
0 0.068900 0.516500 0.016400 0.021600
0 0.479400 0.160800 0.017300 0.020100
0 0.941500 0.766500 0.016900 0.021600
0 0.214900 0.777300 0.015000 0.023000
0 0.589200 0.030800 0.015400 0.020000
0 0.340200 0.355400 0.014700 0.021200
0 0.646300 0.522000 0.013500 0.023900
0 0.909000 0.629100 0.018900 0.022100
0 0.871200 0.978600 0.018000 0.022600
0 0.182500 0.206600 0.012600 0.027300
0 0.955700 0.030100 0.015000 0.027000
0 0.636000 0.232100 0.015900 0.020700
0 0.378100 0.542500 0.016800 0.022000
0 0.034300 0.529400 0.017800 0.017500
0 0.576600 0.254900 0.016800 0.021400
0 0.882300 0.121900 0.014300 0.022100
0 0.277200 0.869900 0.013400 0.026600
0 0.110100 0.478100 0.017700 0.018100
0 0.303600 0.644900 0.012600 0.022600
0 0.679900 0.741900 0.014400 0.024100
0 0.194700 0.464600 0.014100 0.021600
0 0.931300 0.969800 0.015400 0.021000
0 0.481000 0.180700 0.016100 0.021300
0 0.282000 0.910500 0.015000 0.021800
0 0.357600 0.021200 0.015900 0.025400
0 0.163800 0.221500 0.013400 0.024400
0 0.303600 0.195800 0.014900 0.021000
0 0.352700 0.071100 0.013000 0.027300
0 0.408400 0.177100 0.015300 0.019100
0 0.482700 0.683600 0.017000 0.019400
0 0.035100 0.971100 0.016400 0.019100
0 0.409800 0.442200 0.018800 0.020200
0 0.581000 0.715500 0.015600 0.022100
0 0.839100 0.292200 0.017000 0.020100
0 0.279000 0.280400 0.011600 0.027800
0 0.067800 0.571200 0.014100 0.024600
0 0.782000 0.939900 0.017400 0.021100
0 0.734300 0.194900 0.014000 0.023400
0 0.405500 0.369200 0.014100 0.020600
0 0.614700 0.255400 0.019000 0.020400
0 0.026600 0.905200 0.017000 0.022400
0 0.698500 0.819500 0.014400 0.024100
0 0.020700 0.523400 0.017200 0.018600
0 0.618400 0.556200 0.011700 0.029700
0 0.489000 0.296400 0.016800 0.020000
0 0.089400 0.591300 0.013400 0.022700
0 0.091500 0.641500 0.013600 0.028100
0 0.067100 0.764300 0.015900 0.024900
0 0.279300 0.022800 0.015800 0.023200
0 0.542700 0.264100 0.015800 0.020900
0 0.608900 0.569200 0.013700 0.022200
0 0.140400 0.290100 0.013600 0.026100
0 0.560700 0.983100 0.017500 0.021500
0 0.307200 0.632400 0.013600 0.022100
0 0.281500 0.972900 0.014700 0.023100
0 0.470900 0.453000 0.011900 0.021700
0 0.872600 0.267100 0.017700 0.020100
0 0.980900 0.945700 0.016700 0.022800
0 0.585400 0.621200 0.018000 0.019400
0 0.810200 0.527900 0.014200 0.024200
0 0.195700 0.121700 0.012300 0.026800
0 0.784200 0.198600 0.015200 0.021900
0 0.732200 0.229000 0.012400 0.028100
0 0.751500 0.681700 0.015900 0.021100
0 0.019000 0.754000 0.018200 0.018400
0 0.914500 0.418800 0.012400 0.028100
0 0.715800 0.470000 0.015200 0.024400
0 0.060800 0.295000 0.016900 0.022400
0 0.189600 0.802900 0.016200 0.019900
0 0.139400 0.820100 0.011900 0.029100
0 0.164600 0.169300 0.012300 0.030500
0 0.385800 0.916100 0.017000 0.021200
0 0.291500 0.740600 0.010900 0.027500
0 0.861000 0.277300 0.016400 0.018900
0 0.328200 0.723400 0.015400 0.019100
0 0.190000 0.954700 0.015300 0.020400
0 0.313500 0.503300 0.016000 0.021500
0 0.080500 0.019600 0.014600 0.026900
0 0.514700 0.770400 0.013500 0.028900
0 0.947600 0.193000 0.014100 0.020800
0 0.127700 0.772400 0.012300 0.027700
0 0.982300 0.965300 0.015700 0.020900
0 0.356800 0.686100 0.017800 0.020800
0 0.104900 0.278200 0.014900 0.021900
0 0.759800 0.268500 0.013600 0.027600
0 0.054200 0.335300 0.014700 0.024400
0 0.577900 0.402300 0.014800 0.020300
0 0.205300 0.533000 0.015500 0.022300
0 0.094500 0.903100 0.012900 0.025900
0 0.903100 0.335500 0.017800 0.020200
0 0.898700 0.916700 0.015900 0.026600
0 0.161100 0.689100 0.012600 0.025400
0 0.856400 0.854300 0.012900 0.026000
0 0.583500 0.064900 0.014000 0.018800
0 0.596900 0.264000 0.018800 0.020200
0 0.448600 0.820400 0.016200 0.018400
0 0.948800 0.648200 0.017800 0.018600
0 0.448100 0.717900 0.016100 0.022300
0 0.049000 0.430000 0.011200 0.030600
0 0.589000 0.609200 0.016600 0.020300
0 0.129200 0.873500 0.014900 0.022900
0 0.420400 0.351800 0.015900 0.023500
0 0.024000 0.592600 0.014900 0.023700
0 0.703000 0.448400 0.018600 0.021500
0 0.836300 0.206300 0.012100 0.030800
0 0.240000 0.353000 0.014700 0.022400
0 0.308900 0.372700 0.012600 0.029100
0 0.857800 0.471900 0.010200 0.033700
0 0.783800 0.878800 0.012400 0.030200
0 0.697600 0.456600 0.016500 0.022500
0 0.317500 0.574000 0.016900 0.019700
0 0.172900 0.965300 0.014300 0.023600
0 0.855700 0.101600 0.016100 0.022500
0 0.963800 0.627000 0.018000 0.019600
0 0.444500 0.029200 0.012600 0.026600
0 0.286200 0.319000 0.016100 0.022300
0 0.764500 0.960200 0.018000 0.019000
0 0.180300 0.972400 0.014400 0.021200
0 0.204600 0.523400 0.015100 0.020400
0 0.148000 0.015300 0.015800 0.020000
0 0.338600 0.732900 0.016600 0.021600
0 0.426100 0.459800 0.015400 0.019000
0 0.402700 0.572400 0.017100 0.024000
0 0.874000 0.897000 0.017000 0.019900
0 0.790800 0.566300 0.013100 0.024700
0 0.678800 0.160200 0.012900 0.021600
0 0.592900 0.885800 0.014400 0.025300
0 0.108800 0.460300 0.015000 0.021400
0 0.204400 0.310500 0.012100 0.029300
0 0.035200 0.732500 0.014500 0.019800
0 0.130000 0.685500 0.012600 0.028900
0 0.930700 0.951500 0.016500 0.021600
0 0.153800 0.735700 0.014700 0.022300
0 0.267400 0.083600 0.012000 0.031100
0 0.589300 0.177000 0.011000 0.031700
0 0.029600 0.380100 0.013700 0.023000
0 0.644200 0.688600 0.016300 0.019300
0 0.190800 0.059300 0.011400 0.027200
0 0.130900 0.827400 0.014000 0.020700
0 0.741900 0.684200 0.013500 0.024400
0 0.169600 0.288800 0.013800 0.025100
0 0.938600 0.534900 0.019300 0.021600
0 0.293700 0.173300 0.014600 0.020500
0 0.532300 0.668400 0.017500 0.019000
0 0.590600 0.923000 0.015200 0.024400
0 0.745800 0.940300 0.016000 0.019500
0 0.092300 0.581100 0.013800 0.019600
0 0.680500 0.688900 0.012800 0.022100
0 0.339900 0.185900 0.013800 0.021400
0 0.118200 0.509200 0.016800 0.019900
0 0.272400 0.459300 0.013500 0.020600
0 0.806100 0.485500 0.014600 0.021400
0 0.849000 0.047400 0.016600 0.020000
0 0.097500 0.338500 0.014400 0.022900
0 0.721500 0.103800 0.011800 0.024100
0 0.923200 0.811000 0.016900 0.021500
0 0.746300 0.573400 0.013100 0.025000
0 0.894100 0.626800 0.016300 0.023300
0 0.308700 0.035800 0.016200 0.023200
0 0.098500 0.431800 0.013600 0.023300
0 0.353600 0.416300 0.015300 0.026800
0 0.596500 0.478600 0.011400 0.024300
0 0.764300 0.451600 0.016300 0.021500
0 0.978700 0.481500 0.011700 0.033500
0 0.700900 0.670500 0.015200 0.024000
0 0.045400 0.285000 0.016600 0.024400
0 0.981200 0.682100 0.019000 0.020100
0 0.250700 0.702500 0.015400 0.021300
0 0.767200 0.064000 0.013800 0.022700
0 0.682200 0.136000 0.013100 0.022300
0 0.190500 0.045400 0.013600 0.023900
0 0.973200 0.276500 0.015300 0.022800
0 0.423300 0.689400 0.016500 0.023600
0 0.165800 0.023000 0.017400 0.021300
0 0.455300 0.021900 0.011100 0.027900
0 0.643400 0.614200 0.015200 0.021500
0 0.179000 0.751100 0.014500 0.020600
0 0.426800 0.042300 0.011000 0.033400
0 0.414400 0.273900 0.016500 0.021800
0 0.386500 0.617800 0.017100 0.021300
0 0.415800 0.552000 0.014500 0.025600
0 0.924400 0.141300 0.010300 0.030700
0 0.405400 0.932400 0.015300 0.022800
0 0.171700 0.501700 0.012100 0.027800
0 0.236400 0.945600 0.015500 0.020000
0 0.096900 0.285900 0.016000 0.020400
0 0.026900 0.847100 0.017200 0.020900
0 0.015000 0.843000 0.018500 0.019800
0 0.968400 0.973200 0.016200 0.022000
0 0.423700 0.054600 0.009900 0.031500
0 0.008984 0.074306 0.014844 0.029167
0 0.068750 0.424306 0.015625 0.026389
0 0.174609 0.621528 0.013281 0.029167
0 0.234766 0.888889 0.013281 0.030556
0 0.160547 0.938889 0.014844 0.025000
0 0.128906 0.922917 0.014062 0.034722
0 0.362109 0.915972 0.016406 0.023611
0 0.379687 0.974306 0.015625 0.020833
0 0.397266 0.975694 0.017969 0.018056
0 0.450391 0.898611 0.013281 0.033333
0 0.503906 0.826389 0.014062 0.030556
0 0.386719 0.654167 0.018750 0.019444
0 0.361719 0.471528 0.012500 0.029167
0 0.473828 0.036806 0.011719 0.034722
0 0.400781 0.055556 0.010937 0.030556
0 0.610937 0.136111 0.012500 0.038889
0 0.637109 0.172222 0.013281 0.027778
0 0.778516 0.143056 0.011719 0.030556
0 0.887109 0.484722 0.013281 0.025000
0 0.953516 0.672917 0.013281 0.040278
0 0.542969 0.855556 0.014062 0.025000
0 0.087109 0.336111 0.013281 0.025000
0 0.084375 0.315972 0.015625 0.018056
0 0.088672 0.290972 0.013281 0.026389
0 0.991016 0.076389 0.011719 0.036111
0 0.260938 0.010417 0.018750 0.018056
0 0.722656 0.454861 0.015625 0.023611
0 0.742188 0.363194 0.017188 0.023611
0 0.730469 0.363889 0.017188 0.022222
0 0.450391 0.315972 0.014844 0.029167
0 0.436328 0.303472 0.013281 0.026389
0 0.495313 0.489583 0.012500 0.020833
0 0.757031 0.572222 0.012500 0.027778
0 0.487500 0.963889 0.012500 0.027778
0 0.500000 0.961806 0.009375 0.031944
0 0.456641 0.678472 0.016406 0.029167
0 0.455078 0.669444 0.014844 0.022222
0 0.609375 0.264583 0.017188 0.023611
0 0.858203 0.743056 0.019531 0.025000
