0 0.092900 0.341800 0.015500 0.023000
0 0.356500 0.208400 0.013800 0.020700
0 0.222200 0.468600 0.013300 0.021800
0 0.830600 0.582700 0.018100 0.021300
0 0.943100 0.908200 0.016500 0.022700
0 0.720900 0.208200 0.020600 0.020700
0 0.718200 0.431600 0.017800 0.020500
0 0.659700 0.169400 0.016400 0.020600
0 0.931600 0.209200 0.015800 0.020700
0 0.243100 0.378600 0.015000 0.019000
0 0.332200 0.920900 0.017200 0.022300
0 0.354700 0.945400 0.017000 0.021700
0 0.479500 0.902700 0.016700 0.021300
0 0.369400 0.146600 0.016100 0.021700
0 0.032400 0.532100 0.017400 0.020300
0 0.076600 0.207500 0.016500 0.022000
0 0.730900 0.365600 0.015300 0.019600
0 0.318800 0.418900 0.013300 0.021900
0 0.671500 0.120200 0.015100 0.022000
0 0.704400 0.503400 0.014900 0.022200
0 0.618300 0.252800 0.016500 0.018500
0 0.704800 0.334700 0.016500 0.021800
0 0.216600 0.693300 0.017000 0.020900
0 0.481300 0.183300 0.016200 0.021300
0 0.181600 0.409200 0.014600 0.020000
0 0.157800 0.307400 0.014100 0.022000
0 0.108300 0.465700 0.015000 0.022800
0 0.433000 0.129400 0.014100 0.022100
0 0.272400 0.604800 0.014100 0.021600
0 0.867900 0.720000 0.015700 0.020900
0 0.091000 0.510000 0.016300 0.019100
0 0.565100 0.290600 0.014900 0.022100
0 0.121500 0.478300 0.015100 0.020100
0 0.543200 0.066600 0.014700 0.021700
0 0.382700 0.543300 0.016200 0.021100
0 0.678400 0.154300 0.015600 0.021600
0 0.468500 0.645300 0.014800 0.019800
0 0.080200 0.826900 0.016800 0.021300
0 0.129500 0.877500 0.015400 0.022200
0 0.840500 0.678000 0.016000 0.023200
0 0.018000 0.519900 0.016000 0.020300
0 0.842800 0.279500 0.015400 0.021300
0 0.058400 0.831300 0.016300 0.023000
0 0.891400 0.542500 0.016800 0.020800
0 0.154800 0.156700 0.013100 0.022300
0 0.695700 0.456900 0.014400 0.024100
0 0.091500 0.479700 0.013600 0.024000
0 0.316300 0.253500 0.015200 0.020700
0 0.053000 0.706900 0.016500 0.023200
0 0.373000 0.657000 0.016200 0.020700
0 0.969400 0.756500 0.017500 0.020400
0 0.891400 0.184400 0.015600 0.020700
0 0.728000 0.931600 0.015800 0.019100
0 0.018600 0.745900 0.017700 0.018900
0 0.028700 0.845900 0.018300 0.022400
0 0.783400 0.941800 0.017800 0.020200
0 0.419300 0.347400 0.017000 0.020700
0 0.126700 0.644300 0.013700 0.026100
0 0.619400 0.956300 0.016600 0.020500
0 0.319300 0.595800 0.016200 0.020000
0 0.415900 0.707600 0.015100 0.022700
0 0.819400 0.941600 0.014200 0.024500
0 0.622500 0.817800 0.018300 0.021000
0 0.172100 0.942600 0.015300 0.024300
0 0.541900 0.267100 0.015200 0.024400
0 0.317700 0.577200 0.016500 0.020000
0 0.340100 0.358000 0.013700 0.020600
0 0.181500 0.593900 0.011700 0.025300
0 0.468200 0.453600 0.016100 0.022200
0 0.930800 0.953000 0.016000 0.021500
0 0.243600 0.414800 0.015400 0.018200
0 0.409800 0.859100 0.015800 0.021100
0 0.448100 0.429700 0.015700 0.018600
0 0.693000 0.084100 0.015100 0.020400
0 0.589100 0.032800 0.018400 0.021400
0 0.358300 0.492700 0.018600 0.019300
0 0.464700 0.719500 0.015800 0.022100
0 0.744100 0.172100 0.016300 0.020200
0 0.843900 0.296200 0.015200 0.021800
0 0.371400 0.820800 0.014000 0.025500
0 0.421000 0.569100 0.016600 0.021200
0 0.956300 0.384000 0.017200 0.022400
0 0.578900 0.971900 0.016600 0.021600
0 0.339500 0.190600 0.013100 0.021100
0 0.365400 0.245600 0.015700 0.021800
0 0.989700 0.928100 0.013500 0.021400
0 0.148500 0.609200 0.012300 0.027800
0 0.318300 0.185100 0.014500 0.021100
0 0.148000 0.241300 0.016000 0.023700
0 0.070600 0.329300 0.014500 0.025100
0 0.492000 0.366900 0.013900 0.026100
0 0.281500 0.914500 0.015800 0.021600
0 0.080400 0.569600 0.013600 0.024800
0 0.907800 0.633600 0.016600 0.022800
0 0.403800 0.372300 0.014600 0.023900
0 0.379600 0.977500 0.018200 0.020300
0 0.560600 0.394700 0.014900 0.021000
0 0.052200 0.568400 0.016500 0.023100
0 0.084800 0.379100 0.014300 0.025500
0 0.792900 0.560200 0.015600 0.021900
0 0.847900 0.534800 0.016100 0.023800
0 0.379900 0.790800 0.013900 0.025800
0 0.739400 0.617900 0.012900 0.024500
0 0.296900 0.047000 0.015700 0.024800
0 0.931100 0.972300 0.014900 0.021000
0 0.276600 0.394900 0.014400 0.020100
0 0.371400 0.444900 0.014600 0.020300
0 0.304700 0.970200 0.015100 0.021100
0 0.684100 0.284100 0.015100 0.022600
0 0.206400 0.792600 0.015100 0.021800
0 0.066200 0.970700 0.017300 0.019500
0 0.205400 0.777900 0.016500 0.019000
0 0.105600 0.310200 0.014500 0.022500
0 0.545300 0.734100 0.014100 0.028300
0 0.347800 0.327100 0.015800 0.019600
0 0.396700 0.897900 0.016800 0.020700
0 0.545400 0.603500 0.015000 0.021400
0 0.617300 0.620800 0.014400 0.021400
0 0.722300 0.970300 0.013300 0.023100
0 0.506900 0.148600 0.016700 0.020600
0 0.915500 0.491300 0.016400 0.023700
0 0.597800 0.478500 0.011700 0.028100
0 0.886000 0.142100 0.013500 0.023600
0 0.936100 0.704000 0.016200 0.022900
0 0.640100 0.090700 0.012700 0.021000
0 0.814000 0.246800 0.016600 0.022500
0 0.667000 0.467300 0.013400 0.027100
0 0.390600 0.604300 0.017600 0.020700
0 0.106400 0.280200 0.012600 0.025500
0 0.561400 0.158600 0.015200 0.020900
0 0.080500 0.754000 0.015900 0.022900
0 0.357600 0.892400 0.015700 0.023400
0 0.701500 0.884400 0.016000 0.024400
0 0.359500 0.736000 0.017600 0.019400
0 0.620900 0.877700 0.015200 0.023600
0 0.481800 0.685800 0.014500 0.022700
0 0.820700 0.033200 0.015500 0.021800
0 0.606500 0.693800 0.015600 0.025100
0 0.419700 0.979700 0.021100 0.020500
0 0.742800 0.190300 0.018200 0.021600
0 0.951300 0.545500 0.016000 0.021400
0 0.752200 0.697500 0.017300 0.021000
0 0.509100 0.635200 0.013400 0.022700
0 0.022800 0.726400 0.018200 0.020200
0 0.223700 0.554900 0.013200 0.024100
0 0.719600 0.019800 0.016100 0.023200
0 0.092100 0.643500 0.012700 0.030200
0 0.480400 0.429500 0.014800 0.019900
0 0.026400 0.908000 0.017000 0.021700
0 0.543500 0.616400 0.013400 0.024600
0 0.014400 0.590200 0.016800 0.022200
0 0.579500 0.390500 0.015800 0.022400
0 0.258500 0.223300 0.014900 0.024300
0 0.066000 0.419100 0.011800 0.032500
0 0.402500 0.578300 0.015800 0.022300
0 0.398400 0.018600 0.016000 0.024500
0 0.305800 0.116200 0.013700 0.027500
0 0.180300 0.727900 0.013600 0.027700
0 0.313900 0.506200 0.017200 0.019300
0 0.635800 0.235500 0.016900 0.020200
0 0.483400 0.127000 0.014900 0.021200
0 0.394300 0.834400 0.014600 0.022500
0 0.134000 0.667700 0.011900 0.029700
0 0.679800 0.746400 0.015400 0.026000
0 0.251100 0.705000 0.016500 0.021400
0 0.285300 0.621200 0.013500 0.023900
0 0.403500 0.639800 0.015400 0.024300
0 0.409200 0.921100 0.021100 0.019800
0 0.794900 0.577400 0.016100 0.019500
0 0.495800 0.982400 0.018400 0.022100
0 0.952300 0.580100 0.011600 0.031500
0 0.651800 0.076700 0.015100 0.021700
0 0.453200 0.190600 0.012500 0.021200
0 0.570500 0.889100 0.016100 0.020900
0 0.421900 0.593500 0.013700 0.028100
0 0.780800 0.663700 0.016600 0.023000
0 0.538800 0.640100 0.015400 0.022100
0 0.334400 0.454800 0.017100 0.018800
0 0.515100 0.772500 0.013600 0.027300
0 0.076900 0.731900 0.013400 0.028800
0 0.152600 0.960000 0.015400 0.021700
0 0.939000 0.535000 0.015900 0.022400
0 0.223700 0.259700 0.016700 0.020700
0 0.006600 0.606800 0.012700 0.025400
0 0.284000 0.983400 0.015500 0.018700
0 0.434500 0.364000 0.016000 0.019100
0 0.302800 0.892600 0.014700 0.019900
0 0.553200 0.347100 0.011300 0.028100
0 0.609800 0.647600 0.016700 0.021400
0 0.430600 0.121900 0.013300 0.022000
0 0.234500 0.890500 0.013000 0.029600
0 0.814900 0.089600 0.010600 0.028100
0 0.576500 0.017300 0.017300 0.023400
0 0.992700 0.270500 0.009300 0.019500
0 0.695700 0.351900 0.016300 0.019300
0 0.286300 0.322100 0.016700 0.020600
0 0.422000 0.401200 0.016900 0.018000
0 0.218600 0.452800 0.014000 0.020700
0 0.598200 0.584800 0.014900 0.020700
0 0.447800 0.389600 0.017300 0.018200
0 0.459300 0.767800 0.010300 0.033900
0 0.893200 0.960900 0.015400 0.024900
0 0.341500 0.477200 0.017700 0.019300
0 0.913700 0.089100 0.016300 0.023300
0 0.185900 0.377600 0.013800 0.019400
0 0.629900 0.644900 0.018400 0.020500
0 0.672300 0.091000 0.016200 0.019300
0 0.064400 0.236400 0.016700 0.021300
0 0.006300 0.573300 0.011400 0.020400
0 0.974100 0.207500 0.015400 0.024600
0 0.395800 0.714100 0.015900 0.020700
0 0.659300 0.483000 0.009300 0.030400
0 0.533300 0.339500 0.013700 0.023800
0 0.260500 0.015700 0.018600 0.020400
0 0.763900 0.964700 0.016200 0.021500
0 0.279600 0.485100 0.014400 0.022700
0 0.463700 0.176900 0.015700 0.020600
0 0.088500 0.547400 0.017000 0.018700
0 0.958300 0.822700 0.015400 0.023700
0 0.261000 0.723000 0.013300 0.028000
0 0.752100 0.954700 0.017800 0.020300
0 0.116100 0.259500 0.016000 0.022100
0 0.530500 0.539500 0.014000 0.024900
0 0.263800 0.668900 0.015900 0.020900
0 0.605100 0.952000 0.016900 0.020200
0 0.199200 0.603600 0.013100 0.027900
0 0.963600 0.628900 0.018400 0.019100
0 0.484200 0.389600 0.014700 0.023600
0 0.353600 0.385700 0.012400 0.022400
0 0.716400 0.573100 0.013600 0.020400
0 0.204900 0.947000 0.014200 0.024800
0 0.178700 0.676600 0.012200 0.027500
0 0.224100 0.767000 0.015900 0.023700
0 0.706400 0.451400 0.013500 0.022600
0 0.526200 0.753200 0.014900 0.023300
0 0.521500 0.702200 0.014400 0.027600
0 0.638600 0.838900 0.016700 0.023100
0 0.863300 0.660000 0.012600 0.031600
0 0.376000 0.281200 0.016100 0.018400
0 0.470500 0.823600 0.014800 0.020700
0 0.148700 0.018600 0.018300 0.021400
0 0.911500 0.203800 0.017500 0.019800
0 0.338500 0.735300 0.016400 0.020700
0 0.589700 0.972900 0.014300 0.022800
0 0.075900 0.269700 0.015200 0.025600
0 0.941200 0.788900 0.018200 0.021300
0 0.724000 0.453400 0.016500 0.021000
0 0.502800 0.951600 0.016500 0.026200
0 0.371400 0.363900 0.011500 0.026900
0 0.506700 0.059800 0.012200 0.022100
0 0.599200 0.321300 0.014700 0.023800
0 0.110156 0.073611 0.014062 0.027778
0 0.201172 0.038889 0.013281 0.030556
0 0.206641 0.025000 0.013281 0.025000
0 0.164844 0.176389 0.012500 0.027778
0 0.308594 0.376389 0.014062 0.033333
0 0.208594 0.539583 0.015625 0.026389
0 0.158594 0.810417 0.012500 0.029167
0 0.249219 0.947917 0.017188 0.020833
0 0.263672 0.524306 0.016406 0.023611
0 0.124609 0.389583 0.017969 0.020833
0 0.069141 0.015972 0.016406 0.018056
0 0.049609 0.795139 0.011719 0.023611
0 0.061328 0.750000 0.011719 0.025000
0 0.184375 0.984028 0.014062 0.031944
0 0.463281 0.659722 0.014062 0.027778
0 0.476562 0.635417 0.012500 0.029167
0 0.444141 0.512500 0.013281 0.033333
0 0.435937 0.285417 0.014062 0.026389
0 0.441797 0.342361 0.016406 0.023611
0 0.376563 0.161111 0.014062 0.033333
0 0.585938 0.622917 0.017188 0.023611
0 0.541797 0.088194 0.014844 0.023611
0 0.481641 0.038194 0.011719 0.031944
0 0.587109 0.120833 0.011719 0.033333
0 0.839453 0.968750 0.014844 0.023611
0 0.875781 0.900694 0.018750 0.026389
0 0.988281 0.765278 0.012500 0.033333
0 0.892187 0.628472 0.014062 0.031944
0 0.876172 0.600694 0.017969 0.023611
0 0.765625 0.575694 0.018750 0.023611
0 0.991016 0.488889 0.016406 0.027778
0 0.992969 0.590972 0.012500 0.026389
0 0.937109 0.239583 0.016406 0.031944
0 0.986719 0.079167 0.017188 0.025000
0 0.864062 0.202778 0.012500 0.033333
0 0.850781 0.214583 0.015625 0.023611
0 0.800000 0.188889 0.018750 0.027778
0 0.737891 0.013194 0.017969 0.020833
0 0.864844 0.042361 0.014062 0.020833
0 0.860937 0.034722 0.015625 0.025000
0 0.039062 0.861806 0.012500 0.029167
0 0.037891 0.322222 0.016406 0.022222
0 0.854688 0.550000 0.010937 0.027778
0 0.679688 0.617361 0.014062 0.020833
0 0.668359 0.611111 0.016406 0.022222
0 0.643750 0.950694 0.017188 0.023611
0 0.651563 0.956944 0.015625 0.022222
0 0.606250 0.268750 0.017188 0.020833
0 0.609375 0.263889 0.017188 0.019444
0 0.849219 0.756250 0.014062 0.029167
0 0.858203 0.746528 0.016406 0.026389
