0 0.148438 0.020139 0.017188 0.023611
0 0.204688 0.041667 0.014062 0.033333
0 0.219141 0.054167 0.016406 0.025000
0 0.165625 0.173611 0.014062 0.036111
0 0.076953 0.200000 0.016406 0.025000
0 0.084766 0.211111 0.013281 0.027778
0 0.015234 0.283333 0.016406 0.025000
0 0.063672 0.237500 0.016406 0.025000
0 0.077344 0.272222 0.014062 0.025000
0 0.133984 0.251389 0.016406 0.027778
0 0.149219 0.239583 0.017188 0.026389
0 0.105859 0.306944 0.016406 0.022222
0 0.075391 0.332639 0.016406 0.029167
0 0.028516 0.381250 0.016406 0.023611
0 0.030859 0.403472 0.016406 0.023611
0 0.086719 0.339583 0.015625 0.023611
0 0.098438 0.340972 0.015625 0.023611
0 0.164844 0.308333 0.015625 0.027778
0 0.189453 0.295833 0.016406 0.025000
0 0.263281 0.221528 0.018750 0.023611
0 0.262891 0.016667 0.017969 0.019444
0 0.282813 0.088194 0.012500 0.034722
0 0.113281 0.363889 0.017188 0.022222
0 0.115234 0.382639 0.011719 0.029167
0 0.071094 0.414583 0.012500 0.031944
0 0.017188 0.520139 0.015625 0.023611
0 0.033203 0.533333 0.017969 0.025000
0 0.012109 0.572917 0.000781 0.015278
0 0.017188 0.583333 0.015625 0.025000
0 0.007422 0.568750 0.014844 0.026389
0 0.124609 0.478472 0.017969 0.023611
0 0.108203 0.465278 0.016406 0.027778
0 0.101953 0.460417 0.013281 0.029167
0 0.109375 0.414583 0.017188 0.020833
0 0.219141 0.359028 0.013281 0.031944
0 0.096875 0.511806 0.017188 0.020833
0 0.054688 0.568056 0.014062 0.022222
0 0.083984 0.570139 0.011719 0.026389
0 0.092578 0.547222 0.016406 0.019444
0 0.096094 0.570833 0.012500 0.025000
0 0.105469 0.576389 0.012500 0.030556
0 0.091406 0.644444 0.014062 0.025000
0 0.135937 0.533333 0.015625 0.025000
0 0.061328 0.698611 0.014844 0.022222
0 0.048047 0.695139 0.013281 0.026389
0 0.031250 0.704861 0.014062 0.023611
0 0.028516 0.727083 0.016406 0.020833
0 0.030469 0.747917 0.015625 0.023611
0 0.083984 0.725694 0.010156 0.031944
0 0.077734 0.752083 0.016406 0.020833
0 0.005859 0.779167 0.011719 0.033333
0 0.019922 0.868750 0.014844 0.023611
0 0.026563 0.910417 0.017188 0.020833
0 0.007031 0.918750 0.012500 0.026389
0 0.067188 0.972222 0.017188 0.022222
0 0.075000 0.914583 0.015625 0.023611
0 0.025391 0.850000 0.013281 0.025000
0 0.033203 0.840278 0.014844 0.022222
0 0.035156 0.815972 0.010937 0.026389
0 0.061328 0.838889 0.011719 0.027778
0 0.078516 0.827778 0.014844 0.019444
0 0.088672 0.811111 0.011719 0.027778
0 0.307422 0.187500 0.014844 0.019444
0 0.371875 0.147222 0.017188 0.019444
0 0.311719 0.237500 0.015625 0.019444
0 0.320703 0.251389 0.013281 0.027778
0 0.382031 0.234028 0.014062 0.026389
0 0.267578 0.293056 0.014844 0.027778
0 0.298828 0.271528 0.016406 0.020833
0 0.402734 0.256944 0.011719 0.027778
0 0.373437 0.280556 0.015625 0.025000
0 0.288672 0.323611 0.016406 0.025000
0 0.347656 0.328472 0.017188 0.020833
0 0.339844 0.358333 0.014062 0.025000
0 0.309375 0.376389 0.012500 0.033333
0 0.237500 0.411806 0.010937 0.026389
0 0.241797 0.379861 0.013281 0.018056
0 0.248828 0.374306 0.010156 0.023611
0 0.252344 0.384722 0.010937 0.027778
0 0.181250 0.502778 0.012500 0.025000
0 0.339453 0.403472 0.013281 0.020833
0 0.313672 0.507639 0.016406 0.023611
0 0.283984 0.514583 0.014844 0.023611
0 0.233594 0.538889 0.015625 0.025000
0 0.242578 0.508333 0.016406 0.022222
0 0.208984 0.538194 0.016406 0.026389
0 0.205078 0.597222 0.014844 0.027778
0 0.180859 0.675000 0.013281 0.025000
0 0.177734 0.693750 0.011719 0.026389
0 0.182422 0.725694 0.013281 0.026389
0 0.164062 0.807639 0.010937 0.029167
0 0.130469 0.878472 0.017188 0.026389
0 0.172656 0.954167 0.017188 0.027778
0 0.152734 0.963194 0.013281 0.023611
0 0.233594 0.887500 0.014062 0.033333
0 0.207813 0.790972 0.018750 0.023611
0 0.228906 0.761111 0.015625 0.025000
0 0.209766 0.723611 0.013281 0.027778
0 0.250781 0.707639 0.015625 0.023611
0 0.234375 0.682639 0.010937 0.026389
0 0.260938 0.804167 0.017188 0.019444
0 0.255078 0.951389 0.017969 0.025000
0 0.282422 0.915972 0.014844 0.023611
0 0.294141 0.702778 0.016406 0.025000
0 0.291797 0.630556 0.014844 0.027778
0 0.417578 0.030556 0.013281 0.025000
0 0.431250 0.036111 0.015625 0.022222
0 0.440234 0.043056 0.013281 0.027778
0 0.457031 0.024306 0.017188 0.023611
0 0.484766 0.025694 0.010156 0.029167
0 0.494922 0.056250 0.011719 0.026389
0 0.484766 0.059028 0.014844 0.026389
0 0.490234 0.138889 0.013281 0.033333
0 0.509766 0.147917 0.014844 0.026389
0 0.472656 0.170833 0.012500 0.030556
0 0.455078 0.179861 0.014844 0.020833
0 0.481641 0.185417 0.014844 0.023611
0 0.505078 0.190278 0.014844 0.025000
0 0.510547 0.204861 0.013281 0.029167
0 0.478516 0.240972 0.014844 0.029167
0 0.463281 0.353472 0.014062 0.029167
0 0.442187 0.354167 0.014062 0.027778
0 0.421875 0.347222 0.015625 0.025000
0 0.407422 0.366667 0.013281 0.025000
0 0.400781 0.384722 0.017188 0.019444
0 0.420312 0.395139 0.017188 0.020833
0 0.460547 0.428472 0.014844 0.023611
0 0.469922 0.437500 0.013281 0.025000
0 0.406250 0.473611 0.015625 0.025000
0 0.403516 0.449306 0.014844 0.023611
0 0.419922 0.452083 0.011719 0.026389
0 0.443750 0.454167 0.017188 0.022222
0 0.439453 0.472222 0.010156 0.022222
0 0.431641 0.518056 0.013281 0.022222
0 0.318750 0.576389 0.017188 0.022222
0 0.323828 0.593056 0.014844 0.022222
0 0.353906 0.543750 0.010937 0.023611
0 0.357812 0.551389 0.012500 0.027778
0 0.321875 0.724306 0.014062 0.023611
0 0.337500 0.737500 0.015625 0.022222
0 0.358203 0.714583 0.014844 0.023611
0 0.410156 0.634722 0.015625 0.025000
0 0.422266 0.562500 0.011719 0.030556
0 0.358984 0.886806 0.013281 0.023611
0 0.332031 0.922222 0.015625 0.025000
0 0.304297 0.971528 0.016406 0.026389
0 0.348437 0.919444 0.012500 0.027778
0 0.355078 0.945833 0.017969 0.022222
0 0.380469 0.977778 0.018750 0.022222
0 0.362109 0.980556 0.013281 0.027778
0 0.400000 0.897222 0.017188 0.022222
0 0.414453 0.863889 0.017969 0.025000
0 0.424219 0.806250 0.012500 0.031944
0 0.425000 0.782639 0.012500 0.020833
0 0.126563 0.746528 0.015625 0.020833
0 0.418750 0.976389 0.015625 0.019444
0 0.438281 0.979167 0.017188 0.019444
0 0.558594 0.011806 0.017188 0.020833
0 0.547266 0.072222 0.017969 0.027778
0 0.589844 0.035417 0.018750 0.023611
0 0.594141 0.074306 0.016406 0.023611
0 0.718750 0.018056 0.017188 0.022222
0 0.739844 0.015278 0.017188 0.019444
0 0.644922 0.020139 0.014844 0.023611
0 0.802734 0.084722 0.013281 0.027778
0 0.877344 0.039583 0.014062 0.026389
0 0.863281 0.043056 0.012500 0.022222
0 0.859375 0.032639 0.015625 0.020833
0 0.956250 0.061806 0.014062 0.020833
0 0.653125 0.082639 0.015625 0.023611
0 0.671875 0.121528 0.017188 0.023611
0 0.617969 0.118056 0.015625 0.022222
0 0.626562 0.122917 0.017188 0.020833
0 0.660156 0.170833 0.017188 0.025000
0 0.646094 0.188194 0.012500 0.029167
0 0.633203 0.157639 0.014844 0.020833
0 0.974219 0.145833 0.015625 0.022222
0 0.992188 0.184028 0.014062 0.023611
0 0.961328 0.204861 0.010156 0.026389
0 0.918750 0.123611 0.015625 0.027778
0 0.936328 0.211806 0.016406 0.029167
0 0.866016 0.197222 0.011719 0.033333
0 0.840234 0.177083 0.014844 0.029167
0 0.803125 0.185417 0.017188 0.026389
0 0.772656 0.133333 0.014062 0.022222
0 0.753516 0.170833 0.013281 0.019444
0 0.741016 0.168750 0.013281 0.020833
0 0.744141 0.191667 0.014844 0.022222
0 0.719922 0.204167 0.017969 0.022222
0 0.842969 0.282639 0.017188 0.023611
0 0.821094 0.244444 0.018750 0.027778
0 0.960156 0.295833 0.014062 0.033333
0 0.783203 0.259722 0.014844 0.022222
0 0.627344 0.208333 0.014062 0.030556
0 0.543359 0.268750 0.017969 0.029167
0 0.602734 0.244444 0.017969 0.027778
0 0.636719 0.236806 0.017188 0.026389
0 0.606641 0.269444 0.016406 0.019444
0 0.610937 0.261806 0.015625 0.023611
0 0.565625 0.224306 0.015625 0.023611
0 0.507031 0.361806 0.014062 0.026389
0 0.518359 0.354861 0.013281 0.026389
0 0.545703 0.354167 0.014844 0.027778
0 0.564062 0.358333 0.017188 0.025000
0 0.616016 0.331944 0.016406 0.025000
0 0.705078 0.335417 0.017969 0.023611
0 0.676172 0.358333 0.011719 0.033333
0 0.960547 0.380556 0.016406 0.022222
0 0.942969 0.386806 0.012500 0.026389
0 0.731250 0.365278 0.015625 0.022222
0 0.852344 0.425000 0.010937 0.027778
0 0.606250 0.404167 0.014062 0.025000
0 0.590234 0.423611 0.010156 0.030556
0 0.547266 0.493056 0.014844 0.027778
0 0.528906 0.510417 0.012500 0.026389
0 0.489844 0.540278 0.010937 0.027778
0 0.466016 0.531250 0.014844 0.023611
0 0.473047 0.557639 0.016406 0.023611
0 0.524219 0.552778 0.015625 0.025000
0 0.597266 0.479861 0.011719 0.029167
0 0.653906 0.429167 0.014062 0.027778
0 0.698047 0.459028 0.014844 0.026389
0 0.719531 0.432639 0.017188 0.026389
0 0.725391 0.453472 0.016406 0.026389
0 0.919531 0.486806 0.014062 0.029167
0 0.967969 0.506944 0.014062 0.022222
0 0.896484 0.508333 0.016406 0.025000
0 0.853906 0.536111 0.017188 0.025000
0 0.936719 0.537500 0.015625 0.022222
0 0.648047 0.527083 0.013281 0.026389
0 0.637500 0.527083 0.014062 0.026389
0 0.730859 0.527083 0.011719 0.029167
0 0.732422 0.569444 0.011719 0.033333
0 0.741797 0.526389 0.011719 0.027778
0 0.747266 0.520833 0.010156 0.027778
0 0.803125 0.549306 0.014062 0.023611
0 0.801953 0.550694 0.013281 0.020833
0 0.830469 0.582639 0.018750 0.023611
0 0.886719 0.591667 0.014062 0.027778
0 0.875781 0.600694 0.015625 0.023611
0 0.966797 0.628472 0.017969 0.023611
0 0.909375 0.633333 0.015625 0.025000
0 0.893359 0.625694 0.016406 0.029167
0 0.759375 0.668056 0.014062 0.033333
0 0.784375 0.661111 0.017188 0.027778
0 0.816797 0.682639 0.011719 0.040278
0 0.510156 0.636111 0.017188 0.019444
0 0.467969 0.629167 0.015625 0.022222
0 0.472656 0.645139 0.017188 0.023611
0 0.467187 0.660417 0.014062 0.026389
0 0.482031 0.685417 0.017188 0.023611
0 0.447656 0.718750 0.015625 0.023611
0 0.465234 0.720139 0.014844 0.023611
0 0.475781 0.729167 0.015625 0.025000
0 0.505469 0.837500 0.012500 0.027778
0 0.510938 0.822917 0.014062 0.023611
0 0.514063 0.772917 0.012500 0.031944
0 0.549219 0.767361 0.017188 0.020833
0 0.496094 0.898611 0.015625 0.025000
0 0.483984 0.901389 0.014844 0.025000
0 0.473828 0.959028 0.016406 0.026389
0 0.506250 0.947222 0.014062 0.027778
0 0.498828 0.982639 0.014844 0.018056
0 0.529688 0.975000 0.012500 0.022222
0 0.555469 0.895139 0.014062 0.029167
0 0.581250 0.968056 0.015625 0.025000
0 0.618359 0.957639 0.014844 0.023611
0 0.630859 0.945139 0.016406 0.023611
0 0.557422 0.715278 0.016406 0.025000
0 0.585938 0.625000 0.017188 0.019444
0 0.612500 0.634722 0.014062 0.025000
0 0.619531 0.648611 0.010937 0.027778
0 0.615234 0.680556 0.016406 0.025000
0 0.704687 0.674306 0.014062 0.023611
0 0.782812 0.615972 0.015625 0.023611
0 0.599609 0.658333 0.010156 0.036111
0 0.678906 0.702083 0.015625 0.023611
0 0.678516 0.747917 0.016406 0.029167
0 0.626562 0.815278 0.017188 0.025000
0 0.644141 0.837500 0.017969 0.027778
0 0.646094 0.870833 0.017188 0.025000
0 0.628906 0.876389 0.015625 0.025000
0 0.687891 0.869444 0.014844 0.036111
0 0.939062 0.700694 0.015625 0.026389
0 0.845312 0.759722 0.014062 0.025000
0 0.857031 0.743750 0.015625 0.023611
0 0.857813 0.802083 0.015625 0.023611
0 0.842969 0.832639 0.015625 0.026389
0 0.924219 0.787500 0.014062 0.027778
0 0.966797 0.756250 0.016406 0.023611
0 0.977734 0.865972 0.010156 0.034722
0 0.876172 0.900000 0.017969 0.022222
0 0.778906 0.951389 0.015625 0.025000
0 0.768359 0.972917 0.013281 0.031944
0 0.826953 0.963194 0.014844 0.023611
0 0.734766 0.959028 0.014844 0.020833
0 0.721094 0.950694 0.012500 0.026389
0 0.896094 0.958333 0.014062 0.030556
0 0.921484 0.919444 0.013281 0.027778
0 0.992578 0.925000 0.011719 0.027778
0 0.930469 0.952778 0.017188 0.019444
0 0.931250 0.972222 0.017188 0.016667
0 0.729297 0.934028 0.013281 0.023611
0 0.852344 0.211111 0.015625 0.025000
0 0.624609 0.250694 0.014844 0.029167
