0 0.035400 0.751100 0.017100 0.025500
0 0.923700 0.803100 0.018000 0.021600
0 0.863200 0.307800 0.013200 0.027000
0 0.368900 0.717900 0.014600 0.026200
0 0.204600 0.735600 0.014500 0.022700
0 0.031700 0.159800 0.013900 0.028400
0 0.491300 0.210000 0.015600 0.022500
0 0.354700 0.848300 0.016800 0.023400
0 0.683200 0.510900 0.011500 0.035200
0 0.608700 0.523600 0.016600 0.024100
0 0.673700 0.467700 0.015200 0.026300
0 0.107600 0.265300 0.015700 0.022200
0 0.907800 0.616000 0.017400 0.021500
0 0.755600 0.331400 0.014500 0.024400
0 0.741000 0.534300 0.013300 0.023800
0 0.774200 0.910700 0.018200 0.022400
0 0.109400 0.755300 0.011600 0.031700
0 0.545700 0.892600 0.017200 0.020900
0 0.778700 0.102200 0.013300 0.023600
0 0.597100 0.816300 0.012700 0.032200
0 0.117400 0.183300 0.014400 0.027100
0 0.570000 0.297700 0.013700 0.028100
0 0.701800 0.826800 0.014000 0.027000
0 0.349100 0.192400 0.016400 0.024300
0 0.831900 0.122200 0.015300 0.023300
0 0.707300 0.245600 0.017800 0.023400
0 0.028900 0.316000 0.015400 0.022700
0 0.271200 0.481700 0.012600 0.024300
0 0.161600 0.314800 0.013900 0.024500
0 0.092800 0.644900 0.012600 0.024700
0 0.814300 0.926700 0.019600 0.020300
0 0.380500 0.481300 0.012700 0.032500
0 0.490800 0.052600 0.014100 0.027000
0 0.257300 0.683700 0.015100 0.025900
0 0.928200 0.541200 0.013200 0.028500
0 0.598300 0.155400 0.016600 0.023300
0 0.207100 0.695700 0.013900 0.026000
0 0.582000 0.909800 0.017100 0.021700
0 0.290900 0.416400 0.013100 0.028200
0 0.392300 0.661900 0.017800 0.020200
0 0.753900 0.755400 0.013700 0.031400
0 0.447400 0.341700 0.011100 0.029200
0 0.666700 0.418200 0.016700 0.023700
0 0.296900 0.594600 0.014100 0.023900
0 0.471600 0.047300 0.012100 0.026100
0 0.580000 0.201500 0.011400 0.035700
0 0.620700 0.938500 0.015100 0.025700
0 0.403900 0.459800 0.013400 0.022700
0 0.563100 0.482500 0.016300 0.023000
0 0.807200 0.446100 0.014600 0.027000
0 0.208800 0.555900 0.013000 0.034100
0 0.371000 0.741000 0.017300 0.022600
0 0.124300 0.393700 0.012600 0.026000
0 0.540100 0.383200 0.013000 0.024500
0 0.958000 0.697100 0.016600 0.023000
0 0.353800 0.915400 0.012000 0.029600
0 0.898500 0.693300 0.014500 0.028600
0 0.238300 0.058300 0.015600 0.024700
0 0.041000 0.349300 0.013400 0.025900
0 0.044700 0.440200 0.010500 0.036900
0 0.473600 0.897500 0.014100 0.026200
0 0.004400 0.379100 0.008300 0.020700
0 0.702300 0.522200 0.011100 0.027200
0 0.152200 0.328500 0.015500 0.022100
0 0.297600 0.661700 0.015000 0.026500
0 0.609100 0.817300 0.011900 0.034600
0 0.639000 0.043400 0.012300 0.032100
0 0.005700 0.510700 0.012000 0.021000
0 0.379200 0.843700 0.016700 0.028900
0 0.588500 0.708800 0.013100 0.027800
0 0.355600 0.443700 0.011900 0.035900
0 0.234700 0.474000 0.013500 0.023700
0 0.930500 0.276300 0.017400 0.022600
0 0.103900 0.654900 0.011300 0.029900
0 0.780900 0.118700 0.014000 0.020100
0 0.149000 0.767900 0.011400 0.023400
0 0.978000 0.144400 0.015800 0.024300
0 0.458500 0.708400 0.013000 0.034500
0 0.510900 0.922400 0.019600 0.021700
0 0.038600 0.947200 0.014900 0.026600
0 0.673400 0.080800 0.011500 0.025900
0 0.201100 0.406900 0.013800 0.027800
0 0.244100 0.084500 0.010800 0.033800
0 0.635600 0.163700 0.014800 0.025900
0 0.625500 0.140000 0.012000 0.029200
0 0.730200 0.087000 0.013700 0.027100
0 0.039500 0.126000 0.010300 0.032800
0 0.442500 0.669700 0.013400 0.035300
0 0.138400 0.338400 0.016200 0.021400
0 0.861900 0.395900 0.010100 0.036200
0 0.509700 0.602800 0.013500 0.032900
0 0.218900 0.338100 0.016100 0.023200
0 0.466100 0.065600 0.009400 0.033600
0 0.159500 0.760700 0.012000 0.025800
0 0.856600 0.738200 0.016300 0.023500
0 0.528900 0.124500 0.016000 0.023000
0 0.698400 0.441100 0.011400 0.036700
0 0.442800 0.886700 0.016000 0.023000
0 0.674300 0.693600 0.012200 0.032100
0 0.506800 0.284900 0.012100 0.038300
0 0.500700 0.961700 0.015000 0.019300
0 0.342300 0.975900 0.012300 0.029600
0 0.255800 0.393900 0.014100 0.022700
0 0.990600 0.328200 0.007700 0.022300
0 0.202600 0.960300 0.015600 0.025500
0 0.210900 0.029600 0.017600 0.024500
0 0.493200 0.930000 0.015400 0.021200
0 0.839100 0.629100 0.011300 0.027600
0 0.271400 0.315000 0.011000 0.032600
0 0.353400 0.014600 0.012300 0.025600
0 0.159200 0.784700 0.010200 0.033100
0 0.452600 0.035200 0.009800 0.038300
0 0.504900 0.098100 0.010500 0.037300
0 0.234000 0.554200 0.012000 0.035400
0 0.220900 0.018000 0.020100 0.020300
0 0.969922 0.349306 0.021094 0.029167
0 0.207031 0.925694 0.014062 0.029167
0 0.217969 0.927083 0.017188 0.018056
