0 0.861500 0.283900 0.013300 0.030400
0 0.586700 0.389900 0.011600 0.029000
0 0.782600 0.746600 0.010800 0.026100
0 0.931100 0.526900 0.013200 0.027700
0 0.027700 0.715000 0.014900 0.027700
0 0.197400 0.192100 0.012900 0.023700
0 0.932000 0.271200 0.012700 0.020700
0 0.775900 0.901800 0.017100 0.021800
0 0.161100 0.293400 0.014100 0.025700
0 0.286000 0.043800 0.012600 0.030600
0 0.210200 0.522300 0.013300 0.029000
0 0.907700 0.590400 0.017200 0.021400
0 0.116800 0.160100 0.013700 0.026800
0 0.722800 0.076500 0.014200 0.025500
0 0.590400 0.882400 0.015500 0.024500
0 0.975600 0.126700 0.015800 0.025200
0 0.570100 0.108800 0.014900 0.021800
0 0.595500 0.797400 0.011100 0.032600
0 0.279800 0.777200 0.013800 0.022000
0 0.385000 0.457300 0.012500 0.036300
0 0.435500 0.868800 0.016600 0.021000
0 0.042900 0.420700 0.011100 0.034400
0 0.204400 0.386600 0.012500 0.027500
0 0.676000 0.696100 0.011600 0.028500
0 0.755600 0.183600 0.013300 0.024600
0 0.367100 0.693300 0.013400 0.025500
0 0.391600 0.642300 0.016400 0.021100
0 0.043200 0.339100 0.013300 0.026400
0 0.897900 0.670300 0.013900 0.029600
0 0.923100 0.783800 0.016500 0.022200
0 0.867200 0.407200 0.009400 0.037500
0 0.276400 0.667700 0.011400 0.026800
0 0.833700 0.123800 0.015300 0.023300
0 0.222500 0.317900 0.015700 0.024200
0 0.294300 0.394900 0.013700 0.029700
0 0.643600 0.146600 0.015700 0.024600
0 0.321800 0.477200 0.013000 0.028800
0 0.356700 0.840400 0.014500 0.023800
0 0.318300 0.081300 0.012000 0.029000
0 0.297300 0.638600 0.014200 0.022400
0 0.092500 0.611400 0.013300 0.024100
0 0.814200 0.928100 0.017300 0.019800
0 0.539600 0.682800 0.013600 0.024900
0 0.621400 0.908700 0.014700 0.026500
0 0.369600 0.713400 0.015900 0.021100
0 0.564000 0.276800 0.014300 0.027000
0 0.369100 0.789600 0.012200 0.029500
0 0.528100 0.284000 0.014100 0.020300
0 0.347400 0.172600 0.016200 0.021400
0 0.569300 0.471400 0.013900 0.021200
0 0.026000 0.303900 0.015100 0.021700
0 0.503000 0.294500 0.014000 0.023800
0 0.734500 0.195400 0.018600 0.022500
0 0.476000 0.867200 0.014200 0.026600
0 0.240200 0.051500 0.013900 0.025500
0 0.705900 0.225600 0.016600 0.023500
0 0.564800 0.422900 0.012100 0.026300
0 0.666600 0.394400 0.016300 0.023300
0 0.233800 0.450900 0.013900 0.022600
0 0.714000 0.643600 0.014100 0.021600
0 0.232700 0.466600 0.013600 0.021600
0 0.741800 0.536800 0.013600 0.022800
0 0.102500 0.630400 0.011800 0.032600
0 0.140000 0.320700 0.015300 0.022800
0 0.508100 0.676500 0.016400 0.022900
0 0.038600 0.107100 0.010600 0.033700
0 0.580600 0.468400 0.012400 0.023100
0 0.358000 0.423400 0.011400 0.033000
0 0.699100 0.439900 0.010300 0.037100
0 0.297500 0.561700 0.014700 0.025900
0 0.452200 0.871700 0.014800 0.021100
0 0.470700 0.310500 0.011400 0.025400
0 0.165900 0.749000 0.012300 0.023900
0 0.030800 0.137000 0.013100 0.024000
0 0.605700 0.796000 0.010300 0.031600
0 0.490600 0.036700 0.013900 0.026700
0 0.441100 0.638700 0.012200 0.033300
0 0.101800 0.239600 0.014200 0.021400
0 0.152900 0.304400 0.014800 0.023800
0 0.051500 0.724100 0.012500 0.023200
0 0.402100 0.439400 0.015100 0.027500
0 0.270400 0.355000 0.011100 0.027300
0 0.969800 0.348500 0.011800 0.022600
0 0.922900 0.270800 0.011600 0.019600
0 0.978600 0.353900 0.012500 0.022700
0 0.634700 0.023200 0.013600 0.025300
0 0.993700 0.333300 0.009700 0.022100
0 0.551200 0.838000 0.016300 0.020300
0 0.702900 0.524000 0.011400 0.026900
0 0.004000 0.381800 0.008300 0.022000
0 0.578900 0.174200 0.012200 0.031000
0 0.773200 0.148000 0.014700 0.021400
0 0.748000 0.738600 0.012400 0.025400
0 0.466600 0.044300 0.009400 0.038400
0 0.083700 0.971300 0.013000 0.028300
0 0.380400 0.846200 0.013800 0.029700
0 0.623400 0.118800 0.011500 0.035100
0 0.681200 0.575900 0.012400 0.020700
0 0.612900 0.501200 0.016100 0.022000
0 0.245700 0.071600 0.012300 0.024900
0 0.604300 0.126000 0.014700 0.023600
0 0.683700 0.448500 0.012500 0.028100
0 0.683100 0.500800 0.012700 0.030700
0 0.596100 0.068300 0.013100 0.021200
0 0.342100 0.949300 0.012300 0.026900
0 0.699700 0.799300 0.013000 0.028500
0 0.808700 0.448400 0.013900 0.026900
0 0.269700 0.292500 0.010900 0.032300
0 0.087000 0.235800 0.012200 0.022500
0 0.985300 0.441700 0.009600 0.020100
0 0.907600 0.251400 0.012900 0.020200
0 0.211000 0.922700 0.014000 0.024200
0 0.941800 0.432100 0.009000 0.020000
0 0.701800 0.985700 0.010100 0.024600
0 0.511400 0.085700 0.011100 0.033000
0 0.813400 0.595500 0.012600 0.030100
0 0.640500 0.010900 0.012200 0.020200
0 0.245400 0.083900 0.010700 0.030500
0 0.563800 0.097000 0.013600 0.021400
0 0.347500 0.902000 0.011200 0.030600
0 0.449500 0.023900 0.008900 0.036800
0 0.226100 0.541500 0.010100 0.037300
0 0.151562 0.769444 0.012500 0.025000
0 0.162500 0.767361 0.009375 0.029167
0 0.221094 0.923611 0.014062 0.025000
