0 0.909900 0.625900 0.018500 0.020700
0 0.196800 0.409300 0.014300 0.029400
0 0.931900 0.284700 0.019200 0.024300
0 0.668300 0.427100 0.018600 0.022200
0 0.492400 0.053200 0.013700 0.026900
0 0.831400 0.121400 0.014400 0.023700
0 0.138900 0.796400 0.015800 0.026000
0 0.682800 0.516100 0.011900 0.032700
0 0.219700 0.344800 0.015700 0.022800
0 0.040500 0.349000 0.013700 0.025500
0 0.756200 0.761600 0.013400 0.029700
0 0.740400 0.533800 0.013400 0.023300
0 0.361900 0.443800 0.012300 0.032300
0 0.398100 0.577400 0.014600 0.023000
0 0.394200 0.670100 0.017100 0.021700
0 0.028500 0.315100 0.015200 0.022800
0 0.674100 0.471400 0.014100 0.027300
0 0.610700 0.530600 0.016300 0.022800
0 0.601700 0.160500 0.015600 0.024800
0 0.232600 0.481400 0.013200 0.025300
0 0.107500 0.273100 0.016800 0.023100
0 0.034400 0.131800 0.011100 0.032700
0 0.380900 0.489800 0.012900 0.033600
0 0.034800 0.167700 0.013900 0.027800
0 0.733500 0.091400 0.013600 0.027300
0 0.864100 0.313900 0.013200 0.028400
0 0.703200 0.835600 0.013800 0.026800
0 0.518400 0.355200 0.013200 0.025900
0 0.119800 0.192400 0.015000 0.026200
0 0.598700 0.822600 0.013600 0.029400
0 0.094700 0.656000 0.014300 0.025700
0 0.720800 0.209500 0.013300 0.028300
0 0.642000 0.173400 0.015200 0.023900
0 0.370300 0.569700 0.011200 0.028200
0 0.705600 0.253900 0.016200 0.023100
0 0.924500 0.806100 0.019500 0.022100
0 0.571400 0.303300 0.014600 0.027600
0 0.373900 0.749100 0.016500 0.022600
0 0.047600 0.447600 0.011700 0.034300
0 0.914000 0.123300 0.013500 0.023900
0 0.095100 0.161500 0.015700 0.022000
0 0.806500 0.446300 0.014500 0.026700
0 0.563600 0.485700 0.015400 0.023400
0 0.379000 0.844100 0.017100 0.027700
0 0.442500 0.894500 0.017800 0.021800
0 0.586600 0.911200 0.015600 0.024200
0 0.353800 0.916800 0.012200 0.026800
0 0.628600 0.329300 0.012900 0.027000
0 0.577800 0.772700 0.017100 0.023300
0 0.813800 0.926200 0.019100 0.020000
0 0.356000 0.017800 0.014100 0.028400
0 0.773900 0.914600 0.020000 0.020500
0 0.473600 0.910500 0.015900 0.026300
0 0.861800 0.395500 0.010300 0.037700
0 0.957600 0.593500 0.016500 0.023700
0 0.211100 0.564700 0.013000 0.030700
0 0.578500 0.486000 0.015500 0.023300
0 0.195700 0.563600 0.012600 0.029800
0 0.321900 0.909000 0.012200 0.034300
0 0.370500 0.725700 0.014700 0.025500
0 0.415300 0.773500 0.012200 0.029600
0 0.288700 0.422000 0.012200 0.030700
0 0.628200 0.144400 0.011900 0.025500
0 0.140300 0.344200 0.016500 0.021100
0 0.176300 0.456800 0.011800 0.025800
0 0.980600 0.152000 0.015400 0.023900
0 0.501400 0.346100 0.015100 0.021200
0 0.358100 0.854100 0.016000 0.022700
0 0.465600 0.082400 0.011100 0.034200
0 0.300400 0.664300 0.015200 0.024600
0 0.239000 0.058200 0.014800 0.026300
0 0.003700 0.378900 0.007800 0.020300
0 0.622900 0.949200 0.015200 0.026100
0 0.930000 0.549200 0.013000 0.030500
0 0.899600 0.704100 0.014300 0.029700
0 0.583300 0.211400 0.012100 0.036600
0 0.004200 0.211500 0.007800 0.022500
0 0.702500 0.522700 0.011100 0.026900
0 0.508800 0.104900 0.011100 0.034200
0 0.847800 0.943800 0.014900 0.025300
0 0.828500 0.822000 0.017900 0.020700
0 0.609500 0.822000 0.011500 0.035200
0 0.154600 0.338500 0.017000 0.021400
0 0.086100 0.941700 0.015300 0.027200
0 0.037000 0.760100 0.017000 0.024900
0 0.163400 0.794100 0.011400 0.037800
0 0.640800 0.051600 0.012800 0.030600
0 0.015300 0.438600 0.011400 0.028100
0 0.699000 0.440000 0.011500 0.038000
0 0.350300 0.201000 0.016300 0.023700
0 0.674200 0.693600 0.012800 0.031200
0 0.299000 0.600500 0.016200 0.023200
0 0.330900 0.973500 0.014100 0.025200
0 0.272400 0.320300 0.010600 0.034700
0 0.445300 0.673400 0.012900 0.036900
0 0.162900 0.322400 0.015100 0.025900
0 0.155300 0.461700 0.013200 0.026800
0 0.308400 0.267400 0.011500 0.036400
0 0.601300 0.141000 0.014300 0.023900
0 0.956200 0.797700 0.019100 0.020800
0 0.274300 0.807500 0.012500 0.034300
0 0.342000 0.981500 0.012100 0.026300
0 0.235000 0.555800 0.012100 0.037500
0 0.453700 0.041300 0.010000 0.039100
0 0.243300 0.084200 0.010700 0.033300
0 0.408300 0.463700 0.011400 0.024500
0 0.105000 0.660800 0.011700 0.034200
0 0.153900 0.010900 0.013900 0.021800
0 0.836100 0.829700 0.016400 0.021500
0 0.705600 0.020800 0.010100 0.030900
0 0.969922 0.350694 0.017969 0.031944
0 0.150781 0.766667 0.017188 0.022222
0 0.992188 0.328472 0.010937 0.020833
0 0.208594 0.927778 0.014062 0.025000
0 0.220313 0.929167 0.015625 0.022222
0 0.155469 0.764583 0.010937 0.040278
