0 0.161100 0.309000 0.014900 0.025700
0 0.931400 0.271900 0.014000 0.021400
0 0.784500 0.771000 0.014800 0.024700
0 0.668400 0.408300 0.016300 0.021800
0 0.405400 0.456200 0.014100 0.026100
0 0.683500 0.506600 0.011800 0.032000
0 0.038700 0.121800 0.011100 0.034200
0 0.031100 0.154700 0.013400 0.026000
0 0.269500 0.653700 0.014000 0.025300
0 0.093600 0.633500 0.013100 0.022800
0 0.032100 0.745500 0.015600 0.026000
0 0.607000 0.516400 0.015700 0.022700
0 0.358100 0.439500 0.011100 0.033100
0 0.219000 0.332100 0.015100 0.023900
0 0.705500 0.243700 0.016700 0.021300
0 0.922300 0.798000 0.017700 0.023300
0 0.674400 0.464100 0.014800 0.025900
0 0.907000 0.609000 0.018300 0.021300
0 0.230500 0.466000 0.014200 0.023400
0 0.369900 0.732200 0.016400 0.023100
0 0.393600 0.294500 0.014000 0.022500
0 0.297900 0.654800 0.014100 0.026200
0 0.727000 0.084000 0.014600 0.024900
0 0.200800 0.400800 0.014300 0.028600
0 0.471800 0.889600 0.014500 0.026700
0 0.043700 0.434600 0.011000 0.033400
0 0.380200 0.846800 0.016600 0.025500
0 0.866300 0.142800 0.014200 0.024000
0 0.035300 0.685600 0.013300 0.023800
0 0.438900 0.881700 0.017200 0.022500
0 0.349400 0.186400 0.016600 0.024300
0 0.041300 0.351400 0.013800 0.024300
0 0.833700 0.123400 0.015000 0.023100
0 0.175900 0.458800 0.013900 0.022600
0 0.578800 0.193500 0.011900 0.035600
0 0.861900 0.299100 0.013200 0.027100
0 0.598100 0.810900 0.012300 0.031200
0 0.414200 0.795700 0.013400 0.026100
0 0.814500 0.929300 0.018200 0.019000
0 0.775500 0.909900 0.017900 0.020800
0 0.392500 0.655700 0.016500 0.021100
0 0.890400 0.409800 0.013600 0.021000
0 0.116600 0.176100 0.014200 0.025600
0 0.701500 0.820300 0.013800 0.028500
0 0.164300 0.760400 0.013400 0.024400
0 0.140000 0.335300 0.015100 0.023500
0 0.024000 0.298000 0.013900 0.024100
0 0.565800 0.480300 0.017100 0.021600
0 0.466700 0.056300 0.009900 0.037900
0 0.027100 0.317600 0.015500 0.022800
0 0.297400 0.583800 0.014700 0.025500
0 0.489400 0.047400 0.014000 0.025100
0 0.104500 0.256500 0.015400 0.021800
0 0.946000 0.358800 0.014200 0.025500
0 0.597200 0.421400 0.012100 0.025500
0 0.240800 0.057800 0.013900 0.025400
0 0.356900 0.849200 0.016800 0.022300
0 0.039300 0.380800 0.014500 0.023400
0 0.927600 0.535700 0.012900 0.030500
0 0.151800 0.321400 0.014800 0.022400
0 0.594900 0.143000 0.017400 0.021700
0 0.675900 0.696500 0.011700 0.029700
0 0.544300 0.319600 0.014400 0.023500
0 0.723500 0.068000 0.014600 0.021100
0 0.442000 0.659700 0.012400 0.036700
0 0.160600 0.781600 0.010100 0.036600
0 0.635000 0.157700 0.015600 0.021700
0 0.621700 0.926300 0.014900 0.024700
0 0.209800 0.538400 0.012600 0.029700
0 0.566800 0.292400 0.013200 0.027800
0 0.595400 0.736300 0.014000 0.024600
0 0.595100 0.371800 0.012600 0.030300
0 0.897600 0.686300 0.014100 0.029400
0 0.004100 0.382800 0.008300 0.021600
0 0.135500 0.799400 0.013500 0.023500
0 0.741900 0.536900 0.013400 0.024000
0 0.395000 0.829300 0.017700 0.023600
0 0.976700 0.139800 0.015600 0.025400
0 0.591700 0.898900 0.015700 0.023200
0 0.211100 0.889500 0.011000 0.036500
0 0.341900 0.969300 0.012600 0.029200
0 0.379300 0.475700 0.012800 0.032600
0 0.640300 0.836700 0.018600 0.022800
0 0.368000 0.711400 0.013400 0.026000
0 0.902100 0.080500 0.009500 0.020800
0 0.777200 0.680700 0.013800 0.026100
0 0.472600 0.317900 0.013400 0.028500
0 0.701300 0.442800 0.010600 0.038800
0 0.508100 0.097400 0.011400 0.035400
0 0.150800 0.770700 0.011400 0.026400
0 0.832900 0.030800 0.014200 0.024600
0 0.967600 0.351700 0.013900 0.021500
0 0.608500 0.809500 0.010500 0.032000
0 0.509300 0.056200 0.011500 0.031500
0 0.703200 0.524200 0.011600 0.028300
0 0.902700 0.413800 0.012900 0.019300
0 0.993300 0.332900 0.009800 0.023500
0 0.630900 0.036100 0.011800 0.027600
0 0.291700 0.411900 0.012800 0.029700
0 0.531900 0.686900 0.019800 0.023000
0 0.922800 0.273500 0.013000 0.019600
0 0.270200 0.307100 0.011000 0.034600
0 0.304600 0.535200 0.013900 0.022400
0 0.102700 0.644600 0.011000 0.025200
0 0.808400 0.447700 0.014000 0.025800
0 0.977700 0.354400 0.012500 0.022900
0 0.542800 0.488000 0.015700 0.021400
0 0.751000 0.750800 0.014200 0.029400
0 0.404800 0.294100 0.013700 0.022900
0 0.353600 0.014500 0.012500 0.025400
0 0.354100 0.915900 0.011800 0.031100
0 0.863100 0.396400 0.010100 0.038400
0 0.625900 0.134900 0.012300 0.028600
0 0.244800 0.090000 0.009900 0.029800
0 0.594700 0.876000 0.013600 0.024900
0 0.230100 0.544400 0.009700 0.051900
0 0.841900 0.781900 0.012800 0.021500
0 0.296400 0.532900 0.012300 0.024700
0 0.242969 0.077083 0.010937 0.031944
0 0.707812 0.214583 0.014062 0.018056
0 0.207031 0.925694 0.010937 0.029167
0 0.217969 0.925694 0.017188 0.020833
0 0.450781 0.038889 0.010937 0.027778
