0 0.160700 0.302500 0.013800 0.024100
0 0.591700 0.742000 0.011000 0.029700
0 0.906900 0.601800 0.018100 0.022500
0 0.931900 0.271700 0.012600 0.021100
0 0.367100 0.704100 0.014100 0.027200
0 0.347600 0.181200 0.020100 0.021500
0 0.030200 0.149000 0.014000 0.024700
0 0.867500 0.406400 0.011000 0.032300
0 0.861600 0.295400 0.013600 0.029500
0 0.705600 0.292300 0.014900 0.023900
0 0.606100 0.511300 0.015900 0.022500
0 0.922700 0.792000 0.016900 0.024700
0 0.228500 0.459500 0.012800 0.023800
0 0.596200 0.806000 0.011500 0.029100
0 0.616700 0.097500 0.013100 0.024800
0 0.291900 0.408100 0.012800 0.029900
0 0.030300 0.735100 0.015900 0.024400
0 0.130600 0.764200 0.012500 0.033500
0 0.707000 0.236300 0.017500 0.023100
0 0.201700 0.397000 0.014000 0.027100
0 0.115900 0.169600 0.015500 0.028000
0 0.208800 0.533000 0.012900 0.031600
0 0.042600 0.347700 0.013700 0.024300
0 0.297000 0.648400 0.014800 0.025300
0 0.833900 0.123500 0.015300 0.023200
0 0.463800 0.202400 0.017800 0.023300
0 0.319900 0.831600 0.015600 0.024500
0 0.379100 0.468400 0.012200 0.033200
0 0.724000 0.080300 0.014900 0.027400
0 0.928100 0.532200 0.013600 0.028300
0 0.775400 0.906700 0.019900 0.020000
0 0.590800 0.892100 0.017400 0.023600
0 0.633800 0.152000 0.016200 0.022100
0 0.896900 0.680400 0.014700 0.028900
0 0.683400 0.502900 0.012400 0.032500
0 0.427100 0.084000 0.011900 0.030700
0 0.405100 0.451800 0.013000 0.026700
0 0.617300 0.580000 0.013700 0.024900
0 0.742100 0.536600 0.013500 0.023600
0 0.476600 0.396500 0.011900 0.027500
0 0.814200 0.928200 0.018300 0.018400
0 0.578900 0.186300 0.012600 0.032600
0 0.226000 0.479700 0.012200 0.027400
0 0.295300 0.576300 0.014500 0.023000
0 0.975800 0.134900 0.016300 0.022800
0 0.564300 0.477100 0.017000 0.022600
0 0.218800 0.325900 0.015700 0.022000
0 0.470800 0.882800 0.014000 0.029100
0 0.621200 0.919600 0.015300 0.027100
0 0.666700 0.404800 0.016300 0.022500
0 0.489800 0.045100 0.014300 0.025600
0 0.139000 0.328100 0.016000 0.021400
0 0.626900 0.063600 0.013600 0.027700
0 0.565000 0.288600 0.013300 0.028100
0 0.676000 0.696200 0.011900 0.029200
0 0.164200 0.757000 0.013100 0.026000
0 0.381000 0.846400 0.015100 0.029000
0 0.004300 0.381700 0.008900 0.020400
0 0.092700 0.624000 0.013900 0.023800
0 0.356700 0.433000 0.011100 0.035600
0 0.042900 0.429200 0.010700 0.034100
0 0.678800 0.460200 0.012000 0.027400
0 0.830700 0.027800 0.012800 0.022800
0 0.857600 0.146600 0.012000 0.031800
0 0.632900 0.691200 0.012900 0.028800
0 0.748500 0.743900 0.013800 0.028000
0 0.681700 0.432800 0.011700 0.027900
0 0.392100 0.649500 0.017200 0.021300
0 0.150700 0.365800 0.015300 0.022200
0 0.101700 0.638800 0.011700 0.028100
0 0.438300 0.875800 0.017500 0.021800
0 0.605400 0.805400 0.010800 0.029800
0 0.864400 0.429900 0.012700 0.025600
0 0.579400 0.253800 0.011000 0.026400
0 0.440000 0.647700 0.012200 0.033900
0 0.352600 0.905500 0.012000 0.029200
0 0.357600 0.843500 0.016000 0.023600
0 0.630400 0.030500 0.012700 0.023100
0 0.241500 0.050700 0.013300 0.023900
0 0.699500 0.809100 0.014100 0.027500
0 0.151200 0.314400 0.015500 0.024300
0 0.489500 0.710000 0.014300 0.029400
0 0.922500 0.272100 0.012300 0.019600
0 0.507900 0.092500 0.011500 0.033500
0 0.368900 0.724300 0.016400 0.022700
0 0.330100 0.313600 0.010800 0.032800
0 0.626300 0.128000 0.012000 0.028100
0 0.104200 0.249400 0.016100 0.021400
0 0.634400 0.021200 0.010900 0.025300
0 0.037800 0.116500 0.010600 0.035900
0 0.035200 0.790700 0.014800 0.025000
0 0.026300 0.312800 0.016700 0.022700
0 0.244500 0.070600 0.011400 0.025300
0 0.850600 0.727900 0.019300 0.019400
0 0.594000 0.137000 0.016300 0.022500
0 0.808300 0.447700 0.013700 0.025000
0 0.993200 0.333000 0.009500 0.024200
0 0.340800 0.961500 0.012100 0.028800
0 0.269600 0.303000 0.011600 0.032300
0 0.466400 0.052300 0.009800 0.039100
0 0.039700 0.377100 0.017700 0.022100
0 0.978500 0.353900 0.013400 0.022800
0 0.932100 0.956700 0.011300 0.025300
0 0.463400 0.238700 0.012500 0.031600
0 0.244500 0.085400 0.010200 0.030200
0 0.968000 0.348700 0.013500 0.022800
0 0.240500 0.388700 0.012500 0.020800
0 0.230300 0.386000 0.012900 0.020800
0 0.295400 0.928300 0.015600 0.023600
0 0.699200 0.441700 0.011400 0.030300
0 0.703500 0.523900 0.012200 0.029900
0 0.448600 0.032200 0.009600 0.036200
0 0.047200 0.867900 0.013900 0.028700
0 0.941700 0.431900 0.009400 0.020400
0 0.841500 0.782600 0.012800 0.025900
0 0.600400 0.747800 0.010100 0.030500
0 0.227734 0.544444 0.013281 0.036111
0 0.678125 0.622917 0.014062 0.029167
0 0.289844 0.573611 0.014062 0.025000
0 0.150000 0.772222 0.009375 0.025000
0 0.160156 0.775694 0.010937 0.031944
0 0.210938 0.920139 0.012500 0.026389
0 0.221094 0.923611 0.017188 0.025000
