0 0.368200 0.714100 0.014600 0.025900
0 0.632100 0.041700 0.011600 0.028400
0 0.861800 0.302100 0.013000 0.027800
0 0.155400 0.321000 0.014900 0.025000
0 0.031400 0.156400 0.013900 0.027300
0 0.405300 0.456800 0.013600 0.026300
0 0.923600 0.801100 0.017200 0.023100
0 0.353500 0.845000 0.016000 0.022400
0 0.730800 0.085200 0.013200 0.028000
0 0.706100 0.243900 0.016500 0.021900
0 0.761400 0.228000 0.014000 0.022700
0 0.232700 0.470600 0.013300 0.024500
0 0.541600 0.469900 0.013400 0.021500
0 0.520100 0.376600 0.014500 0.021000
0 0.253500 0.685500 0.013700 0.025700
0 0.897800 0.689000 0.013800 0.027400
0 0.217200 0.927600 0.015500 0.021100
0 0.674300 0.465900 0.015200 0.025600
0 0.417500 0.352100 0.011600 0.026400
0 0.840200 0.685100 0.014300 0.022400
0 0.830300 0.189200 0.013600 0.022500
0 0.931100 0.272500 0.014000 0.022000
0 0.907100 0.611700 0.018300 0.020800
0 0.200900 0.402300 0.013500 0.027600
0 0.832900 0.123300 0.015300 0.023100
0 0.379800 0.478100 0.012600 0.035000
0 0.607600 0.516600 0.015800 0.022900
0 0.814400 0.928600 0.017800 0.019200
0 0.218700 0.334800 0.015000 0.023900
0 0.295300 0.591600 0.014800 0.023700
0 0.370500 0.735700 0.016900 0.022600
0 0.569800 0.297000 0.013400 0.028000
0 0.117300 0.179300 0.014300 0.026000
0 0.683500 0.508700 0.011300 0.032300
0 0.472400 0.893100 0.014800 0.026400
0 0.322600 0.476800 0.012200 0.023400
0 0.349500 0.188400 0.016000 0.024700
0 0.027900 0.316200 0.014800 0.022700
0 0.675800 0.696000 0.011800 0.028800
0 0.033600 0.751000 0.018400 0.024500
0 0.620900 0.929000 0.015400 0.024300
0 0.039100 0.123000 0.011100 0.033700
0 0.092600 0.639100 0.013200 0.023600
0 0.595800 0.146800 0.017900 0.021300
0 0.358400 0.442300 0.011800 0.032600
0 0.666500 0.413600 0.017000 0.023000
0 0.041200 0.351200 0.013300 0.025900
0 0.488900 0.052000 0.014600 0.025500
0 0.168700 0.758800 0.012700 0.026200
0 0.702000 0.822900 0.013800 0.027100
0 0.291700 0.414600 0.013200 0.028200
0 0.140000 0.335700 0.013800 0.023900
0 0.440900 0.809600 0.013500 0.029500
0 0.392700 0.658100 0.015400 0.021100
0 0.741600 0.536600 0.013200 0.023500
0 0.635100 0.159700 0.014500 0.023400
0 0.579300 0.197000 0.012100 0.036300
0 0.419800 0.871700 0.013400 0.022800
0 0.516100 0.305000 0.009600 0.035100
0 0.702800 0.523700 0.011500 0.028000
0 0.297200 0.657100 0.014400 0.025500
0 0.591200 0.898200 0.015600 0.023800
0 0.160000 0.782300 0.010800 0.032500
0 0.178400 0.821300 0.013300 0.033400
0 0.540200 0.121600 0.012900 0.024100
0 0.442800 0.665400 0.011800 0.037200
0 0.241000 0.059100 0.014000 0.025600
0 0.597400 0.810600 0.012800 0.033600
0 0.977100 0.141800 0.015500 0.025800
0 0.823900 0.832200 0.017600 0.020800
0 0.208400 0.928400 0.014400 0.023600
0 0.853300 0.465500 0.012300 0.029600
0 0.439500 0.883400 0.016300 0.021200
0 0.752300 0.752500 0.013200 0.032200
0 0.105300 0.259400 0.014800 0.021100
0 0.467300 0.059100 0.009600 0.037000
0 0.213400 0.544900 0.012700 0.030200
0 0.380000 0.846200 0.014000 0.025800
0 0.928500 0.538200 0.013200 0.028500
0 0.103600 0.652600 0.011100 0.026500
0 0.568500 0.819000 0.013000 0.027300
0 0.077700 0.275800 0.014300 0.022500
0 0.775300 0.910800 0.017300 0.019800
0 0.524500 0.761000 0.011900 0.029800
0 0.150600 0.770100 0.012200 0.023700
0 0.988700 0.390500 0.009800 0.022800
0 0.992900 0.332400 0.010600 0.021700
0 0.161600 0.311100 0.014800 0.027800
0 0.342300 0.971300 0.012100 0.027500
0 0.616000 0.053800 0.013600 0.026000
0 0.700900 0.442100 0.011400 0.038600
0 0.354100 0.917100 0.011900 0.029200
0 0.593500 0.983300 0.013000 0.024300
0 0.507600 0.096300 0.011200 0.034700
0 0.540500 0.388200 0.016300 0.020200
0 0.863100 0.396100 0.009800 0.037200
0 0.807800 0.447900 0.013700 0.027300
0 0.561200 0.481600 0.017300 0.020100
0 0.304400 0.018400 0.009600 0.031600
0 0.044000 0.438400 0.010200 0.037600
0 0.625900 0.139000 0.012000 0.028900
0 0.977700 0.353800 0.013600 0.020100
0 0.968800 0.351300 0.012000 0.020000
0 0.615600 0.955000 0.016300 0.023800
0 0.604300 0.904300 0.016000 0.023000
0 0.585100 0.461200 0.016800 0.020200
0 0.011200 0.736700 0.016700 0.022100
0 0.243600 0.085000 0.010100 0.030400
0 0.270300 0.309900 0.010200 0.035700
0 0.608800 0.810300 0.010500 0.038500
0 0.230900 0.551900 0.011100 0.034300
0 0.923300 0.273700 0.013900 0.020200
0 0.353300 0.011100 0.011200 0.020000
0 0.875600 0.970700 0.011100 0.024000
0 0.896200 0.933700 0.010700 0.028300
0 0.168600 0.741800 0.010900 0.023700
0 0.450800 0.035000 0.009700 0.040900
0 0.242969 0.079167 0.007812 0.036111
