0 0.861200 0.291200 0.013200 0.029500
0 0.545700 0.759300 0.013900 0.028000
0 0.922600 0.788600 0.016500 0.024000
0 0.092200 0.619200 0.012600 0.024800
0 0.193000 0.790500 0.012800 0.024800
0 0.019100 0.929300 0.017700 0.024600
0 0.347600 0.177200 0.017900 0.020400
0 0.296500 0.568900 0.014300 0.024700
0 0.580300 0.630900 0.016900 0.022400
0 0.030500 0.144200 0.013600 0.026700
0 0.617800 0.555800 0.014700 0.023200
0 0.043000 0.344300 0.013400 0.026400
0 0.239800 0.053000 0.014300 0.025500
0 0.030600 0.729000 0.015000 0.026700
0 0.026700 0.308400 0.016400 0.023000
0 0.565000 0.473300 0.014900 0.021900
0 0.153300 0.309100 0.015800 0.023300
0 0.680000 0.502900 0.012200 0.030600
0 0.405300 0.447100 0.014000 0.025400
0 0.230800 0.453600 0.013900 0.021700
0 0.682900 0.453100 0.012800 0.029200
0 0.356300 0.430200 0.011000 0.033300
0 0.931900 0.271200 0.012300 0.021500
0 0.163500 0.752200 0.013500 0.024200
0 0.116600 0.165400 0.014800 0.027500
0 0.723700 0.079100 0.014900 0.026800
0 0.293000 0.401500 0.013100 0.026200
0 0.281900 0.759100 0.015500 0.025800
0 0.833800 0.123800 0.015200 0.022700
0 0.621000 0.914800 0.015300 0.027100
0 0.369000 0.719300 0.015200 0.022800
0 0.379100 0.463400 0.012700 0.033500
0 0.578200 0.181200 0.012000 0.033700
0 0.867100 0.407500 0.009800 0.036300
0 0.308000 0.530600 0.011200 0.024100
0 0.906800 0.597200 0.016900 0.020900
0 0.896900 0.676400 0.014500 0.026500
0 0.813900 0.928300 0.018000 0.020100
0 0.544100 0.035700 0.014000 0.023200
0 0.929200 0.530500 0.013400 0.028000
0 0.296200 0.645500 0.014500 0.024800
0 0.707600 0.233600 0.017400 0.023000
0 0.808400 0.196100 0.013800 0.022400
0 0.595500 0.801700 0.011600 0.033100
0 0.919300 0.956000 0.013400 0.026000
0 0.699200 0.440600 0.011700 0.033900
0 0.373200 0.017800 0.010600 0.029000
0 0.209000 0.529200 0.013700 0.029000
0 0.391800 0.644900 0.017200 0.020200
0 0.699400 0.805400 0.013700 0.027900
0 0.489900 0.041400 0.015300 0.024100
0 0.778700 0.052400 0.010700 0.031400
0 0.676100 0.696600 0.011600 0.029700
0 0.340700 0.957000 0.012100 0.029300
0 0.159800 0.297600 0.015000 0.025500
0 0.742000 0.536700 0.013400 0.023500
0 0.517200 0.242200 0.013200 0.028200
0 0.595300 0.134200 0.016400 0.023400
0 0.551700 0.735500 0.012300 0.033200
0 0.633500 0.148600 0.014900 0.021800
0 0.531200 0.347100 0.013000 0.023100
0 0.332400 0.376900 0.015700 0.024000
0 0.202500 0.391300 0.013400 0.027700
0 0.565200 0.284900 0.012800 0.029300
0 0.590500 0.888100 0.016300 0.024800
0 0.810300 0.489300 0.015100 0.023000
0 0.104400 0.244700 0.015600 0.022100
0 0.431100 0.958300 0.015000 0.022300
0 0.665800 0.400600 0.017200 0.022800
0 0.440300 0.643900 0.012300 0.036800
0 0.003800 0.381600 0.008800 0.021400
0 0.486600 0.117500 0.014700 0.026700
0 0.747400 0.740800 0.013600 0.027600
0 0.367100 0.700600 0.014000 0.023600
0 0.775400 0.904600 0.019200 0.020300
0 0.358000 0.841700 0.015800 0.023500
0 0.975600 0.131500 0.016600 0.022900
0 0.090500 0.343300 0.012000 0.025500
0 0.968200 0.348900 0.013200 0.020500
0 0.840000 0.792400 0.014100 0.033000
0 0.993300 0.333300 0.009500 0.022800
0 0.702500 0.526100 0.011700 0.028600
0 0.978500 0.353900 0.012600 0.021100
0 0.605200 0.027100 0.012200 0.022100
0 0.606500 0.506500 0.012900 0.025900
0 0.102000 0.636100 0.011200 0.033600
0 0.922800 0.271600 0.012000 0.019900
0 0.457500 0.311300 0.013200 0.024500
0 0.245000 0.071000 0.012800 0.024800
0 0.380800 0.846400 0.015500 0.029200
0 0.623500 0.120400 0.011800 0.032800
0 0.042400 0.425900 0.010800 0.034900
0 0.216300 0.395300 0.013300 0.024500
0 0.631600 0.028500 0.012300 0.023000
0 0.437800 0.872100 0.017900 0.023000
0 0.470900 0.875500 0.014800 0.027500
0 0.466300 0.047600 0.009600 0.035500
0 0.634600 0.016100 0.012300 0.022900
0 0.808800 0.448200 0.013900 0.026000
0 0.643900 0.686800 0.014200 0.026300
0 0.508900 0.090100 0.011100 0.028300
0 0.586900 0.034900 0.012600 0.024400
0 0.449100 0.029500 0.009600 0.035600
0 0.608000 0.497600 0.010800 0.028000
0 0.269100 0.296800 0.011100 0.036200
0 0.220900 0.324400 0.015600 0.022300
0 0.138400 0.325500 0.015000 0.021500
0 0.089500 0.334100 0.012200 0.024500
0 0.186900 0.298100 0.013900 0.024500
0 0.085100 0.795100 0.012900 0.030200
0 0.281100 0.421000 0.012000 0.025700
0 0.605000 0.802100 0.011100 0.029200
0 0.765300 0.267100 0.010700 0.040000
0 0.276000 0.429500 0.011600 0.026000
0 0.226000 0.542100 0.010400 0.039200
0 0.244500 0.085000 0.010900 0.027600
0 0.343700 0.897500 0.010800 0.032200
0 0.685500 0.491300 0.012400 0.027100
0 0.871900 0.968900 0.012000 0.027100
0 0.037900 0.111300 0.010000 0.033800
0 0.221200 0.021400 0.018900 0.018600
0 0.211200 0.923000 0.015300 0.025200
0 0.221094 0.923611 0.014062 0.025000
0 0.151562 0.770139 0.012500 0.029167
0 0.161719 0.771528 0.010937 0.031944
0 0.349219 0.884028 0.014062 0.026389
