0 0.160100 0.289900 0.014100 0.025000
0 0.682100 0.497400 0.012600 0.032400
0 0.906900 0.586400 0.017000 0.021900
0 0.195600 0.427400 0.014100 0.019700
0 0.860200 0.280900 0.013000 0.028500
0 0.296100 0.557900 0.014300 0.024700
0 0.828300 0.179100 0.011200 0.024900
0 0.210700 0.519800 0.013000 0.030200
0 0.203700 0.383000 0.012400 0.027700
0 0.042600 0.336200 0.012900 0.028100
0 0.042600 0.417800 0.010700 0.034400
0 0.091000 0.606500 0.012800 0.026700
0 0.367100 0.691100 0.013300 0.027000
0 0.609700 0.497800 0.015800 0.023100
0 0.391900 0.638700 0.016500 0.021300
0 0.384400 0.453800 0.012000 0.035900
0 0.775900 0.900500 0.018200 0.021800
0 0.222300 0.314500 0.015100 0.024000
0 0.027800 0.716400 0.014700 0.027200
0 0.592000 0.673300 0.014700 0.022600
0 0.481200 0.736200 0.014600 0.024400
0 0.682100 0.642100 0.013600 0.021300
0 0.594500 0.792900 0.011300 0.034300
0 0.697200 0.795000 0.014400 0.028700
0 0.097600 0.235800 0.015100 0.020600
0 0.373200 0.709900 0.015200 0.022100
0 0.589900 0.878400 0.016600 0.025100
0 0.495300 0.843700 0.015700 0.019100
0 0.293800 0.398600 0.013100 0.026200
0 0.356900 0.840400 0.014800 0.024000
0 0.295600 0.617700 0.013400 0.019000
0 0.347500 0.170200 0.017500 0.021800
0 0.332000 0.431000 0.013500 0.024900
0 0.920600 0.780700 0.016300 0.022600
0 0.495400 0.872700 0.017600 0.022200
0 0.490400 0.035500 0.013400 0.024800
0 0.897500 0.668000 0.014200 0.029000
0 0.044300 0.190300 0.013700 0.023200
0 0.435000 0.868400 0.017200 0.021900
0 0.676000 0.696500 0.012300 0.028200
0 0.460800 0.435000 0.013900 0.021400
0 0.620600 0.905500 0.015200 0.027300
0 0.931700 0.271000 0.012800 0.021100
0 0.404900 0.436400 0.014100 0.024900
0 0.705300 0.223700 0.016800 0.022000
0 0.813900 0.928200 0.018200 0.019400
0 0.840400 0.658700 0.011000 0.035100
0 0.745600 0.685800 0.012000 0.028800
0 0.340600 0.946300 0.011900 0.029500
0 0.666000 0.391700 0.016500 0.022900
0 0.116400 0.155900 0.014600 0.026600
0 0.527800 0.148600 0.014100 0.021800
0 0.551100 0.259700 0.012400 0.034600
0 0.568600 0.468200 0.015500 0.021700
0 0.834000 0.123600 0.014300 0.023500
0 0.165400 0.747100 0.012800 0.025100
0 0.330800 0.759800 0.014600 0.024200
0 0.279200 0.141400 0.010700 0.028300
0 0.867100 0.406900 0.009500 0.037000
0 0.709200 0.166300 0.014300 0.024900
0 0.358200 0.421100 0.011400 0.031000
0 0.741900 0.536700 0.013000 0.024500
0 0.231000 0.448300 0.013300 0.022200
0 0.602100 0.124100 0.015700 0.025500
0 0.479700 0.866000 0.016100 0.024000
0 0.303600 0.407200 0.011500 0.026700
0 0.563200 0.319900 0.012800 0.030500
0 0.139300 0.317700 0.015500 0.021700
0 0.682600 0.445900 0.012200 0.028100
0 0.511000 0.082300 0.011300 0.031100
0 0.974600 0.124200 0.014700 0.024600
0 0.026100 0.300400 0.015800 0.023100
0 0.604700 0.793700 0.010800 0.032000
0 0.577000 0.376900 0.010700 0.023300
0 0.986900 0.721800 0.013200 0.024200
0 0.440400 0.635400 0.012300 0.034200
0 0.246000 0.070100 0.012300 0.025500
0 0.152100 0.301600 0.015000 0.024300
0 0.922400 0.269900 0.012000 0.019900
0 0.784400 0.682000 0.012300 0.023100
0 0.175800 0.123900 0.013900 0.022400
0 0.702900 0.524100 0.011500 0.027400
0 0.651600 0.056400 0.014100 0.021000
0 0.970000 0.348400 0.012500 0.021000
0 0.642100 0.145300 0.014900 0.023700
0 0.328800 0.095800 0.011900 0.028600
0 0.016400 0.726500 0.011600 0.032800
0 0.931500 0.525500 0.013700 0.026400
0 0.101700 0.627000 0.011800 0.034000
0 0.464700 0.042800 0.009900 0.035600
0 0.004000 0.381200 0.008400 0.021700
0 0.579800 0.175900 0.010500 0.037000
0 0.978600 0.353300 0.012000 0.021500
0 0.701200 0.984500 0.011700 0.025700
0 0.676600 0.167800 0.014900 0.023100
0 0.032300 0.136700 0.013500 0.025400
0 0.993700 0.332700 0.008600 0.022000
0 0.240200 0.049400 0.014000 0.025100
0 0.338300 0.727000 0.013500 0.032000
0 0.604400 0.041300 0.014900 0.021700
0 0.485300 0.376900 0.009600 0.036400
0 0.622700 0.117300 0.011300 0.034900
0 0.805500 0.684400 0.010600 0.025000
0 0.569100 0.389700 0.011400 0.021700
0 0.447200 0.018800 0.009800 0.029600
0 0.749100 0.738600 0.011900 0.023900
0 0.574100 0.980500 0.016500 0.022700
0 0.722500 0.074400 0.014200 0.024500
0 0.807600 0.451400 0.013700 0.028200
0 0.380600 0.846000 0.013500 0.031400
0 0.788300 0.678900 0.011300 0.023200
0 0.037100 0.106100 0.010300 0.036900
0 0.545400 0.232700 0.010800 0.035000
0 0.633000 0.021400 0.013700 0.025400
0 0.698900 0.438600 0.010100 0.036600
0 0.551100 0.015700 0.012500 0.020400
0 0.268500 0.289700 0.011600 0.032600
0 0.539800 0.482000 0.010900 0.026700
0 0.454300 0.291100 0.010600 0.047900
0 0.942100 0.433000 0.009300 0.019300
0 0.297300 0.636500 0.013300 0.021800
0 0.211200 0.921400 0.015400 0.025400
0 0.346500 0.897400 0.009900 0.036000
0 0.808500 0.631700 0.011600 0.024300
0 0.244200 0.084900 0.009800 0.028400
0 0.226200 0.534000 0.009600 0.057600
0 0.151562 0.771528 0.012500 0.029167
0 0.161719 0.762500 0.010937 0.025000
0 0.222656 0.920139 0.017188 0.018056
