0 0.161200 0.307400 0.014700 0.026700
0 0.931800 0.271700 0.013500 0.021100
0 0.030600 0.152400 0.013000 0.025100
0 0.029700 0.740600 0.016000 0.024900
0 0.355600 0.271100 0.015300 0.026800
0 0.433000 0.739400 0.013200 0.025300
0 0.093400 0.628900 0.014200 0.023900
0 0.570300 0.682100 0.015100 0.024800
0 0.862000 0.297900 0.013200 0.028100
0 0.405500 0.455000 0.013600 0.026500
0 0.298400 0.580300 0.015400 0.024600
0 0.606900 0.514300 0.015700 0.023000
0 0.297400 0.651900 0.014100 0.024000
0 0.895200 0.384400 0.015000 0.022600
0 0.595500 0.809700 0.012800 0.031500
0 0.192400 0.415800 0.011900 0.028100
0 0.591300 0.895700 0.016100 0.023700
0 0.115800 0.173100 0.014500 0.028300
0 0.229000 0.460100 0.013400 0.023100
0 0.348400 0.184300 0.017900 0.023500
0 0.683400 0.505500 0.011700 0.031100
0 0.392600 0.653300 0.016800 0.021000
0 0.379700 0.473400 0.012900 0.032700
0 0.833700 0.123600 0.015600 0.023300
0 0.796500 0.717400 0.014600 0.025900
0 0.446400 0.260300 0.014500 0.025700
0 0.814200 0.928500 0.018500 0.019100
0 0.367700 0.708600 0.013700 0.025500
0 0.906400 0.605600 0.018400 0.022500
0 0.922600 0.796600 0.017100 0.023500
0 0.218900 0.329700 0.015200 0.022900
0 0.042800 0.432500 0.011100 0.033000
0 0.927600 0.534000 0.012900 0.029300
0 0.197600 0.398900 0.013500 0.024500
0 0.897200 0.683100 0.014600 0.030400
0 0.027300 0.315800 0.015500 0.022000
0 0.860000 0.081500 0.013200 0.020600
0 0.609900 0.315400 0.013300 0.027400
0 0.667000 0.404200 0.015900 0.023500
0 0.369700 0.728200 0.015800 0.022100
0 0.706200 0.240400 0.017500 0.023200
0 0.291700 0.410300 0.012600 0.029700
0 0.006600 0.856600 0.011700 0.033200
0 0.163900 0.757800 0.013300 0.026000
0 0.489200 0.047300 0.015300 0.024100
0 0.676000 0.696400 0.012100 0.030000
0 0.621800 0.923600 0.015000 0.025900
0 0.439400 0.878600 0.018100 0.021100
0 0.679100 0.096100 0.013800 0.023600
0 0.579100 0.190100 0.012000 0.034700
0 0.279200 0.617300 0.013700 0.024200
0 0.038500 0.119400 0.011500 0.033800
0 0.083700 0.798600 0.014100 0.022700
0 0.102400 0.642700 0.011900 0.026800
0 0.381000 0.846600 0.015200 0.030900
0 0.004400 0.382700 0.008600 0.020500
0 0.256700 0.531900 0.014000 0.024400
0 0.700500 0.813500 0.013700 0.027900
0 0.139600 0.333100 0.016000 0.023400
0 0.497100 0.467500 0.015000 0.021600
0 0.594800 0.141300 0.017000 0.022100
0 0.240200 0.056800 0.013800 0.027000
0 0.564600 0.478000 0.017200 0.022200
0 0.151800 0.318800 0.015100 0.024000
0 0.209700 0.536200 0.013100 0.031200
0 0.955200 0.366700 0.013700 0.023900
0 0.089900 0.382900 0.015600 0.022600
0 0.635000 0.155200 0.016000 0.021900
0 0.441300 0.654300 0.012600 0.036800
0 0.742100 0.536900 0.013500 0.024000
0 0.159300 0.778600 0.010100 0.035300
0 0.104000 0.253600 0.016100 0.022600
0 0.589900 0.052000 0.010200 0.032200
0 0.566400 0.289700 0.014000 0.026900
0 0.465800 0.055000 0.009800 0.039400
0 0.719900 0.656700 0.013900 0.024400
0 0.341400 0.965900 0.012600 0.028300
0 0.631900 0.033300 0.012600 0.026000
0 0.471600 0.886700 0.013900 0.026700
0 0.627200 0.131900 0.011900 0.029600
0 0.007600 0.339200 0.013000 0.022700
0 0.358100 0.844000 0.016400 0.026300
0 0.510000 0.256100 0.010400 0.034600
0 0.617000 0.671400 0.013600 0.027600
0 0.704000 0.523900 0.011500 0.027500
0 0.357800 0.436500 0.011200 0.032100
0 0.653100 0.778400 0.014600 0.027800
0 0.701000 0.441300 0.011000 0.039400
0 0.606200 0.806500 0.011400 0.031800
0 0.242400 0.928100 0.017100 0.021900
0 0.508300 0.094900 0.011500 0.034900
0 0.675400 0.460700 0.012800 0.026900
0 0.922600 0.273300 0.012800 0.019700
0 0.775300 0.908500 0.018300 0.021000
0 0.269800 0.305200 0.011300 0.034100
0 0.993300 0.333600 0.010400 0.022100
0 0.042200 0.350600 0.013500 0.024800
0 0.386700 0.027400 0.012900 0.020800
0 0.866100 0.402900 0.009800 0.038700
0 0.353400 0.906600 0.011600 0.032700
0 0.639200 0.411800 0.015200 0.020700
0 0.808300 0.447700 0.013600 0.024900
0 0.884100 0.079100 0.014000 0.023400
0 0.977700 0.354500 0.013300 0.021000
0 0.076000 0.730200 0.015800 0.022300
0 0.152000 0.771800 0.011600 0.027300
0 0.724600 0.081800 0.015300 0.028700
0 0.690500 0.240400 0.013800 0.027700
0 0.969100 0.351000 0.012700 0.022200
0 0.976400 0.138100 0.016900 0.025200
0 0.750600 0.747900 0.013200 0.030100
0 0.448300 0.034300 0.009400 0.036500
0 0.228500 0.544900 0.010500 0.039400
0 0.211200 0.923200 0.015900 0.024000
0 0.942200 0.432300 0.009800 0.019400
0 0.353100 0.010800 0.011400 0.019900
0 0.245312 0.089583 0.012500 0.029167
0 0.245312 0.073611 0.012500 0.033333
0 0.221094 0.923611 0.014062 0.025000
