0 0.916100 0.143500 0.012900 0.025000
0 0.863800 0.314000 0.013800 0.028200
0 0.831300 0.121300 0.014400 0.023100
0 0.103600 0.171500 0.013500 0.027200
0 0.909900 0.626700 0.019000 0.020700
0 0.668100 0.428300 0.018900 0.022500
0 0.376600 0.578000 0.017900 0.022000
0 0.309200 0.897400 0.014000 0.030100
0 0.733500 0.089900 0.013600 0.026600
0 0.264800 0.814900 0.017000 0.024000
0 0.493100 0.054200 0.013600 0.027500
0 0.925700 0.807800 0.017400 0.023600
0 0.583900 0.460000 0.013100 0.021800
0 0.682500 0.516700 0.012000 0.032700
0 0.194000 0.407700 0.014200 0.027600
0 0.233200 0.482200 0.012000 0.025300
0 0.028400 0.314900 0.015000 0.022600
0 0.674300 0.471600 0.014700 0.026800
0 0.381500 0.491900 0.012700 0.032800
0 0.739900 0.533600 0.013700 0.023900
0 0.299200 0.601100 0.015800 0.023200
0 0.405900 0.751500 0.012300 0.029100
0 0.035100 0.168300 0.013800 0.028500
0 0.094000 0.657200 0.013800 0.025000
0 0.040300 0.349000 0.013800 0.025300
0 0.119600 0.193200 0.014700 0.026300
0 0.035000 0.130200 0.011900 0.032900
0 0.931400 0.285300 0.019400 0.026500
0 0.394500 0.671200 0.017200 0.021200
0 0.814000 0.926400 0.019700 0.019000
0 0.370600 0.726300 0.014800 0.025500
0 0.220400 0.346600 0.015600 0.022900
0 0.618300 0.126600 0.012600 0.024300
0 0.706900 0.252900 0.018000 0.023000
0 0.362000 0.444100 0.011900 0.032500
0 0.107700 0.274000 0.016800 0.022400
0 0.610300 0.530600 0.015800 0.023500
0 0.506000 0.373400 0.013700 0.022100
0 0.350500 0.202200 0.016400 0.024200
0 0.865500 0.933100 0.016900 0.024000
0 0.621200 0.356900 0.011100 0.034900
0 0.572100 0.304200 0.014600 0.029000
0 0.443000 0.895000 0.016700 0.022400
0 0.378800 0.843700 0.017500 0.027900
0 0.352700 0.916200 0.012200 0.029100
0 0.563400 0.485900 0.015400 0.024300
0 0.071600 0.953400 0.018600 0.024200
0 0.629500 0.144300 0.011600 0.023800
0 0.524000 0.781500 0.015700 0.022800
0 0.642100 0.173600 0.015100 0.023100
0 0.129700 0.802400 0.017100 0.021800
0 0.300500 0.665200 0.015100 0.025000
0 0.599000 0.823000 0.013200 0.027400
0 0.944000 0.572900 0.018400 0.022300
0 0.806400 0.446100 0.014300 0.025800
0 0.466000 0.083500 0.011200 0.036200
0 0.179200 0.485300 0.012900 0.026300
0 0.703500 0.836600 0.014300 0.027000
0 0.288800 0.422600 0.011900 0.030000
0 0.003800 0.378900 0.007800 0.019900
0 0.358700 0.854700 0.016700 0.022800
0 0.674200 0.692300 0.012000 0.030900
0 0.980900 0.152800 0.015400 0.024000
0 0.356500 0.018100 0.014000 0.028500
0 0.861600 0.395000 0.010400 0.037400
0 0.315100 0.968600 0.016400 0.021600
0 0.373800 0.750500 0.016800 0.021900
0 0.756400 0.762000 0.014500 0.029800
0 0.601900 0.160800 0.016300 0.021700
0 0.141100 0.344000 0.017700 0.020400
0 0.774300 0.915700 0.020200 0.021200
0 0.698800 0.439800 0.011400 0.037100
0 0.729000 0.216900 0.016400 0.025000
0 0.154600 0.339200 0.017500 0.021500
0 0.211700 0.576800 0.012900 0.037200
0 0.622900 0.951200 0.014600 0.025900
0 0.586600 0.911900 0.016100 0.023800
0 0.641500 0.052400 0.012200 0.031300
0 0.316000 0.235100 0.012700 0.033500
0 0.154600 0.767000 0.013200 0.026400
0 0.239000 0.058300 0.014800 0.027500
0 0.163400 0.794100 0.011300 0.035700
0 0.037100 0.760800 0.017300 0.025300
0 0.445500 0.673400 0.012500 0.036400
0 0.593800 0.768000 0.015300 0.024900
0 0.509100 0.104600 0.011000 0.035900
0 0.340500 0.983100 0.012300 0.022500
0 0.517100 0.324400 0.019700 0.020600
0 0.559500 0.823900 0.014700 0.022500
0 0.583400 0.213600 0.011600 0.038500
0 0.163000 0.322600 0.015100 0.026100
0 0.474500 0.910600 0.015400 0.027100
0 0.273700 0.318200 0.010200 0.035300
0 0.607900 0.822900 0.011200 0.031100
0 0.899600 0.705100 0.015400 0.029000
0 0.930200 0.549400 0.014000 0.027700
0 0.046800 0.451100 0.010600 0.036600
0 0.842900 0.817900 0.015500 0.023600
0 0.390200 0.550900 0.016900 0.021300
0 0.105200 0.664900 0.012000 0.029900
0 0.004200 0.213200 0.008500 0.022300
0 0.174100 0.465700 0.014300 0.022600
0 0.147500 0.767400 0.013200 0.021800
0 0.009300 0.411500 0.012800 0.024700
0 0.702400 0.522300 0.010800 0.027800
0 0.234900 0.555600 0.012600 0.037700
0 0.243100 0.083300 0.010200 0.035900
0 0.452900 0.040900 0.010000 0.039200
0 0.153800 0.011200 0.014300 0.022000
0 0.981000 0.816900 0.014000 0.029900
0 0.408700 0.463900 0.011600 0.023900
0 0.971094 0.352083 0.020312 0.034722
0 0.209375 0.929861 0.012500 0.029167
0 0.220313 0.929167 0.015625 0.022222
