0 0.598700 0.730800 0.014800 0.024300
0 0.652100 0.922000 0.014400 0.022300
0 0.022700 0.365400 0.017100 0.020600
0 0.407100 0.690300 0.015900 0.024700
0 0.448700 0.328200 0.016300 0.024400
0 0.734800 0.894000 0.015600 0.024400
0 0.156400 0.893500 0.015800 0.022600
0 0.185100 0.409400 0.014500 0.027600
0 0.583900 0.672300 0.014000 0.021600
0 0.534400 0.823200 0.016100 0.022000
0 0.389500 0.793300 0.017900 0.021400
0 0.617900 0.867300 0.014100 0.026700
0 0.781900 0.640000 0.011800 0.028500
0 0.427900 0.831200 0.015500 0.021800
0 0.619900 0.266200 0.015800 0.024000
0 0.517700 0.745400 0.014500 0.024900
0 0.057400 0.681700 0.017900 0.020500
0 0.171000 0.927100 0.016100 0.022600
0 0.715700 0.769700 0.016600 0.023700
0 0.393900 0.760600 0.015600 0.020600
0 0.814200 0.157200 0.015400 0.025500
0 0.655500 0.943000 0.013200 0.026400
0 0.607400 0.698100 0.015100 0.024000
0 0.053600 0.659900 0.016500 0.022900
0 0.953400 0.871600 0.013600 0.028000
0 0.030000 0.936300 0.015300 0.023400
0 0.756400 0.858700 0.015900 0.023700
0 0.283700 0.892400 0.020800 0.022600
0 0.372700 0.709300 0.012100 0.028400
0 0.869100 0.784000 0.015900 0.022000
0 0.505400 0.215800 0.017600 0.022600
0 0.394800 0.711400 0.013800 0.028700
0 0.492000 0.769500 0.013100 0.029500
0 0.817100 0.906600 0.014000 0.026000
0 0.219600 0.277000 0.017300 0.022200
0 0.283700 0.958300 0.017300 0.029300
0 0.316000 0.781600 0.010700 0.037000
0 0.008600 0.956800 0.013300 0.022200
0 0.735300 0.673000 0.015800 0.024700
0 0.721100 0.683200 0.014600 0.023700
0 0.496100 0.106400 0.014500 0.025700
0 0.144200 0.858400 0.017200 0.024000
0 0.217200 0.359500 0.019400 0.022800
0 0.382200 0.380500 0.017200 0.021400
0 0.485100 0.210800 0.015500 0.021300
0 0.346500 0.784600 0.016000 0.022700
0 0.114700 0.878700 0.018100 0.022600
0 0.641600 0.422800 0.016700 0.020600
0 0.609800 0.551000 0.017400 0.020400
0 0.597200 0.857800 0.016400 0.025100
0 0.867600 0.409500 0.015000 0.026200
0 0.902100 0.933500 0.010900 0.034500
0 0.944900 0.279500 0.012200 0.033800
0 0.106900 0.027100 0.017400 0.023600
0 0.035700 0.119200 0.014000 0.032500
0 0.327400 0.370800 0.014400 0.026800
0 0.015900 0.773800 0.017000 0.021800
0 0.003300 0.192700 0.007700 0.021700
0 0.502200 0.831200 0.015900 0.022800
0 0.142000 0.836400 0.015300 0.023900
0 0.004100 0.932000 0.011900 0.022000
0 0.604200 0.714200 0.015600 0.021300
0 0.803200 0.882000 0.016000 0.022000
0 0.828800 0.418200 0.013900 0.027000
0 0.273600 0.870400 0.015900 0.023200
0 0.108200 0.756700 0.015800 0.025700
0 0.165400 0.871700 0.015500 0.025500
0 0.041600 0.971400 0.014300 0.027600
0 0.269500 0.691600 0.017500 0.021600
0 0.478100 0.841200 0.016500 0.022600
0 0.195400 0.370900 0.019400 0.025000
0 0.652500 0.979300 0.015200 0.022300
0 0.338500 0.906200 0.015000 0.020100
0 0.582500 0.604600 0.013300 0.029500
0 0.359700 0.882300 0.015400 0.022400
0 0.163000 0.666000 0.016900 0.022600
0 0.953300 0.836400 0.017500 0.024500
0 0.523400 0.283200 0.014300 0.027200
0 0.228900 0.866700 0.013600 0.029400
0 0.585100 0.570700 0.018000 0.021600
0 0.358000 0.624100 0.012800 0.025500
0 0.333800 0.244000 0.015100 0.026700
0 0.911500 0.418600 0.014900 0.023400
0 0.302800 0.959200 0.016300 0.029100
0 0.321200 0.328700 0.016000 0.022100
0 0.368800 0.945700 0.015900 0.019400
0 0.671300 0.452600 0.017900 0.023700
0 0.623800 0.153900 0.013700 0.022600
0 0.498200 0.472400 0.016900 0.020400
0 0.216300 0.418800 0.015000 0.025900
0 0.069100 0.368700 0.015300 0.024400
0 0.373400 0.821000 0.015400 0.025000
0 0.401300 0.384200 0.015800 0.022500
0 0.257100 0.869700 0.015700 0.025700
0 0.889800 0.680600 0.017300 0.022300
0 0.877000 0.922000 0.011700 0.031800
0 0.305400 0.871600 0.018800 0.023600
0 0.339800 0.608100 0.011700 0.032500
0 0.069700 0.873600 0.016800 0.024100
0 0.538400 0.618500 0.016400 0.021700
0 0.368700 0.310900 0.015700 0.026100
0 0.735700 0.938800 0.014700 0.025200
0 0.343200 0.840400 0.013500 0.026800
0 0.356800 0.128800 0.015300 0.026500
0 0.107200 0.663500 0.015500 0.023300
0 0.623800 0.845200 0.013300 0.026600
0 0.794200 0.378500 0.016500 0.022400
0 0.139600 0.943400 0.017400 0.021000
0 0.356800 0.718200 0.014300 0.027000
0 0.234800 0.626900 0.013900 0.027600
0 0.239000 0.442800 0.018000 0.020200
0 0.189400 0.223400 0.017000 0.022100
0 0.241600 0.743800 0.012200 0.031800
0 0.969600 0.669100 0.018300 0.022600
0 0.943300 0.851500 0.014400 0.024600
0 0.145200 0.373400 0.018000 0.024300
0 0.118800 0.405000 0.016700 0.019600
0 0.769400 0.268500 0.014900 0.031600
0 0.059700 0.348000 0.016300 0.024200
0 0.185400 0.711000 0.016700 0.020300
0 0.184400 0.774300 0.017800 0.022000
0 0.396200 0.051700 0.013200 0.035000
0 0.688600 0.844300 0.011300 0.030500
0 0.519100 0.511100 0.013800 0.023700
0 0.148000 0.056300 0.016400 0.025600
0 0.257700 0.905900 0.016700 0.025900
0 0.527800 0.089300 0.017000 0.025800
0 0.169800 0.765800 0.014700 0.025100
0 0.878800 0.870900 0.013700 0.025400
0 0.531800 0.853900 0.013400 0.027800
0 0.802700 0.770400 0.016000 0.026800
0 0.422600 0.880500 0.012800 0.027200
0 0.922100 0.591800 0.015500 0.023000
0 0.710800 0.976600 0.015400 0.024900
0 0.021700 0.164400 0.014500 0.020000
0 0.668500 0.243600 0.015400 0.022800
0 0.014100 0.623800 0.018600 0.023500
0 0.868800 0.908000 0.012900 0.026500
0 0.440800 0.909100 0.013700 0.021500
0 0.916900 0.417500 0.013400 0.027100
0 0.715400 0.256600 0.013600 0.034100
0 0.418300 0.859000 0.013600 0.022600
0 0.306000 0.295800 0.016400 0.021700
0 0.856200 0.479700 0.015500 0.023600
0 0.030300 0.249000 0.014800 0.021500
0 0.510700 0.288700 0.015000 0.026500
0 0.039900 0.259500 0.014700 0.021500
0 0.584300 0.221900 0.012900 0.030900
0 0.959400 0.454800 0.013900 0.029200
0 0.340700 0.714800 0.014800 0.025800
0 0.073500 0.096300 0.015700 0.026400
0 0.078700 0.031000 0.013200 0.032500
0 0.854200 0.760300 0.014800 0.027700
0 0.340000 0.972900 0.016900 0.022000
0 0.679100 0.748600 0.011000 0.030400
0 0.419600 0.439600 0.017500 0.020700
0 0.516200 0.605300 0.018200 0.022900
0 0.598200 0.561000 0.017000 0.021400
0 0.028500 0.421800 0.017100 0.021900
0 0.082500 0.116800 0.014900 0.023900
0 0.670800 0.303400 0.012800 0.035600
0 0.218200 0.468000 0.013100 0.032300
0 0.460500 0.214400 0.016300 0.023000
0 0.394400 0.639100 0.013300 0.026700
0 0.023400 0.154900 0.013500 0.020400
0 0.256000 0.156400 0.013900 0.026500
0 0.120100 0.444000 0.017700 0.018500
0 0.573600 0.131100 0.015800 0.024900
0 0.835200 0.536100 0.014400 0.027100
0 0.868500 0.869800 0.014700 0.024900
0 0.773100 0.142100 0.016300 0.023300
0 0.410200 0.129700 0.013500 0.028200
0 0.579700 0.984200 0.013700 0.026900
0 0.094700 0.436400 0.020800 0.019600
0 0.329800 0.670200 0.013400 0.031000
0 0.859200 0.657800 0.013500 0.024700
0 0.930400 0.511100 0.013500 0.026300
0 0.004000 0.854500 0.008500 0.023500
0 0.740100 0.926800 0.014200 0.024800
0 0.353000 0.851100 0.011500 0.028200
0 0.967500 0.360700 0.015000 0.024500
0 0.074300 0.326600 0.013200 0.028700
0 0.523100 0.703200 0.015400 0.025600
0 0.628200 0.220700 0.014300 0.023500
0 0.077100 0.456300 0.018100 0.020400
0 0.065900 0.835400 0.017300 0.026700
0 0.099000 0.321700 0.014400 0.026600
0 0.611600 0.872800 0.014600 0.023400
0 0.964600 0.384900 0.014700 0.024800
0 0.795600 0.456200 0.014100 0.022500
0 0.315400 0.203700 0.013600 0.031900
0 0.785800 0.069200 0.016800 0.026200
0 0.565900 0.070400 0.015800 0.023800
0 0.567600 0.194900 0.014100 0.024500
0 0.771500 0.464600 0.015600 0.024300
0 0.354400 0.372500 0.016700 0.021300
0 0.671600 0.047000 0.014300 0.027600
0 0.754500 0.118000 0.017000 0.025800
0 0.977500 0.966200 0.016600 0.020600
0 0.570600 0.241000 0.015700 0.023700
0 0.859800 0.842900 0.017000 0.021700
0 0.432700 0.247700 0.011800 0.032900
0 0.515100 0.968300 0.013700 0.025100
0 0.371000 0.589000 0.013900 0.025700
0 0.126000 0.031300 0.014100 0.030100
0 0.790900 0.493300 0.016200 0.022600
0 0.672100 0.096500 0.012800 0.023300
0 0.840000 0.723300 0.014100 0.028300
0 0.363900 0.040800 0.016100 0.025900
0 0.072600 0.072100 0.016800 0.023200
0 0.083000 0.730500 0.016400 0.025200
0 0.444900 0.963900 0.011800 0.034100
0 0.541000 0.977700 0.017500 0.022600
0 0.107400 0.559700 0.015700 0.025100
0 0.270500 0.560700 0.017100 0.028500
0 0.717000 0.128100 0.015500 0.024500
0 0.828900 0.208000 0.012100 0.033700
0 0.042800 0.621800 0.014800 0.031100
0 0.156600 0.873500 0.016900 0.023400
0 0.990100 0.958100 0.010100 0.031000
0 0.706900 0.595600 0.014000 0.022500
0 0.067600 0.484000 0.016100 0.022900
0 0.611700 0.965100 0.015700 0.022400
0 0.828400 0.344200 0.014900 0.024500
0 0.756800 0.450700 0.018000 0.022300
0 0.972300 0.491000 0.013500 0.024000
0 0.832900 0.270000 0.012600 0.022300
0 0.850900 0.027200 0.016100 0.029600
0 0.609400 0.340500 0.015400 0.023100
0 0.501000 0.671600 0.016200 0.025800
0 0.172100 0.486300 0.015400 0.022500
0 0.392400 0.454500 0.015900 0.023700
0 0.870600 0.255600 0.016700 0.021100
0 0.610900 0.167500 0.012400 0.031400
0 0.414800 0.480700 0.016200 0.022100
0 0.164200 0.259000 0.013600 0.020600
0 0.654300 0.171500 0.014800 0.023600
0 0.561500 0.513500 0.014800 0.025800
0 0.419100 0.155000 0.014000 0.022600
0 0.594300 0.260900 0.015800 0.023000
0 0.072900 0.245400 0.015300 0.026200
0 0.751400 0.681200 0.015600 0.026700
0 0.047600 0.431500 0.015200 0.022500
0 0.825700 0.498900 0.014300 0.025700
0 0.211600 0.933700 0.013900 0.029800
0 0.122300 0.459000 0.017300 0.022200
0 0.068900 0.985000 0.014900 0.028300
0 0.535300 0.022000 0.017500 0.028100
0 0.136000 0.267300 0.013800 0.029400
0 0.864200 0.592300 0.012200 0.029800
0 0.014400 0.432100 0.013300 0.023700
0 0.233200 0.134900 0.015700 0.023100
0 0.369400 0.084400 0.013300 0.028300
0 0.568500 0.173100 0.015100 0.027200
0 0.655400 0.458300 0.015200 0.024700
0 0.680900 0.853800 0.013100 0.025800
0 0.871900 0.244600 0.015800 0.021500
0 0.524300 0.347800 0.014400 0.028100
0 0.806700 0.066300 0.015900 0.027700
0 0.218300 0.710100 0.014700 0.025800
0 0.141800 0.582900 0.011800 0.035600
0 0.171100 0.544500 0.016400 0.024700
0 0.407900 0.156400 0.012200 0.025300
0 0.957900 0.413400 0.013100 0.026600
0 0.725600 0.238900 0.014700 0.029400
0 0.196500 0.416900 0.014100 0.029500
0 0.077700 0.613900 0.016400 0.025200
0 0.372700 0.639200 0.013400 0.025900
0 0.559700 0.688700 0.014500 0.025600
0 0.872900 0.348700 0.014800 0.024000
0 0.002600 0.477800 0.006300 0.023400
0 0.216000 0.971500 0.014700 0.024000
0 0.669700 0.226700 0.014200 0.025400
0 0.982000 0.409900 0.012700 0.036300
0 0.627900 0.040300 0.012900 0.031200
0 0.618700 0.288700 0.017800 0.020700
0 0.947700 0.771600 0.016800 0.022800
0 0.365000 0.473800 0.015900 0.022900
0 0.843200 0.307900 0.014000 0.027200
0 0.853900 0.665200 0.014500 0.022600
0 0.466800 0.097000 0.012300 0.030900
0 0.949000 0.986200 0.016800 0.022900
0 0.708800 0.094700 0.012100 0.035000
0 0.811900 0.575600 0.015500 0.023500
0 0.988500 0.710400 0.013300 0.023000
0 0.158900 0.461900 0.017400 0.022700
0 0.299500 0.305900 0.015900 0.022800
0 0.916800 0.798800 0.015300 0.023900
0 0.911200 0.647800 0.016900 0.023800
0 0.959400 0.211100 0.016300 0.023600
0 0.911200 0.116000 0.016400 0.028800
0 0.015800 0.633100 0.019300 0.022500
0 0.581000 0.182100 0.013200 0.026200
0 0.304200 0.222200 0.016100 0.018100
0 0.768700 0.204000 0.014700 0.029700
0 0.914800 0.515100 0.015100 0.024500
0 0.231400 0.014700 0.014100 0.021700
0 0.680700 0.184600 0.013900 0.031500
0 0.238500 0.473400 0.016300 0.022900
0 0.638200 0.447700 0.017500 0.024200
0 0.716300 0.335100 0.019500 0.023200
0 0.968600 0.245000 0.013300 0.031800
0 0.473800 0.903700 0.015000 0.024900
0 0.118700 0.542100 0.015400 0.025100
0 0.718200 0.289900 0.016100 0.027900
0 0.314400 0.018800 0.016500 0.022500
0 0.730100 0.018400 0.012400 0.031100
0 0.288300 0.431800 0.016800 0.020400
0 0.837900 0.598100 0.011000 0.027700
0 0.627200 0.107500 0.016700 0.024700
0 0.232000 0.976900 0.017100 0.026300
0 0.705700 0.291000 0.015300 0.029200
0 0.488400 0.872400 0.016500 0.024100
0 0.329200 0.036300 0.015100 0.025000
0 0.674000 0.477400 0.016200 0.023600
0 0.549200 0.101900 0.015000 0.025200
0 0.272300 0.972800 0.017400 0.029000
0 0.538000 0.391300 0.014800 0.026900
0 0.770100 0.120600 0.015900 0.026300
0 0.824000 0.768200 0.015600 0.025100
0 0.117000 0.531700 0.016100 0.024400
0 0.420900 0.176500 0.011900 0.028100
0 0.638500 0.059900 0.011800 0.033600
0 0.353200 0.151100 0.015800 0.028300
0 0.555300 0.210800 0.013900 0.024300
0 0.506700 0.090100 0.015500 0.024200
0 0.100500 0.702600 0.014900 0.023700
0 0.285900 0.084500 0.014700 0.025700
0 0.638000 0.365100 0.014500 0.022700
0 0.972300 0.223100 0.016500 0.021400
0 0.006800 0.409800 0.011200 0.022100
0 0.753000 0.053200 0.016500 0.028100
0 0.760000 0.090300 0.018800 0.028000
0 0.382200 0.092300 0.012600 0.032500
0 0.061800 0.501700 0.015800 0.024600
0 0.683100 0.114400 0.014500 0.028100
0 0.449200 0.497400 0.017300 0.021400
0 0.861200 0.292900 0.010300 0.031500
0 0.926700 0.780000 0.018500 0.021200
0 0.929100 0.576800 0.013100 0.027800
0 0.863500 0.327800 0.013400 0.028100
0 0.283800 0.097000 0.011600 0.025700
0 0.353000 0.060900 0.014700 0.026600
0 0.463400 0.077400 0.014900 0.026600
0 0.689600 0.480800 0.013200 0.024600
0 0.569141 0.351389 0.019531 0.036111
0 0.208984 0.636806 0.014844 0.037500
0 0.367188 0.631944 0.012500 0.025000
0 0.293750 0.905556 0.015625 0.022222
0 0.023438 0.943750 0.010937 0.018056
0 0.228125 0.781944 0.014062 0.022222
0 0.216406 0.781944 0.014062 0.022222
0 0.692969 0.450694 0.012500 0.018056
0 0.897656 0.983333 0.009375 0.025000
0 0.214062 0.154167 0.012500 0.033333
0 0.223438 0.147222 0.009375 0.025000
0 0.945312 0.211806 0.014062 0.018056
