0 0.219400 0.368000 0.017600 0.022400
0 0.584200 0.671000 0.014100 0.019600
0 0.397000 0.791900 0.015400 0.022400
0 0.241000 0.445500 0.019100 0.020900
0 0.029900 0.935100 0.014900 0.021700
0 0.902600 0.930100 0.010600 0.030200
0 0.395500 0.758900 0.014900 0.019100
0 0.434800 0.917000 0.014800 0.024500
0 0.421800 0.857500 0.015100 0.022400
0 0.285600 0.429800 0.016400 0.019600
0 0.394800 0.060200 0.016100 0.029900
0 0.533800 0.858100 0.014800 0.024900
0 0.022100 0.159600 0.014400 0.019500
0 0.877100 0.819600 0.016300 0.023500
0 0.722000 0.684200 0.016300 0.024200
0 0.297500 0.719300 0.017200 0.021100
0 0.422700 0.655900 0.015100 0.023800
0 0.867800 0.615000 0.012100 0.032100
0 0.811500 0.575900 0.016700 0.022000
0 0.933600 0.507500 0.014400 0.027100
0 0.370700 0.316000 0.014800 0.027600
0 0.318800 0.751100 0.015600 0.023000
0 0.532500 0.704600 0.015500 0.023200
0 0.607800 0.964300 0.012500 0.029600
0 0.783500 0.639600 0.013300 0.027900
0 0.428700 0.830700 0.015900 0.019500
0 0.251100 0.472300 0.018800 0.023500
0 0.458100 0.889300 0.014000 0.026500
0 0.573500 0.466100 0.013700 0.028700
0 0.027800 0.368000 0.019100 0.021000
0 0.794100 0.376900 0.016600 0.024200
0 0.181800 0.410800 0.015400 0.025200
0 0.564000 0.515600 0.014400 0.023700
0 0.363800 0.892000 0.016600 0.022000
0 0.615600 0.872300 0.013900 0.025000
0 0.459400 0.218900 0.017700 0.022800
0 0.046300 0.654500 0.015900 0.023700
0 0.059300 0.681900 0.017500 0.020600
0 0.864100 0.920500 0.013800 0.031700
0 0.540300 0.617000 0.016600 0.019800
0 0.215300 0.816600 0.016600 0.022500
0 0.777600 0.805000 0.019000 0.025800
0 0.527600 0.743700 0.014000 0.024500
0 0.615200 0.558900 0.015400 0.027400
0 0.270600 0.170700 0.014600 0.028700
0 0.507000 0.220300 0.015600 0.022300
0 0.652500 0.954400 0.015900 0.024700
0 0.681800 0.758100 0.011400 0.033700
0 0.004400 0.932700 0.010300 0.019400
0 0.860300 0.658900 0.013100 0.027000
0 0.866900 0.785000 0.014500 0.022100
0 0.599000 0.863100 0.015700 0.022800
0 0.113900 0.035800 0.018400 0.023200
0 0.039900 0.878900 0.016200 0.024200
0 0.773300 0.878600 0.017200 0.021400
0 0.342500 0.795100 0.013700 0.025500
0 0.607100 0.826400 0.014600 0.023600
0 0.223600 0.590000 0.014500 0.029100
0 0.838200 0.598400 0.012800 0.026700
0 0.607800 0.697100 0.014200 0.022200
0 0.005500 0.881500 0.009200 0.022100
0 0.319300 0.148000 0.018300 0.020600
0 0.878700 0.918200 0.012400 0.033600
0 0.769500 0.853600 0.016300 0.021600
0 0.424200 0.881900 0.013300 0.026700
0 0.229500 0.783700 0.017900 0.021400
0 0.341500 0.904300 0.016100 0.020600
0 0.648400 0.979800 0.016500 0.022800
0 0.527300 0.565100 0.015100 0.023000
0 0.743000 0.667200 0.017000 0.024500
0 0.069900 0.370100 0.015300 0.023800
0 0.101000 0.654600 0.013900 0.026100
0 0.198800 0.418100 0.014000 0.026300
0 0.640700 0.040800 0.012500 0.032500
0 0.315400 0.722200 0.016100 0.022500
0 0.629000 0.877600 0.010700 0.032700
0 0.420100 0.444000 0.017100 0.020400
0 0.269900 0.692600 0.017100 0.021900
0 0.444200 0.334100 0.015600 0.023500
0 0.830300 0.419600 0.013500 0.027500
0 0.011500 0.631500 0.016900 0.023000
0 0.107600 0.554700 0.016000 0.022100
0 0.859600 0.838900 0.016200 0.024900
0 0.123600 0.078300 0.014600 0.029200
0 0.640900 0.421500 0.016300 0.022000
0 0.618600 0.265200 0.015500 0.022600
0 0.519300 0.704700 0.016400 0.023600
0 0.122800 0.405300 0.017300 0.020300
0 0.182700 0.904600 0.015400 0.025200
0 0.485000 0.213600 0.014200 0.020700
0 0.880100 0.865300 0.014100 0.023700
0 0.016600 0.772200 0.016800 0.023300
0 0.289200 0.082300 0.015100 0.022900
0 0.505300 0.829500 0.015500 0.023600
0 0.410000 0.392400 0.016600 0.025300
0 0.189400 0.221900 0.016600 0.023700
0 0.865300 0.407700 0.014900 0.024900
0 0.751700 0.331100 0.013200 0.025500
0 0.623900 0.154700 0.013600 0.024300
0 0.227500 0.192200 0.013700 0.030700
0 0.339900 0.268400 0.013900 0.030900
0 0.140300 0.920300 0.014000 0.024800
0 0.122500 0.553900 0.015100 0.023400
0 0.519000 0.510200 0.014600 0.021300
0 0.342400 0.716900 0.014700 0.022400
0 0.516700 0.302300 0.012300 0.032500
0 0.071600 0.023300 0.018600 0.024800
0 0.568300 0.192700 0.015600 0.021800
0 0.571300 0.245100 0.016500 0.020400
0 0.399300 0.720000 0.015100 0.022700
0 0.118700 0.456200 0.017800 0.025100
0 0.110600 0.882200 0.017300 0.020000
0 0.971200 0.608200 0.017900 0.024000
0 0.041000 0.064100 0.018100 0.026900
0 0.284700 0.221400 0.015600 0.025200
0 0.318600 0.065100 0.015100 0.025700
0 0.216200 0.419900 0.015400 0.025500
0 0.208700 0.279000 0.017000 0.023700
0 0.060600 0.251700 0.019400 0.022800
0 0.969100 0.920000 0.016400 0.023800
0 0.246200 0.568300 0.016600 0.024700
0 0.893800 0.679600 0.013900 0.022800
0 0.706800 0.976800 0.014900 0.026200
0 0.843700 0.835800 0.013400 0.030400
0 0.867100 0.867100 0.015100 0.021500
0 0.829900 0.341000 0.015500 0.020800
0 0.451900 0.977000 0.012400 0.032900
0 0.359400 0.625700 0.012700 0.029000
0 0.829500 0.353500 0.014300 0.023200
0 0.720200 0.886900 0.016100 0.022400
0 0.688600 0.842000 0.011600 0.030700
0 0.240400 0.742500 0.012800 0.031800
0 0.639300 0.366600 0.014800 0.022800
0 0.194100 0.773200 0.018000 0.022100
0 0.254400 0.921100 0.014600 0.028800
0 0.834300 0.053600 0.015200 0.028300
0 0.321800 0.960200 0.018900 0.023500
0 0.919800 0.591000 0.016300 0.021100
0 0.611500 0.167000 0.013400 0.029000
0 0.004000 0.197800 0.008600 0.022300
0 0.671500 0.308400 0.016600 0.026800
0 0.841900 0.545500 0.014200 0.027100
0 0.731600 0.246900 0.015400 0.031800
0 0.473300 0.744400 0.014700 0.026400
0 0.372700 0.589000 0.014500 0.026800
0 0.967900 0.693300 0.017100 0.020200
0 0.211700 0.624000 0.016700 0.025300
0 0.219800 0.781300 0.017800 0.021100
0 0.554700 0.043200 0.014600 0.027100
0 0.169600 0.880000 0.014700 0.026300
0 0.906900 0.652900 0.015000 0.024800
0 0.239800 0.143200 0.017200 0.021400
0 0.784300 0.614900 0.015700 0.023400
0 0.060100 0.302600 0.013200 0.034500
0 0.331700 0.173700 0.017600 0.018300
0 0.528400 0.348900 0.014400 0.027100
0 0.752700 0.452900 0.016400 0.022800
0 0.415500 0.479100 0.016300 0.023300
0 0.078000 0.331400 0.015700 0.025700
0 0.326800 0.384000 0.015100 0.034500
0 0.152400 0.933300 0.017500 0.023500
0 0.007200 0.956300 0.014100 0.026400
0 0.601800 0.268100 0.016400 0.021300
0 0.581100 0.180700 0.013900 0.025900
0 0.347500 0.855600 0.013000 0.030700
0 0.565800 0.270200 0.016600 0.024200
0 0.511800 0.555300 0.016300 0.023800
0 0.870600 0.254700 0.016100 0.020300
0 0.129300 0.030100 0.016400 0.025600
0 0.627300 0.221100 0.015200 0.023000
0 0.902800 0.958600 0.009000 0.031400
0 0.555900 0.215500 0.015400 0.023500
0 0.628900 0.035700 0.012900 0.030800
0 0.608600 0.340700 0.016200 0.022000
0 0.790300 0.577600 0.013800 0.024600
0 0.140400 0.658600 0.013500 0.029300
0 0.108300 0.406200 0.015500 0.026300
0 0.677400 0.477500 0.015300 0.023500
0 0.015100 0.432300 0.013900 0.026100
0 0.248000 0.344200 0.017900 0.023600
0 0.552000 0.106700 0.014400 0.026600
0 0.455600 0.045500 0.013900 0.026900
0 0.384500 0.816000 0.014700 0.025500
0 0.373500 0.639700 0.013600 0.026100
0 0.434100 0.260100 0.010800 0.034600
0 0.078100 0.458700 0.018000 0.021600
0 0.304100 0.959500 0.019100 0.023200
0 0.519600 0.719000 0.013700 0.023100
0 0.206100 0.693800 0.013200 0.027700
0 0.029200 0.422600 0.015900 0.023100
0 0.278800 0.820900 0.015600 0.025700
0 0.170100 0.544800 0.016500 0.023600
0 0.510600 0.613500 0.019600 0.021500
0 0.110900 0.494400 0.014800 0.028300
0 0.183000 0.082300 0.016900 0.025700
0 0.148400 0.840400 0.015400 0.021200
0 0.141900 0.128800 0.015800 0.024500
0 0.485800 0.865900 0.018400 0.021600
0 0.270800 0.897500 0.016200 0.025700
0 0.604500 0.738300 0.013900 0.026900
0 0.373200 0.711100 0.013700 0.024400
0 0.969600 0.446600 0.016100 0.023300
0 0.716200 0.373600 0.018700 0.022500
0 0.257900 0.415200 0.013600 0.024200
0 0.931800 0.576400 0.013800 0.027300
0 0.186900 0.358600 0.014900 0.026800
0 0.768400 0.134700 0.017200 0.024700
0 0.709700 0.095900 0.014000 0.032200
0 0.367900 0.478300 0.014100 0.024700
0 0.264100 0.872900 0.013800 0.029800
0 0.368300 0.044300 0.015700 0.023600
0 0.776900 0.717600 0.014900 0.025700
0 0.145700 0.895400 0.016000 0.023000
0 0.284300 0.957600 0.017700 0.026100
0 0.566800 0.070400 0.016400 0.023300
0 0.794800 0.455900 0.013600 0.023800
0 0.673700 0.048300 0.014400 0.027300
0 0.989700 0.957800 0.011500 0.024900
0 0.446500 0.039900 0.013700 0.027900
0 0.601300 0.561500 0.014500 0.024800
0 0.945100 0.780100 0.016800 0.023900
0 0.664400 0.250500 0.016600 0.023300
0 0.192700 0.680200 0.016100 0.021100
0 0.977500 0.965900 0.016200 0.020400
0 0.051000 0.851700 0.015300 0.027700
0 0.872000 0.241700 0.015800 0.020400
0 0.907800 0.719400 0.011100 0.036400
0 0.042100 0.404800 0.012200 0.026600
0 0.216700 0.968800 0.017600 0.021600
0 0.416300 0.147900 0.013800 0.026600
0 0.790600 0.870900 0.017300 0.023900
0 0.910800 0.429200 0.014600 0.021900
0 0.873500 0.472300 0.016500 0.025900
0 0.989700 0.845600 0.012100 0.024700
0 0.345200 0.160500 0.014500 0.025900
0 0.378200 0.071900 0.017100 0.025100
0 0.083400 0.729200 0.016100 0.025200
0 0.605500 0.711000 0.013700 0.024700
0 0.706500 0.280500 0.014200 0.027500
0 0.754400 0.117100 0.017600 0.025800
0 0.529000 0.090000 0.016300 0.025100
0 0.074000 0.478400 0.016300 0.023700
0 0.215300 0.915100 0.014900 0.030200
0 0.095200 0.554400 0.016100 0.022500
0 0.833600 0.270500 0.013000 0.021300
0 0.959900 0.209500 0.016200 0.021200
0 0.620400 0.834500 0.012100 0.031000
0 0.977300 0.364600 0.015200 0.023200
0 0.696100 0.104400 0.013800 0.028900
0 0.392600 0.452300 0.015300 0.024100
0 0.618400 0.288300 0.017500 0.020600
0 0.569500 0.171800 0.016600 0.024700
0 0.469900 0.102200 0.011000 0.038500
0 0.791400 0.486300 0.014300 0.022200
0 0.783400 0.017900 0.012600 0.028200
0 0.717300 0.336100 0.017000 0.023000
0 0.186200 0.719300 0.016500 0.021900
0 0.931300 0.549100 0.014200 0.023900
0 0.911400 0.671500 0.014900 0.024500
0 0.164600 0.921100 0.017400 0.024000
0 0.972000 0.223300 0.014900 0.022900
0 0.678700 0.115900 0.015000 0.027000
0 0.165300 0.260300 0.012800 0.020800
0 0.382400 0.093300 0.018100 0.022800
0 0.992400 0.708400 0.013700 0.024100
0 0.284600 0.892400 0.017500 0.025700
0 0.921900 0.420100 0.012600 0.025900
0 0.341600 0.980600 0.018700 0.027700
0 0.744300 0.169600 0.012900 0.032200
0 0.986700 0.510500 0.012900 0.025400
0 0.276900 0.026400 0.016000 0.026200
0 0.359600 0.057700 0.014700 0.026400
0 0.359400 0.160200 0.012600 0.033500
0 0.965200 0.368300 0.014600 0.023700
0 0.988900 0.179800 0.009000 0.033800
0 0.979000 0.409800 0.014700 0.027000
0 0.446500 0.376800 0.015400 0.021100
0 0.339700 0.236400 0.014600 0.026600
0 0.156000 0.866100 0.013600 0.027800
0 0.414100 0.126600 0.014800 0.024800
0 0.670400 0.451600 0.017400 0.022400
0 0.961300 0.409800 0.016900 0.022700
0 0.838800 0.171100 0.017400 0.024000
0 0.759800 0.083600 0.019500 0.028400
0 0.064500 0.985600 0.011600 0.025700
0 0.341300 0.614300 0.011200 0.030600
0 0.601800 0.248800 0.016900 0.022000
0 0.829100 0.205400 0.012900 0.032300
0 0.674300 0.094800 0.014000 0.021900
0 0.717500 0.266700 0.013700 0.029200
0 0.116800 0.766300 0.019900 0.021800
0 0.389900 0.092500 0.016900 0.025200
0 0.657100 0.458200 0.015700 0.023900
0 0.993900 0.815300 0.009300 0.025500
0 0.061700 0.497900 0.015100 0.026800
0 0.279500 0.871200 0.015200 0.023000
0 0.436100 0.657700 0.013300 0.024800
0 0.680400 0.853200 0.012600 0.026300
0 0.876100 0.360600 0.015300 0.022300
0 0.097800 0.461100 0.015800 0.021300
0 0.911500 0.121700 0.017600 0.028900
0 0.226700 0.977400 0.016500 0.022100
0 0.755800 0.148900 0.016500 0.024600
0 0.689800 0.483000 0.013100 0.026000
0 0.286800 0.285100 0.014600 0.029500
0 0.174000 0.499100 0.015200 0.025700
0 0.702300 0.122100 0.016100 0.025900
0 0.836700 0.769100 0.015800 0.025000
0 0.263400 0.045700 0.013400 0.032400
0 0.536400 0.215000 0.017000 0.024100
0 0.768900 0.665400 0.018000 0.022300
0 0.841700 0.254400 0.014200 0.019500
0 0.079800 0.618100 0.015700 0.029900
0 0.082700 0.061800 0.015800 0.028200
0 0.232400 0.863700 0.013700 0.027200
0 0.864900 0.326800 0.012400 0.029500
0 0.128100 0.765100 0.020800 0.020400
0 0.911400 0.407000 0.014000 0.023500
0 0.951000 0.285200 0.014700 0.029200
0 0.488500 0.840500 0.017400 0.026300
0 0.794300 0.075700 0.016100 0.027100
0 0.299200 0.649200 0.016200 0.023900
0 0.800700 0.325600 0.012800 0.030000
0 0.064700 0.348700 0.016300 0.022400
0 0.265300 0.971700 0.017500 0.025100
0 0.639800 0.449100 0.016900 0.023100
0 0.071500 0.838600 0.016600 0.026000
0 0.136900 0.272300 0.011300 0.035300
0 0.582400 0.986600 0.012200 0.025200
0 0.770400 0.117800 0.016400 0.027900
0 0.369200 0.635200 0.013300 0.025600
0 0.498000 0.986300 0.015500 0.021800
0 0.935700 0.782000 0.016100 0.023500
0 0.748900 0.028200 0.014900 0.027500
0 0.945000 0.210200 0.015900 0.022000
0 0.711000 0.232100 0.013200 0.031900
0 0.863300 0.376300 0.014000 0.027200
0 0.100500 0.700800 0.014500 0.023700
0 0.232000 0.145200 0.013800 0.023600
0 0.767900 0.043600 0.012800 0.028200
0 0.789100 0.468100 0.013200 0.021100
0 0.691800 0.448900 0.014500 0.018800
0 0.569922 0.350000 0.016406 0.030556
0 0.605078 0.052778 0.014844 0.036111
0 0.032812 0.250000 0.015625 0.022222
0 0.036719 0.262500 0.014062 0.025000
0 0.282031 0.094444 0.014062 0.027778
0 0.292969 0.905556 0.017188 0.022222
0 0.024219 0.939583 0.012500 0.018056
0 0.794531 0.150694 0.012500 0.031944
0 0.770312 0.264583 0.014062 0.029167
0 0.075000 0.548611 0.010937 0.025000
