0 0.534300 0.740700 0.014100 0.021000
0 0.865200 0.930100 0.013300 0.029700
0 0.403300 0.796800 0.015200 0.021600
0 0.845500 0.547000 0.012300 0.032700
0 0.395100 0.760200 0.015700 0.018800
0 0.827300 0.959700 0.013600 0.033600
0 0.485100 0.216000 0.015500 0.020500
0 0.018800 0.885300 0.014700 0.025100
0 0.870600 0.623700 0.014500 0.030700
0 0.571800 0.617000 0.018200 0.020600
0 0.284800 0.211200 0.017400 0.022800
0 0.930900 0.571200 0.015600 0.028100
0 0.745100 0.626200 0.015600 0.023300
0 0.729100 0.646900 0.014400 0.028400
0 0.014000 0.639000 0.015900 0.023800
0 0.376300 0.583000 0.014700 0.024600
0 0.059800 0.682100 0.018000 0.021200
0 0.878800 0.919200 0.011900 0.033700
0 0.564300 0.517300 0.014300 0.026100
0 0.343000 0.905100 0.016700 0.022000
0 0.370000 0.318800 0.015100 0.028100
0 0.584500 0.669800 0.014000 0.023200
0 0.794300 0.453400 0.013400 0.025300
0 0.029700 0.935500 0.015300 0.022000
0 0.601900 0.746300 0.015300 0.023200
0 0.616200 0.557600 0.016500 0.021100
0 0.032100 0.254000 0.016000 0.021400
0 0.804700 0.658400 0.014500 0.027200
0 0.432100 0.922900 0.012900 0.025800
0 0.040900 0.657800 0.015200 0.023800
0 0.436500 0.268100 0.014300 0.032300
0 0.599200 0.864400 0.016700 0.022400
0 0.285900 0.429000 0.016300 0.020200
0 0.933500 0.507700 0.014600 0.025600
0 0.421600 0.859400 0.014900 0.022700
0 0.020600 0.201800 0.015100 0.023400
0 0.284700 0.890800 0.018100 0.027100
0 0.603500 0.564100 0.014700 0.021300
0 0.906300 0.658200 0.016500 0.024300
0 0.507500 0.617700 0.017300 0.022200
0 0.838900 0.595900 0.011900 0.028000
0 0.391600 0.813600 0.014700 0.026700
0 0.138400 0.279400 0.011400 0.032100
0 0.202600 0.292600 0.015500 0.024500
0 0.830800 0.421000 0.013600 0.026100
0 0.790800 0.484200 0.014600 0.023400
0 0.903600 0.933000 0.011500 0.032900
0 0.634400 0.139300 0.014600 0.021900
0 0.191400 0.223600 0.016700 0.020700
0 0.607600 0.956500 0.012000 0.030300
0 0.451900 0.644800 0.017100 0.022800
0 0.514300 0.710800 0.016800 0.026100
0 0.506600 0.834800 0.015000 0.024600
0 0.029000 0.369400 0.017200 0.021300
0 0.665000 0.836000 0.013600 0.023400
0 0.013700 0.154700 0.017700 0.020100
0 0.180100 0.409300 0.014800 0.023200
0 0.086500 0.053500 0.015800 0.026900
0 0.266100 0.884900 0.014400 0.027500
0 0.373800 0.142400 0.016000 0.026500
0 0.373700 0.713700 0.013500 0.021700
0 0.436500 0.329600 0.015700 0.024100
0 0.217500 0.904700 0.014100 0.029700
0 0.830400 0.347700 0.013800 0.020700
0 0.107500 0.885000 0.016800 0.020600
0 0.943600 0.779600 0.016200 0.025100
0 0.529700 0.352100 0.014200 0.024500
0 0.252700 0.750900 0.016100 0.024300
0 0.004200 0.934700 0.010700 0.019900
0 0.816400 0.835300 0.015800 0.027500
0 0.705200 0.978600 0.014500 0.027400
0 0.963400 0.518900 0.012500 0.031100
0 0.928700 0.417700 0.012400 0.028200
0 0.794200 0.377100 0.016900 0.022500
0 0.607900 0.696900 0.013800 0.020000
0 0.246800 0.658900 0.015900 0.025100
0 0.147900 0.840100 0.014300 0.022000
0 0.746300 0.663800 0.017800 0.021700
0 0.303200 0.958300 0.017300 0.026500
0 0.893800 0.681500 0.016000 0.022600
0 0.520500 0.511200 0.014400 0.022100
0 0.339600 0.233800 0.017400 0.022500
0 0.879600 0.493200 0.014100 0.027200
0 0.269400 0.693900 0.015300 0.022200
0 0.641400 0.421100 0.016400 0.021900
0 0.452600 0.980200 0.012300 0.027900
0 0.614300 0.503900 0.015900 0.025400
0 0.456200 0.222200 0.017000 0.022500
0 0.018000 0.774200 0.015800 0.020400
0 0.240600 0.452700 0.017600 0.021200
0 0.398300 0.065500 0.016400 0.026700
0 0.258400 0.856600 0.015300 0.024800
0 0.671400 0.453400 0.017600 0.021700
0 0.252300 0.929900 0.016000 0.026400
0 0.495500 0.868200 0.018400 0.021200
0 0.274500 0.245800 0.015100 0.026800
0 0.121200 0.404400 0.014600 0.022000
0 0.728900 0.279300 0.012600 0.026300
0 0.556000 0.216200 0.014100 0.023400
0 0.043000 0.406000 0.012300 0.027100
0 0.641000 0.367600 0.015300 0.022700
0 0.060000 0.042600 0.016900 0.023200
0 0.291600 0.758100 0.015200 0.023700
0 0.341600 0.614500 0.011600 0.028900
0 0.239100 0.931700 0.015100 0.025800
0 0.866700 0.402400 0.014500 0.027000
0 0.358000 0.165200 0.013000 0.037100
0 0.284600 0.957800 0.016800 0.026800
0 0.507300 0.223200 0.015100 0.022400
0 0.332800 0.414400 0.012800 0.033000
0 0.834600 0.272800 0.014300 0.021000
0 0.604400 0.708900 0.014100 0.022200
0 0.347400 0.444400 0.013700 0.023500
0 0.220800 0.371500 0.016400 0.023800
0 0.196600 0.784300 0.016100 0.021300
0 0.540200 0.294500 0.016100 0.022900
0 0.519400 0.308900 0.012300 0.033000
0 0.917500 0.431400 0.015500 0.024200
0 0.539300 0.616700 0.017400 0.020500
0 0.416300 0.398800 0.019400 0.023700
0 0.811300 0.575800 0.015600 0.021100
0 0.122800 0.465800 0.015300 0.022500
0 0.866900 0.865700 0.016700 0.021400
0 0.121000 0.769400 0.017300 0.024000
0 0.524600 0.752900 0.011100 0.027200
0 0.166000 0.260300 0.012400 0.020600
0 0.072900 0.843900 0.016800 0.025700
0 0.399200 0.719600 0.013200 0.022900
0 0.903700 0.841500 0.017000 0.022900
0 0.359800 0.625900 0.013000 0.025900
0 0.732200 0.194600 0.014600 0.026300
0 0.213700 0.618900 0.017200 0.023000
0 0.114600 0.742700 0.016800 0.022900
0 0.292100 0.874000 0.012600 0.026700
0 0.965500 0.490100 0.014100 0.025500
0 0.508700 0.069500 0.015100 0.023800
0 0.389300 0.218600 0.018900 0.025900
0 0.014600 0.434100 0.014900 0.026300
0 0.421600 0.447700 0.016400 0.020400
0 0.073100 0.370200 0.015500 0.021300
0 0.890200 0.156800 0.016100 0.026500
0 0.056300 0.430100 0.015400 0.022200
0 0.645000 0.984800 0.016600 0.026000
0 0.753800 0.928200 0.010900 0.031000
0 0.966100 0.798000 0.016500 0.019200
0 0.223000 0.290300 0.014500 0.027900
0 0.241500 0.748000 0.014200 0.026800
0 0.257000 0.709700 0.015600 0.022000
0 0.623800 0.154800 0.013500 0.020700
0 0.157500 0.936100 0.018500 0.022600
0 0.629500 0.035300 0.013500 0.030000
0 0.895700 0.421500 0.016400 0.023700
0 0.143200 0.894000 0.017100 0.021700
0 0.960000 0.209200 0.016500 0.021200
0 0.417100 0.146000 0.013100 0.025000
0 0.169700 0.878100 0.014600 0.024600
0 0.643400 0.514200 0.014100 0.028000
0 0.258000 0.723400 0.015300 0.022400
0 0.315900 0.588400 0.012200 0.027800
0 0.260400 0.088300 0.014500 0.029700
0 0.799200 0.079200 0.017000 0.025200
0 0.030000 0.422500 0.017100 0.023000
0 0.198400 0.418400 0.014400 0.025500
0 0.105800 0.446700 0.012600 0.027700
0 0.259600 0.470000 0.018600 0.020900
0 0.430400 0.839300 0.015700 0.023200
0 0.390500 0.090000 0.017700 0.021300
0 0.641800 0.451100 0.017800 0.019600
0 0.040400 0.263800 0.015000 0.021500
0 0.768100 0.256300 0.012000 0.035200
0 0.530100 0.090000 0.015900 0.024300
0 0.277900 0.186300 0.016200 0.025500
0 0.607800 0.341900 0.017200 0.020700
0 0.429800 0.831200 0.015700 0.022100
0 0.286400 0.465900 0.016100 0.024600
0 0.342200 0.716800 0.014100 0.022700
0 0.864500 0.328500 0.012700 0.028700
0 0.693500 0.880100 0.013000 0.030000
0 0.921600 0.586500 0.016900 0.023000
0 0.364800 0.453100 0.012600 0.027800
0 0.507100 0.870300 0.016600 0.021000
0 0.947400 0.289600 0.015700 0.027100
0 0.619500 0.266600 0.016000 0.023800
0 0.679100 0.482900 0.015600 0.022100
0 0.409600 0.129300 0.014300 0.025200
0 0.104500 0.553000 0.015800 0.021400
0 0.007400 0.897800 0.012900 0.026900
0 0.782700 0.638800 0.013700 0.028400
0 0.634600 0.885600 0.011600 0.026800
0 0.120000 0.454200 0.016200 0.021700
0 0.308000 0.108300 0.016600 0.024500
0 0.568700 0.072700 0.016000 0.023300
0 0.571400 0.254000 0.015200 0.021700
0 0.613200 0.875700 0.015000 0.024500
0 0.918300 0.601000 0.017400 0.025400
0 0.004000 0.481100 0.009200 0.024100
0 0.756400 0.418000 0.016200 0.023800
0 0.797400 0.222200 0.012900 0.027800
0 0.859200 0.841600 0.016900 0.022000
0 0.856800 0.628900 0.011100 0.028900
0 0.446000 0.565500 0.019200 0.023500
0 0.243000 0.215200 0.014600 0.026500
0 0.285400 0.082500 0.016600 0.024500
0 0.079500 0.330800 0.014400 0.025700
0 0.610300 0.168400 0.012300 0.025400
0 0.867700 0.786600 0.013900 0.023900
0 0.888700 0.486000 0.014500 0.023300
0 0.159500 0.920400 0.017700 0.021700
0 0.069500 0.029400 0.016300 0.024300
0 0.724200 0.686000 0.016600 0.025300
0 0.415800 0.481000 0.015600 0.022200
0 0.083100 0.729600 0.014900 0.025200
0 0.056200 0.453400 0.013000 0.021600
0 0.097400 0.648300 0.013700 0.031000
0 0.119200 0.038900 0.016100 0.025400
0 0.423800 0.885900 0.013200 0.028300
0 0.965600 0.368700 0.014600 0.026600
0 0.751100 0.451300 0.015600 0.023200
0 0.791100 0.142200 0.015700 0.029800
0 0.860400 0.660200 0.013700 0.025800
0 0.871200 0.254700 0.016500 0.021800
0 0.539800 0.188600 0.013300 0.027500
0 0.126800 0.485700 0.013000 0.027800
0 0.036400 0.784700 0.013700 0.024400
0 0.628500 0.221300 0.013300 0.022700
0 0.581600 0.181900 0.012200 0.025900
0 0.216500 0.420800 0.014400 0.026700
0 0.872000 0.241800 0.016100 0.022300
0 0.211100 0.678600 0.014800 0.021100
0 0.722500 0.816200 0.015300 0.022500
0 0.883800 0.363800 0.015300 0.022500
0 0.323700 0.775400 0.017500 0.022700
0 0.341400 0.982800 0.017100 0.026000
0 0.783800 0.851800 0.015200 0.021300
0 0.993800 0.704400 0.009600 0.025600
0 0.567300 0.193200 0.013100 0.024300
0 0.886200 0.869500 0.018100 0.022100
0 0.658200 0.457500 0.016700 0.020500
0 0.055800 0.473900 0.017900 0.021200
0 0.791100 0.860300 0.015000 0.022100
0 0.166000 0.851900 0.011700 0.026600
0 0.839800 0.778000 0.016000 0.024100
0 0.133500 0.114400 0.015000 0.026700
0 0.551000 0.109100 0.014000 0.026200
0 0.743400 0.249000 0.015900 0.026500
0 0.373700 0.640500 0.013000 0.024700
0 0.120800 0.014500 0.011900 0.025600
0 0.231900 0.857000 0.014000 0.027600
0 0.226900 0.977300 0.014700 0.023200
0 0.696700 0.040700 0.015000 0.027700
0 0.006900 0.958700 0.014300 0.027400
0 0.603700 0.271500 0.015600 0.022700
0 0.329100 0.033700 0.017900 0.023600
0 0.220700 0.150900 0.016300 0.025800
0 0.676400 0.095600 0.014800 0.022900
0 0.439900 0.058800 0.016700 0.023800
0 0.538300 0.862000 0.016100 0.019800
0 0.834700 0.067300 0.013500 0.033100
0 0.972300 0.223200 0.015200 0.024200
0 0.753000 0.208400 0.011700 0.034800
0 0.980200 0.966900 0.017200 0.021300
0 0.169200 0.547500 0.015500 0.022500
0 0.488700 0.847400 0.017800 0.021900
0 0.266700 0.972300 0.015900 0.026800
0 0.100800 0.701100 0.015100 0.023600
0 0.371300 0.051400 0.017000 0.023400
0 0.961000 0.409800 0.014200 0.023300
0 0.157600 0.870200 0.013600 0.024900
0 0.366100 0.894800 0.016200 0.027900
0 0.067800 0.349400 0.016300 0.020300
0 0.905000 0.748400 0.013700 0.030400
0 0.408000 0.321100 0.014700 0.024700
0 0.688500 0.841800 0.011700 0.029800
0 0.073200 0.464600 0.015100 0.021000
0 0.569500 0.171300 0.015200 0.025200
0 0.116900 0.582300 0.013300 0.028200
0 0.756700 0.120000 0.017100 0.026400
0 0.471300 0.103900 0.011100 0.038200
0 0.392600 0.452400 0.014800 0.023400
0 0.835700 0.360200 0.014500 0.020300
0 0.432700 0.614900 0.012700 0.032600
0 0.854200 0.785800 0.012600 0.030300
0 0.680500 0.852600 0.011900 0.029200
0 0.842200 0.255500 0.014200 0.020700
0 0.146700 0.709400 0.010700 0.034300
0 0.771100 0.118600 0.016300 0.027200
0 0.438800 0.017100 0.014900 0.024300
0 0.027200 0.154700 0.014900 0.017800
0 0.208800 0.701600 0.014800 0.023100
0 0.095400 0.492500 0.013800 0.027200
0 0.707900 0.280800 0.012700 0.027100
0 0.979000 0.068700 0.017000 0.026500
0 0.803700 0.123800 0.017200 0.025500
0 0.193100 0.102900 0.012400 0.032900
0 0.230500 0.153500 0.016400 0.022800
0 0.084000 0.464600 0.015800 0.021900
0 0.077500 0.552200 0.016900 0.020400
0 0.929800 0.438900 0.015000 0.023300
0 0.717500 0.272000 0.012400 0.031300
0 0.872900 0.382000 0.015800 0.021600
0 0.034200 0.014200 0.016300 0.021400
0 0.973600 0.415000 0.015100 0.022900
0 0.217000 0.971900 0.013800 0.023400
0 0.118700 0.568200 0.014200 0.022300
0 0.913600 0.129900 0.015400 0.027500
0 0.057300 0.353300 0.014000 0.025600
0 0.353700 0.047800 0.017500 0.026200
0 0.078400 0.611300 0.014900 0.024200
0 0.524200 0.102300 0.013900 0.020900
0 0.366500 0.633300 0.012300 0.024800
0 0.064800 0.985200 0.011400 0.027100
0 0.760000 0.083400 0.019100 0.028800
0 0.176400 0.502600 0.015300 0.023200
0 0.078300 0.544500 0.015800 0.021100
0 0.682100 0.761300 0.011400 0.029900
0 0.088000 0.565600 0.014800 0.023000
0 0.827100 0.205700 0.012300 0.036400
0 0.226200 0.790500 0.015300 0.025000
0 0.677400 0.051300 0.013000 0.031300
0 0.640500 0.017600 0.010100 0.032700
0 0.474300 0.861800 0.015800 0.025900
0 0.306000 0.089900 0.016600 0.023700
0 0.664600 0.252400 0.015700 0.024200
0 0.866500 0.372000 0.014600 0.023200
0 0.188500 0.319000 0.011400 0.035400
0 0.450700 0.780800 0.015300 0.024600
0 0.992100 0.426900 0.011600 0.027200
0 0.059900 0.498200 0.016700 0.023500
0 0.501900 0.155300 0.012400 0.023500
0 0.554600 0.023000 0.013300 0.030300
0 0.957900 0.735700 0.010800 0.031900
0 0.601500 0.251800 0.016600 0.020800
0 0.751800 0.047700 0.018500 0.030300
0 0.990500 0.965000 0.010800 0.028300
0 0.619300 0.288500 0.017800 0.020700
0 0.453800 0.014600 0.012200 0.025500
0 0.714600 0.343200 0.015400 0.025700
0 0.944300 0.210100 0.015500 0.022600
0 0.992600 0.883900 0.008600 0.037700
0 0.716200 0.334800 0.015300 0.027200
0 0.237500 0.534028 0.015625 0.037500
0 0.187109 0.725000 0.019531 0.027778
0 0.567578 0.348611 0.016406 0.030556
0 0.625781 0.825694 0.015625 0.029167
0 0.290625 0.903472 0.015625 0.018056
0 0.023438 0.943750 0.010937 0.018056
0 0.215625 0.781944 0.014062 0.022222
0 0.707031 0.096528 0.012500 0.031944
0 0.692187 0.450694 0.017188 0.018056
0 0.692187 0.478472 0.010937 0.029167
