0 0.781700 0.639700 0.011700 0.029700
0 0.359000 0.623300 0.013000 0.028100
0 0.428200 0.831000 0.015800 0.020900
0 0.370400 0.590300 0.014200 0.027100
0 0.022600 0.365800 0.017300 0.021100
0 0.477900 0.840500 0.018900 0.021600
0 0.583700 0.672700 0.014500 0.021500
0 0.611700 0.873700 0.015900 0.022000
0 0.396600 0.711100 0.013400 0.030500
0 0.867900 0.410500 0.014900 0.026000
0 0.393900 0.760700 0.015600 0.018800
0 0.803300 0.920400 0.016200 0.025600
0 0.594600 0.730600 0.015000 0.025800
0 0.079600 0.865000 0.017200 0.023900
0 0.655200 0.923300 0.011900 0.030600
0 0.644900 0.917900 0.013300 0.023600
0 0.284100 0.893000 0.018400 0.025100
0 0.523900 0.346200 0.014300 0.028200
0 0.256300 0.901900 0.015600 0.029000
0 0.794300 0.378700 0.017700 0.021700
0 0.671100 0.453100 0.018400 0.024100
0 0.156300 0.891200 0.015400 0.022700
0 0.518700 0.822200 0.016700 0.022800
0 0.015900 0.773600 0.017500 0.021200
0 0.003100 0.933500 0.009000 0.021500
0 0.614000 0.968300 0.015500 0.024000
0 0.794600 0.756800 0.014500 0.028700
0 0.105100 0.027800 0.015300 0.024200
0 0.185100 0.410400 0.015800 0.024100
0 0.820700 0.159800 0.015700 0.022900
0 0.607200 0.698300 0.015000 0.024600
0 0.331900 0.244300 0.015600 0.026100
0 0.165100 0.871100 0.016000 0.023800
0 0.340300 0.710900 0.012700 0.028900
0 0.228600 0.867400 0.014200 0.027400
0 0.721700 0.681400 0.016400 0.024400
0 0.876900 0.922100 0.011000 0.034300
0 0.521700 0.706900 0.014700 0.027000
0 0.838500 0.596300 0.012600 0.027500
0 0.108500 0.754400 0.016200 0.025700
0 0.106900 0.668600 0.015200 0.027200
0 0.069300 0.369300 0.015300 0.023600
0 0.755700 0.861200 0.015500 0.023200
0 0.151000 0.059100 0.016400 0.025000
0 0.207000 0.641900 0.014500 0.027300
0 0.239200 0.443600 0.019200 0.021700
0 0.057100 0.680200 0.017600 0.020800
0 0.180600 0.459200 0.015800 0.024700
0 0.518100 0.747700 0.014200 0.027900
0 0.040600 0.258300 0.015200 0.021800
0 0.489800 0.872600 0.017200 0.027000
0 0.484800 0.210500 0.015100 0.020700
0 0.641400 0.422900 0.016800 0.021400
0 0.269300 0.691900 0.017400 0.022800
0 0.339200 0.847600 0.013900 0.025200
0 0.368800 0.819800 0.015300 0.024600
0 0.504400 0.215200 0.016800 0.023400
0 0.654000 0.980100 0.016800 0.024700
0 0.680300 0.748800 0.012800 0.031900
0 0.358900 0.883100 0.017700 0.022800
0 0.116500 0.876600 0.018600 0.021400
0 0.604600 0.715200 0.014600 0.024800
0 0.620100 0.266900 0.015700 0.024600
0 0.393300 0.047600 0.015600 0.030100
0 0.641000 0.142500 0.013200 0.027000
0 0.334300 0.054500 0.015200 0.026700
0 0.251200 0.871600 0.015100 0.026300
0 0.827600 0.416700 0.014300 0.026200
0 0.834600 0.535600 0.013400 0.029100
0 0.622900 0.846200 0.013400 0.025800
0 0.005100 0.192600 0.011700 0.023200
0 0.529400 0.381800 0.014500 0.026300
0 0.915400 0.530900 0.012700 0.029900
0 0.726500 0.927100 0.015300 0.023300
0 0.196500 0.431800 0.014800 0.024800
0 0.286100 0.227300 0.016000 0.024100
0 0.009900 0.628600 0.017000 0.028700
0 0.030100 0.935800 0.014000 0.024100
0 0.097800 0.340400 0.013800 0.027000
0 0.273100 0.870200 0.014300 0.023900
0 0.536700 0.617600 0.015800 0.022000
0 0.921900 0.591700 0.015300 0.022300
0 0.726600 0.897100 0.016400 0.024500
0 0.354000 0.778800 0.015700 0.023200
0 0.079400 0.033500 0.011800 0.033400
0 0.901900 0.931600 0.010600 0.035200
0 0.943700 0.835500 0.016300 0.025800
0 0.226700 0.708700 0.016300 0.024200
0 0.339100 0.608000 0.011800 0.032000
0 0.636500 0.447500 0.016800 0.024500
0 0.189600 0.222700 0.017000 0.022700
0 0.869600 0.785600 0.015700 0.021200
0 0.335200 0.317400 0.018100 0.020800
0 0.417900 0.859100 0.013800 0.024000
0 0.318000 0.872000 0.014800 0.025200
0 0.215300 0.359100 0.018200 0.023000
0 0.364000 0.040800 0.016900 0.026200
0 0.859700 0.842200 0.017300 0.022600
0 0.674200 0.478100 0.016600 0.024300
0 0.215500 0.417400 0.016500 0.023100
0 0.552600 0.979800 0.017200 0.022500
0 0.181000 0.370700 0.017100 0.024500
0 0.372900 0.708400 0.012000 0.028900
0 0.785800 0.066800 0.016200 0.026000
0 0.157100 0.659500 0.015500 0.024100
0 0.140800 0.838700 0.015500 0.022800
0 0.947700 0.278800 0.011100 0.035900
0 0.688600 0.843700 0.011400 0.030000
0 0.567200 0.194900 0.013600 0.022900
0 0.118500 0.405000 0.016900 0.021000
0 0.817800 0.768100 0.015500 0.023600
0 0.338300 0.906300 0.016000 0.019700
0 0.496400 0.129200 0.015300 0.027200
0 0.073600 0.326200 0.014400 0.028100
0 0.313800 0.772600 0.010600 0.038700
0 0.442100 0.909800 0.014000 0.021700
0 0.623400 0.154100 0.012700 0.022700
0 0.670500 0.046100 0.014900 0.026000
0 0.716000 0.253700 0.012800 0.031600
0 0.846100 0.706100 0.014200 0.022700
0 0.008600 0.956400 0.012900 0.022600
0 0.430900 0.246500 0.011000 0.038600
0 0.754400 0.117300 0.017400 0.024900
0 0.813300 0.574200 0.015000 0.022600
0 0.519800 0.291100 0.013200 0.030500
0 0.810100 0.073200 0.014800 0.027600
0 0.828900 0.344000 0.014300 0.023900
0 0.878600 0.869600 0.014300 0.025800
0 0.774100 0.480900 0.013300 0.024300
0 0.068300 0.835100 0.015700 0.027200
0 0.030500 0.249200 0.015600 0.020800
0 0.242600 0.742900 0.011200 0.032300
0 0.329100 0.660300 0.012800 0.029900
0 0.386300 0.793800 0.018000 0.021500
0 0.564000 0.683300 0.016000 0.022400
0 0.294800 0.282200 0.014300 0.029200
0 0.494700 0.756600 0.011800 0.035000
0 0.980000 0.657000 0.017800 0.022800
0 0.668000 0.242700 0.016200 0.022900
0 0.119300 0.544900 0.017100 0.021300
0 0.353100 0.865000 0.013400 0.024200
0 0.807700 0.888100 0.014000 0.025100
0 0.531300 0.688500 0.015000 0.025300
0 0.419300 0.438800 0.018200 0.020600
0 0.915500 0.418100 0.013800 0.026400
0 0.218900 0.442100 0.013000 0.031900
0 0.628700 0.220500 0.014500 0.023400
0 0.758700 0.451700 0.015900 0.023400
0 0.164500 0.583700 0.015400 0.024200
0 0.230900 0.607700 0.012300 0.034400
0 0.313500 0.297400 0.016400 0.022000
0 0.231800 0.471700 0.017800 0.022900
0 0.711300 0.976000 0.015900 0.025500
0 0.309300 0.214900 0.013800 0.029400
0 0.501000 0.830500 0.017700 0.021200
0 0.219800 0.273700 0.016800 0.023400
0 0.655400 0.457900 0.016100 0.024300
0 0.422900 0.878100 0.013900 0.027200
0 0.411300 0.128500 0.014000 0.028500
0 0.610600 0.167700 0.013500 0.029900
0 0.701600 0.774000 0.016400 0.023300
0 0.568600 0.173400 0.015900 0.025800
0 0.120200 0.444100 0.017200 0.018500
0 0.131000 0.861300 0.015900 0.022100
0 0.300800 0.953300 0.016000 0.027400
0 0.571100 0.240300 0.015400 0.022000
0 0.037000 0.128800 0.014500 0.029700
0 0.872000 0.348200 0.013800 0.024000
0 0.959400 0.210600 0.014600 0.024100
0 0.284100 0.959400 0.016700 0.028600
0 0.832500 0.269500 0.012800 0.021900
0 0.181400 0.774200 0.017700 0.022900
0 0.185700 0.709700 0.016100 0.021300
0 0.129700 0.020300 0.013300 0.030600
0 0.738600 0.676900 0.014400 0.023100
0 0.370900 0.313600 0.016100 0.027200
0 0.232200 0.977400 0.017500 0.027600
0 0.744600 0.661000 0.013900 0.027800
0 0.593400 0.260400 0.015900 0.022100
0 0.169400 0.924300 0.014900 0.021900
0 0.680700 0.854600 0.013900 0.025300
0 0.868100 0.907900 0.011700 0.028700
0 0.520400 0.509500 0.014200 0.022500
0 0.054000 0.657500 0.015200 0.023700
0 0.795300 0.456700 0.014500 0.022900
0 0.596000 0.857600 0.015100 0.022900
0 0.963400 0.861300 0.016300 0.021800
0 0.077000 0.456500 0.017200 0.020900
0 0.563800 0.140300 0.016300 0.024800
0 0.581000 0.982700 0.014400 0.028800
0 0.355000 0.145700 0.012900 0.033200
0 0.869600 0.869500 0.015100 0.024300
0 0.304900 0.017700 0.016300 0.022800
0 0.574500 0.617300 0.012800 0.030700
0 0.252500 0.148700 0.014900 0.023500
0 0.231400 0.133100 0.015800 0.025600
0 0.449500 0.326800 0.015500 0.023400
0 0.078100 0.235200 0.016000 0.024700
0 0.003800 0.479300 0.009400 0.023000
0 0.143300 0.570800 0.013500 0.030300
0 0.627300 0.041100 0.012600 0.030800
0 0.059800 0.109100 0.016100 0.024400
0 0.401100 0.689700 0.015300 0.024900
0 0.930000 0.511400 0.013800 0.026200
0 0.765200 0.270900 0.015400 0.029700
0 0.461200 0.216200 0.016500 0.024100
0 0.723300 0.297400 0.017100 0.024900
0 0.619400 0.858000 0.015400 0.024600
0 0.519300 0.978200 0.013000 0.029800
0 0.669400 0.204400 0.015300 0.025700
0 0.922500 0.779700 0.017800 0.022000
0 0.897400 0.801000 0.017700 0.023900
0 0.771000 0.142400 0.017100 0.023100
0 0.120800 0.460100 0.017600 0.020400
0 0.561100 0.511600 0.015400 0.026200
0 0.416300 0.156400 0.014200 0.025800
0 0.504600 0.492100 0.013500 0.024500
0 0.706800 0.128500 0.013900 0.026100
0 0.092400 0.430500 0.018600 0.022200
0 0.164200 0.259000 0.013800 0.020700
0 0.832300 0.485500 0.015100 0.023500
0 0.866000 0.623500 0.015500 0.026500
0 0.082800 0.730600 0.016200 0.025400
0 0.911600 0.646600 0.017500 0.026200
0 0.507200 0.286800 0.014300 0.028000
0 0.368200 0.721800 0.014200 0.025200
0 0.969100 0.363800 0.014900 0.023700
0 0.072400 0.073900 0.016600 0.023900
0 0.141500 0.951000 0.015800 0.021500
0 0.028200 0.420800 0.017900 0.021400
0 0.354800 0.122700 0.012600 0.028500
0 0.845500 0.285200 0.013800 0.025200
0 0.672900 0.097500 0.014700 0.024700
0 0.791800 0.490300 0.015800 0.022300
0 0.954300 0.407000 0.013500 0.024500
0 0.852200 0.023500 0.015500 0.031700
0 0.392200 0.454500 0.016300 0.023900
0 0.156000 0.873800 0.016500 0.022300
0 0.271700 0.558200 0.012500 0.036300
0 0.067400 0.482900 0.015300 0.022500
0 0.285600 0.084600 0.015300 0.024100
0 0.405200 0.171700 0.013200 0.028400
0 0.156400 0.370300 0.018700 0.025600
0 0.122600 0.528400 0.016600 0.020800
0 0.211400 0.144200 0.012000 0.031400
0 0.871100 0.255000 0.016700 0.022200
0 0.059500 0.348900 0.017300 0.025000
0 0.389600 0.630500 0.012000 0.032300
0 0.018400 0.405000 0.016600 0.023000
0 0.531700 0.854500 0.011700 0.031300
0 0.376000 0.939500 0.017000 0.022100
0 0.602000 0.242400 0.016600 0.024000
0 0.013700 0.433100 0.014400 0.023600
0 0.923900 0.409400 0.012000 0.032500
0 0.731900 0.909400 0.014700 0.024000
0 0.170400 0.543300 0.016600 0.022900
0 0.373500 0.104300 0.014200 0.029200
0 0.704200 0.290100 0.015400 0.028900
0 0.325700 0.363600 0.013000 0.030700
0 0.931100 0.863900 0.014300 0.024400
0 0.945800 0.776400 0.018100 0.024200
0 0.983000 0.408400 0.015100 0.027400
0 0.614200 0.102800 0.017500 0.025500
0 0.046900 0.431800 0.015500 0.022400
0 0.527700 0.089900 0.016100 0.025500
0 0.133900 0.265000 0.010200 0.036100
0 0.872300 0.245000 0.016000 0.022600
0 0.658800 0.289100 0.014400 0.030200
0 0.884200 0.681800 0.017500 0.023100
0 0.725800 0.235700 0.015400 0.024400
0 0.684200 0.114700 0.014200 0.028600
0 0.707500 0.095700 0.012100 0.035400
0 0.420300 0.202500 0.012000 0.034300
0 0.038300 0.639300 0.014600 0.028300
0 0.971100 0.222400 0.014400 0.027200
0 0.218700 0.147800 0.011200 0.031000
0 0.854700 0.480100 0.013800 0.027100
0 0.022100 0.164800 0.014600 0.022000
0 0.171700 0.485400 0.016100 0.023700
0 0.610600 0.551400 0.015600 0.021400
0 0.636700 0.364300 0.014700 0.022200
0 0.371700 0.638700 0.013100 0.029700
0 0.466100 0.094900 0.012600 0.035800
0 0.517300 0.018000 0.012500 0.029100
0 0.864400 0.590100 0.012000 0.029700
0 0.500900 0.665000 0.014200 0.025500
0 0.214700 0.935900 0.012300 0.032300
0 0.286900 0.431700 0.016400 0.021100
0 0.414400 0.481100 0.017300 0.021400
0 0.100500 0.702700 0.014800 0.023300
0 0.216000 0.970900 0.014800 0.025000
0 0.582700 0.206400 0.013400 0.027400
0 0.638500 0.060200 0.012200 0.033800
0 0.990600 0.967900 0.010900 0.029600
0 0.077700 0.613600 0.014700 0.026900
0 0.891000 0.677000 0.017300 0.020800
0 0.566400 0.071800 0.015100 0.024500
0 0.196300 0.411300 0.016400 0.024600
0 0.005000 0.851200 0.009600 0.022500
0 0.928600 0.576500 0.013600 0.027800
0 0.829400 0.209500 0.011800 0.034000
0 0.973100 0.015700 0.013700 0.025200
0 0.607200 0.339300 0.015200 0.022600
0 0.062100 0.501600 0.014900 0.024300
0 0.352300 0.060900 0.015800 0.027300
0 0.860500 0.667900 0.016100 0.027200
0 0.129600 0.526800 0.017000 0.021100
0 0.445600 0.964200 0.011300 0.035400
0 0.549200 0.101600 0.015400 0.024200
0 0.330700 0.386300 0.016400 0.025200
0 0.218700 0.024200 0.013900 0.027900
0 0.986700 0.288700 0.014300 0.022100
0 0.752800 0.052700 0.016700 0.027200
0 0.599100 0.567300 0.016200 0.024800
0 0.554900 0.211100 0.014000 0.023800
0 0.618500 0.288700 0.016400 0.022400
0 0.384700 0.091300 0.012400 0.033600
0 0.848300 0.752100 0.014600 0.028300
0 0.365200 0.476700 0.015200 0.022400
0 0.913300 0.114800 0.017200 0.029000
0 0.671000 0.108800 0.015100 0.023600
0 0.977300 0.967800 0.016400 0.022200
0 0.759500 0.084900 0.018100 0.028700
0 0.790200 0.022600 0.017100 0.024600
0 0.512000 0.599000 0.016400 0.025700
0 0.790900 0.471100 0.014900 0.021300
0 0.716400 0.335800 0.018900 0.022900
0 0.767600 0.191500 0.013000 0.021800
0 0.989500 0.064900 0.008700 0.025000
0 0.988200 0.710700 0.012300 0.021000
0 0.175500 0.755700 0.013400 0.030800
0 0.264100 0.971400 0.016800 0.028300
0 0.555000 0.077100 0.015300 0.026100
0 0.477900 0.876600 0.014700 0.024700
0 0.539200 0.027200 0.015300 0.033900
0 0.058700 0.984800 0.017700 0.027000
0 0.433100 0.488600 0.016300 0.023000
0 0.856400 0.631900 0.012100 0.029500
0 0.283800 0.097400 0.011900 0.023900
0 0.770600 0.119200 0.015900 0.025400
0 0.679800 0.213800 0.016300 0.024900
0 0.944800 0.211100 0.014800 0.025800
0 0.897700 0.979200 0.009200 0.032200
0 0.762000 0.176700 0.013300 0.027500
0 0.555900 0.055000 0.013900 0.028600
0 0.075700 0.103300 0.014700 0.027800
0 0.398800 0.382900 0.017400 0.026600
0 0.524100 0.103300 0.013900 0.020800
0 0.709400 0.029900 0.014700 0.029100
0 0.993000 0.439600 0.008200 0.028900
0 0.336700 0.976900 0.014200 0.025400
0 0.497400 0.988900 0.014100 0.020600
0 0.863200 0.327100 0.013400 0.028800
0 0.382400 0.477600 0.015800 0.019000
0 0.569141 0.350000 0.017969 0.033333
0 0.971875 0.461806 0.018750 0.037500
0 0.691797 0.451389 0.014844 0.025000
0 0.366406 0.633333 0.014062 0.022222
0 0.111719 0.563194 0.014062 0.018056
0 0.100000 0.561806 0.012500 0.029167
0 0.293750 0.906944 0.015625 0.025000
0 0.228906 0.781944 0.015625 0.022222
0 0.216406 0.781944 0.014062 0.022222
0 0.692187 0.481250 0.010937 0.029167
