0 0.369800 0.314300 0.015600 0.027600
0 0.404600 0.389100 0.018300 0.024600
0 0.396700 0.715200 0.014000 0.027000
0 0.391200 0.793300 0.016900 0.021800
0 0.428700 0.831800 0.016100 0.021200
0 0.597600 0.861600 0.018900 0.023500
0 0.609900 0.556000 0.016300 0.020600
0 0.393700 0.760200 0.016100 0.019600
0 0.671200 0.452800 0.018000 0.023900
0 0.506200 0.217800 0.016500 0.022100
0 0.371300 0.589900 0.014700 0.025600
0 0.361000 0.888200 0.018400 0.020500
0 0.901700 0.932900 0.011100 0.033700
0 0.172900 0.675800 0.016700 0.021600
0 0.339500 0.906200 0.015500 0.020400
0 0.867400 0.410200 0.014600 0.025200
0 0.156700 0.891800 0.017000 0.023900
0 0.144200 0.939900 0.020500 0.019500
0 0.739400 0.673300 0.018500 0.022400
0 0.583600 0.672200 0.014400 0.021900
0 0.270400 0.692000 0.016600 0.022500
0 0.510400 0.294300 0.014800 0.030600
0 0.858700 0.841000 0.016700 0.023500
0 0.781600 0.641300 0.012200 0.027800
0 0.299000 0.298600 0.016300 0.023900
0 0.301500 0.956100 0.017500 0.026600
0 0.057400 0.683700 0.016700 0.020700
0 0.169100 0.922900 0.016500 0.023100
0 0.942700 0.483400 0.014500 0.027200
0 0.258300 0.867700 0.017700 0.023200
0 0.104500 0.136500 0.017600 0.022400
0 0.323000 0.182300 0.015000 0.029500
0 0.641400 0.422600 0.016300 0.021800
0 0.376900 0.819900 0.016300 0.025200
0 0.804000 0.157100 0.013800 0.029900
0 0.447000 0.334500 0.015600 0.025200
0 0.681300 0.754800 0.012100 0.032700
0 0.186200 0.713600 0.019000 0.019600
0 0.921400 0.590900 0.015800 0.022400
0 0.313600 0.326800 0.013900 0.029200
0 0.932200 0.509800 0.014100 0.024200
0 0.942400 0.433000 0.015000 0.027300
0 0.029400 0.936400 0.014900 0.021800
0 0.327900 0.236200 0.018400 0.021500
0 0.216800 0.364400 0.016600 0.023300
0 0.141100 0.617600 0.014000 0.031200
0 0.715800 0.259500 0.013800 0.029000
0 0.604700 0.714500 0.014600 0.024800
0 0.004100 0.931400 0.011400 0.021500
0 0.503100 0.832800 0.015100 0.022500
0 0.057700 0.882400 0.016300 0.024400
0 0.014800 0.628200 0.017400 0.024900
0 0.415300 0.480800 0.016800 0.022200
0 0.419300 0.442000 0.017300 0.021200
0 0.042200 0.636200 0.016300 0.022500
0 0.042900 0.923500 0.013900 0.029200
0 0.538800 0.618700 0.018400 0.021700
0 0.366000 0.347500 0.014300 0.029500
0 0.102900 0.666600 0.015200 0.026500
0 0.052300 0.657100 0.016400 0.023000
0 0.069300 0.369800 0.015500 0.023300
0 0.348700 0.952800 0.017700 0.022300
0 0.803400 0.768500 0.011300 0.032500
0 0.607500 0.698500 0.015200 0.024800
0 0.331400 0.727400 0.013800 0.022300
0 0.255800 0.656200 0.017400 0.022200
0 0.418500 0.860600 0.014400 0.022200
0 0.106800 0.441200 0.018700 0.019200
0 0.319500 0.796000 0.015800 0.023800
0 0.294900 0.344800 0.016000 0.022200
0 0.619300 0.266700 0.014600 0.022900
0 0.515100 0.610000 0.019200 0.021900
0 0.809500 0.531900 0.011400 0.033100
0 0.016100 0.773800 0.016900 0.022400
0 0.340700 0.609700 0.012300 0.028900
0 0.764100 0.858700 0.017300 0.021900
0 0.927400 0.777900 0.017000 0.022400
0 0.708800 0.977300 0.015100 0.025800
0 0.513800 0.720100 0.017900 0.022900
0 0.755900 0.454100 0.016300 0.024800
0 0.190000 0.223600 0.016900 0.022000
0 0.031400 0.248100 0.016900 0.020600
0 0.243100 0.473600 0.017100 0.023500
0 0.879700 0.869300 0.014800 0.025000
0 0.793500 0.875800 0.016900 0.024300
0 0.530600 0.858900 0.013800 0.027200
0 0.239300 0.443400 0.018200 0.020200
0 0.283100 0.227600 0.015900 0.024700
0 0.841000 0.539500 0.012700 0.031700
0 0.438600 0.919500 0.013600 0.022800
0 0.556200 0.217700 0.014800 0.023500
0 0.264100 0.166900 0.016000 0.024800
0 0.599500 0.735000 0.015700 0.024800
0 0.461200 0.218600 0.017400 0.022300
0 0.535800 0.272900 0.013500 0.029700
0 0.109200 0.030800 0.018300 0.023800
0 0.680500 0.910100 0.014400 0.023000
0 0.794400 0.378400 0.016800 0.022300
0 0.390900 0.060000 0.015400 0.029100
0 0.861000 0.792700 0.016100 0.024000
0 0.205900 0.698200 0.014900 0.025600
0 0.676200 0.478900 0.014800 0.023500
0 0.597700 0.263800 0.015600 0.020500
0 0.568500 0.560900 0.015100 0.020900
0 0.431800 0.253900 0.011200 0.036300
0 0.220900 0.378600 0.017500 0.022600
0 0.340500 0.717500 0.012700 0.024000
0 0.048900 0.593100 0.016400 0.024500
0 0.829800 0.419500 0.013600 0.027500
0 0.566400 0.685100 0.014300 0.018000
0 0.485000 0.211800 0.015200 0.020300
0 0.955100 0.810600 0.014000 0.026500
0 0.229300 0.864400 0.014700 0.026600
0 0.186800 0.775900 0.018800 0.019200
0 0.372400 0.711300 0.011700 0.028700
0 0.479400 0.843400 0.015400 0.022700
0 0.358700 0.626400 0.013200 0.025100
0 0.004500 0.197700 0.009800 0.022500
0 0.519600 0.510700 0.014300 0.021600
0 0.597300 0.585500 0.012800 0.025200
0 0.910300 0.418700 0.013500 0.024700
0 0.759100 0.890700 0.014800 0.022100
0 0.868800 0.868600 0.015500 0.022300
0 0.077200 0.459400 0.018000 0.022000
0 0.329000 0.385300 0.012600 0.030300
0 0.688600 0.844200 0.011400 0.032100
0 0.742000 0.755500 0.016000 0.024700
0 0.032800 0.095000 0.014300 0.034600
0 0.561900 0.514100 0.014000 0.023600
0 0.528000 0.089200 0.018000 0.025900
0 0.283200 0.959200 0.015700 0.030600
0 0.829300 0.343900 0.015100 0.024400
0 0.833500 0.271500 0.013700 0.021800
0 0.946700 0.678200 0.017400 0.019400
0 0.483900 0.531300 0.015800 0.023500
0 0.120000 0.406000 0.016600 0.020500
0 0.447500 0.970200 0.011600 0.033600
0 0.867200 0.784600 0.017100 0.022200
0 0.002100 0.429800 0.006700 0.025600
0 0.216500 0.420700 0.014900 0.025700
0 0.496100 0.926800 0.015200 0.021500
0 0.858900 0.470400 0.017700 0.024800
0 0.623500 0.154600 0.013800 0.022700
0 0.242300 0.746800 0.013200 0.031900
0 0.865400 0.916700 0.011900 0.030800
0 0.638700 0.448600 0.016800 0.025700
0 0.608900 0.969100 0.012300 0.027300
0 0.691300 0.327300 0.011800 0.031400
0 0.769500 0.422100 0.014200 0.027500
0 0.729000 0.236700 0.015600 0.023100
0 0.029200 0.423500 0.016600 0.022500
0 0.260500 0.910400 0.016500 0.025300
0 0.706200 0.283400 0.013400 0.027100
0 0.831500 0.766600 0.016600 0.021900
0 0.171300 0.546800 0.016100 0.023500
0 0.008500 0.957700 0.014900 0.020100
0 0.932900 0.573200 0.012000 0.032100
0 0.131500 0.384500 0.017500 0.023100
0 0.818900 0.661500 0.014900 0.022500
0 0.832500 0.875700 0.015100 0.025500
0 0.024300 0.366100 0.018100 0.021100
0 0.216900 0.273300 0.017400 0.024000
0 0.871700 0.244700 0.015800 0.022500
0 0.756400 0.952600 0.015700 0.026100
0 0.372700 0.640500 0.014100 0.024500
0 0.948900 0.898200 0.012400 0.034400
0 0.345900 0.351100 0.014900 0.027100
0 0.508300 0.688700 0.015700 0.022600
0 0.776100 0.139600 0.017100 0.024100
0 0.065800 0.266500 0.013100 0.028900
0 0.893600 0.678500 0.016200 0.021300
0 0.830900 0.808200 0.016500 0.021800
0 0.020800 0.164100 0.015500 0.019900
0 0.521800 0.745500 0.015100 0.026000
0 0.732300 0.139900 0.015100 0.026700
0 0.744100 0.968300 0.011600 0.032500
0 0.555200 0.421200 0.015800 0.026000
0 0.570900 0.240000 0.015100 0.022700
0 0.058800 0.348600 0.016500 0.025000
0 0.154700 0.773800 0.018800 0.021000
0 0.366200 0.042000 0.015700 0.024500
0 0.392300 0.454200 0.016000 0.023800
0 0.627900 0.221200 0.014200 0.021300
0 0.638700 0.366300 0.014600 0.023000
0 0.826700 0.206500 0.012100 0.034500
0 0.092800 0.972300 0.013800 0.025800
0 0.794700 0.456200 0.014500 0.024900
0 0.172000 0.848700 0.017500 0.020200
0 0.170700 0.494600 0.014800 0.025800
0 0.106700 0.535500 0.015200 0.020700
0 0.467700 0.101400 0.011100 0.036600
0 0.754000 0.118100 0.018400 0.026700
0 0.423000 0.681700 0.014700 0.022100
0 0.014300 0.431500 0.013900 0.022900
0 0.805700 0.229200 0.011100 0.032400
0 0.365800 0.476300 0.018900 0.021600
0 0.111200 0.881800 0.019500 0.021600
0 0.671400 0.046000 0.014500 0.029200
0 0.976800 0.965900 0.015900 0.023400
0 0.598800 0.563800 0.014800 0.020000
0 0.523700 0.700900 0.016200 0.020400
0 0.119400 0.546700 0.015300 0.024100
0 0.849300 0.327800 0.014300 0.028200
0 0.423700 0.881800 0.013900 0.026700
0 0.860600 0.660100 0.013300 0.028300
0 0.182600 0.410000 0.015000 0.028400
0 0.540000 0.015100 0.017000 0.022500
0 0.619300 0.841700 0.011500 0.029300
0 0.967700 0.367500 0.015100 0.025600
0 0.870600 0.255400 0.017100 0.021600
0 0.139600 0.047700 0.016400 0.024500
0 0.564400 0.824300 0.015100 0.022600
0 0.795900 0.045900 0.015100 0.030300
0 0.288800 0.083700 0.015900 0.023600
0 0.913700 0.118900 0.017000 0.028900
0 0.165000 0.872500 0.017800 0.025500
0 0.569200 0.173100 0.015700 0.026700
0 0.525800 0.348300 0.015000 0.028100
0 0.279100 0.872700 0.018000 0.022900
0 0.127400 0.045600 0.016600 0.024000
0 0.684300 0.117400 0.013700 0.026800
0 0.068800 0.485200 0.015900 0.022400
0 0.721300 0.685000 0.014800 0.025700
0 0.655500 0.458600 0.015000 0.024600
0 0.991000 0.676300 0.011800 0.021300
0 0.104800 0.558000 0.017200 0.023500
0 0.976800 0.979500 0.016000 0.022200
0 0.710100 0.094200 0.012700 0.036900
0 0.076900 0.026400 0.013400 0.032200
0 0.075700 0.330000 0.013700 0.027300
0 0.038700 0.259900 0.015800 0.020700
0 0.947500 0.284300 0.013300 0.034400
0 0.226800 0.978800 0.016500 0.025100
0 0.791300 0.493200 0.014500 0.023300
0 0.865700 0.595700 0.011600 0.033500
0 0.992200 0.444200 0.012200 0.023300
0 0.877700 0.921100 0.011400 0.031500
0 0.959200 0.210900 0.016000 0.023700
0 0.968700 0.291800 0.013100 0.036300
0 0.647800 0.110100 0.015200 0.025900
0 0.327000 0.015600 0.015200 0.022200
0 0.082900 0.730000 0.016100 0.024600
0 0.123200 0.532300 0.013200 0.024000
0 0.791300 0.071000 0.017500 0.027900
0 0.477200 0.435000 0.017600 0.021300
0 0.980700 0.409800 0.012800 0.032200
0 0.320400 0.811300 0.016500 0.023500
0 0.567600 0.194000 0.014600 0.023000
0 0.838100 0.599000 0.012700 0.027200
0 0.234500 0.136200 0.017600 0.021200
0 0.120000 0.464200 0.016400 0.019800
0 0.972000 0.839400 0.015000 0.025500
0 0.768800 0.265100 0.013600 0.028800
0 0.691300 0.451800 0.014100 0.021400
0 0.218800 0.171000 0.014600 0.028200
0 0.618500 0.288800 0.016400 0.022700
0 0.898400 0.696200 0.016100 0.024100
0 0.379100 0.086400 0.014900 0.021400
0 0.981700 0.845300 0.013900 0.025500
0 0.566400 0.071500 0.017800 0.022900
0 0.611000 0.168100 0.012400 0.027600
0 0.282300 0.097400 0.012400 0.022400
0 0.405700 0.114100 0.014700 0.025400
0 0.261800 0.569000 0.016100 0.027000
0 0.354400 0.153400 0.014300 0.026400
0 0.083500 0.286400 0.014100 0.028900
0 0.347700 0.147100 0.017000 0.023000
0 0.347300 0.819500 0.013700 0.035900
0 0.716400 0.336500 0.018900 0.022800
0 0.945200 0.773900 0.016400 0.024200
0 0.994200 0.508400 0.008800 0.027900
0 0.416600 0.147300 0.013800 0.026800
0 0.608400 0.340600 0.015200 0.020500
0 0.355800 0.059500 0.015200 0.023900
0 0.219000 0.519800 0.011700 0.037300
0 0.340100 0.978300 0.017400 0.024600
0 0.143000 0.839300 0.016100 0.023500
0 0.691800 0.214000 0.015400 0.022900
0 0.055800 0.460700 0.014300 0.020500
0 0.287000 0.432000 0.016400 0.021800
0 0.139800 0.028500 0.017200 0.022300
0 0.459200 0.059500 0.014200 0.032400
0 0.489500 0.023900 0.017100 0.025200
0 0.770400 0.120200 0.017600 0.026500
0 0.073500 0.069500 0.015100 0.024300
0 0.920000 0.419100 0.011500 0.029600
0 0.480000 0.519700 0.013400 0.022000
0 0.216200 0.964900 0.016500 0.026600
0 0.122100 0.447300 0.018100 0.019100
0 0.164800 0.260700 0.014200 0.018900
0 0.061700 0.501100 0.015400 0.024400
0 0.048800 0.432600 0.014800 0.021800
0 0.989100 0.710900 0.012600 0.024400
0 0.223000 0.149100 0.013200 0.023300
0 0.676400 0.097100 0.014600 0.024800
0 0.581400 0.182000 0.013300 0.026200
0 0.873800 0.351500 0.015100 0.023400
0 0.065700 0.834700 0.013800 0.031700
0 0.549400 0.103400 0.015600 0.027600
0 0.135500 0.268700 0.011200 0.036400
0 0.486600 0.870000 0.016900 0.022300
0 0.500500 0.955700 0.013200 0.021500
0 0.989000 0.958200 0.009300 0.030700
0 0.081100 0.064200 0.014900 0.026100
0 0.405100 0.651300 0.014000 0.024200
0 0.864300 0.327200 0.013200 0.027700
0 0.078000 0.613700 0.016100 0.024600
0 0.651400 0.973600 0.015400 0.030800
0 0.100500 0.702500 0.014700 0.022900
0 0.414900 0.128900 0.013900 0.023200
0 0.215700 0.926000 0.013600 0.026800
0 0.556700 0.564300 0.015500 0.019100
0 0.550600 0.694500 0.015800 0.023100
0 0.488000 0.801500 0.011600 0.028800
0 0.690000 0.152500 0.012400 0.031300
0 0.988900 0.216000 0.010300 0.030600
0 0.813500 0.575600 0.014900 0.022600
0 0.971600 0.223700 0.014100 0.024700
0 0.960100 0.411300 0.015700 0.022300
0 0.628300 0.039300 0.013100 0.030400
0 0.557000 0.059300 0.016500 0.023600
0 0.111500 0.761400 0.017600 0.022900
0 0.065000 0.984500 0.012000 0.028900
0 0.851100 0.038600 0.015600 0.029400
0 0.638700 0.059100 0.012000 0.033100
0 0.557500 0.040300 0.014500 0.023800
0 0.518900 0.011100 0.011600 0.018900
0 0.907800 0.651100 0.016100 0.028100
0 0.663800 0.252200 0.014800 0.026800
0 0.491500 0.060400 0.016700 0.025000
0 0.769000 0.726000 0.012100 0.034800
0 0.214200 0.630100 0.011800 0.034100
0 0.511700 0.985900 0.016900 0.022700
0 0.601300 0.244600 0.015500 0.022300
0 0.768500 0.045400 0.014000 0.031800
0 0.753800 0.052900 0.017200 0.029500
0 0.568200 0.352500 0.014300 0.025100
0 0.131000 0.451200 0.016900 0.020900
0 0.745400 0.877100 0.012600 0.021300
0 0.580800 0.986600 0.013400 0.023200
0 0.760000 0.084500 0.019500 0.027900
0 0.592969 0.100694 0.015625 0.034722
0 0.366406 0.631944 0.010937 0.025000
0 0.323438 0.695139 0.009375 0.029167
0 0.616406 0.872222 0.015625 0.022222
0 0.627344 0.872917 0.012500 0.029167
0 0.291406 0.906944 0.017188 0.025000
0 0.025000 0.943750 0.010937 0.018056
0 0.230469 0.781944 0.015625 0.022222
0 0.678906 0.852778 0.009375 0.033333
0 0.196094 0.413194 0.012500 0.029167
0 0.197656 0.396528 0.009375 0.031944
0 0.217187 0.784028 0.015625 0.026389
0 0.691406 0.479861 0.009375 0.026389
0 0.898438 0.984722 0.010937 0.022222
0 0.944531 0.213889 0.012500 0.022222
