0 0.686000 0.770600 0.013500 0.031900
0 0.609400 0.746400 0.015100 0.027400
0 0.633400 0.902500 0.012300 0.030400
0 0.842700 0.608300 0.012300 0.026400
0 0.392100 0.931600 0.014400 0.025500
0 0.873000 0.620600 0.012300 0.030100
0 0.021000 0.161100 0.016700 0.019200
0 0.370300 0.902700 0.016600 0.021600
0 0.267100 0.244800 0.016800 0.026600
0 0.584600 0.670700 0.014000 0.020400
0 0.566100 0.519200 0.014400 0.026800
0 0.657500 0.851600 0.015300 0.023300
0 0.370000 0.322000 0.015500 0.026100
0 0.158400 0.935200 0.017500 0.023300
0 0.421900 0.865900 0.013900 0.022300
0 0.372000 0.588800 0.014900 0.024400
0 0.897600 0.681400 0.015500 0.023300
0 0.030700 0.934600 0.013400 0.022100
0 0.810500 0.573900 0.015900 0.023600
0 0.343300 0.264200 0.016600 0.021400
0 0.794300 0.843700 0.016300 0.023100
0 0.789700 0.706800 0.011300 0.039000
0 0.761100 0.668500 0.016100 0.024300
0 0.034300 0.256600 0.014500 0.022500
0 0.368800 0.808400 0.016400 0.023200
0 0.541500 0.739200 0.016100 0.022000
0 0.868800 0.406500 0.015300 0.025600
0 0.607700 0.696500 0.014200 0.019500
0 0.731500 0.867500 0.014500 0.024900
0 0.502300 0.867700 0.017600 0.020900
0 0.327000 0.419500 0.015200 0.027300
0 0.640100 0.656900 0.015100 0.019400
0 0.904300 0.661200 0.016500 0.025000
0 0.496800 0.704900 0.015800 0.023600
0 0.521900 0.513900 0.015100 0.020800
0 0.933800 0.573600 0.015800 0.024800
0 0.414100 0.806200 0.016300 0.022800
0 0.604600 0.563800 0.015600 0.023300
0 0.395900 0.760100 0.016700 0.019200
0 0.155700 0.918100 0.017200 0.022100
0 0.042100 0.266000 0.015200 0.023700
0 0.505100 0.835900 0.015100 0.023600
0 0.119700 0.044400 0.017100 0.023900
0 0.140500 0.894500 0.016200 0.023600
0 0.814900 0.892500 0.016800 0.025400
0 0.861700 0.664400 0.012800 0.027700
0 0.532300 0.358500 0.014000 0.028100
0 0.543500 0.885900 0.014700 0.022000
0 0.932000 0.508400 0.014700 0.025600
0 0.422600 0.411400 0.019300 0.023000
0 0.195100 0.051000 0.014200 0.028100
0 0.161400 0.868500 0.013100 0.026500
0 0.746200 0.453500 0.016400 0.024800
0 0.222800 0.609400 0.017600 0.022100
0 0.433300 0.935000 0.010600 0.033500
0 0.541400 0.866700 0.014000 0.023500
0 0.493000 0.851600 0.016200 0.022600
0 0.028400 0.370800 0.018600 0.021000
0 0.931900 0.442100 0.014200 0.022700
0 0.067300 0.431700 0.014500 0.026300
0 0.618000 0.563900 0.015100 0.022900
0 0.269500 0.692900 0.013600 0.026100
0 0.167900 0.777900 0.012800 0.029500
0 0.267600 0.752500 0.015100 0.028800
0 0.240400 0.885200 0.016000 0.026200
0 0.788400 0.647100 0.012500 0.028100
0 0.523500 0.103000 0.014000 0.019700
0 0.360300 0.626500 0.013300 0.023800
0 0.265300 0.783300 0.015700 0.023800
0 0.763300 0.808500 0.013600 0.024400
0 0.515400 0.705300 0.015600 0.028400
0 0.127100 0.406800 0.015200 0.021000
0 0.265800 0.554900 0.016800 0.022600
0 0.342100 0.616600 0.012000 0.029700
0 0.285700 0.429800 0.016000 0.021200
0 0.400800 0.719800 0.014100 0.024100
0 0.291900 0.221300 0.013800 0.030400
0 0.003200 0.935200 0.008500 0.020400
0 0.014000 0.641300 0.017200 0.023800
0 0.640700 0.420800 0.017200 0.022600
0 0.864300 0.943700 0.015000 0.025600
0 0.173700 0.871100 0.013900 0.024000
0 0.841600 0.560200 0.012000 0.031900
0 0.342500 0.906700 0.014800 0.020900
0 0.794300 0.376900 0.016900 0.023300
0 0.191300 0.221900 0.015300 0.023800
0 0.377600 0.482600 0.017700 0.024300
0 0.284600 0.957900 0.016100 0.026200
0 0.704800 0.982700 0.015100 0.025100
0 0.298300 0.795500 0.013700 0.031300
0 0.693100 0.685900 0.012900 0.028000
0 0.103100 0.893400 0.015600 0.022900
0 0.641400 0.369200 0.014700 0.024100
0 0.238900 0.853800 0.015600 0.027800
0 0.555400 0.107800 0.014800 0.024200
0 0.280100 0.543800 0.013600 0.026200
0 0.032900 0.658200 0.015600 0.023300
0 0.922600 0.588500 0.016500 0.022600
0 0.604500 0.710100 0.014100 0.021000
0 0.252900 0.942200 0.016200 0.028600
0 0.426200 0.451600 0.019200 0.020200
0 0.446000 0.278700 0.012500 0.031600
0 0.524000 0.318600 0.012600 0.032700
0 0.343100 0.717600 0.014200 0.022900
0 0.504800 0.295000 0.015400 0.024000
0 0.836000 0.330700 0.016000 0.024300
0 0.298700 0.873700 0.016200 0.021900
0 0.190200 0.017300 0.015200 0.025200
0 0.056000 0.431900 0.014900 0.022600
0 0.833100 0.423700 0.014500 0.023800
0 0.340400 0.176200 0.013700 0.025400
0 0.071100 0.521300 0.015800 0.026900
0 0.114100 0.390500 0.014200 0.026500
0 0.345200 0.233800 0.015800 0.025300
0 0.630800 0.033300 0.013800 0.031000
0 0.523200 0.806500 0.011400 0.031100
0 0.108700 0.446300 0.017000 0.023900
0 0.014800 0.434700 0.013900 0.026200
0 0.278100 0.214400 0.013900 0.028400
0 0.540100 0.617300 0.016700 0.020400
0 0.241000 0.458500 0.017500 0.023600
0 0.853300 0.720200 0.012000 0.030500
0 0.182200 0.407800 0.016200 0.023300
0 0.509600 0.230400 0.014400 0.023400
0 0.270100 0.472400 0.017700 0.023400
0 0.042800 0.408200 0.013300 0.026300
0 0.093500 0.016600 0.017000 0.022700
0 0.241100 0.754100 0.014000 0.030000
0 0.193800 0.683500 0.016100 0.021700
0 0.203200 0.770400 0.015500 0.022800
0 0.668100 0.588700 0.013000 0.021900
0 0.006500 0.081300 0.011800 0.034500
0 0.072900 0.033500 0.013100 0.030100
0 0.103200 0.554400 0.017400 0.020800
0 0.455500 0.021200 0.012600 0.024400
0 0.473400 0.856800 0.016200 0.022700
0 0.716600 0.334800 0.016900 0.024300
0 0.417800 0.484000 0.015900 0.023400
0 0.091100 0.043600 0.014700 0.029000
0 0.529400 0.972700 0.014600 0.024700
0 0.381100 0.176100 0.015400 0.023900
0 0.795100 0.133300 0.017400 0.023700
0 0.927200 0.417500 0.013800 0.025500
0 0.281400 0.056500 0.016200 0.026300
0 0.370100 0.966900 0.013400 0.027500
0 0.571500 0.072900 0.017700 0.021900
0 0.688600 0.841400 0.013000 0.027100
0 0.376900 0.644600 0.014000 0.022500
0 0.077900 0.456300 0.017100 0.023700
0 0.427500 0.328100 0.013400 0.025700
0 0.918400 0.430800 0.015100 0.019400
0 0.530700 0.093200 0.016100 0.021700
0 0.821600 0.777800 0.014200 0.030000
0 0.147600 0.835800 0.013700 0.025500
0 0.198300 0.292700 0.016500 0.023200
0 0.680200 0.482100 0.014700 0.023600
0 0.907300 0.130100 0.015600 0.027800
0 0.429100 0.833000 0.017400 0.021400
0 0.069300 0.855200 0.016100 0.028700
0 0.726600 0.686600 0.015900 0.024900
0 0.455000 0.296600 0.012500 0.030800
0 0.779700 0.239400 0.014800 0.027300
0 0.848100 0.130200 0.014400 0.026800
0 0.485700 0.219600 0.014600 0.019800
0 0.268200 0.222600 0.014200 0.027000
0 0.123500 0.569200 0.017900 0.019300
0 0.004300 0.481900 0.010100 0.024900
0 0.150700 0.159200 0.015700 0.024100
0 0.141800 0.291000 0.010300 0.036900
0 0.828100 0.818600 0.015000 0.025500
0 0.942400 0.854200 0.016500 0.022500
0 0.063600 0.683300 0.017700 0.022000
0 0.273200 0.891300 0.017000 0.021100
0 0.834900 0.271400 0.015100 0.021200
0 0.878000 0.952600 0.016500 0.023500
0 0.255800 0.507800 0.017200 0.021300
0 0.877100 0.521600 0.014800 0.027400
0 0.960200 0.209300 0.015900 0.021500
0 0.082000 0.729900 0.015200 0.025000
0 0.620200 0.266300 0.016100 0.022000
0 0.607300 0.341400 0.016100 0.021600
0 0.889400 0.374000 0.014600 0.025400
0 0.772600 0.200900 0.016000 0.024800
0 0.377300 0.711700 0.014100 0.024400
0 0.676100 0.096200 0.013600 0.022600
0 0.872000 0.254700 0.018100 0.020800
0 0.793500 0.453800 0.014200 0.022400
0 0.877100 0.922000 0.011400 0.031300
0 0.902600 0.936200 0.012500 0.029200
0 0.843500 0.085200 0.016200 0.025900
0 0.199200 0.420000 0.015300 0.025800
0 0.807900 0.018000 0.015100 0.025100
0 0.952200 0.454100 0.014400 0.022100
0 0.408400 0.120500 0.015600 0.024500
0 0.216800 0.421300 0.015200 0.026400
0 0.204300 0.827500 0.013300 0.028800
0 0.206900 0.693600 0.015500 0.021600
0 0.363300 0.455400 0.015000 0.027300
0 0.835200 0.353300 0.014800 0.023100
0 0.127300 0.467900 0.017500 0.020800
0 0.456900 0.232200 0.015300 0.023400
0 0.829800 0.204400 0.013000 0.034000
0 0.526300 0.140300 0.013800 0.026900
0 0.982100 0.968400 0.015500 0.021600
0 0.872500 0.241800 0.017400 0.021000
0 0.391600 0.810200 0.013200 0.028000
0 0.018700 0.774000 0.015800 0.021000
0 0.422600 0.832100 0.016300 0.020300
0 0.643600 0.453100 0.017400 0.021900
0 0.664500 0.252900 0.016800 0.023500
0 0.957500 0.822200 0.016200 0.022400
0 0.122200 0.706300 0.011500 0.029200
0 0.868700 0.783000 0.014600 0.021400
0 0.829300 0.586300 0.012000 0.030300
0 0.785800 0.946400 0.015000 0.022300
0 0.298700 0.952100 0.014400 0.026100
0 0.506100 0.620600 0.019400 0.023100
0 0.409800 0.144900 0.014200 0.026600
0 0.080000 0.334700 0.015700 0.024100
0 0.029600 0.424000 0.017100 0.023600
0 0.771200 0.119200 0.016800 0.028100
0 0.790100 0.486200 0.014700 0.022600
0 0.552800 0.867700 0.011000 0.021900
0 0.864400 0.543900 0.011400 0.032600
0 0.664800 0.563100 0.016600 0.019900
0 0.602600 0.871800 0.017700 0.023500
0 0.392300 0.452300 0.015400 0.024900
0 0.200700 0.788500 0.016300 0.023300
0 0.952500 0.802600 0.016900 0.022500
0 0.972200 0.223000 0.015300 0.023700
0 0.244500 0.673900 0.016300 0.024000
0 0.980600 0.407600 0.013400 0.025500
0 0.951400 0.872300 0.015800 0.023500
0 0.718100 0.278900 0.013500 0.031200
0 0.223300 0.375800 0.016200 0.023400
0 0.423100 0.153500 0.014200 0.026500
0 0.073600 0.371100 0.015900 0.022300
0 0.679900 0.847900 0.012500 0.023800
0 0.006600 0.959000 0.012900 0.028000
0 0.390300 0.090800 0.017200 0.023700
0 0.409000 0.563900 0.017100 0.023900
0 0.172300 0.552200 0.015900 0.022100
0 0.611100 0.169000 0.012100 0.027900
0 0.179400 0.506500 0.014600 0.023800
0 0.165900 0.260500 0.013200 0.019800
0 0.556500 0.218000 0.013600 0.023100
0 0.389200 0.571300 0.017800 0.022100
0 0.567300 0.193200 0.013100 0.022200
0 0.581400 0.181400 0.012500 0.024800
0 0.569300 0.171700 0.015700 0.024700
0 0.217000 0.032000 0.013000 0.034300
0 0.096700 0.629900 0.014900 0.026200
0 0.760600 0.316600 0.016300 0.026200
0 0.605300 0.946900 0.011300 0.027400
0 0.608600 0.876700 0.016500 0.023000
0 0.221200 0.972800 0.018400 0.022200
0 0.678700 0.051500 0.015200 0.024100
0 0.234700 0.936200 0.016300 0.026900
0 0.235700 0.160000 0.012500 0.029800
0 0.602500 0.257500 0.016900 0.019300
0 0.607600 0.280500 0.013100 0.024000
0 0.707600 0.279700 0.014400 0.026200
0 0.642600 0.982700 0.015500 0.027400
0 0.068900 0.352500 0.016500 0.020200
0 0.759400 0.083700 0.017900 0.026200
0 0.970000 0.141000 0.017700 0.023000
0 0.443600 0.077900 0.013900 0.025300
0 0.752300 0.120500 0.017100 0.028500
0 0.753100 0.255800 0.015400 0.025500
0 0.006100 0.883600 0.009000 0.028500
0 0.867000 0.865600 0.014000 0.024800
0 0.627600 0.223100 0.013100 0.020800
0 0.802300 0.088200 0.017200 0.025200
0 0.284700 0.083200 0.017500 0.022300
0 0.848400 0.774000 0.016200 0.024100
0 0.685300 0.114600 0.012900 0.026800
0 0.912900 0.406700 0.012800 0.025200
0 0.063500 0.493800 0.014400 0.030800
0 0.372300 0.640300 0.014400 0.022200
0 0.521100 0.144700 0.015200 0.024500
0 0.364700 0.170000 0.011600 0.036100
0 0.479800 0.125800 0.012100 0.032100
0 0.213200 0.243600 0.012500 0.028200
0 0.123800 0.453800 0.018100 0.020500
0 0.865100 0.327600 0.012600 0.030700
0 0.965200 0.365600 0.014700 0.025300
0 0.494200 0.157500 0.014000 0.020500
0 0.627900 0.815600 0.011900 0.029600
0 0.658100 0.458000 0.015700 0.021500
0 0.858800 0.039500 0.013300 0.027000
0 0.204400 0.977100 0.014900 0.027000
0 0.124100 0.763000 0.014500 0.023300
0 0.474200 0.623400 0.019600 0.023400
0 0.064400 0.985800 0.011000 0.026500
0 0.839100 0.383400 0.015000 0.022000
0 0.186200 0.734000 0.014100 0.023500
0 0.950800 0.295600 0.015300 0.026200
0 0.717800 0.017700 0.013500 0.026200
0 0.686600 0.236600 0.016200 0.025900
0 0.283900 0.886000 0.017300 0.022900
0 0.754900 0.048200 0.016500 0.025800
0 0.223500 0.211100 0.014700 0.024500
0 0.963700 0.409400 0.015200 0.022500
0 0.457500 0.986100 0.015700 0.025200
0 0.288500 0.141800 0.017600 0.023700
0 0.784600 0.964600 0.016800 0.020100
0 0.136900 0.788800 0.011400 0.030700
0 0.972900 0.452000 0.014600 0.026200
0 0.334100 0.983700 0.017100 0.026500
0 0.022300 0.944800 0.013600 0.018000
0 0.888300 0.867900 0.013400 0.023500
0 0.059400 0.551000 0.016300 0.021300
0 0.625700 0.154800 0.014400 0.024400
0 0.071200 0.088800 0.019300 0.023700
0 0.123300 0.525900 0.014100 0.026900
0 0.073200 0.564600 0.013300 0.027800
0 0.374000 0.052300 0.017400 0.023700
0 0.858800 0.841000 0.016100 0.019700
0 0.755200 0.173700 0.016500 0.025600
0 0.570900 0.261500 0.014700 0.023300
0 0.694300 0.480200 0.012600 0.025300
0 0.690000 0.448500 0.014600 0.026400
0 0.261600 0.089100 0.012400 0.025100
0 0.271500 0.232900 0.014800 0.026800
0 0.507300 0.091900 0.014900 0.021100
0 0.992000 0.965400 0.012800 0.025100
0 0.744800 0.872900 0.012300 0.021400
0 0.949000 0.906000 0.016100 0.023600
0 0.703600 0.109600 0.011600 0.032200
0 0.100700 0.701000 0.015000 0.023500
0 0.788400 0.465300 0.014800 0.021900
0 0.140900 0.502500 0.012000 0.033900
0 0.078100 0.610800 0.014600 0.024800
0 0.308400 0.136100 0.013000 0.029700
0 0.981700 0.011000 0.013000 0.018000
0 0.670800 0.451300 0.017300 0.021900
0 0.049300 0.503200 0.013100 0.022500
0 0.620200 0.288600 0.017200 0.020600
0 0.363500 0.033700 0.015100 0.030700
0 0.842100 0.255300 0.014800 0.019200
0 0.425700 0.890500 0.011400 0.029300
0 0.769200 0.045700 0.013800 0.029200
0 0.986900 0.840100 0.015900 0.024400
0 0.747400 0.260300 0.015100 0.029000
0 0.568100 0.348200 0.014600 0.026200
0 0.286300 0.902500 0.021100 0.022500
0 0.351172 0.088889 0.019531 0.030556
0 0.396875 0.070833 0.012500 0.019444
0 0.405469 0.077083 0.010937 0.023611
0 0.991797 0.784028 0.000781 0.006944
0 0.989844 0.784028 0.014062 0.034722
0 0.943359 0.212500 0.016406 0.027778
0 0.887891 0.788194 0.016406 0.026389
0 0.272656 0.687500 0.010937 0.036111
0 0.231250 0.798611 0.015625 0.025000
0 0.218750 0.798611 0.015625 0.025000
0 0.239063 0.152778 0.018750 0.022222
