0 0.372300 0.905100 0.017000 0.022400
0 0.016300 0.104300 0.018400 0.026200
0 0.620600 0.564300 0.014500 0.023200
0 0.360700 0.944600 0.016300 0.020000
0 0.609100 0.753100 0.016900 0.025400
0 0.033000 0.934200 0.013200 0.021900
0 0.284300 0.958000 0.015500 0.026900
0 0.489800 0.698900 0.015600 0.024100
0 0.096200 0.901800 0.018500 0.021300
0 0.678700 0.584900 0.013600 0.027600
0 0.852900 0.697000 0.014000 0.026400
0 0.341600 0.906500 0.015400 0.022700
0 0.584700 0.670500 0.013500 0.020100
0 0.396200 0.760300 0.016200 0.018400
0 0.515200 0.702100 0.016100 0.024000
0 0.414800 0.807100 0.016800 0.020900
0 0.128400 0.409500 0.016000 0.021000
0 0.400800 0.719700 0.013800 0.024600
0 0.160800 0.944500 0.018000 0.020200
0 0.272900 0.258300 0.017400 0.024900
0 0.434700 0.939000 0.012900 0.026800
0 0.794000 0.376900 0.017400 0.024000
0 0.323900 0.272600 0.016600 0.023800
0 0.838900 0.607200 0.011800 0.029000
0 0.254500 0.881100 0.015900 0.026400
0 0.028500 0.371100 0.018300 0.021600
0 0.566400 0.519900 0.014100 0.026800
0 0.035400 0.257400 0.015000 0.021400
0 0.192800 0.783100 0.015200 0.024200
0 0.931700 0.507400 0.015400 0.026300
0 0.665700 0.672600 0.015200 0.019800
0 0.154500 0.922800 0.014700 0.023600
0 0.546700 0.739400 0.016600 0.021000
0 0.622500 0.851600 0.017400 0.020800
0 0.503600 0.867200 0.015700 0.022700
0 0.897200 0.682900 0.016600 0.024300
0 0.859400 0.944900 0.016200 0.025200
0 0.630500 0.033000 0.013600 0.031200
0 0.370100 0.322400 0.015800 0.026000
0 0.241600 0.460100 0.017300 0.023200
0 0.953700 0.803000 0.016300 0.021100
0 0.684800 0.773300 0.013600 0.032300
0 0.817800 0.615500 0.013800 0.024200
0 0.359200 0.626800 0.012700 0.024400
0 0.492200 0.290700 0.016800 0.022300
0 0.043100 0.266600 0.015800 0.022800
0 0.604700 0.563700 0.014300 0.024100
0 0.533500 0.359200 0.014300 0.026800
0 0.116100 0.044900 0.017800 0.023200
0 0.140200 0.291600 0.011700 0.031600
0 0.064100 0.685100 0.017600 0.022400
0 0.641000 0.421100 0.016800 0.022300
0 0.005600 0.665300 0.011200 0.022200
0 0.802600 0.132100 0.020100 0.021900
0 0.377200 0.645000 0.014300 0.021800
0 0.161900 0.864700 0.012900 0.026400
0 0.945800 0.833300 0.015800 0.020900
0 0.463900 0.984800 0.017000 0.024800
0 0.423100 0.321300 0.014800 0.021800
0 0.867600 0.865300 0.014700 0.023000
0 0.636800 0.908300 0.012500 0.032400
0 0.422300 0.866200 0.014200 0.022800
0 0.181400 0.408800 0.015500 0.022300
0 0.760000 0.083800 0.018500 0.026600
0 0.940800 0.447100 0.013400 0.026100
0 0.960300 0.209400 0.016500 0.021900
0 0.269500 0.231500 0.015200 0.026300
0 0.932700 0.573300 0.015500 0.024800
0 0.228800 0.968400 0.015500 0.025500
0 0.346900 0.241200 0.015700 0.023300
0 0.294100 0.810400 0.011100 0.034600
0 0.788600 0.648300 0.012900 0.028400
0 0.240700 0.857000 0.015500 0.028300
0 0.541700 0.868900 0.013800 0.026000
0 0.341400 0.798900 0.015600 0.022500
0 0.117000 0.431400 0.016400 0.022100
0 0.444000 0.281500 0.015800 0.027300
0 0.965200 0.922200 0.016700 0.021100
0 0.924000 0.589900 0.016000 0.021500
0 0.341000 0.618300 0.011200 0.030300
0 0.285700 0.429500 0.016400 0.021000
0 0.224000 0.376300 0.015900 0.023600
0 0.607900 0.696500 0.014600 0.020200
0 0.831200 0.355400 0.013700 0.025000
0 0.123500 0.370800 0.015900 0.025800
0 0.296500 0.231300 0.014800 0.026900
0 0.676300 0.095900 0.013400 0.023300
0 0.683000 0.708700 0.013600 0.026200
0 0.021000 0.161100 0.016300 0.019400
0 0.480000 0.611200 0.016700 0.024800
0 0.482200 0.128000 0.014400 0.026800
0 0.732500 0.056700 0.016500 0.023400
0 0.509300 0.234100 0.014500 0.023400
0 0.843600 0.564000 0.012100 0.033900
0 0.494900 0.853000 0.015500 0.022200
0 0.043400 0.408100 0.012900 0.026900
0 0.227000 0.607600 0.017000 0.023200
0 0.290300 0.782000 0.013100 0.025900
0 0.197700 0.291200 0.016400 0.022900
0 0.894100 0.953100 0.013200 0.025900
0 0.377600 0.711700 0.013100 0.025800
0 0.954900 0.842100 0.018000 0.021200
0 0.148100 0.839100 0.013200 0.025900
0 0.422500 0.833500 0.017700 0.017100
0 0.601300 0.871200 0.018400 0.021200
0 0.918100 0.430700 0.014400 0.021500
0 0.069700 0.352900 0.016400 0.021100
0 0.871600 0.620800 0.011900 0.031500
0 0.840400 0.805300 0.015200 0.026200
0 0.277700 0.473900 0.016400 0.023800
0 0.644300 0.452900 0.018500 0.021200
0 0.264800 0.511100 0.016800 0.022800
0 0.799300 0.092100 0.017600 0.024800
0 0.888300 0.869400 0.013700 0.023700
0 0.393300 0.498100 0.015500 0.026000
0 0.805600 0.874300 0.016500 0.023300
0 0.871200 0.254500 0.017300 0.021400
0 0.343500 0.717400 0.013900 0.022800
0 0.283300 0.234700 0.015800 0.024400
0 0.801900 0.964100 0.015700 0.021500
0 0.389800 0.805900 0.016400 0.022100
0 0.820700 0.029700 0.016700 0.027600
0 0.140200 0.898900 0.015400 0.023900
0 0.688600 0.841700 0.012400 0.029200
0 0.428400 0.411500 0.017800 0.022100
0 0.176400 0.694900 0.016300 0.020700
0 0.505700 0.835700 0.014400 0.024800
0 0.745100 0.454400 0.015600 0.023200
0 0.004100 0.883000 0.009400 0.023700
0 0.358700 0.579700 0.016400 0.022800
0 0.680300 0.481700 0.014700 0.022700
0 0.522100 0.823400 0.012400 0.031700
0 0.748400 0.877300 0.016400 0.022100
0 0.641900 0.369300 0.014300 0.023600
0 0.798900 0.844300 0.016700 0.021100
0 0.540200 0.616800 0.016000 0.021000
0 0.505900 0.141000 0.016900 0.021600
0 0.276800 0.215100 0.014900 0.027100
0 0.556500 0.108900 0.014700 0.024000
0 0.780500 0.242700 0.014200 0.029700
0 0.032400 0.654700 0.014500 0.027900
0 0.418700 0.483500 0.015300 0.023100
0 0.642200 0.979800 0.017200 0.025000
0 0.707100 0.278400 0.013600 0.026800
0 0.871800 0.531500 0.015000 0.024400
0 0.763300 0.663400 0.017300 0.023700
0 0.868800 0.407300 0.015400 0.025700
0 0.872200 0.241700 0.016400 0.021100
0 0.810600 0.574000 0.015700 0.023700
0 0.862100 0.663500 0.013000 0.028200
0 0.864700 0.521300 0.014000 0.027200
0 0.170500 0.868900 0.012600 0.025700
0 0.556100 0.885100 0.014600 0.022600
0 0.426700 0.452900 0.017600 0.021000
0 0.371800 0.589300 0.015900 0.022200
0 0.522300 0.513800 0.015200 0.020300
0 0.973400 0.854900 0.017100 0.023600
0 0.770400 0.119500 0.017000 0.029300
0 0.256600 0.794300 0.015300 0.025100
0 0.004800 0.483200 0.010100 0.024700
0 0.485900 0.220900 0.015200 0.020300
0 0.240600 0.169100 0.011200 0.031600
0 0.708800 0.984700 0.016800 0.027000
0 0.289000 0.082000 0.014900 0.023000
0 0.505200 0.620600 0.016700 0.023000
0 0.929200 0.422500 0.013400 0.025100
0 0.072300 0.034600 0.013900 0.032700
0 0.081100 0.335100 0.014900 0.024700
0 0.458000 0.236100 0.016000 0.022200
0 0.872100 0.795900 0.017300 0.019900
0 0.777000 0.786100 0.014000 0.029400
0 0.469300 0.857100 0.014600 0.026400
0 0.851300 0.770100 0.017100 0.024800
0 0.183700 0.025900 0.015700 0.026000
0 0.243700 0.756700 0.012000 0.032600
0 0.877600 0.921400 0.011300 0.032200
0 0.522300 0.327300 0.011000 0.036300
0 0.015100 0.435000 0.014200 0.025700
0 0.057100 0.432200 0.015100 0.021200
0 0.005900 0.172400 0.008000 0.017800
0 0.156900 0.167800 0.017100 0.025900
0 0.252300 0.572600 0.015800 0.023600
0 0.571600 0.264600 0.014900 0.022900
0 0.332600 0.430200 0.011500 0.034000
0 0.556200 0.217000 0.013800 0.023800
0 0.189500 0.221700 0.017700 0.021700
0 0.131400 0.696400 0.012800 0.027700
0 0.972100 0.223100 0.015300 0.023500
0 0.822800 0.302700 0.014800 0.025600
0 0.605500 0.709900 0.013600 0.022100
0 0.604400 0.944700 0.011600 0.028500
0 0.290400 0.901200 0.019200 0.023900
0 0.567600 0.192800 0.013100 0.022900
0 0.752700 0.257300 0.016300 0.023300
0 0.522900 0.936000 0.010100 0.036700
0 0.680400 0.852400 0.013300 0.025200
0 0.220200 0.972500 0.017500 0.022600
0 0.819400 0.756900 0.011300 0.035200
0 0.531200 0.093400 0.015400 0.022400
0 0.522800 0.103300 0.014200 0.019800
0 0.129000 0.467900 0.017700 0.021100
0 0.103100 0.553000 0.016900 0.021000
0 0.082100 0.729800 0.015400 0.025100
0 0.257700 0.671700 0.017900 0.023800
0 0.217100 0.421600 0.015600 0.026400
0 0.775800 0.207100 0.015300 0.024900
0 0.072700 0.447600 0.015100 0.022700
0 0.581500 0.180800 0.012300 0.024700
0 0.189100 0.733200 0.015700 0.023100
0 0.080100 0.457600 0.016400 0.022000
0 0.868300 0.781700 0.015900 0.019500
0 0.456200 0.023000 0.012000 0.025600
0 0.950700 0.786100 0.015500 0.023000
0 0.466700 0.041900 0.012700 0.030200
0 0.607900 0.342200 0.014900 0.021400
0 0.902500 0.663200 0.016000 0.026100
0 0.791800 0.734500 0.011500 0.037900
0 0.173000 0.553300 0.016400 0.022200
0 0.184200 0.079400 0.011400 0.037800
0 0.126300 0.454000 0.019600 0.020300
0 0.143000 0.811500 0.012900 0.029500
0 0.786100 0.217200 0.015800 0.022200
0 0.667200 0.215600 0.013800 0.025300
0 0.210600 0.216500 0.017200 0.022200
0 0.572800 0.073800 0.016900 0.021300
0 0.515600 0.155100 0.016700 0.021600
0 0.507300 0.092700 0.014700 0.019300
0 0.794100 0.452500 0.016200 0.021200
0 0.626200 0.155500 0.015200 0.023800
0 0.860200 0.841000 0.014500 0.022900
0 0.299400 0.868500 0.016000 0.024200
0 0.239800 0.148800 0.016100 0.020100
0 0.426400 0.892800 0.011000 0.029300
0 0.089400 0.041300 0.014000 0.032000
0 0.007100 0.958800 0.014200 0.024000
0 0.716600 0.336400 0.015500 0.025200
0 0.968300 0.442700 0.015700 0.026100
0 0.124100 0.767900 0.016900 0.024700
0 0.982500 0.405400 0.012800 0.028100
0 0.620200 0.267600 0.014600 0.022500
0 0.335500 0.983100 0.018600 0.021300
0 0.718800 0.014800 0.011800 0.024000
0 0.019000 0.774200 0.016000 0.021100
0 0.303100 0.154400 0.016000 0.024700
0 0.753200 0.121200 0.017200 0.028000
0 0.982900 0.970200 0.016500 0.022400
0 0.832200 0.559100 0.010800 0.036000
0 0.372900 0.054000 0.017500 0.022600
0 0.235200 0.197000 0.014700 0.022900
0 0.609800 0.878900 0.017000 0.020500
0 0.720200 0.278200 0.013200 0.029500
0 0.790200 0.470100 0.018000 0.021800
0 0.707100 0.432200 0.013100 0.030600
0 0.910500 0.130800 0.017300 0.025800
0 0.569200 0.171600 0.015500 0.025000
0 0.074000 0.372300 0.016000 0.022300
0 0.602600 0.258900 0.015400 0.020300
0 0.726200 0.688300 0.017700 0.023800
0 0.391900 0.091800 0.017300 0.022100
0 0.964000 0.409300 0.015000 0.023300
0 0.774100 0.983500 0.015200 0.027500
0 0.953300 0.293600 0.014600 0.026600
0 0.400500 0.946500 0.013400 0.027900
0 0.447400 0.338300 0.016100 0.025700
0 0.069900 0.860400 0.017400 0.022400
0 0.207000 0.693700 0.015600 0.023400
0 0.665300 0.253400 0.015600 0.022500
0 0.834300 0.424200 0.014600 0.024500
0 0.774300 0.289300 0.012800 0.033700
0 0.091800 0.622500 0.014900 0.025100
0 0.180100 0.508400 0.014900 0.023800
0 0.172300 0.751400 0.013800 0.026800
0 0.866700 0.054300 0.013100 0.030900
0 0.889200 0.373500 0.014100 0.025900
0 0.423400 0.115900 0.015900 0.023300
0 0.530000 0.172700 0.016100 0.023200
0 0.366900 0.032500 0.015100 0.027400
0 0.259100 0.063600 0.015300 0.023400
0 0.677400 0.048500 0.013600 0.031000
0 0.657500 0.458400 0.016300 0.021000
0 0.938100 0.858700 0.015600 0.025800
0 0.831000 0.204800 0.012700 0.033900
0 0.363700 0.105000 0.012200 0.029300
0 0.306000 0.061200 0.012700 0.030500
0 0.832900 0.264800 0.013500 0.020000
0 0.736400 0.275900 0.015900 0.022300
0 0.366500 0.172600 0.010900 0.038000
0 0.118200 0.535900 0.015300 0.024700
0 0.865200 0.327800 0.012800 0.031300
0 0.409300 0.145700 0.013500 0.029600
0 0.607700 0.285500 0.012700 0.025300
0 0.053500 0.457300 0.012300 0.025700
0 0.220200 0.015100 0.011400 0.027600
0 0.789800 0.486800 0.017200 0.020600
0 0.627500 0.223300 0.013600 0.020500
0 0.175500 0.872200 0.013500 0.025300
0 0.691600 0.448800 0.014400 0.020300
0 0.671600 0.451200 0.017200 0.021900
0 0.199600 0.419000 0.015800 0.025000
0 0.392400 0.452500 0.015300 0.025000
0 0.836800 0.091500 0.015600 0.028000
0 0.259800 0.576500 0.017100 0.021500
0 0.424200 0.159300 0.015300 0.024600
0 0.965900 0.363500 0.014500 0.025400
0 0.072800 0.564600 0.013500 0.028700
0 0.992500 0.966600 0.013400 0.026100
0 0.903200 0.938400 0.012100 0.033800
0 0.029700 0.425800 0.016700 0.023500
0 0.933400 0.426400 0.014300 0.023000
0 0.213700 0.803000 0.012700 0.027300
0 0.611500 0.168700 0.012600 0.027000
0 0.166300 0.260900 0.013300 0.020000
0 0.852500 0.089700 0.012500 0.027700
0 0.401800 0.204200 0.014900 0.027600
0 0.269900 0.689100 0.017900 0.024900
0 0.753400 0.048300 0.016200 0.026700
0 0.620900 0.289100 0.015900 0.020400
0 0.396100 0.072500 0.017600 0.025200
0 0.063300 0.495100 0.014200 0.030600
0 0.233200 0.799200 0.015800 0.024400
0 0.057600 0.548400 0.015100 0.023900
0 0.317200 0.152600 0.015600 0.026900
0 0.659700 0.564500 0.013700 0.029900
0 0.142600 0.483600 0.012400 0.033500
0 0.991700 0.127800 0.007600 0.035100
0 0.124100 0.569700 0.017500 0.019900
0 0.842700 0.255300 0.014900 0.020000
0 0.685800 0.114100 0.012200 0.025700
0 0.363200 0.456900 0.014500 0.028400
0 0.064300 0.539600 0.014900 0.026600
0 0.064600 0.985200 0.011400 0.022800
0 0.973900 0.019300 0.015200 0.024700
0 0.013200 0.644500 0.018000 0.022700
0 0.100500 0.700900 0.014000 0.023600
0 0.631100 0.076700 0.013300 0.021100
0 0.371600 0.639400 0.014600 0.021000
0 0.077500 0.610800 0.013900 0.022500
0 0.944400 0.210400 0.015700 0.023000
0 0.249100 0.122900 0.013500 0.025800
0 0.391400 0.549100 0.019100 0.021800
0 0.910300 0.389300 0.013800 0.029300
0 0.294900 0.951600 0.014200 0.026400
0 0.040500 0.607800 0.012000 0.022000
0 0.569141 0.348611 0.019531 0.030556
0 0.004688 0.940278 0.009375 0.019444
0 0.272656 0.682639 0.010937 0.031944
0 0.283594 0.888889 0.014062 0.025000
0 0.273438 0.890972 0.012500 0.020833
0 0.250000 0.940972 0.012500 0.029167
0 0.257812 0.948611 0.015625 0.022222
0 0.023438 0.943750 0.017188 0.018056
0 0.225000 0.802083 0.012500 0.026389
0 0.696094 0.476389 0.012500 0.033333
0 0.704687 0.110417 0.010937 0.031944
