0 0.779400 0.638700 0.011300 0.030400
0 0.156800 0.892200 0.017300 0.021800
0 0.397500 0.753400 0.016200 0.020000
0 0.396200 0.705600 0.014200 0.028600
0 0.867700 0.408000 0.015000 0.023300
0 0.632600 0.761400 0.014000 0.022300
0 0.539500 0.648500 0.013700 0.029400
0 0.190800 0.360900 0.020000 0.023600
0 0.681000 0.904000 0.013700 0.024200
0 0.030700 0.935300 0.013800 0.020300
0 0.913500 0.418600 0.013800 0.023500
0 0.710400 0.608600 0.011800 0.033200
0 0.511000 0.756200 0.016300 0.023600
0 0.535800 0.616100 0.015300 0.022000
0 0.563800 0.616900 0.014100 0.025500
0 0.806800 0.920500 0.015300 0.027000
0 0.427800 0.831100 0.014900 0.021500
0 0.228100 0.128600 0.015900 0.022100
0 0.058100 0.379200 0.017300 0.022200
0 0.015500 0.773400 0.018200 0.021800
0 0.858600 0.842600 0.020000 0.020900
0 0.592000 0.723000 0.011800 0.030900
0 0.148600 0.874200 0.014600 0.025300
0 0.610600 0.547700 0.018000 0.019800
0 0.743800 0.869500 0.014200 0.025900
0 0.641500 0.423200 0.017200 0.022100
0 0.942700 0.508600 0.014900 0.024200
0 0.763600 0.677400 0.011800 0.033400
0 0.116000 0.877000 0.016700 0.020900
0 0.134600 0.841400 0.014600 0.023000
0 0.901200 0.929900 0.010500 0.031200
0 0.671100 0.452900 0.017900 0.023900
0 0.117200 0.399000 0.016400 0.021500
0 0.880700 0.614100 0.012000 0.028300
0 0.672100 0.476600 0.015300 0.024500
0 0.869500 0.785800 0.016200 0.019400
0 0.103000 0.028500 0.018300 0.023300
0 0.138900 0.627700 0.013500 0.033100
0 0.285900 0.431600 0.017100 0.020800
0 0.283500 0.958800 0.016500 0.028200
0 0.585000 0.672800 0.013800 0.022800
0 0.633500 0.446000 0.016300 0.023900
0 0.014200 0.623000 0.017600 0.025000
0 0.217100 0.360200 0.019300 0.021300
0 0.195800 0.633800 0.015100 0.021900
0 0.833600 0.590900 0.012300 0.026600
0 0.447600 0.904600 0.013700 0.025000
0 0.132300 0.252900 0.013400 0.028900
0 0.110900 0.672100 0.016300 0.023000
0 0.504700 0.219500 0.014000 0.024000
0 0.019700 0.365500 0.018000 0.020900
0 0.923000 0.404600 0.012100 0.030600
0 0.228100 0.941100 0.015900 0.024600
0 0.102500 0.746600 0.016600 0.023500
0 0.217800 0.967200 0.015700 0.022300
0 0.709100 0.241700 0.014700 0.027600
0 0.215400 0.143000 0.011100 0.029000
0 0.286200 0.896600 0.014900 0.029600
0 0.460600 0.829500 0.015000 0.021200
0 0.690800 0.822600 0.014200 0.022100
0 0.069800 0.861600 0.017300 0.020200
0 0.267400 0.547100 0.019500 0.023200
0 0.506300 0.278700 0.013300 0.032700
0 0.170600 0.930000 0.015500 0.020300
0 0.956600 0.417500 0.012300 0.029000
0 0.184700 0.408000 0.016100 0.022100
0 0.523000 0.343100 0.015200 0.028300
0 0.608300 0.698100 0.014300 0.023000
0 0.377900 0.853400 0.015100 0.024300
0 0.827800 0.408900 0.014900 0.021100
0 0.163900 0.870300 0.017400 0.022400
0 0.922800 0.590400 0.018800 0.021000
0 0.415200 0.759600 0.017600 0.021100
0 0.220400 0.941600 0.015900 0.027100
0 0.593700 0.858600 0.015500 0.023300
0 0.847800 0.684700 0.016500 0.021300
0 0.068600 0.367500 0.016800 0.021800
0 0.192300 0.403100 0.016200 0.023300
0 0.611200 0.876900 0.017400 0.022600
0 0.119300 0.431300 0.017200 0.020800
0 0.059900 0.664900 0.016100 0.022500
0 0.503400 0.827400 0.015500 0.020700
0 0.266100 0.523000 0.017500 0.025100
0 0.755400 0.118500 0.015600 0.027000
0 0.794400 0.378800 0.016800 0.022300
0 0.494400 0.231200 0.013700 0.024800
0 0.397900 0.371600 0.015900 0.029000
0 0.569200 0.071700 0.018300 0.024400
0 0.719700 0.683200 0.014400 0.026400
0 0.557400 0.510100 0.013700 0.026900
0 0.523600 0.694800 0.012900 0.025000
0 0.346600 0.939200 0.014300 0.028400
0 0.008100 0.957300 0.013100 0.020400
0 0.601800 0.559100 0.016700 0.021900
0 0.855500 0.595500 0.010800 0.032900
0 0.952400 0.956000 0.016700 0.022100
0 0.509500 0.143300 0.017800 0.021200
0 0.332800 0.353800 0.017200 0.025000
0 0.077900 0.035000 0.011300 0.035600
0 0.016600 0.840900 0.013200 0.024400
0 0.269600 0.691600 0.016400 0.022700
0 0.573200 0.231900 0.015500 0.023300
0 0.417800 0.858400 0.014000 0.023900
0 0.876300 0.921300 0.012000 0.034600
0 0.673900 0.592100 0.013900 0.022500
0 0.819000 0.776000 0.017300 0.022900
0 0.854300 0.656000 0.012800 0.028800
0 0.423200 0.878000 0.013100 0.028400
0 0.229200 0.981100 0.016200 0.022600
0 0.633500 0.079900 0.015200 0.027900
0 0.734600 0.684500 0.013500 0.031300
0 0.368800 0.586400 0.015600 0.026800
0 0.353300 0.877300 0.017100 0.023400
0 0.528700 0.715300 0.013300 0.022000
0 0.314600 0.736100 0.013300 0.030500
0 0.793100 0.455700 0.013700 0.024700
0 0.860700 0.346900 0.013100 0.023600
0 0.944200 0.766500 0.016500 0.022900
0 0.659400 0.977200 0.016400 0.024300
0 0.835600 0.110500 0.014000 0.028300
0 0.483000 0.623700 0.016200 0.026700
0 0.454000 0.330600 0.016200 0.024400
0 0.720000 0.232700 0.014800 0.025400
0 0.128700 0.956400 0.016400 0.023000
0 0.265600 0.015300 0.014900 0.021600
0 0.284900 0.084300 0.016700 0.020500
0 0.365400 0.695800 0.014600 0.020700
0 0.831400 0.340600 0.015200 0.021900
0 0.484900 0.333900 0.016400 0.025300
0 0.358500 0.622600 0.013300 0.026600
0 0.331800 0.307500 0.016200 0.023100
0 0.006300 0.941000 0.010300 0.020100
0 0.497900 0.983600 0.014800 0.024200
0 0.619100 0.969400 0.015600 0.022800
0 0.969600 0.227600 0.014000 0.024800
0 0.416900 0.436400 0.018600 0.019900
0 0.338000 0.901700 0.015600 0.022400
0 0.220700 0.271000 0.018100 0.024300
0 0.763800 0.268300 0.016100 0.025700
0 0.747400 0.518200 0.014800 0.028100
0 0.756500 0.290700 0.016000 0.024500
0 0.058900 0.080400 0.016700 0.025000
0 0.909800 0.781700 0.016300 0.022000
0 0.246800 0.876200 0.015000 0.022600
0 0.845600 0.799400 0.015700 0.022000
0 0.991600 0.657800 0.012400 0.022100
0 0.577300 0.159500 0.014500 0.022800
0 0.188700 0.219400 0.016100 0.021900
0 0.338800 0.604800 0.013900 0.027600
0 0.609600 0.167600 0.012500 0.032400
0 0.679900 0.741400 0.011100 0.033900
0 0.872900 0.241700 0.017700 0.019800
0 0.358200 0.045200 0.015400 0.024800
0 0.902000 0.595700 0.014200 0.028000
0 0.009000 0.702600 0.017600 0.023700
0 0.631900 0.055200 0.014300 0.022200
0 0.941700 0.649300 0.020100 0.021100
0 0.215000 0.414200 0.016000 0.021300
0 0.007600 0.080400 0.014200 0.031800
0 0.867900 0.898000 0.013800 0.031300
0 0.656100 0.456400 0.014900 0.024300
0 0.811500 0.571600 0.015300 0.023000
0 0.227400 0.858600 0.014700 0.030800
0 0.073200 0.327900 0.015000 0.029600
0 0.381500 0.254300 0.015400 0.023400
0 0.927400 0.509000 0.014300 0.022800
0 0.689500 0.843000 0.013100 0.028500
0 0.917800 0.258600 0.016700 0.024800
0 0.518800 0.510300 0.015000 0.022400
0 0.567500 0.193900 0.014100 0.021900
0 0.444000 0.954000 0.015400 0.023400
0 0.382700 0.786700 0.016700 0.022100
0 0.208400 0.103700 0.013300 0.029500
0 0.858800 0.494000 0.015400 0.025100
0 0.334000 0.619400 0.014700 0.028000
0 0.894500 0.673800 0.015100 0.023400
0 0.710100 0.958600 0.014700 0.027900
0 0.851100 0.698300 0.017200 0.021700
0 0.760700 0.945900 0.015100 0.024100
0 0.603500 0.713500 0.013500 0.026700
0 0.483200 0.868700 0.015800 0.023100
0 0.292400 0.244300 0.014300 0.027800
0 0.029900 0.245900 0.016000 0.022400
0 0.190100 0.707800 0.016500 0.023400
0 0.387000 0.040200 0.015500 0.027800
0 0.864800 0.323100 0.012300 0.027700
0 0.833200 0.529300 0.014900 0.029500
0 0.993300 0.406400 0.012500 0.027400
0 0.977200 0.155200 0.013300 0.032300
0 0.593800 0.258800 0.013500 0.027300
0 0.330500 0.251500 0.015600 0.025900
0 0.461400 0.209600 0.016900 0.022900
0 0.164100 0.257900 0.012600 0.021200
0 0.581300 0.183100 0.012900 0.024800
0 0.745100 0.198500 0.014100 0.026200
0 0.895100 0.014900 0.011500 0.026500
0 0.917100 0.638800 0.014800 0.025800
0 0.370400 0.239700 0.015900 0.024600
0 0.218300 0.116000 0.014900 0.021100
0 0.619300 0.266300 0.016900 0.022900
0 0.869900 0.435500 0.013800 0.024500
0 0.476100 0.840200 0.018000 0.020100
0 0.080400 0.452200 0.016100 0.022100
0 0.284300 0.215200 0.013400 0.026800
0 0.279500 0.409900 0.014900 0.020900
0 0.370700 0.309400 0.015300 0.027400
0 0.022400 0.163700 0.014900 0.022000
0 0.082600 0.730900 0.016600 0.024400
0 0.872500 0.869500 0.018000 0.023500
0 0.053400 0.677600 0.016600 0.019500
0 0.910100 0.108500 0.014700 0.031000
0 0.917900 0.672900 0.014300 0.025100
0 0.942900 0.265800 0.014000 0.032200
0 0.622400 0.154000 0.014100 0.024200
0 0.243500 0.734900 0.010800 0.032400
0 0.789600 0.485700 0.017100 0.020800
0 0.094100 0.822000 0.012700 0.035700
0 0.868300 0.027700 0.013600 0.033700
0 0.261700 0.956100 0.015900 0.027000
0 0.043700 0.430400 0.014700 0.024200
0 0.894600 0.782100 0.015800 0.024400
0 0.717300 0.328600 0.014200 0.026100
0 0.069000 0.035800 0.011000 0.035200
0 0.407600 0.120400 0.013300 0.030300
0 0.022300 0.414000 0.017000 0.023100
0 0.528900 0.847400 0.012600 0.028500
0 0.271800 0.903700 0.016500 0.023800
0 0.301100 0.949000 0.014000 0.026100
0 0.579500 0.911500 0.016300 0.021800
0 0.172300 0.771500 0.018100 0.023500
0 0.065700 0.480300 0.015600 0.023000
0 0.673700 0.094100 0.012900 0.024300
0 0.332000 0.973200 0.014100 0.028600
0 0.174100 0.067600 0.016200 0.023900
0 0.493100 0.310900 0.016900 0.028400
0 0.060500 0.420100 0.016200 0.024400
0 0.960200 0.210800 0.015000 0.024900
0 0.534900 0.114100 0.017500 0.020300
0 0.540400 0.039200 0.015600 0.025600
0 0.256300 0.450600 0.018200 0.021000
0 0.993100 0.884600 0.012100 0.031800
0 0.568400 0.979700 0.014600 0.029500
0 0.182600 0.083300 0.013600 0.028100
0 0.839300 0.152100 0.016100 0.024200
0 0.820400 0.347100 0.011800 0.026100
0 0.535800 0.578200 0.014200 0.023200
0 0.346600 0.071900 0.015700 0.025600
0 0.009000 0.484100 0.014700 0.025100
0 0.604200 0.241300 0.015000 0.023500
0 0.106100 0.191700 0.015700 0.026700
0 0.863700 0.253800 0.018000 0.021000
0 0.898700 0.485100 0.013800 0.023100
0 0.100400 0.702400 0.014400 0.022700
0 0.392200 0.452700 0.016800 0.021100
0 0.039400 0.252100 0.016000 0.023000
0 0.059000 0.344800 0.017100 0.023000
0 0.191400 0.120600 0.015300 0.021600
0 0.368100 0.671400 0.013800 0.025600
0 0.905500 0.039000 0.017500 0.024400
0 0.668900 0.135300 0.014000 0.027000
0 0.568100 0.173400 0.015000 0.024200
0 0.896000 0.970600 0.010300 0.027200
0 0.278800 0.259600 0.015800 0.022800
0 0.111200 0.567400 0.017900 0.021800
0 0.635600 0.363800 0.014800 0.021900
0 0.411800 0.158100 0.012500 0.029100
0 0.527700 0.090000 0.016900 0.025700
0 0.609500 0.848900 0.014500 0.026200
0 0.061000 0.171700 0.016400 0.024000
0 0.166800 0.547900 0.015500 0.022600
0 0.224300 0.692100 0.016000 0.024500
0 0.106800 0.540300 0.012900 0.027700
0 0.481600 0.211600 0.016000 0.020800
0 0.386000 0.102000 0.014100 0.019800
0 0.126400 0.459100 0.018300 0.021400
0 0.513300 0.592400 0.014600 0.023500
0 0.205800 0.653800 0.012100 0.030500
0 0.629600 0.219700 0.014100 0.022800
0 0.716400 0.122500 0.012700 0.034100
0 0.619000 0.289200 0.017400 0.021500
0 0.676900 0.050900 0.016100 0.023500
0 0.769200 0.120800 0.014400 0.027900
0 0.759600 0.084900 0.017800 0.027800
0 0.226600 0.777400 0.016700 0.022600
0 0.172500 0.711100 0.018800 0.021000
0 0.407200 0.671400 0.015800 0.025500
0 0.982800 0.960200 0.017500 0.022300
0 0.711500 0.029500 0.017600 0.023600
0 0.709800 0.097900 0.013000 0.031200
0 0.985000 0.718400 0.016800 0.023500
0 0.392600 0.464900 0.017000 0.021800
0 0.371200 0.630400 0.014400 0.024600
0 0.294300 0.223200 0.014500 0.024100
0 0.469300 0.152500 0.015200 0.025200
0 0.250600 0.896400 0.014300 0.029800
0 0.382700 0.601500 0.015200 0.026100
0 0.176700 0.475900 0.016800 0.022600
0 0.986600 0.339900 0.013900 0.024300
0 0.432800 0.236700 0.016300 0.026300
0 0.939400 0.925700 0.014300 0.025400
0 0.065300 0.823700 0.011800 0.030300
0 0.553000 0.065000 0.016600 0.025400
0 0.730800 0.361700 0.013000 0.028300
0 0.782200 0.056900 0.015900 0.027400
0 0.127000 0.444100 0.017900 0.019800
0 0.923500 0.573100 0.012900 0.026000
0 0.353300 0.139200 0.014000 0.027900
0 0.843700 0.018500 0.011900 0.031800
0 0.827900 0.203600 0.012900 0.032100
0 0.580100 0.976000 0.012900 0.031700
0 0.336500 0.706100 0.014600 0.023900
0 0.834300 0.244100 0.014400 0.023900
0 0.781700 0.148600 0.011900 0.033400
0 0.624100 0.036000 0.014300 0.028900
0 0.377200 0.086800 0.015500 0.019700
0 0.659700 0.251000 0.018300 0.024100
0 0.359100 0.473800 0.017100 0.024500
0 0.468000 0.097700 0.012700 0.034500
0 0.608100 0.339200 0.015100 0.025400
0 0.376100 0.633500 0.014500 0.024100
0 0.691100 0.452400 0.014100 0.020200
0 0.095800 0.559800 0.015400 0.025700
0 0.498100 0.780000 0.014700 0.022600
0 0.220700 0.476300 0.017300 0.025800
0 0.007400 0.435700 0.012300 0.031600
0 0.634200 0.260000 0.017200 0.021000
0 0.734500 0.057400 0.016500 0.025300
0 0.077600 0.613700 0.014800 0.025400
0 0.993700 0.489400 0.009000 0.027600
0 0.539500 0.064100 0.015900 0.023900
0 0.308300 0.863200 0.016000 0.020800
0 0.680600 0.855600 0.014600 0.026700
0 0.555300 0.213900 0.014100 0.023200
0 0.065700 0.982900 0.010200 0.028700
0 0.684900 0.111000 0.012200 0.031200
0 0.823500 0.255000 0.015500 0.025700
0 0.964600 0.769000 0.014500 0.019800
0 0.966400 0.363400 0.014600 0.023200
0 0.568800 0.664400 0.011700 0.030200
0 0.399400 0.901400 0.011600 0.033400
0 0.568400 0.352800 0.014000 0.025300
0 0.547800 0.102500 0.018900 0.021700
0 0.022300 0.944600 0.013900 0.018200
0 0.149300 0.972900 0.015000 0.024900
0 0.963600 0.096300 0.016200 0.026500
0 0.370900 0.827000 0.014000 0.027400
0 0.411900 0.475800 0.016800 0.021400
0 0.061900 0.501200 0.015100 0.025100
0 0.732600 0.101800 0.014800 0.026200
0 0.762100 0.450600 0.017100 0.023500
0 0.238800 0.438300 0.017000 0.022500
0 0.623300 0.856800 0.014600 0.029000
0 0.701953 0.288194 0.014844 0.037500
0 0.325391 0.087500 0.021094 0.025000
0 0.341406 0.140972 0.007812 0.029167
0 0.342969 0.152778 0.017188 0.022222
0 0.285156 0.095833 0.014062 0.025000
0 0.156250 0.510417 0.012500 0.029167
0 0.157031 0.506944 0.023438 0.022222
0 0.294531 0.915972 0.010937 0.020833
0 0.216406 0.781944 0.014062 0.022222
0 0.944531 0.213889 0.015625 0.022222
