0 0.857700 0.948800 0.015500 0.024000
0 0.685800 0.776800 0.014500 0.030300
0 0.507100 0.872600 0.016000 0.022900
0 0.613800 0.754400 0.014900 0.027000
0 0.396100 0.760500 0.016500 0.018200
0 0.829500 0.932700 0.012600 0.033200
0 0.873500 0.622000 0.012300 0.030100
0 0.618600 0.566300 0.015200 0.022300
0 0.421800 0.866000 0.013600 0.022000
0 0.509700 0.240300 0.016300 0.023100
0 0.888600 0.870000 0.014100 0.024500
0 0.633300 0.916700 0.012500 0.029600
0 0.567500 0.521600 0.013400 0.027900
0 0.276800 0.522900 0.014900 0.027400
0 0.401000 0.719600 0.013900 0.024300
0 0.876900 0.920600 0.011200 0.034500
0 0.503900 0.706600 0.014100 0.029000
0 0.072100 0.354700 0.016500 0.019800
0 0.421700 0.316900 0.016800 0.022600
0 0.349400 0.240100 0.016000 0.023500
0 0.129000 0.455400 0.017000 0.021500
0 0.584300 0.671100 0.014200 0.020300
0 0.033700 0.934700 0.012700 0.021600
0 0.027800 0.371300 0.017300 0.021700
0 0.036100 0.259500 0.015800 0.021500
0 0.667700 0.755600 0.011600 0.029700
0 0.341800 0.578700 0.014400 0.022400
0 0.960600 0.415700 0.014300 0.026000
0 0.180700 0.406700 0.016300 0.022800
0 0.159200 0.931800 0.017300 0.023300
0 0.370700 0.590100 0.014900 0.022200
0 0.343800 0.717200 0.013100 0.023800
0 0.370900 0.322200 0.015900 0.025700
0 0.364600 0.630500 0.012200 0.025200
0 0.268100 0.686400 0.017100 0.022800
0 0.921100 0.833000 0.014200 0.029200
0 0.004100 0.935700 0.010100 0.019400
0 0.808500 0.233600 0.016900 0.024900
0 0.903000 0.667200 0.017100 0.024900
0 0.378500 0.645500 0.014000 0.021900
0 0.953100 0.302700 0.018100 0.023800
0 0.640900 0.421300 0.016300 0.021700
0 0.870400 0.783500 0.015300 0.022700
0 0.705700 0.696400 0.016700 0.022400
0 0.807000 0.773900 0.015700 0.025400
0 0.606100 0.566100 0.015400 0.022500
0 0.820200 0.770400 0.013800 0.023800
0 0.919600 0.430200 0.014800 0.020800
0 0.505300 0.834000 0.014400 0.022400
0 0.005700 0.176500 0.011900 0.023500
0 0.459200 0.240300 0.016000 0.022200
0 0.048000 0.125600 0.019100 0.023000
0 0.372500 0.908700 0.016500 0.018900
0 0.606700 0.865000 0.016300 0.020000
0 0.607400 0.696800 0.013300 0.020500
0 0.419100 0.813700 0.016700 0.021400
0 0.226200 0.377800 0.017400 0.023600
0 0.522200 0.515000 0.015600 0.021200
0 0.505500 0.621800 0.016700 0.022900
0 0.297600 0.831000 0.015700 0.025700
0 0.578900 0.842900 0.015300 0.022800
0 0.044600 0.267400 0.015100 0.022700
0 0.317300 0.831100 0.012600 0.032500
0 0.243500 0.067200 0.014400 0.026300
0 0.723600 0.683100 0.016800 0.023400
0 0.855700 0.542800 0.015200 0.023000
0 0.518900 0.847600 0.012200 0.025800
0 0.630800 0.032700 0.013900 0.030400
0 0.259000 0.191000 0.015200 0.023000
0 0.932200 0.507200 0.015100 0.026700
0 0.170100 0.184500 0.012900 0.030400
0 0.127100 0.414200 0.016900 0.020300
0 0.152300 0.684700 0.016100 0.022900
0 0.285600 0.429700 0.016400 0.020700
0 0.857600 0.800900 0.014700 0.024700
0 0.045400 0.551400 0.015200 0.022400
0 0.910000 0.983700 0.012800 0.028000
0 0.282700 0.488200 0.017800 0.021700
0 0.420800 0.979700 0.015600 0.024400
0 0.540500 0.616500 0.016900 0.021400
0 0.453400 0.967700 0.014400 0.021800
0 0.331600 0.433900 0.013800 0.031600
0 0.302100 0.868200 0.015900 0.021200
0 0.866200 0.864900 0.015300 0.023800
0 0.910100 0.131500 0.015800 0.027200
0 0.742400 0.456500 0.015900 0.025000
0 0.681800 0.480700 0.014600 0.022800
0 0.171100 0.557300 0.018300 0.020000
0 0.465400 0.855000 0.014500 0.025400
0 0.134800 0.398900 0.015100 0.022000
0 0.318200 0.218200 0.016700 0.024000
0 0.968300 0.359200 0.014100 0.028700
0 0.820700 0.498300 0.013800 0.020800
0 0.477900 0.173900 0.014600 0.024800
0 0.169300 0.032600 0.018400 0.025100
0 0.632300 0.808300 0.013000 0.029600
0 0.844300 0.660000 0.012700 0.028300
0 0.057400 0.432700 0.014700 0.022700
0 0.878400 0.491900 0.016200 0.022300
0 0.845800 0.566800 0.012400 0.029200
0 0.642100 0.370500 0.014100 0.023100
0 0.495900 0.084200 0.015100 0.026300
0 0.873000 0.243600 0.017100 0.022800
0 0.499000 0.851200 0.015300 0.020900
0 0.093400 0.905000 0.016300 0.021200
0 0.765100 0.665300 0.015700 0.023900
0 0.243200 0.609900 0.013700 0.028800
0 0.415300 0.390300 0.017500 0.022400
0 0.523400 0.331300 0.011700 0.030600
0 0.818200 0.721500 0.012900 0.033800
0 0.954600 0.805400 0.016500 0.021700
0 0.982600 0.405200 0.013800 0.028100
0 0.143200 0.726400 0.015900 0.022700
0 0.794200 0.377000 0.016400 0.023300
0 0.422700 0.832700 0.017700 0.018600
0 0.144500 0.301800 0.011600 0.032300
0 0.810800 0.130300 0.018000 0.023200
0 0.427500 0.252900 0.016800 0.021700
0 0.923900 0.590700 0.015900 0.020600
0 0.447200 0.285600 0.015700 0.026800
0 0.533800 0.361100 0.014500 0.027300
0 0.192900 0.292600 0.015000 0.024600
0 0.706000 0.615300 0.014200 0.022700
0 0.483300 0.589800 0.015100 0.026100
0 0.179100 0.817300 0.016400 0.025500
0 0.480900 0.686500 0.015500 0.026600
0 0.832400 0.205900 0.013600 0.034100
0 0.189100 0.221000 0.016100 0.022100
0 0.306200 0.253900 0.013000 0.031900
0 0.868800 0.406800 0.015100 0.026300
0 0.030800 0.426400 0.016500 0.022900
0 0.856800 0.770800 0.015400 0.025900
0 0.960700 0.209700 0.016400 0.021500
0 0.878400 0.092300 0.014400 0.028600
0 0.809700 0.292800 0.014900 0.027400
0 0.131600 0.470800 0.016200 0.023600
0 0.864200 0.663600 0.013400 0.026300
0 0.807400 0.845300 0.016700 0.021300
0 0.241000 0.156900 0.013900 0.022500
0 0.676600 0.095900 0.013600 0.023300
0 0.786300 0.846800 0.015500 0.023700
0 0.020200 0.161600 0.016800 0.019900
0 0.159000 0.982500 0.014300 0.025500
0 0.214700 0.190300 0.013200 0.032100
0 0.689300 0.055600 0.013200 0.026300
0 0.580600 0.884500 0.015400 0.023200
0 0.794100 0.453800 0.014300 0.023200
0 0.167500 0.867200 0.011400 0.031700
0 0.685300 0.114100 0.012500 0.026100
0 0.517800 0.899400 0.014500 0.025800
0 0.969800 0.819300 0.013300 0.027100
0 0.390800 0.800700 0.016000 0.020900
0 0.919200 0.396000 0.015400 0.024500
0 0.270600 0.207300 0.015100 0.023900
0 0.415500 0.526600 0.018200 0.023100
0 0.341600 0.905400 0.014800 0.020500
0 0.326200 0.931500 0.015500 0.023600
0 0.872900 0.254300 0.017500 0.022200
0 0.521600 0.104600 0.013300 0.023300
0 0.681200 0.852600 0.013300 0.026100
0 0.732200 0.056700 0.016200 0.023000
0 0.004900 0.868800 0.010200 0.021700
0 0.543900 0.873100 0.014300 0.024200
0 0.964300 0.029800 0.017900 0.022800
0 0.256900 0.947400 0.014600 0.026000
0 0.830400 0.264200 0.014200 0.020300
0 0.044100 0.407800 0.013000 0.025600
0 0.378000 0.713100 0.013300 0.024600
0 0.628700 0.155900 0.014200 0.025800
0 0.748800 0.132200 0.015700 0.025800
0 0.783700 0.899000 0.017800 0.022900
0 0.611600 0.879300 0.016300 0.020900
0 0.117900 0.044100 0.017100 0.023200
0 0.956500 0.878300 0.014600 0.027400
0 0.217300 0.422700 0.015000 0.025100
0 0.433500 0.422900 0.017200 0.022400
0 0.910900 0.372200 0.015100 0.027100
0 0.268800 0.871000 0.016200 0.021900
0 0.004300 0.485800 0.008500 0.024000
0 0.065700 0.686700 0.017300 0.023100
0 0.489700 0.132900 0.012900 0.028900
0 0.233100 0.588600 0.019700 0.021700
0 0.082300 0.729800 0.015500 0.024800
0 0.322800 0.175800 0.015400 0.022800
0 0.840100 0.607900 0.012600 0.029700
0 0.581600 0.180900 0.012500 0.024300
0 0.753900 0.117600 0.017100 0.024400
0 0.128300 0.778800 0.016200 0.022400
0 0.865200 0.330400 0.012900 0.030800
0 0.643100 0.452400 0.016900 0.021300
0 0.284300 0.957300 0.016000 0.025000
0 0.372800 0.545800 0.017300 0.022400
0 0.760300 0.084100 0.017000 0.027300
0 0.572200 0.269700 0.014600 0.024700
0 0.181100 0.511100 0.015500 0.021300
0 0.393100 0.095800 0.015700 0.022500
0 0.843900 0.255800 0.014700 0.022400
0 0.297300 0.954800 0.016000 0.027200
0 0.557600 0.111100 0.014300 0.024300
0 0.607300 0.342300 0.015300 0.021100
0 0.201500 0.784000 0.017400 0.020900
0 0.809600 0.577000 0.015500 0.024100
0 0.568900 0.171700 0.016500 0.022600
0 0.291900 0.265700 0.018200 0.023600
0 0.139400 0.347700 0.014500 0.025600
0 0.640200 0.976900 0.016500 0.022200
0 0.220100 0.976100 0.019000 0.022900
0 0.567300 0.192900 0.013200 0.021900
0 0.898600 0.981000 0.009600 0.026300
0 0.243200 0.463100 0.017900 0.024100
0 0.022500 0.943400 0.013700 0.019000
0 0.244500 0.758800 0.013500 0.031100
0 0.075900 0.373400 0.016000 0.021800
0 0.470900 0.273000 0.017800 0.022000
0 0.955000 0.786700 0.014900 0.026300
0 0.176000 0.870900 0.010200 0.032800
0 0.180700 0.132200 0.009900 0.040900
0 0.930800 0.574400 0.015400 0.024500
0 0.015500 0.435700 0.014300 0.026400
0 0.925600 0.415300 0.013500 0.022000
0 0.834000 0.424000 0.013400 0.026100
0 0.478200 0.147800 0.015900 0.022700
0 0.106500 0.460500 0.019900 0.017500
0 0.190300 0.731000 0.015500 0.021800
0 0.366000 0.144000 0.015700 0.027200
0 0.604500 0.943700 0.012300 0.027400
0 0.606400 0.710000 0.012800 0.021600
0 0.804800 0.097600 0.016600 0.024200
0 0.403800 0.083200 0.016400 0.024000
0 0.233400 0.604700 0.016600 0.024400
0 0.018700 0.774200 0.016000 0.020400
0 0.427800 0.455100 0.015900 0.020800
0 0.419300 0.140900 0.015600 0.023200
0 0.966500 0.145600 0.016900 0.022300
0 0.793500 0.610200 0.014600 0.022600
0 0.155100 0.846000 0.013900 0.024900
0 0.532300 0.096400 0.015900 0.023100
0 0.897700 0.686200 0.017000 0.025200
0 0.638700 0.173600 0.015200 0.023700
0 0.688400 0.841000 0.012500 0.028900
0 0.210000 0.751600 0.015900 0.024000
0 0.932600 0.439200 0.012800 0.027600
0 0.754800 0.259500 0.016600 0.023800
0 0.609900 0.294600 0.012700 0.025700
0 0.620900 0.268200 0.015400 0.023500
0 0.167200 0.261500 0.013300 0.021100
0 0.372300 0.172600 0.013100 0.033900
0 0.207100 0.692500 0.014900 0.023200
0 0.804500 0.264700 0.015900 0.025900
0 0.368700 0.031100 0.015800 0.027000
0 0.831300 0.510800 0.012700 0.025800
0 0.106500 0.552800 0.014200 0.025200
0 0.136400 0.901000 0.015000 0.026800
0 0.064100 0.865400 0.017300 0.023000
0 0.903600 0.938400 0.011000 0.030900
0 0.276800 0.967800 0.015000 0.023600
0 0.058300 0.566200 0.011100 0.027500
0 0.200800 0.420700 0.015400 0.025600
0 0.419000 0.483600 0.015600 0.022800
0 0.548900 0.738100 0.016200 0.021500
0 0.717300 0.336500 0.014200 0.024100
0 0.948600 0.018100 0.017900 0.021900
0 0.665200 0.253500 0.015700 0.023000
0 0.438400 0.943800 0.011500 0.026100
0 0.792700 0.656300 0.011700 0.029200
0 0.835600 0.356500 0.013400 0.026100
0 0.507700 0.096200 0.015000 0.019100
0 0.613300 0.168800 0.011600 0.032500
0 0.008600 0.960000 0.012800 0.025000
0 0.078800 0.610300 0.013500 0.025100
0 0.284900 0.890800 0.018200 0.024100
0 0.391000 0.053000 0.016600 0.026100
0 0.658300 0.458000 0.016300 0.020600
0 0.603600 0.260500 0.015500 0.020100
0 0.770700 0.119200 0.015800 0.027100
0 0.244700 0.863900 0.015200 0.025800
0 0.088200 0.029100 0.013000 0.029100
0 0.339900 0.626400 0.012000 0.026100
0 0.285600 0.082500 0.014700 0.022900
0 0.357100 0.018500 0.017900 0.024700
0 0.283800 0.245800 0.016600 0.020900
0 0.836600 0.097200 0.016700 0.025200
0 0.843200 0.042100 0.016000 0.024800
0 0.622300 0.290600 0.015400 0.020900
0 0.075600 0.038800 0.013900 0.031800
0 0.788200 0.468400 0.013900 0.021000
0 0.791300 0.488400 0.015400 0.023000
0 0.066800 0.560500 0.010500 0.027500
0 0.278800 0.885500 0.017400 0.022900
0 0.992100 0.966900 0.013100 0.023500
0 0.425900 0.894500 0.011100 0.030900
0 0.182400 0.711300 0.015400 0.024600
0 0.256300 0.873700 0.015100 0.025100
0 0.922600 0.018600 0.016600 0.024100
0 0.431200 0.151100 0.018000 0.021900
0 0.334700 0.179100 0.016200 0.021800
0 0.942500 0.879700 0.011700 0.027300
0 0.887900 0.372100 0.014600 0.026300
0 0.488700 0.217900 0.016300 0.022000
0 0.392200 0.452500 0.014500 0.024800
0 0.855700 0.020500 0.015700 0.026900
0 0.063000 0.494600 0.013600 0.031800
0 0.294200 0.786100 0.016000 0.024900
0 0.281100 0.655400 0.015600 0.024700
0 0.444800 0.109100 0.014100 0.030200
0 0.671800 0.451000 0.017100 0.020400
0 0.965300 0.459600 0.014300 0.024200
0 0.082600 0.338300 0.015800 0.023100
0 0.982900 0.973100 0.017800 0.020200
0 0.105300 0.015100 0.012900 0.023900
0 0.971100 0.224000 0.015600 0.022300
0 0.313300 0.147300 0.013700 0.029300
0 0.081300 0.034400 0.013800 0.031300
0 0.335700 0.985000 0.018100 0.024400
0 0.708000 0.276500 0.013100 0.025100
0 0.718500 0.284600 0.012600 0.026800
0 0.944500 0.210300 0.015200 0.022500
0 0.014700 0.651500 0.016900 0.025400
0 0.123000 0.564000 0.016900 0.022000
0 0.457800 0.024400 0.013300 0.023600
0 0.728100 0.393900 0.013300 0.027500
0 0.135400 0.011600 0.017200 0.019600
0 0.363200 0.456500 0.013400 0.026800
0 0.090100 0.623400 0.013100 0.028500
0 0.285800 0.136400 0.016300 0.022000
0 0.028800 0.651100 0.013800 0.028100
0 0.242500 0.801600 0.015500 0.025800
0 0.151100 0.853200 0.012300 0.025800
0 0.285200 0.097000 0.012500 0.023500
0 0.780500 0.244500 0.014300 0.031800
0 0.375900 0.057000 0.017700 0.024100
0 0.634200 0.984300 0.017800 0.022200
0 0.574100 0.077000 0.016600 0.022900
0 0.674600 0.052600 0.012100 0.032100
0 0.568200 0.352000 0.014600 0.023200
0 0.065000 0.985200 0.011400 0.025000
0 0.546800 0.223500 0.015900 0.023500
0 0.261700 0.214500 0.015900 0.024500
0 0.638200 0.514800 0.013400 0.028400
0 0.572100 0.011300 0.011900 0.017400
0 0.268400 0.055500 0.014600 0.018000
0 0.705600 0.122300 0.011400 0.035400
0 0.100781 0.698611 0.015625 0.025000
0 0.293750 0.900000 0.015625 0.025000
0 0.285937 0.650000 0.009375 0.038889
0 0.554688 0.213889 0.014062 0.022222
0 0.225781 0.802083 0.014062 0.026389
0 0.692187 0.450694 0.017188 0.018056
0 0.695312 0.479861 0.010937 0.031944
0 0.238281 0.172222 0.010937 0.025000
0 0.249219 0.168750 0.010937 0.026389
0 0.082813 0.472222 0.015625 0.025000
0 0.084375 0.459722 0.015625 0.022222
0 0.371094 0.635417 0.014062 0.026389
