0 0.618000 0.566200 0.015300 0.022700
0 0.852700 0.792800 0.015400 0.023400
0 0.613600 0.754100 0.015800 0.025600
0 0.033300 0.934600 0.013200 0.021500
0 0.873300 0.621600 0.012800 0.031300
0 0.395400 0.760400 0.016000 0.018400
0 0.567400 0.520700 0.014100 0.027100
0 0.518100 0.906100 0.013500 0.028100
0 0.685400 0.776400 0.013700 0.029100
0 0.807200 0.843600 0.016800 0.022900
0 0.695100 0.684800 0.015200 0.022200
0 0.859000 0.949300 0.015000 0.024000
0 0.847900 0.659500 0.013900 0.027400
0 0.630300 0.918900 0.012700 0.031300
0 0.482500 0.690800 0.015300 0.024800
0 0.040400 0.122900 0.018700 0.025000
0 0.791500 0.852700 0.015000 0.023800
0 0.932300 0.507400 0.015100 0.026300
0 0.128600 0.456100 0.020400 0.020000
0 0.003800 0.936100 0.010200 0.019000
0 0.796000 0.605000 0.016200 0.023500
0 0.521800 0.515200 0.015600 0.022000
0 0.421400 0.865800 0.014000 0.023100
0 0.268500 0.686400 0.020000 0.021700
0 0.838900 0.607400 0.012000 0.030100
0 0.809800 0.129100 0.017300 0.024000
0 0.669900 0.747500 0.014900 0.024100
0 0.341600 0.907200 0.014700 0.021000
0 0.506200 0.706200 0.014200 0.028000
0 0.506500 0.871000 0.016500 0.023200
0 0.584300 0.671500 0.013700 0.020800
0 0.307700 0.797600 0.014500 0.024900
0 0.794300 0.376800 0.017600 0.025000
0 0.241500 0.168000 0.014300 0.027500
0 0.345400 0.572200 0.015500 0.023900
0 0.173300 0.030900 0.018400 0.025400
0 0.876500 0.920700 0.011800 0.032600
0 0.028200 0.371400 0.017800 0.022000
0 0.044200 0.408700 0.013100 0.025400
0 0.696800 0.608000 0.014900 0.025600
0 0.607500 0.696300 0.014800 0.018300
0 0.331100 0.922100 0.017900 0.021500
0 0.390400 0.800900 0.015700 0.021600
0 0.547400 0.736300 0.016100 0.021800
0 0.307000 0.823000 0.014400 0.022500
0 0.244300 0.860800 0.014400 0.026100
0 0.370300 0.590400 0.014700 0.023300
0 0.093600 0.902400 0.015800 0.024100
0 0.858100 0.771200 0.017400 0.022400
0 0.605600 0.564600 0.015700 0.022500
0 0.873600 0.501400 0.015700 0.025600
0 0.570400 0.884900 0.015100 0.023200
0 0.331200 0.173700 0.014400 0.025100
0 0.792900 0.652200 0.012200 0.029100
0 0.303200 0.866600 0.015300 0.020700
0 0.048100 0.546700 0.018100 0.023200
0 0.870000 0.782400 0.015400 0.021600
0 0.209800 0.765300 0.014400 0.024200
0 0.295800 0.826000 0.014500 0.025700
0 0.372500 0.908600 0.016900 0.020000
0 0.803100 0.769500 0.014600 0.027200
0 0.116800 0.045000 0.017100 0.022600
0 0.028700 0.652900 0.015600 0.028800
0 0.282300 0.483300 0.017600 0.021700
0 0.819500 0.729600 0.012900 0.035500
0 0.826400 0.943400 0.014100 0.025800
0 0.344300 0.717100 0.013500 0.023800
0 0.378500 0.645000 0.014700 0.021500
0 0.423100 0.317800 0.016300 0.025100
0 0.641400 0.528000 0.018800 0.019100
0 0.234400 0.597000 0.017900 0.021700
0 0.447100 0.285300 0.014700 0.029900
0 0.009600 0.646200 0.017600 0.023800
0 0.591000 0.853500 0.017100 0.020700
0 0.183300 0.716500 0.015500 0.022000
0 0.764600 0.666700 0.016800 0.023800
0 0.506000 0.620800 0.016200 0.023500
0 0.272000 0.207200 0.013700 0.026400
0 0.902000 0.665000 0.016400 0.025100
0 0.831900 0.205100 0.013500 0.033600
0 0.923700 0.590200 0.015600 0.021500
0 0.607400 0.865300 0.016700 0.019200
0 0.544700 0.872800 0.014600 0.024700
0 0.866600 0.864900 0.014600 0.025400
0 0.742900 0.456900 0.016300 0.024700
0 0.182600 0.405500 0.017400 0.022700
0 0.920200 0.429900 0.014400 0.022500
0 0.247200 0.064800 0.016800 0.024700
0 0.022400 0.943500 0.014500 0.019400
0 0.241800 0.151700 0.016100 0.023100
0 0.020000 0.161400 0.017700 0.020100
0 0.642200 0.369500 0.014800 0.023800
0 0.953700 0.445200 0.017300 0.020500
0 0.030700 0.426000 0.016900 0.022500
0 0.175900 0.871500 0.012300 0.028400
0 0.401200 0.719600 0.014100 0.024300
0 0.318100 0.171400 0.015200 0.024400
0 0.226200 0.376900 0.017800 0.024100
0 0.465100 0.858200 0.014600 0.025400
0 0.057200 0.432300 0.014200 0.022400
0 0.888800 0.869700 0.014700 0.023900
0 0.843900 0.567100 0.012900 0.032500
0 0.778000 0.895500 0.015900 0.023500
0 0.431200 0.420800 0.016700 0.023700
0 0.035600 0.259100 0.015100 0.021500
0 0.631200 0.808700 0.012800 0.032600
0 0.541200 0.617000 0.017000 0.020100
0 0.129400 0.703200 0.015900 0.017200
0 0.611600 0.879700 0.016600 0.020500
0 0.421600 0.382100 0.016400 0.028000
0 0.065300 0.686700 0.017400 0.023200
0 0.006200 0.179400 0.013800 0.024000
0 0.864000 0.664400 0.013700 0.026300
0 0.255700 0.946200 0.016100 0.024900
0 0.724000 0.685000 0.016500 0.023500
0 0.508800 0.239300 0.015600 0.024500
0 0.868700 0.406700 0.014900 0.026300
0 0.505100 0.834800 0.014500 0.023300
0 0.955800 0.786000 0.016300 0.024100
0 0.809900 0.576200 0.016400 0.022200
0 0.682100 0.479900 0.015100 0.024200
0 0.645900 0.180300 0.014500 0.026200
0 0.044400 0.266900 0.015300 0.022900
0 0.606400 0.710100 0.014900 0.020700
0 0.930900 0.573600 0.015500 0.025200
0 0.532700 0.359900 0.014600 0.028100
0 0.231700 0.608400 0.015700 0.024100
0 0.908400 0.130000 0.014900 0.028000
0 0.490600 0.129500 0.013400 0.030700
0 0.498600 0.852500 0.014800 0.022300
0 0.346200 0.235800 0.015600 0.025100
0 0.220400 0.976000 0.019400 0.022400
0 0.906100 0.973200 0.012800 0.026200
0 0.641300 0.421000 0.016700 0.022600
0 0.960400 0.209600 0.016700 0.022600
0 0.629300 0.155300 0.014900 0.025100
0 0.557400 0.110400 0.014600 0.024300
0 0.753500 0.117100 0.018000 0.026000
0 0.459400 0.240400 0.016400 0.022800
0 0.184800 0.824300 0.017300 0.021500
0 0.897900 0.686200 0.016500 0.024100
0 0.620700 0.267900 0.015700 0.022900
0 0.872300 0.243300 0.017600 0.021600
0 0.427700 0.454800 0.017400 0.020500
0 0.903700 0.939000 0.011300 0.034000
0 0.130100 0.409000 0.016100 0.023400
0 0.285700 0.082400 0.017100 0.023000
0 0.294900 0.143400 0.015700 0.022900
0 0.967700 0.359800 0.014100 0.027500
0 0.189000 0.220900 0.016900 0.021400
0 0.422700 0.832800 0.017700 0.018800
0 0.285800 0.429300 0.016600 0.020300
0 0.861000 0.801500 0.016100 0.022200
0 0.419000 0.483700 0.016100 0.023200
0 0.572600 0.268100 0.014900 0.024200
0 0.334300 0.436000 0.012700 0.030800
0 0.831900 0.519500 0.012300 0.034200
0 0.641900 0.976800 0.017200 0.022200
0 0.242400 0.461500 0.016800 0.023000
0 0.305200 0.251600 0.016700 0.023500
0 0.953400 0.802900 0.016500 0.021400
0 0.132300 0.469300 0.018800 0.023000
0 0.252900 0.196600 0.013000 0.023800
0 0.371000 0.322300 0.016100 0.026600
0 0.376600 0.544400 0.017700 0.022000
0 0.339300 0.623300 0.011400 0.028800
0 0.759500 0.082600 0.017400 0.029200
0 0.520000 0.843400 0.012600 0.029300
0 0.244700 0.757700 0.012500 0.030300
0 0.145900 0.686100 0.016000 0.021000
0 0.015400 0.435800 0.014800 0.025600
0 0.071600 0.354800 0.016700 0.020500
0 0.180300 0.122000 0.011900 0.035000
0 0.264100 0.218900 0.013100 0.025100
0 0.479900 0.594500 0.012900 0.029400
0 0.213700 0.196500 0.016900 0.024400
0 0.193900 0.295900 0.016700 0.023000
0 0.603400 0.259800 0.015900 0.021100
0 0.665300 0.253500 0.015900 0.024200
0 0.932900 0.440000 0.012800 0.028400
0 0.771000 0.119100 0.017300 0.027600
0 0.191400 0.729900 0.015200 0.020900
0 0.643800 0.452900 0.018400 0.021700
0 0.015300 0.655400 0.017800 0.024200
0 0.435600 0.943500 0.009000 0.032300
0 0.864900 0.329700 0.013400 0.030000
0 0.523900 0.330000 0.012000 0.028700
0 0.284300 0.957900 0.017300 0.024600
0 0.719000 0.336300 0.015100 0.024400
0 0.088900 0.032800 0.015300 0.023900
0 0.567800 0.192900 0.014000 0.023600
0 0.067700 0.564000 0.011800 0.030200
0 0.274500 0.880500 0.017600 0.024200
0 0.811600 0.308100 0.016100 0.023500
0 0.004600 0.484800 0.009600 0.025800
0 0.688500 0.840400 0.012700 0.025000
0 0.082800 0.469300 0.015000 0.022600
0 0.218200 0.422900 0.015900 0.026100
0 0.613200 0.169100 0.011300 0.035600
0 0.708300 0.277100 0.014300 0.024100
0 0.960800 0.417500 0.015900 0.024700
0 0.393300 0.094800 0.014700 0.022100
0 0.018900 0.774300 0.016000 0.021200
0 0.082200 0.730000 0.015700 0.025500
0 0.676500 0.095900 0.014000 0.023400
0 0.839300 0.097300 0.017700 0.022900
0 0.581800 0.180700 0.013200 0.025800
0 0.957000 0.016500 0.017700 0.022100
0 0.075800 0.373400 0.016900 0.021700
0 0.872300 0.254700 0.018000 0.021300
0 0.952900 0.301300 0.017100 0.025700
0 0.285800 0.893800 0.019300 0.022500
0 0.804100 0.230900 0.016700 0.024200
0 0.469300 0.168900 0.016400 0.026300
0 0.833900 0.424000 0.013700 0.025000
0 0.275900 0.519600 0.016500 0.025100
0 0.843400 0.255600 0.014700 0.021400
0 0.255900 0.874200 0.015700 0.027400
0 0.410900 0.521300 0.017900 0.022900
0 0.908300 0.376600 0.014200 0.029300
0 0.297600 0.953900 0.016500 0.024600
0 0.657800 0.457800 0.016100 0.022100
0 0.608000 0.342800 0.015800 0.021400
0 0.314500 0.132800 0.012700 0.029100
0 0.377500 0.713400 0.012900 0.024700
0 0.473300 0.276700 0.014900 0.025800
0 0.392400 0.452700 0.014900 0.023800
0 0.806300 0.493000 0.013000 0.028200
0 0.630700 0.032600 0.013700 0.031700
0 0.361800 0.456000 0.013900 0.026400
0 0.200800 0.420100 0.016100 0.025600
0 0.794100 0.453900 0.014400 0.023400
0 0.056800 0.564200 0.011700 0.029600
0 0.798200 0.253800 0.015900 0.025000
0 0.982900 0.404000 0.013700 0.028400
0 0.418300 0.813200 0.016600 0.020800
0 0.422200 0.239000 0.016900 0.024300
0 0.531300 0.095300 0.017300 0.024800
0 0.206700 0.692200 0.015600 0.024100
0 0.404200 0.082600 0.015000 0.024400
0 0.145100 0.302100 0.009700 0.031700
0 0.957200 0.156700 0.018600 0.020900
0 0.569600 0.172200 0.016800 0.026400
0 0.799200 0.097700 0.015600 0.025200
0 0.425900 0.892600 0.011100 0.031900
0 0.835600 0.356400 0.014000 0.028500
0 0.415800 0.973900 0.014400 0.025600
0 0.931500 0.870600 0.012900 0.028400
0 0.620900 0.290400 0.016500 0.020600
0 0.245100 0.802900 0.015900 0.023900
0 0.609300 0.292600 0.012800 0.026200
0 0.430000 0.151500 0.016800 0.024400
0 0.293500 0.256900 0.017000 0.021200
0 0.008500 0.960000 0.013800 0.026100
0 0.078400 0.610100 0.013200 0.025100
0 0.603800 0.945200 0.012000 0.030700
0 0.888100 0.372700 0.014700 0.024800
0 0.149000 0.845300 0.015400 0.024600
0 0.748600 0.128800 0.017000 0.023900
0 0.136700 0.898700 0.016100 0.025800
0 0.441100 0.983000 0.016900 0.024000
0 0.416600 0.140400 0.013900 0.026200
0 0.099100 0.020500 0.016000 0.022000
0 0.167400 0.260900 0.013400 0.021000
0 0.966500 0.026700 0.017600 0.021000
0 0.971400 0.223500 0.015600 0.024000
0 0.959100 0.873600 0.015900 0.023500
0 0.200700 0.783600 0.015700 0.023600
0 0.173500 0.556500 0.016700 0.021300
0 0.370500 0.173400 0.012300 0.033200
0 0.865100 0.539200 0.017800 0.023100
0 0.180800 0.510800 0.014300 0.023600
0 0.919700 0.015700 0.013700 0.027300
0 0.164600 0.860400 0.012700 0.025900
0 0.967500 0.822300 0.014100 0.026400
0 0.860000 0.841700 0.016700 0.020700
0 0.370700 0.031800 0.015800 0.027900
0 0.361200 0.014700 0.016900 0.021600
0 0.718100 0.284700 0.014800 0.025300
0 0.753800 0.261200 0.017100 0.024100
0 0.489400 0.217100 0.016000 0.021900
0 0.839100 0.040400 0.016300 0.025300
0 0.573900 0.076100 0.017800 0.023200
0 0.126200 0.566000 0.018200 0.021900
0 0.004700 0.876200 0.009900 0.023000
0 0.307600 0.010800 0.014800 0.018700
0 0.484100 0.145100 0.016600 0.027000
0 0.921900 0.403000 0.015700 0.026600
0 0.685200 0.115100 0.013000 0.025900
0 0.150800 0.718700 0.016500 0.020900
0 0.555900 0.215300 0.014000 0.025100
0 0.485200 0.081700 0.017900 0.024400
0 0.831000 0.264100 0.014400 0.020300
0 0.458500 0.023900 0.011900 0.026600
0 0.627200 0.224200 0.014000 0.022400
0 0.731900 0.056200 0.016500 0.023300
0 0.523000 0.104600 0.016000 0.024000
0 0.333600 0.984300 0.018900 0.022100
0 0.389400 0.053900 0.014800 0.026400
0 0.543200 0.217100 0.012300 0.033300
0 0.136500 0.353600 0.015400 0.024800
0 0.280700 0.971500 0.017600 0.023700
0 0.631200 0.076800 0.012700 0.021400
0 0.126900 0.775800 0.015500 0.027200
0 0.373900 0.056400 0.016600 0.023500
0 0.921800 0.836400 0.014900 0.024000
0 0.083100 0.460700 0.016000 0.019900
0 0.063100 0.495300 0.014200 0.030300
0 0.704300 0.118100 0.010400 0.035700
0 0.982800 0.972200 0.016500 0.021900
0 0.992000 0.967600 0.012900 0.024700
0 0.441900 0.111000 0.015000 0.028300
0 0.790800 0.486000 0.015300 0.024200
0 0.898200 0.981300 0.009500 0.024400
0 0.230600 0.801000 0.017100 0.022400
0 0.107100 0.551700 0.016200 0.025300
0 0.491200 0.084900 0.018900 0.023500
0 0.680700 0.056500 0.013300 0.024200
0 0.239700 0.605300 0.014400 0.026000
0 0.987100 0.439100 0.015800 0.022800
0 0.367700 0.138600 0.013900 0.029000
0 0.635100 0.986000 0.017900 0.023400
0 0.311100 0.233900 0.014300 0.021100
0 0.670600 0.448900 0.017300 0.020900
0 0.164800 0.189200 0.016100 0.023500
0 0.100500 0.700900 0.014800 0.022300
0 0.673200 0.053900 0.012700 0.027300
0 0.065300 0.985200 0.011700 0.024900
0 0.082200 0.336400 0.015200 0.023700
0 0.874400 0.082600 0.013700 0.031200
0 0.780100 0.248100 0.013500 0.033300
0 0.723000 0.401900 0.014600 0.031300
0 0.289400 0.902100 0.022800 0.022700
0 0.074500 0.038600 0.013400 0.031100
0 0.061700 0.861800 0.017300 0.022500
0 0.568800 0.351800 0.015200 0.023900
0 0.089000 0.626500 0.013500 0.030000
0 0.263300 0.959600 0.019300 0.023400
0 0.130400 0.010900 0.014600 0.018000
0 0.788281 0.465278 0.012500 0.025000
0 0.283594 0.095833 0.010937 0.025000
0 0.281250 0.659028 0.012500 0.029167
0 0.272656 0.666667 0.017188 0.022222
0 0.679688 0.851389 0.010937 0.036111
0 0.692969 0.449306 0.018750 0.020833
0 0.695312 0.479861 0.010937 0.031944
0 0.154687 0.927083 0.015625 0.020833
0 0.162500 0.935417 0.018750 0.018056
0 0.149219 0.870833 0.010937 0.025000
0 0.368750 0.635417 0.012500 0.026389
0 0.363281 0.625000 0.010937 0.025000
0 0.723437 0.290278 0.017188 0.022222
0 0.945312 0.210417 0.014062 0.020833
