0 0.904500 0.781700 0.016800 0.022700
0 0.521900 0.229300 0.014600 0.021800
0 0.551900 0.116800 0.014300 0.020500
0 0.504700 0.606000 0.018400 0.020900
0 0.618100 0.707300 0.013400 0.025500
0 0.618800 0.384100 0.016300 0.023000
0 0.233500 0.044800 0.013700 0.020400
0 0.415000 0.267200 0.016200 0.022600
0 0.555600 0.620100 0.017400 0.021700
0 0.168500 0.516600 0.017700 0.022700
0 0.943000 0.531300 0.016700 0.020200
0 0.394700 0.553200 0.016200 0.023100
0 0.720000 0.305700 0.016800 0.023500
0 0.018800 0.943900 0.019100 0.019000
0 0.109600 0.507900 0.017300 0.022100
0 0.645800 0.233600 0.017500 0.024700
0 0.846000 0.320000 0.017300 0.021400
0 0.928300 0.529300 0.016200 0.021200
0 0.928500 0.851900 0.019100 0.022200
0 0.668700 0.591800 0.014600 0.020400
0 0.340200 0.494000 0.016100 0.023700
0 0.446000 0.682400 0.014100 0.022400
0 0.795200 0.116000 0.015200 0.023600
0 0.583700 0.607000 0.018500 0.021700
0 0.730300 0.866500 0.016100 0.023600
0 0.778600 0.454100 0.015000 0.025300
0 0.534300 0.243800 0.016500 0.020400
0 0.077500 0.509900 0.017500 0.022200
0 0.817000 0.684900 0.016200 0.024500
0 0.618500 0.517000 0.015400 0.023600
0 0.752600 0.045900 0.016800 0.021000
0 0.266100 0.328900 0.014000 0.023800
0 0.153600 0.146800 0.016800 0.023500
0 0.702700 0.417700 0.016100 0.026500
0 0.019900 0.529200 0.020500 0.020800
0 0.427500 0.119100 0.014200 0.026900
0 0.115400 0.533400 0.016200 0.024700
0 0.239500 0.507900 0.016000 0.021100
0 0.418400 0.923200 0.016200 0.022000
0 0.695700 0.697000 0.015800 0.023700
0 0.651600 0.454900 0.017200 0.021100
0 0.754800 0.332100 0.013400 0.027000
0 0.202000 0.806800 0.016400 0.021900
0 0.366500 0.219200 0.013000 0.023200
0 0.827700 0.203500 0.015700 0.024500
0 0.896500 0.285100 0.013700 0.022000
0 0.739400 0.619200 0.017000 0.022900
0 0.653000 0.296700 0.016000 0.021000
0 0.895700 0.634200 0.013700 0.026200
0 0.072600 0.070500 0.013200 0.030300
0 0.322900 0.378700 0.016400 0.021300
0 0.271400 0.594900 0.013600 0.028800
0 0.506300 0.797900 0.015200 0.020800
0 0.453000 0.965700 0.017800 0.017500
0 0.069600 0.246000 0.013000 0.027700
0 0.579700 0.465200 0.017800 0.023700
0 0.596200 0.978200 0.016700 0.022600
0 0.093800 0.307500 0.013500 0.028400
0 0.435300 0.360000 0.014600 0.024200
0 0.072400 0.957700 0.020500 0.019400
0 0.918100 0.055100 0.012700 0.027600
0 0.097700 0.946700 0.018900 0.022000
0 0.128400 0.235100 0.017200 0.024300
0 0.521800 0.403300 0.014100 0.026800
0 0.585000 0.030500 0.016500 0.021400
0 0.041200 0.431200 0.013700 0.029200
0 0.978500 0.580000 0.017800 0.021500
0 0.948100 0.507800 0.016400 0.021000
0 0.236100 0.817000 0.014600 0.020200
0 0.745500 0.977900 0.011900 0.022000
0 0.155900 0.639300 0.015000 0.022700
0 0.468600 0.851800 0.015200 0.025100
0 0.701500 0.522600 0.015900 0.020200
0 0.627100 0.493200 0.016500 0.021600
0 0.573500 0.395900 0.014200 0.026600
0 0.405900 0.215500 0.013500 0.026000
0 0.098000 0.879600 0.016600 0.024600
0 0.702400 0.502200 0.015600 0.020200
0 0.257400 0.448600 0.016500 0.018500
0 0.523600 0.683100 0.015900 0.025400
0 0.484200 0.163900 0.016600 0.021900
0 0.652500 0.151600 0.017200 0.022400
0 0.709200 0.115300 0.013200 0.029800
0 0.308100 0.370900 0.012200 0.025000
0 0.283300 0.541800 0.013200 0.020600
0 0.015000 0.219500 0.020800 0.021400
0 0.623200 0.190300 0.013000 0.029300
0 0.411100 0.417900 0.014900 0.022900
0 0.648300 0.284000 0.016400 0.021000
0 0.466700 0.984300 0.015600 0.019100
0 0.769300 0.889100 0.016100 0.023500
0 0.233600 0.348700 0.014500 0.024700
0 0.805400 0.489300 0.014000 0.023400
0 0.527800 0.448700 0.017100 0.020100
0 0.960600 0.756000 0.014100 0.031500
0 0.084500 0.827900 0.017300 0.025200
0 0.878300 0.902900 0.017300 0.022600
0 0.240300 0.595500 0.012100 0.030100
0 0.214200 0.240400 0.012800 0.026200
0 0.065700 0.872700 0.014700 0.027000
0 0.617100 0.652300 0.013500 0.027600
0 0.806500 0.223200 0.015500 0.024400
0 0.613600 0.590900 0.014300 0.025100
0 0.826400 0.402300 0.013800 0.026000
0 0.039100 0.932100 0.018300 0.020400
0 0.603400 0.410100 0.014600 0.027700
0 0.829500 0.248800 0.018100 0.022200
0 0.221200 0.330200 0.014900 0.026700
0 0.171200 0.553800 0.017500 0.023200
0 0.747800 0.256500 0.016900 0.023700
0 0.634600 0.652300 0.013300 0.028400
0 0.932600 0.326900 0.014100 0.021200
0 0.403900 0.520700 0.013500 0.031400
0 0.977400 0.403900 0.015800 0.028300
0 0.390200 0.798600 0.017300 0.023700
0 0.835900 0.754500 0.020000 0.022500
0 0.857700 0.014500 0.013900 0.022600
0 0.644900 0.864700 0.013400 0.030700
0 0.665800 0.651000 0.015700 0.022600
0 0.401400 0.922900 0.016900 0.020800
0 0.210900 0.879700 0.011000 0.035400
0 0.938400 0.342900 0.012200 0.022100
0 0.066600 0.438900 0.015700 0.022600
0 0.098600 0.603000 0.013900 0.028100
0 0.436000 0.554700 0.018000 0.023100
0 0.977200 0.522400 0.015100 0.028000
0 0.954900 0.026500 0.013500 0.019800
0 0.701200 0.473600 0.017400 0.020800
0 0.903700 0.073900 0.016400 0.022000
0 0.127400 0.556400 0.017700 0.022200
0 0.178000 0.877600 0.012000 0.027800
0 0.296900 0.846900 0.012800 0.020200
0 0.298800 0.854700 0.013200 0.022400
0 0.436700 0.447500 0.012400 0.031400
0 0.102400 0.871900 0.017100 0.022400
0 0.269300 0.910100 0.013700 0.031100
0 0.930900 0.601900 0.013300 0.020600
0 0.072500 0.210900 0.016800 0.020200
0 0.204688 0.332639 0.014062 0.037500
0 0.310156 0.586111 0.014062 0.030556
0 0.401953 0.636111 0.011719 0.030556
0 0.444922 0.850000 0.014844 0.027778
0 0.498047 0.948611 0.014844 0.027778
0 0.553906 0.884028 0.012500 0.031944
0 0.011719 0.649306 0.017188 0.026389
0 0.149219 0.536111 0.018750 0.025000
0 0.098438 0.502083 0.012500 0.034722
0 0.574609 0.296528 0.013281 0.034722
0 0.917188 0.550000 0.014062 0.027778
0 0.789062 0.396528 0.012500 0.023611
0 0.786719 0.363889 0.014062 0.033333
0 0.596875 0.055556 0.014062 0.030556
0 0.619922 0.102083 0.014844 0.031944
0 0.200000 0.610417 0.012500 0.031944
0 0.313281 0.984028 0.017188 0.023611
0 0.447656 0.986111 0.018750 0.016667
0 0.809375 0.515278 0.012500 0.027778
0 0.944922 0.763889 0.013281 0.019444
0 0.185547 0.752083 0.016406 0.020833
0 0.467969 0.606250 0.015625 0.020833
0 0.474609 0.599306 0.014844 0.023611
0 0.993359 0.855556 0.011719 0.030556
0 0.613281 0.738194 0.009375 0.031944
0 0.520312 0.804861 0.017188 0.023611
0 0.777734 0.820139 0.011719 0.026389
0 0.748438 0.438194 0.010937 0.029167
