0 0.868900 0.720500 0.017400 0.024500
0 0.693000 0.180400 0.014500 0.022100
0 0.556400 0.091700 0.014500 0.023500
0 0.883300 0.519000 0.016700 0.023900
0 0.682800 0.647300 0.016300 0.022400
0 0.233400 0.192200 0.014100 0.021400
0 0.279900 0.755300 0.016800 0.020300
0 0.355100 0.490800 0.016600 0.022600
0 0.707600 0.494800 0.017300 0.019200
0 0.654700 0.597000 0.016600 0.023300
0 0.856600 0.306500 0.017000 0.020500
0 0.094200 0.296400 0.014800 0.024600
0 0.665900 0.121900 0.015900 0.025700
0 0.680000 0.890200 0.015300 0.023700
0 0.367100 0.218600 0.013700 0.022200
0 0.627900 0.391500 0.016800 0.022500
0 0.820200 0.515700 0.016500 0.022800
0 0.543100 0.453200 0.017800 0.018600
0 0.731300 0.293400 0.016000 0.025200
0 0.656100 0.683600 0.012100 0.020300
0 0.444300 0.308200 0.015000 0.024500
0 0.856000 0.319900 0.016400 0.022100
0 0.940400 0.443600 0.014800 0.023800
0 0.470900 0.867500 0.015900 0.027600
0 0.020100 0.948000 0.016400 0.022100
0 0.579700 0.953500 0.017700 0.021100
0 0.445200 0.355100 0.014000 0.025000
0 0.583400 0.606800 0.016900 0.023200
0 0.439700 0.117900 0.013900 0.026300
0 0.644000 0.871400 0.015900 0.025100
0 0.394300 0.792200 0.016000 0.023200
0 0.440600 0.819600 0.014100 0.027100
0 0.417800 0.584100 0.017000 0.023500
0 0.706300 0.170700 0.015800 0.021700
0 0.510700 0.958500 0.017700 0.021800
0 0.035600 0.529700 0.017500 0.022100
0 0.838800 0.728000 0.018400 0.022200
0 0.732900 0.123400 0.017100 0.024100
0 0.585400 0.471900 0.017400 0.022600
0 0.179100 0.528600 0.015000 0.024100
0 0.318800 0.227400 0.014600 0.022900
0 0.341400 0.065300 0.015100 0.020500
0 0.165300 0.803100 0.017400 0.022500
0 0.268200 0.372600 0.015100 0.023700
0 0.046600 0.769000 0.016100 0.029400
0 0.269100 0.690000 0.015300 0.025100
0 0.935400 0.106500 0.015500 0.028600
0 0.306500 0.476800 0.014800 0.024200
0 0.065600 0.544900 0.015700 0.023000
0 0.754900 0.332100 0.014000 0.027100
0 0.665100 0.456600 0.019800 0.021200
0 0.895600 0.979000 0.017700 0.023500
0 0.540200 0.403000 0.013800 0.027700
0 0.616600 0.731500 0.014600 0.024800
0 0.793400 0.458000 0.014800 0.024000
0 0.367200 0.426700 0.016500 0.021300
0 0.845200 0.204000 0.014700 0.027000
0 0.589300 0.390800 0.015400 0.025100
0 0.898600 0.591800 0.014600 0.028100
0 0.009500 0.394000 0.015200 0.028700
0 0.639400 0.417500 0.014300 0.024100
0 0.542900 0.945600 0.016600 0.021500
0 0.722200 0.740100 0.017100 0.024200
0 0.746400 0.044100 0.012600 0.029500
0 0.043500 0.552800 0.015400 0.024500
0 0.782000 0.422200 0.015600 0.023700
0 0.113800 0.167200 0.014100 0.029000
0 0.240700 0.593800 0.014600 0.027400
0 0.503600 0.160800 0.015600 0.021400
0 0.118300 0.890300 0.019700 0.023900
0 0.342000 0.259900 0.013700 0.023900
0 0.126600 0.527300 0.016800 0.023200
0 0.834200 0.665300 0.015500 0.023800
0 0.618700 0.568400 0.013000 0.028800
0 0.023400 0.255300 0.015700 0.029000
0 0.592200 0.294700 0.013100 0.031400
0 0.086100 0.241000 0.012800 0.027600
0 0.739600 0.155700 0.017000 0.022400
0 0.247000 0.553100 0.012100 0.028300
0 0.447100 0.772500 0.016100 0.025800
0 0.252500 0.348600 0.017200 0.022200
0 0.464000 0.269100 0.014900 0.026500
0 0.344400 0.667300 0.015700 0.020500
0 0.405600 0.798100 0.016200 0.024400
0 0.239500 0.810900 0.016500 0.020400
0 0.966800 0.947300 0.020200 0.020000
0 0.920100 0.065500 0.014800 0.024700
0 0.929700 0.052700 0.015300 0.023000
0 0.210100 0.834600 0.017200 0.020200
0 0.492500 0.602200 0.015300 0.023000
0 0.070500 0.555300 0.012800 0.026300
0 0.323300 0.632700 0.014100 0.026200
0 0.182900 0.842400 0.018400 0.022300
0 0.693400 0.927800 0.015300 0.023200
0 0.336400 0.376900 0.017400 0.021400
0 0.182500 0.503300 0.017200 0.025400
0 0.051800 0.430600 0.013900 0.030300
0 0.932600 0.741900 0.013200 0.030300
0 0.403400 0.639600 0.014700 0.027000
0 0.330900 0.441400 0.014000 0.025200
0 0.603100 0.283300 0.012700 0.030200
0 0.298900 0.666900 0.015600 0.022700
0 0.118500 0.492500 0.013100 0.030600
0 0.713800 0.183700 0.014100 0.026100
0 0.351900 0.667000 0.015700 0.022200
0 0.619100 0.652100 0.013700 0.024800
0 0.555100 0.939500 0.013700 0.025800
0 0.158400 0.865500 0.013700 0.029700
0 0.763500 0.053400 0.016500 0.023800
0 0.006200 0.769200 0.011300 0.034800
0 0.085100 0.078300 0.012800 0.033200
0 0.145600 0.969200 0.015500 0.020300
0 0.551500 0.238800 0.017800 0.021400
0 0.808500 0.859400 0.013800 0.031900
0 0.542400 0.689100 0.015000 0.025500
0 0.502100 0.591400 0.015600 0.021800
0 0.589500 0.702200 0.015200 0.023900
0 0.315200 0.590500 0.012100 0.031400
0 0.089300 0.282300 0.015400 0.023200
0 0.596600 0.635400 0.014500 0.024400
0 0.914800 0.502400 0.013900 0.030100
0 0.151300 0.285600 0.015600 0.022500
0 0.022500 0.771200 0.014600 0.031800
0 0.827600 0.401800 0.015300 0.026200
0 0.461700 0.740800 0.016900 0.024600
0 0.280300 0.910700 0.015300 0.028700
0 0.656800 0.151700 0.014000 0.024700
0 0.953300 0.602500 0.016100 0.020100
0 0.268600 0.973700 0.017100 0.023700
0 0.176200 0.655700 0.018200 0.022600
0 0.701500 0.415700 0.014900 0.022200
0 0.689600 0.035000 0.013600 0.029800
0 0.796800 0.819100 0.012900 0.023700
0 0.648900 0.628200 0.018000 0.020800
0 0.693300 0.401700 0.013200 0.024300
0 0.576300 0.806900 0.016800 0.029600
0 0.411300 0.548100 0.017400 0.021700
0 0.115400 0.626800 0.016400 0.024300
0 0.411700 0.270600 0.014300 0.026300
0 0.250781 0.200000 0.015625 0.027778
0 0.250000 0.129167 0.014062 0.033333
0 0.222656 0.332639 0.014062 0.037500
0 0.161719 0.538889 0.018750 0.025000
0 0.098828 0.452778 0.014844 0.025000
0 0.228516 0.885417 0.013281 0.040278
0 0.237109 0.771528 0.017969 0.023611
0 0.456250 0.447222 0.014062 0.038889
0 0.400391 0.830556 0.013281 0.036111
0 0.438281 0.847917 0.015625 0.023611
0 0.708984 0.611111 0.010156 0.033333
0 0.751172 0.625694 0.019531 0.026389
0 0.974609 0.763194 0.014844 0.040278
0 0.937891 0.844444 0.013281 0.030556
0 0.941406 0.858333 0.017188 0.030556
0 0.978125 0.900000 0.014062 0.033333
0 0.966406 0.892361 0.012500 0.031944
0 0.973437 0.213889 0.012500 0.036111
0 0.962109 0.184722 0.013281 0.025000
0 0.966016 0.197222 0.019531 0.025000
0 0.844531 0.251389 0.020312 0.025000
0 0.825781 0.225000 0.018750 0.033333
0 0.810938 0.299306 0.010937 0.040278
0 0.700000 0.349306 0.015625 0.031944
0 0.672656 0.282639 0.017188 0.020833
0 0.848047 0.020139 0.016406 0.029167
0 0.858203 0.012500 0.016406 0.025000
0 0.599609 0.068056 0.013281 0.038889
0 0.750000 0.438194 0.014062 0.029167
0 0.587500 0.640972 0.014062 0.029167
