0 0.132300 0.820300 0.016000 0.019900
0 0.818300 0.318200 0.015200 0.021100
0 0.934800 0.192400 0.016100 0.023100
0 0.195500 0.328900 0.016600 0.022600
0 0.507800 0.079800 0.014100 0.022200
0 0.443700 0.172100 0.015300 0.022400
0 0.295000 0.441300 0.013500 0.022700
0 0.177900 0.859400 0.015100 0.021700
0 0.178600 0.070100 0.015300 0.024300
0 0.408800 0.366500 0.014400 0.023900
0 0.869200 0.246400 0.012400 0.024000
0 0.507400 0.129000 0.015300 0.021700
0 0.433100 0.592600 0.015600 0.021200
0 0.195500 0.692900 0.017100 0.024300
0 0.528600 0.820300 0.017300 0.020900
0 0.929500 0.609100 0.016100 0.023400
0 0.218700 0.495300 0.015100 0.027000
0 0.890800 0.845700 0.017800 0.021700
0 0.453400 0.696700 0.016200 0.023300
0 0.631300 0.153600 0.014100 0.022600
0 0.495200 0.458800 0.016900 0.019800
0 0.429600 0.355000 0.015900 0.021700
0 0.242300 0.382200 0.015800 0.023900
0 0.117900 0.881700 0.013200 0.023500
0 0.766600 0.854000 0.016200 0.025400
0 0.190400 0.168700 0.013600 0.022600
0 0.730200 0.035100 0.019500 0.019800
0 0.580900 0.606600 0.016700 0.023300
0 0.246800 0.303800 0.016900 0.022400
0 0.218700 0.233600 0.015100 0.022500
0 0.497600 0.819300 0.018500 0.022000
0 0.265900 0.760000 0.014900 0.022400
0 0.557100 0.667400 0.015600 0.026600
0 0.656600 0.405500 0.015600 0.024900
0 0.391000 0.505500 0.014600 0.020500
0 0.115500 0.591100 0.018900 0.021200
0 0.384300 0.454600 0.012800 0.026500
0 0.197800 0.193200 0.014600 0.024200
0 0.341600 0.828000 0.012300 0.022400
0 0.820500 0.229600 0.016500 0.026100
0 0.622300 0.644100 0.016200 0.024100
0 0.485000 0.516600 0.015000 0.026400
0 0.090800 0.920500 0.014400 0.027700
0 0.642700 0.232400 0.012800 0.027400
0 0.801900 0.672000 0.018100 0.024100
0 0.347600 0.789600 0.014300 0.025700
0 0.589500 0.643100 0.014800 0.028500
0 0.763800 0.728700 0.017000 0.022900
0 0.222000 0.818900 0.014800 0.022300
0 0.992800 0.595500 0.011300 0.022700
0 0.890600 0.618900 0.014100 0.020700
0 0.965400 0.530400 0.017600 0.023300
0 0.491500 0.710800 0.015800 0.021200
0 0.631000 0.464500 0.019300 0.022200
0 0.804700 0.264600 0.014200 0.024400
0 0.490900 0.243100 0.017200 0.021500
0 0.276600 0.377800 0.015400 0.024800
0 0.285700 0.620900 0.014000 0.026100
0 0.577400 0.457000 0.018300 0.021300
0 0.622600 0.284100 0.016700 0.023500
0 0.896000 0.930400 0.015200 0.027100
0 0.810000 0.132400 0.013700 0.026600
0 0.316100 0.355500 0.013300 0.028000
0 0.754600 0.331900 0.013700 0.027600
0 0.547200 0.729200 0.015100 0.020600
0 0.280900 0.591500 0.013500 0.029400
0 0.854100 0.060500 0.015700 0.023400
0 0.482300 0.315500 0.013300 0.026100
0 0.480100 0.394300 0.014200 0.030500
0 0.668300 0.840700 0.015900 0.023400
0 0.339800 0.219800 0.013400 0.027500
0 0.163900 0.868000 0.013600 0.026900
0 0.739100 0.634500 0.015300 0.027500
0 0.065700 0.872000 0.012400 0.031500
0 0.538900 0.770100 0.017800 0.019200
0 0.788900 0.254400 0.017900 0.020800
0 0.765300 0.222200 0.018100 0.023000
0 0.448500 0.204000 0.016000 0.022700
0 0.710200 0.783100 0.013400 0.021200
0 0.642900 0.021000 0.012600 0.029400
0 0.198300 0.159700 0.012900 0.022700
0 0.067400 0.532800 0.011200 0.032900
0 0.844600 0.039300 0.015900 0.022300
0 0.822700 0.027200 0.014100 0.027900
0 0.168100 0.332400 0.012500 0.032900
0 0.534200 0.280700 0.013700 0.031100
0 0.481300 0.741900 0.016400 0.020600
0 0.828400 0.627000 0.017300 0.020000
0 0.677000 0.092400 0.013700 0.026000
0 0.823800 0.408700 0.016100 0.024900
0 0.023700 0.634500 0.015400 0.025100
0 0.673200 0.606500 0.018200 0.022400
0 0.629700 0.016300 0.012200 0.027800
0 0.333000 0.291300 0.012300 0.029700
0 0.203000 0.360500 0.012100 0.031600
0 0.365100 0.015300 0.011600 0.025000
0 0.601600 0.052700 0.014700 0.024100
0 0.838600 0.654700 0.013500 0.025600
0 0.353000 0.548800 0.016000 0.021300
0 0.311300 0.743900 0.013900 0.030000
0 0.038800 0.271900 0.016000 0.026500
0 0.647000 0.289000 0.016900 0.023400
0 0.610600 0.654700 0.013500 0.028500
0 0.397100 0.727100 0.014500 0.023500
0 0.126300 0.741600 0.015500 0.020600
0 0.254100 0.933500 0.016000 0.024500
0 0.742300 0.816900 0.012600 0.019000
0 0.086100 0.878700 0.013700 0.026900
0 0.526400 0.402700 0.012100 0.032900
0 0.938300 0.572600 0.014400 0.026800
0 0.051800 0.177000 0.013600 0.024900
0 0.788600 0.391300 0.015600 0.021200
0 0.676200 0.108000 0.015900 0.024900
0 0.044200 0.497500 0.014000 0.030300
0 0.697500 0.310500 0.014500 0.028400
0 0.700900 0.608200 0.017800 0.022200
0 0.047200 0.054500 0.011600 0.034800
0 0.298900 0.492200 0.016200 0.022400
0 0.293300 0.664800 0.015500 0.027400
0 0.504800 0.738900 0.017300 0.020800
0 0.388800 0.822600 0.013800 0.032100
0 0.478300 0.307900 0.013800 0.022500
0 0.157800 0.952100 0.016400 0.024300
0 0.823800 0.560400 0.014600 0.021000
0 0.843100 0.773400 0.011900 0.031300
0 0.870600 0.897500 0.014700 0.025400
0 0.071875 0.163194 0.014062 0.031944
0 0.111719 0.122222 0.014062 0.033333
0 0.267188 0.108333 0.017188 0.030556
0 0.196484 0.013194 0.013281 0.023611
0 0.179297 0.263194 0.013281 0.031944
0 0.082031 0.310417 0.014062 0.034722
0 0.141406 0.188889 0.014062 0.030556
0 0.009766 0.421528 0.011719 0.031944
0 0.005469 0.406944 0.010937 0.030556
0 0.037109 0.599306 0.013281 0.031944
0 0.110156 0.525000 0.018750 0.025000
0 0.167969 0.573611 0.014062 0.030556
0 0.145313 0.597917 0.017188 0.029167
0 0.033984 0.847222 0.013281 0.025000
0 0.224609 0.910417 0.011719 0.034722
0 0.279297 0.961806 0.014844 0.031944
0 0.461719 0.536111 0.017188 0.025000
0 0.498828 0.899306 0.013281 0.031944
0 0.275000 0.720833 0.014062 0.022222
0 0.234375 0.615278 0.012500 0.027778
0 0.941016 0.752083 0.013281 0.031944
0 0.985547 0.524306 0.014844 0.026389
0 0.983203 0.404861 0.014844 0.031944
0 0.737891 0.160417 0.017969 0.026389
0 0.787891 0.201389 0.016406 0.036111
0 0.825000 0.840278 0.010937 0.036111
0 0.886719 0.808333 0.014062 0.027778
0 0.573828 0.324306 0.016406 0.023611
0 0.525781 0.152083 0.017188 0.023611
0 0.598828 0.073611 0.013281 0.027778
0 0.859375 0.259722 0.009375 0.036111
0 0.398047 0.099306 0.011719 0.031944
0 0.404687 0.110417 0.012500 0.031944
0 0.740625 0.450694 0.020312 0.031944
0 0.323438 0.939583 0.014062 0.023611
0 0.250000 0.570833 0.015625 0.025000
0 0.055078 0.759028 0.014844 0.029167
0 0.057813 0.761111 0.012500 0.025000
0 0.237109 0.596528 0.013281 0.029167
0 0.664453 0.510417 0.014844 0.026389
0 0.673047 0.503472 0.016406 0.029167
0 0.666406 0.484028 0.017188 0.023611
0 0.670703 0.502083 0.017969 0.020833
0 0.253906 0.845833 0.009375 0.025000
0 0.389844 0.700694 0.010937 0.026389
