0 0.820500 0.319300 0.015900 0.021700
0 0.193400 0.070300 0.016600 0.022400
0 0.319100 0.443300 0.016200 0.019800
0 0.921100 0.610300 0.016400 0.022800
0 0.557200 0.782900 0.016400 0.021600
0 0.434600 0.205700 0.017600 0.021300
0 0.893400 0.842200 0.018200 0.022000
0 0.593600 0.046000 0.013900 0.025700
0 0.792700 0.255200 0.018400 0.021200
0 0.657100 0.605200 0.016400 0.020200
0 0.509100 0.156100 0.015200 0.021100
0 0.519000 0.134400 0.015100 0.022700
0 0.798100 0.681600 0.015600 0.026400
0 0.492900 0.072500 0.013100 0.021700
0 0.270000 0.867000 0.013100 0.024900
0 0.203300 0.304700 0.015100 0.023800
0 0.552700 0.757700 0.015700 0.020600
0 0.580400 0.606400 0.016600 0.024100
0 0.470200 0.697400 0.015100 0.022900
0 0.114600 0.528100 0.016700 0.021000
0 0.232900 0.233500 0.016400 0.021800
0 0.743600 0.027900 0.017100 0.018900
0 0.405900 0.108700 0.013000 0.021400
0 0.302000 0.492800 0.017700 0.021700
0 0.445700 0.370900 0.015200 0.022300
0 0.272800 0.780500 0.014000 0.025100
0 0.202500 0.143400 0.014800 0.023600
0 0.496100 0.706200 0.016700 0.020600
0 0.446700 0.173000 0.016300 0.022300
0 0.657300 0.508400 0.017200 0.020400
0 0.681400 0.478500 0.016300 0.026300
0 0.568400 0.305500 0.016400 0.027500
0 0.895600 0.782400 0.014500 0.027700
0 0.434800 0.593100 0.016100 0.022700
0 0.677200 0.505000 0.016500 0.022600
0 0.623000 0.645100 0.017200 0.024000
0 0.717800 0.153300 0.016800 0.024000
0 0.277900 0.378200 0.015700 0.026100
0 0.483400 0.507000 0.016400 0.024800
0 0.082000 0.147400 0.015800 0.026600
0 0.497300 0.460300 0.018600 0.020200
0 0.278000 0.094100 0.013400 0.027300
0 0.844500 0.556900 0.014700 0.022200
0 0.507300 0.806600 0.018000 0.021600
0 0.106400 0.116700 0.017200 0.026500
0 0.697800 0.081400 0.015500 0.027900
0 0.491300 0.239500 0.017100 0.021100
0 0.526900 0.716900 0.015800 0.023000
0 0.577300 0.456700 0.018100 0.020900
0 0.385000 0.455300 0.013300 0.027900
0 0.189400 0.857200 0.017100 0.023000
0 0.410000 0.365000 0.014700 0.023800
0 0.790200 0.204500 0.016000 0.026800
0 0.504600 0.883400 0.012900 0.029800
0 0.745900 0.629000 0.014500 0.027400
0 0.468200 0.728400 0.013800 0.024200
0 0.066200 0.872300 0.013800 0.028600
0 0.559300 0.690700 0.015900 0.025700
0 0.298100 0.719200 0.015100 0.024000
0 0.092700 0.858000 0.015200 0.026500
0 0.847900 0.633900 0.014600 0.022800
0 0.901900 0.918000 0.015800 0.025800
0 0.233900 0.309700 0.016100 0.020800
0 0.416200 0.022100 0.016800 0.023800
0 0.222800 0.820600 0.016200 0.021600
0 0.353000 0.807900 0.015200 0.026200
0 0.322500 0.332800 0.010900 0.025300
0 0.632400 0.464200 0.020100 0.022100
0 0.039700 0.270900 0.015200 0.027800
0 0.639200 0.272000 0.015400 0.025000
0 0.666700 0.253000 0.016200 0.023100
0 0.639000 0.142800 0.017300 0.022000
0 0.066800 0.778200 0.017600 0.022100
0 0.342000 0.221000 0.012800 0.027200
0 0.743900 0.817400 0.012500 0.019700
0 0.870100 0.927400 0.014200 0.027100
0 0.164900 0.867500 0.013800 0.029800
0 0.256400 0.316000 0.014500 0.020900
0 0.773700 0.844800 0.016600 0.024800
0 0.991400 0.602700 0.011200 0.026600
0 0.205800 0.177900 0.013500 0.027800
0 0.173600 0.584200 0.015600 0.028800
0 0.407000 0.532400 0.014100 0.026700
0 0.893900 0.618800 0.012800 0.022500
0 0.355700 0.551300 0.014400 0.022700
0 0.005400 0.983200 0.013400 0.020500
0 0.254900 0.829500 0.012500 0.027500
0 0.302200 0.691300 0.014800 0.026700
0 0.610400 0.655300 0.013800 0.027700
0 0.835900 0.018300 0.016600 0.024700
0 0.070200 0.533500 0.012300 0.032000
0 0.513700 0.753400 0.013600 0.025500
0 0.203300 0.360000 0.012200 0.031400
0 0.589100 0.668500 0.013000 0.029200
0 0.823800 0.408300 0.015500 0.025900
0 0.754500 0.331600 0.013600 0.028400
0 0.855000 0.064700 0.015400 0.024100
0 0.823500 0.246600 0.013800 0.029000
0 0.329000 0.284700 0.013600 0.028900
0 0.839000 0.679800 0.014600 0.027400
0 0.972700 0.517600 0.019600 0.022600
0 0.242800 0.316400 0.016200 0.021100
0 0.614600 0.283900 0.016900 0.021200
0 0.756900 0.747800 0.014300 0.028500
0 0.139600 0.792100 0.014700 0.030600
0 0.601100 0.094900 0.012300 0.027800
0 0.879700 0.235300 0.014700 0.023600
0 0.716500 0.796800 0.013900 0.021600
0 0.767800 0.223300 0.018800 0.022800
0 0.279100 0.964500 0.016400 0.024500
0 0.328200 0.959100 0.016300 0.025000
0 0.316000 0.727400 0.012600 0.028100
0 0.177200 0.964700 0.019000 0.022800
0 0.665200 0.833900 0.013100 0.023800
0 0.006600 0.403800 0.012800 0.030200
0 0.505300 0.669100 0.012900 0.022300
0 0.407100 0.703800 0.012200 0.032800
0 0.808700 0.155300 0.012800 0.031000
0 0.034900 0.827800 0.018700 0.023400
0 0.289000 0.647000 0.013200 0.024000
0 0.113300 0.896800 0.016200 0.026300
0 0.264800 0.530600 0.012100 0.032000
0 0.093900 0.914000 0.016100 0.025000
0 0.011600 0.420700 0.013000 0.029000
0 0.511100 0.821000 0.018400 0.024000
0 0.348200 0.788900 0.016200 0.024300
0 0.701600 0.611300 0.016700 0.023000
0 0.389400 0.023100 0.016200 0.025200
0 0.795400 0.276300 0.018200 0.020000
0 0.191400 0.280100 0.012700 0.028700
0 0.239400 0.958500 0.017600 0.022000
0 0.952900 0.504700 0.018800 0.021500
0 0.147900 0.577400 0.014800 0.028600
0 0.058900 0.197100 0.010400 0.027000
0 0.238700 0.503000 0.017000 0.021600
0 0.941800 0.576200 0.015600 0.024600
0 0.279900 0.590100 0.013000 0.030100
0 0.138600 0.592700 0.016300 0.026300
0 0.536600 0.284800 0.012300 0.031600
0 0.484700 0.397500 0.015100 0.029300
0 0.529100 0.402000 0.011800 0.032000
0 0.245500 0.365000 0.011900 0.034000
0 0.483600 0.285900 0.016900 0.024700
0 0.082422 0.306250 0.014844 0.037500
0 0.171875 0.335417 0.014062 0.034722
0 0.048437 0.496528 0.017188 0.034722
0 0.050391 0.749306 0.014844 0.031944
0 0.212891 0.685417 0.019531 0.023611
0 0.229297 0.913194 0.016406 0.031944
0 0.391797 0.825000 0.014844 0.033333
0 0.470703 0.550694 0.014844 0.031944
0 0.840234 0.788194 0.011719 0.034722
0 0.942187 0.752083 0.014062 0.037500
0 0.702344 0.311806 0.017188 0.031944
0 0.663672 0.400694 0.013281 0.031944
0 0.657422 0.427083 0.016406 0.026389
0 0.640625 0.013889 0.014062 0.025000
0 0.499219 0.056944 0.012500 0.030556
0 0.400781 0.122917 0.014062 0.031944
0 0.050391 0.053472 0.016406 0.034722
0 0.070312 0.185417 0.012500 0.034722
0 0.832812 0.863194 0.012500 0.034722
0 0.856641 0.010417 0.016406 0.018056
0 0.863672 0.027778 0.016406 0.030556
0 0.917969 0.195833 0.015625 0.025000
0 0.742969 0.452778 0.018750 0.030556
0 0.772656 0.428472 0.014062 0.034722
0 0.196094 0.136806 0.012500 0.031944
0 0.112891 0.765278 0.017969 0.025000
0 0.233203 0.609722 0.013281 0.027778
0 0.235547 0.588194 0.013281 0.026389
0 0.031641 0.620833 0.017969 0.022222
0 0.033984 0.615972 0.014844 0.023611
0 0.685938 0.505556 0.014062 0.016667
0 0.650781 0.487500 0.012500 0.027778
0 0.257031 0.011111 0.014062 0.022222
