0 0.140800 0.067100 0.013500 0.023700
0 0.658400 0.227900 0.016300 0.021700
0 0.206400 0.141400 0.015700 0.021700
0 0.770400 0.872000 0.017000 0.023100
0 0.229200 0.420100 0.014200 0.024100
0 0.458100 0.920500 0.015800 0.023000
0 0.672300 0.293200 0.016700 0.022000
0 0.545100 0.466900 0.014400 0.025100
0 0.682800 0.594800 0.015800 0.021000
0 0.495600 0.329600 0.014400 0.021400
0 0.671000 0.406600 0.016300 0.022100
0 0.652300 0.154500 0.017300 0.021800
0 0.768800 0.894900 0.015700 0.023100
0 0.727100 0.615100 0.018100 0.019300
0 0.309900 0.668500 0.017400 0.021300
0 0.468100 0.597200 0.016300 0.023000
0 0.232100 0.817000 0.015400 0.021000
0 0.868800 0.203200 0.013500 0.023100
0 0.167300 0.617300 0.013200 0.026100
0 0.856800 0.778400 0.016800 0.024000
0 0.553600 0.144800 0.011800 0.016000
0 0.219700 0.444400 0.014300 0.023000
0 0.906500 0.096900 0.015600 0.024100
0 0.564700 0.216800 0.015000 0.024800
0 0.618900 0.206100 0.015200 0.023300
0 0.147000 0.533900 0.019000 0.020500
0 0.941600 0.484000 0.015300 0.024500
0 0.123300 0.491100 0.016800 0.022000
0 0.972200 0.583800 0.015900 0.021700
0 0.581900 0.606500 0.017100 0.022000
0 0.542000 0.559000 0.016500 0.021900
0 0.259500 0.421200 0.014400 0.021500
0 0.346400 0.542800 0.014500 0.023900
0 0.430800 0.357200 0.013800 0.024500
0 0.893300 0.072100 0.015200 0.021500
0 0.421200 0.485000 0.016100 0.024200
0 0.822200 0.618100 0.015200 0.027200
0 0.194700 0.934800 0.016100 0.023900
0 0.165700 0.470100 0.017500 0.022600
0 0.571800 0.144800 0.013300 0.016600
0 0.303500 0.980500 0.016300 0.021100
0 0.018400 0.520500 0.020100 0.022500
0 0.691000 0.781000 0.013700 0.023600
0 0.059000 0.608900 0.015600 0.020200
0 0.004800 0.205200 0.012200 0.027600
0 0.417200 0.119800 0.013100 0.022100
0 0.531800 0.872800 0.016800 0.024100
0 0.042400 0.527200 0.017600 0.021400
0 0.247500 0.980000 0.016500 0.021500
0 0.844100 0.542600 0.014200 0.023500
0 0.580900 0.455500 0.017700 0.025300
0 0.605600 0.554800 0.014900 0.026400
0 0.040000 0.179700 0.017100 0.023700
0 0.068800 0.567200 0.014900 0.024600
0 0.269600 0.433400 0.012800 0.022600
0 0.377600 0.194500 0.015300 0.022200
0 0.647600 0.455900 0.015900 0.020300
0 0.330800 0.501900 0.016500 0.023500
0 0.021400 0.072900 0.018600 0.023900
0 0.515100 0.691000 0.015500 0.023700
0 0.290700 0.979100 0.016700 0.021900
0 0.608200 0.068600 0.011200 0.027100
0 0.197900 0.707000 0.014600 0.027500
0 0.710700 0.309200 0.016400 0.022200
0 0.472800 0.166600 0.015800 0.023100
0 0.792300 0.227700 0.016700 0.023700
0 0.602900 0.965900 0.016600 0.022600
0 0.097900 0.521800 0.016100 0.023000
0 0.569900 0.296500 0.012500 0.029700
0 0.814000 0.206800 0.015400 0.025500
0 0.754800 0.332200 0.013800 0.027700
0 0.522700 0.252200 0.017000 0.021700
0 0.009200 0.852400 0.019600 0.023700
0 0.698100 0.478100 0.019300 0.019400
0 0.164000 0.865800 0.014900 0.024000
0 0.108300 0.778700 0.017100 0.022300
0 0.141000 0.296300 0.013300 0.028300
0 0.085200 0.506400 0.013900 0.027800
0 0.418000 0.359900 0.012300 0.026400
0 0.531500 0.031300 0.013800 0.030000
0 0.456300 0.877900 0.016000 0.028400
0 0.531400 0.452300 0.017800 0.020100
0 0.051300 0.306700 0.012300 0.030000
0 0.189900 0.421700 0.014400 0.027900
0 0.923700 0.605300 0.011400 0.025900
0 0.766400 0.452600 0.014700 0.024500
0 0.855000 0.014900 0.014700 0.023500
0 0.740600 0.934600 0.011600 0.024900
0 0.078000 0.696700 0.017300 0.022600
0 0.258800 0.917300 0.013900 0.028300
0 0.710300 0.594500 0.018100 0.021200
0 0.822100 0.872600 0.019200 0.022400
0 0.519900 0.635700 0.013900 0.025000
0 0.311000 0.381000 0.015900 0.024900
0 0.418100 0.617600 0.012200 0.032300
0 0.610900 0.654500 0.015500 0.028500
0 0.819100 0.054400 0.014200 0.029000
0 0.433300 0.840600 0.015900 0.027700
0 0.883300 0.022400 0.014900 0.023800
0 0.428800 0.544900 0.016400 0.022000
0 0.517400 0.935700 0.017000 0.022500
0 0.648800 0.655500 0.017400 0.022900
0 0.956300 0.247500 0.015100 0.024000
0 0.806200 0.539900 0.014600 0.025100
0 0.089400 0.881200 0.011300 0.033600
0 0.064800 0.252200 0.014000 0.026900
0 0.970400 0.097400 0.013400 0.022700
0 0.570900 0.983800 0.013800 0.025000
0 0.060200 0.743300 0.014400 0.031400
0 0.172300 0.627800 0.011900 0.028400
0 0.547700 0.444600 0.017100 0.023000
0 0.154900 0.073500 0.015300 0.023000
0 0.221400 0.349000 0.017200 0.023100
0 0.986300 0.434100 0.014000 0.029400
0 0.985600 0.039200 0.015800 0.021800
0 0.348100 0.977700 0.018800 0.020700
0 0.347900 0.940500 0.017500 0.024300
0 0.581600 0.285600 0.013300 0.025400
0 0.593000 0.627000 0.017100 0.022100
0 0.240000 0.595200 0.011800 0.031200
0 0.644400 0.089700 0.015400 0.023000
0 0.986600 0.479200 0.016300 0.023900
0 0.071100 0.069300 0.012000 0.033800
0 0.386200 0.557100 0.015600 0.021000
0 0.421700 0.458800 0.011500 0.030800
0 0.798400 0.107300 0.013300 0.025400
0 0.923600 0.853300 0.020900 0.023700
0 0.801200 0.415900 0.013700 0.026000
0 0.571200 0.268800 0.010000 0.032200
0 0.557900 0.390900 0.010100 0.033400
0 0.976400 0.309100 0.016800 0.023900
0 0.816900 0.251100 0.018300 0.021300
0 0.826400 0.401900 0.014100 0.025900
0 0.290700 0.014100 0.012100 0.023100
0 0.254600 0.548800 0.014200 0.023600
0 0.933000 0.576600 0.014800 0.024600
0 0.845400 0.684800 0.012400 0.033200
0 0.865100 0.830500 0.013600 0.032000
0 0.027200 0.434600 0.013300 0.032500
0 0.268500 0.984900 0.012400 0.025600
0 0.040100 0.318400 0.013500 0.023900
0 0.504400 0.402300 0.013100 0.029800
0 0.032800 0.305800 0.015000 0.023300
0 0.378100 0.801100 0.017300 0.023300
0 0.123900 0.969200 0.018700 0.021000
0 0.105078 0.318056 0.013281 0.033333
0 0.189063 0.331250 0.014062 0.040278
0 0.162500 0.200000 0.015625 0.030556
0 0.835938 0.321528 0.017188 0.029167
0 0.303125 0.587500 0.015625 0.033333
0 0.203906 0.879167 0.012500 0.038889
0 0.462109 0.413194 0.011719 0.037500
0 0.775781 0.427083 0.012500 0.031944
0 0.956250 0.752083 0.012500 0.037500
0 0.582422 0.065972 0.013281 0.040278
0 0.361328 0.223611 0.014844 0.038889
0 0.476172 0.671528 0.011719 0.031944
0 0.472656 0.674306 0.017188 0.026389
0 0.563672 0.634028 0.014844 0.023611
0 0.553906 0.648611 0.015625 0.025000
0 0.710156 0.663194 0.012500 0.031944
0 0.700391 0.788889 0.013281 0.022222
0 0.761328 0.820833 0.013281 0.027778
0 0.664062 0.450694 0.015625 0.023611
0 0.759766 0.429167 0.013281 0.030556
0 0.965625 0.346528 0.012500 0.023611
0 0.228125 0.922222 0.012500 0.022222
0 0.029687 0.598611 0.018750 0.022222
0 0.012891 0.931944 0.014844 0.022222
0 0.009766 0.924306 0.010156 0.029167
0 0.746094 0.436806 0.012500 0.031944
