0 0.693400 0.391200 0.016200 0.022500
0 0.577800 0.454900 0.018700 0.022100
0 0.893900 0.192200 0.015200 0.023100
0 0.047200 0.579800 0.016200 0.022800
0 0.126900 0.257200 0.015000 0.025400
0 0.967200 0.583200 0.017000 0.020400
0 0.781500 0.865100 0.016500 0.021900
0 0.571100 0.629800 0.016800 0.022200
0 0.834600 0.320700 0.015400 0.023000
0 0.644100 0.655300 0.016500 0.024000
0 0.382600 0.557300 0.016300 0.022000
0 0.934400 0.357500 0.017600 0.022800
0 0.808900 0.642700 0.013400 0.023800
0 0.015900 0.518200 0.020200 0.020600
0 0.628900 0.157300 0.016000 0.020900
0 0.467300 0.596300 0.016300 0.022200
0 0.842900 0.780500 0.017500 0.023800
0 0.469800 0.341600 0.015100 0.024400
0 0.580900 0.606800 0.017700 0.021100
0 0.427500 0.357000 0.015100 0.025200
0 0.209300 0.943900 0.015700 0.023200
0 0.697700 0.479900 0.019500 0.019400
0 0.722900 0.616400 0.018600 0.021000
0 0.059500 0.191900 0.015200 0.024800
0 0.608000 0.544800 0.018100 0.021700
0 0.907300 0.096100 0.016600 0.022700
0 0.504600 0.571100 0.013500 0.024200
0 0.134700 0.958700 0.017200 0.023500
0 0.077400 0.546600 0.017300 0.023400
0 0.552200 0.129900 0.014600 0.021500
0 0.252000 0.953500 0.017800 0.022400
0 0.143400 0.534000 0.018400 0.020300
0 0.535400 0.629900 0.016600 0.023300
0 0.940300 0.584300 0.016100 0.022000
0 0.039900 0.318200 0.013500 0.019500
0 0.234600 0.819900 0.015800 0.021400
0 0.135500 0.056300 0.015500 0.024400
0 0.529300 0.452300 0.018700 0.019800
0 0.676700 0.222200 0.016700 0.023600
0 0.007500 0.927800 0.015600 0.024900
0 0.302100 0.382100 0.017100 0.024700
0 0.598200 0.194000 0.016100 0.022500
0 0.330700 0.522300 0.015500 0.023200
0 0.567500 0.258800 0.014100 0.023000
0 0.519500 0.421900 0.015300 0.023800
0 0.414900 0.121100 0.014100 0.025800
0 0.708600 0.315300 0.014900 0.025700
0 0.503300 0.403000 0.014600 0.026100
0 0.033400 0.080000 0.016700 0.025300
0 0.359300 0.228200 0.014300 0.024300
0 0.440200 0.571600 0.014800 0.022400
0 0.966500 0.032300 0.017800 0.022500
0 0.702300 0.697100 0.016400 0.022700
0 0.856300 0.041100 0.016400 0.021800
0 0.547900 0.856400 0.016000 0.024100
0 0.469300 0.166000 0.014300 0.023400
0 0.807700 0.203900 0.015000 0.025100
0 0.453800 0.857400 0.013900 0.029600
0 0.754800 0.332100 0.013600 0.027500
0 0.331100 0.666500 0.015400 0.022200
0 0.479600 0.692400 0.016600 0.026500
0 0.155300 0.893800 0.014700 0.027500
0 0.556000 0.478400 0.015500 0.025100
0 0.496300 0.920700 0.015100 0.028500
0 0.156600 0.052000 0.016100 0.022600
0 0.029600 0.629400 0.012600 0.029100
0 0.510100 0.690100 0.017300 0.023200
0 0.031500 0.042200 0.014000 0.022500
0 0.169200 0.656000 0.013200 0.025500
0 0.253500 0.917000 0.013900 0.028500
0 0.451800 0.678800 0.016900 0.022500
0 0.923400 0.851900 0.020900 0.019800
0 0.016200 0.534700 0.019100 0.020400
0 0.920700 0.495300 0.015800 0.027400
0 0.610500 0.655500 0.014600 0.027800
0 0.467400 0.880100 0.013200 0.026100
0 0.555000 0.304400 0.015500 0.025500
0 0.428200 0.944300 0.012900 0.022100
0 0.744900 0.859800 0.016100 0.022700
0 0.243300 0.401700 0.014400 0.023400
0 0.457600 0.897500 0.014400 0.023800
0 0.839900 0.855600 0.018700 0.022800
0 0.152400 0.634700 0.014100 0.026700
0 0.177400 0.391000 0.014800 0.027500
0 0.608000 0.029100 0.015400 0.024200
0 0.798500 0.657500 0.012200 0.029000
0 0.527000 0.659600 0.015900 0.021500
0 0.888900 0.071000 0.016900 0.020800
0 0.758000 0.818700 0.012600 0.024700
0 0.818600 0.032800 0.013800 0.031000
0 0.079100 0.773400 0.017300 0.024300
0 0.538900 0.419100 0.014400 0.024700
0 0.796400 0.371900 0.010800 0.027700
0 0.301200 0.954400 0.019100 0.019900
0 0.826100 0.402800 0.013900 0.025400
0 0.469300 0.985800 0.018900 0.019900
0 0.438600 0.541800 0.013600 0.026100
0 0.992000 0.284600 0.012000 0.023700
0 0.548000 0.155300 0.013300 0.021200
0 0.651400 0.279900 0.016200 0.026600
0 0.772700 0.431000 0.012800 0.025900
0 0.009600 0.902800 0.016300 0.028700
0 0.785900 0.223100 0.017200 0.022900
0 0.082300 0.509100 0.012600 0.032800
0 0.259200 0.469600 0.010700 0.034600
0 0.426200 0.634100 0.015500 0.024600
0 0.046000 0.305100 0.011900 0.021600
0 0.819300 0.517400 0.013200 0.027300
0 0.023600 0.028700 0.013300 0.023900
0 0.944700 0.864600 0.019200 0.022300
0 0.553400 0.185800 0.015500 0.025200
0 0.092800 0.539700 0.014900 0.027200
0 0.516800 0.251300 0.016200 0.023000
0 0.364500 0.197000 0.015600 0.020800
0 0.373300 0.798300 0.016300 0.024700
0 0.298900 0.980200 0.017800 0.019700
0 0.955100 0.214900 0.014200 0.026500
0 0.005500 0.667200 0.010600 0.035700
0 0.328300 0.904400 0.014200 0.021300
0 0.845800 0.697900 0.014000 0.029500
0 0.423200 0.840200 0.014900 0.029400
0 0.991500 0.128000 0.010300 0.024400
0 0.415100 0.460000 0.012800 0.029900
0 0.159800 0.182200 0.013100 0.034600
0 0.084900 0.880900 0.011900 0.033500
0 0.578300 0.068500 0.010100 0.030900
0 0.801100 0.553800 0.013900 0.026700
0 0.280300 0.015600 0.011000 0.024300
0 0.919200 0.605300 0.010900 0.030400
0 0.795200 0.144200 0.011500 0.036200
0 0.323600 0.501400 0.016300 0.022100
0 0.188700 0.458000 0.017400 0.022500
0 0.622300 0.110600 0.013700 0.022600
0 0.427700 0.473900 0.015700 0.026000
0 0.202600 0.877500 0.011000 0.033100
0 0.553500 0.390500 0.011300 0.031800
0 0.577700 0.534800 0.017400 0.021900
0 0.188800 0.427400 0.014000 0.023200
0 0.646500 0.158400 0.014700 0.019000
0 0.566200 0.296100 0.012600 0.032900
0 0.068900 0.065800 0.012400 0.032400
0 0.022700 0.433900 0.012900 0.033600
0 0.251500 0.422100 0.015400 0.023000
0 0.585200 0.472300 0.015300 0.025500
0 0.561400 0.943200 0.016400 0.024100
0 0.063900 0.715500 0.016800 0.025500
0 0.226700 0.123400 0.016900 0.023900
0 0.061700 0.254000 0.013500 0.026500
0 0.814100 0.248800 0.018200 0.022000
0 0.459600 0.373000 0.012600 0.032600
0 0.212891 0.351389 0.016406 0.022222
0 0.185156 0.335417 0.014062 0.034722
0 0.094531 0.311806 0.012500 0.031944
0 0.199219 0.687500 0.012500 0.030556
0 0.300000 0.588889 0.015625 0.033333
0 0.292969 0.560417 0.015625 0.029167
0 0.410156 0.386806 0.014062 0.034722
0 0.955078 0.752083 0.011719 0.037500
0 0.761328 0.452778 0.017969 0.027778
0 0.699609 0.615278 0.016406 0.027778
0 0.524219 0.073611 0.012500 0.030556
0 0.277734 0.554167 0.016406 0.022222
0 0.146484 0.477778 0.016406 0.022222
0 0.156641 0.471528 0.016406 0.023611
0 0.741016 0.915278 0.011719 0.033333
0 0.993359 0.461806 0.011719 0.026389
0 0.855469 0.011111 0.014062 0.022222
0 0.755469 0.440278 0.015625 0.030556
0 0.646484 0.461806 0.017969 0.026389
0 0.647266 0.446528 0.016406 0.026389
0 0.576563 0.974306 0.015625 0.020833
0 0.205469 0.910417 0.014062 0.023611
0 0.676562 0.807639 0.018750 0.023611
0 0.239063 0.595833 0.009375 0.033333
