0 0.581000 0.292400 0.016000 0.024500
0 0.356100 0.445600 0.015900 0.021900
0 0.541200 0.140900 0.014900 0.019400
0 0.591100 0.768700 0.017600 0.020500
0 0.092200 0.105400 0.016500 0.024500
0 0.945900 0.579100 0.017300 0.023100
0 0.272100 0.492200 0.015400 0.023600
0 0.441400 0.593300 0.015500 0.023200
0 0.893900 0.220500 0.016200 0.023200
0 0.546100 0.722200 0.015900 0.024300
0 0.266600 0.218000 0.016700 0.023000
0 0.331100 0.257400 0.016500 0.023600
0 0.382400 0.795300 0.017200 0.024600
0 0.115800 0.778000 0.017900 0.018400
0 0.496500 0.691300 0.016400 0.022200
0 0.606400 0.707200 0.015200 0.023600
0 0.758100 0.794600 0.014400 0.025700
0 0.629300 0.605100 0.015200 0.022700
0 0.580200 0.121800 0.014200 0.024900
0 0.664200 0.140000 0.018000 0.021400
0 0.334200 0.693000 0.014500 0.020700
0 0.431300 0.032400 0.014800 0.022700
0 0.308100 0.493700 0.017200 0.021900
0 0.580700 0.606500 0.017100 0.024200
0 0.119500 0.530200 0.016500 0.020600
0 0.540200 0.290300 0.015200 0.025900
0 0.079300 0.904400 0.019500 0.020000
0 0.102900 0.134200 0.016800 0.024200
0 0.033200 0.670300 0.018300 0.022600
0 0.427400 0.067800 0.013100 0.023100
0 0.284200 0.055900 0.014100 0.027400
0 0.627700 0.647400 0.016600 0.023300
0 0.609400 0.771400 0.018800 0.020700
0 0.409500 0.359100 0.014100 0.024200
0 0.494000 0.715700 0.016900 0.023900
0 0.210700 0.258500 0.013500 0.024400
0 0.205200 0.966800 0.016500 0.019300
0 0.792900 0.206400 0.014600 0.028000
0 0.430200 0.678900 0.014200 0.025100
0 0.895600 0.197200 0.015900 0.021200
0 0.652400 0.383100 0.017800 0.024700
0 0.145500 0.272000 0.011600 0.026400
0 0.284300 0.971800 0.017300 0.024700
0 0.576600 0.457200 0.016200 0.021100
0 0.407400 0.110100 0.013100 0.024900
0 0.407400 0.577900 0.015800 0.021600
0 0.073600 0.533300 0.013500 0.028500
0 0.771200 0.227900 0.018200 0.024100
0 0.901900 0.745800 0.016400 0.025000
0 0.477000 0.408400 0.015400 0.022000
0 0.215500 0.104900 0.013700 0.024300
0 0.832600 0.810500 0.017200 0.023000
0 0.020100 0.467100 0.016500 0.027800
0 0.179300 0.605600 0.013500 0.030000
0 0.494900 0.243300 0.017300 0.024700
0 0.356000 0.785900 0.017300 0.023500
0 0.489400 0.855400 0.015300 0.028300
0 0.146000 0.747100 0.015300 0.024800
0 0.205200 0.359500 0.013000 0.031300
0 0.244000 0.702600 0.014400 0.024900
0 0.284100 0.920600 0.014700 0.027000
0 0.788800 0.830100 0.017100 0.022400
0 0.408500 0.234300 0.015000 0.023300
0 0.754800 0.331600 0.014200 0.026800
0 0.504000 0.464100 0.018100 0.018900
0 0.042900 0.267100 0.015300 0.025800
0 0.646300 0.510900 0.017600 0.021700
0 0.504400 0.853500 0.015300 0.027600
0 0.222900 0.115300 0.013500 0.025000
0 0.896300 0.970300 0.016400 0.021700
0 0.565600 0.046000 0.013100 0.023700
0 0.917300 0.894400 0.017400 0.023500
0 0.789800 0.046600 0.014700 0.022500
0 0.360900 0.552200 0.015700 0.021400
0 0.016600 0.855000 0.018000 0.027000
0 0.073300 0.822400 0.018700 0.017700
0 0.220400 0.038900 0.015900 0.024000
0 0.863800 0.065700 0.014800 0.024700
0 0.273500 0.827100 0.014200 0.025800
0 0.352300 0.297200 0.015200 0.021500
0 0.768600 0.294800 0.017800 0.021800
0 0.482400 0.577800 0.014500 0.028900
0 0.346200 0.222400 0.012600 0.028800
0 0.427900 0.157400 0.016800 0.020700
0 0.707200 0.614100 0.016600 0.024700
0 0.342500 0.672900 0.015800 0.023900
0 0.903000 0.041700 0.016600 0.022000
0 0.789500 0.390800 0.019100 0.023500
0 0.610400 0.655200 0.013900 0.027400
0 0.082200 0.876800 0.016600 0.021500
0 0.215300 0.863900 0.015000 0.024100
0 0.897700 0.617600 0.010300 0.024800
0 0.676200 0.504700 0.017600 0.022500
0 0.345400 0.972600 0.016400 0.024200
0 0.902900 0.848700 0.018500 0.023600
0 0.571000 0.070900 0.010500 0.028200
0 0.171900 0.866500 0.013000 0.030600
0 0.453400 0.689600 0.017300 0.022500
0 0.111300 0.904300 0.018300 0.021700
0 0.158000 0.976500 0.017900 0.022200
0 0.759700 0.615900 0.012900 0.031400
0 0.954800 0.445100 0.015400 0.022100
0 0.633500 0.464800 0.020100 0.019000
0 0.723000 0.479300 0.018500 0.025300
0 0.077100 0.768100 0.016900 0.019200
0 0.633100 0.239200 0.015500 0.024700
0 0.010900 0.381900 0.015900 0.027900
0 0.234800 0.327500 0.014500 0.027300
0 0.979200 0.605200 0.017500 0.025900
0 0.640000 0.470800 0.017800 0.021200
0 0.835200 0.910200 0.014900 0.025600
0 0.747300 0.454100 0.016100 0.023800
0 0.391700 0.459200 0.012800 0.032200
0 0.217400 0.145600 0.011500 0.032200
0 0.686500 0.156600 0.019000 0.021000
0 0.010200 0.639700 0.018600 0.024600
0 0.501100 0.021200 0.013000 0.025100
0 0.845500 0.709100 0.013900 0.031400
0 0.198600 0.329700 0.013400 0.028300
0 0.826100 0.319600 0.015500 0.022500
0 0.451000 0.172600 0.016100 0.021800
0 0.006500 0.289300 0.012100 0.024200
0 0.227200 0.823100 0.016900 0.022400
0 0.083900 0.308000 0.011600 0.035900
0 0.052800 0.501900 0.015300 0.027000
0 0.398900 0.831200 0.014700 0.031100
0 0.288500 0.472500 0.013900 0.027300
0 0.126300 0.215300 0.014100 0.020600
0 0.899000 0.596400 0.014400 0.020300
0 0.053125 0.059028 0.012500 0.034722
0 0.015234 0.424306 0.011719 0.031944
0 0.148828 0.538194 0.011719 0.034722
0 0.178516 0.334028 0.013281 0.034722
0 0.279297 0.374306 0.016406 0.029167
0 0.164062 0.586806 0.014062 0.029167
0 0.038281 0.734722 0.017188 0.027778
0 0.013281 0.797917 0.017188 0.026389
0 0.042969 0.578472 0.012500 0.040278
0 0.283203 0.585417 0.011719 0.037500
0 0.233203 0.911806 0.013281 0.034722
0 0.543359 0.787500 0.016406 0.027778
0 0.534766 0.804167 0.014844 0.027778
0 0.801562 0.703472 0.012500 0.031944
0 0.861719 0.686806 0.014062 0.034722
0 0.943750 0.752778 0.012500 0.038889
0 0.750000 0.818750 0.012500 0.020833
0 0.727734 0.826389 0.016406 0.027778
0 0.620703 0.824306 0.016406 0.026389
0 0.968750 0.486806 0.014062 0.031944
0 0.824219 0.409722 0.017188 0.033333
0 0.852734 0.287500 0.016406 0.027778
0 0.799609 0.260417 0.017969 0.023611
0 0.698438 0.313194 0.018750 0.029167
0 0.700391 0.272917 0.016406 0.029167
0 0.714063 0.039583 0.012500 0.034722
0 0.533984 0.401389 0.016406 0.038889
0 0.490234 0.398611 0.016406 0.036111
0 0.475391 0.488194 0.017969 0.034722
0 0.486719 0.187500 0.020312 0.030556
0 0.540625 0.288889 0.010937 0.036111
0 0.237891 0.563194 0.011719 0.034722
0 0.226953 0.552083 0.011719 0.029167
0 0.308984 0.739583 0.016406 0.029167
0 0.416797 0.943056 0.016406 0.027778
0 0.142969 0.984028 0.018750 0.023611
0 0.857422 0.013194 0.016406 0.020833
0 0.704687 0.493056 0.017188 0.025000
0 0.632812 0.484722 0.015625 0.022222
0 0.870703 0.522222 0.014844 0.027778
0 0.261719 0.011111 0.014062 0.022222
0 0.239063 0.595833 0.009375 0.025000
0 0.746875 0.438194 0.010937 0.029167
