0 0.753100 0.055300 0.016500 0.023400
0 0.059000 0.528300 0.020100 0.021000
0 0.671600 0.893100 0.016900 0.022900
0 0.657400 0.633100 0.016700 0.022300
0 0.682100 0.266500 0.015900 0.021600
0 0.541800 0.091000 0.015600 0.023100
0 0.245000 0.809700 0.017600 0.019400
0 0.477100 0.733300 0.015000 0.024600
0 0.309100 0.644000 0.015700 0.024200
0 0.367000 0.219200 0.013900 0.022800
0 0.858500 0.319700 0.017200 0.021700
0 0.846300 0.730700 0.017300 0.024000
0 0.468000 0.292900 0.014500 0.024500
0 0.294000 0.753300 0.016700 0.021500
0 0.418900 0.853600 0.016700 0.023500
0 0.666500 0.457300 0.019200 0.022200
0 0.545800 0.453200 0.018300 0.018400
0 0.708100 0.497300 0.018800 0.020400
0 0.010100 0.445900 0.016600 0.024900
0 0.342100 0.420100 0.014200 0.024900
0 0.340100 0.379200 0.016300 0.023200
0 0.641500 0.134500 0.016400 0.022500
0 0.256700 0.969200 0.016200 0.023400
0 0.629600 0.895800 0.017600 0.022700
0 0.859500 0.705500 0.015900 0.024900
0 0.123000 0.530100 0.016200 0.024300
0 0.729100 0.155100 0.018300 0.019500
0 0.684600 0.648000 0.015900 0.021300
0 0.267300 0.391600 0.015700 0.024100
0 0.781000 0.422200 0.014800 0.025400
0 0.281000 0.704200 0.014500 0.027200
0 0.683500 0.196200 0.015000 0.020300
0 0.732900 0.292500 0.016400 0.023800
0 0.506900 0.159500 0.015200 0.021800
0 0.096500 0.294000 0.015500 0.024200
0 0.395100 0.653600 0.014100 0.026400
0 0.967400 0.191300 0.016600 0.024400
0 0.122300 0.885400 0.016100 0.023900
0 0.006400 0.627900 0.012900 0.017900
0 0.672800 0.131700 0.017400 0.022400
0 0.518100 0.960300 0.017100 0.021100
0 0.693000 0.339800 0.016200 0.024500
0 0.256800 0.347900 0.015300 0.022300
0 0.582900 0.606700 0.017500 0.023100
0 0.503900 0.593100 0.017800 0.022800
0 0.598000 0.266900 0.015700 0.024200
0 0.554900 0.239200 0.017200 0.020600
0 0.752100 0.172300 0.014700 0.024300
0 0.592400 0.927900 0.015000 0.024100
0 0.716100 0.170500 0.014900 0.024000
0 0.585400 0.471400 0.017500 0.022800
0 0.442600 0.841600 0.015800 0.023600
0 0.052400 0.554800 0.015900 0.025600
0 0.756100 0.331400 0.014400 0.026600
0 0.168100 0.677900 0.014800 0.022600
0 0.359000 0.489200 0.017800 0.022800
0 0.597100 0.294000 0.014800 0.030000
0 0.119600 0.153200 0.014400 0.028500
0 0.410700 0.278300 0.014900 0.024600
0 0.440000 0.116100 0.013700 0.026700
0 0.826600 0.403600 0.014800 0.024600
0 0.240800 0.594000 0.014600 0.028000
0 0.448400 0.354600 0.014400 0.024900
0 0.203500 0.816800 0.017300 0.020100
0 0.848100 0.204500 0.015600 0.027200
0 0.014600 0.383800 0.014400 0.029600
0 0.868300 0.028100 0.016100 0.020800
0 0.794700 0.457600 0.014700 0.027300
0 0.319400 0.015700 0.012100 0.024000
0 0.591100 0.392100 0.015200 0.027400
0 0.615000 0.754300 0.014100 0.028500
0 0.479900 0.864600 0.016700 0.024400
0 0.681500 0.915000 0.013700 0.025700
0 0.917700 0.493300 0.013800 0.028700
0 0.201900 0.830200 0.016500 0.019500
0 0.054500 0.432000 0.013400 0.028800
0 0.103100 0.265200 0.016600 0.022000
0 0.460900 0.309900 0.017200 0.022100
0 0.608300 0.709700 0.013600 0.024300
0 0.097000 0.617100 0.018000 0.023700
0 0.172500 0.508200 0.017500 0.024200
0 0.751200 0.032600 0.015300 0.024700
0 0.088900 0.240400 0.013800 0.026500
0 0.140200 0.307500 0.014000 0.029000
0 0.017900 0.752300 0.016800 0.025600
0 0.253400 0.777500 0.018100 0.018400
0 0.872800 0.523400 0.016600 0.021400
0 0.323100 0.477800 0.017500 0.021800
0 0.021500 0.232200 0.015500 0.029200
0 0.544100 0.690300 0.014900 0.025500
0 0.165100 0.538800 0.016700 0.023000
0 0.083000 0.452100 0.014600 0.025400
0 0.039500 0.532900 0.018800 0.021100
0 0.357200 0.668500 0.015200 0.024100
0 0.826200 0.533900 0.015300 0.023000
0 0.543300 0.402800 0.013200 0.029600
0 0.930000 0.116900 0.013400 0.032400
0 0.923800 0.066700 0.017200 0.023900
0 0.191800 0.527300 0.013100 0.028000
0 0.823800 0.881700 0.017400 0.025100
0 0.847700 0.251500 0.018200 0.020500
0 0.223100 0.184900 0.016300 0.021100
0 0.854700 0.284800 0.015100 0.021300
0 0.085900 0.080600 0.014000 0.031100
0 0.397800 0.777200 0.016100 0.028200
0 0.564300 0.834000 0.016100 0.026600
0 0.491500 0.614600 0.013900 0.029000
0 0.257700 0.108800 0.011100 0.034800
0 0.415400 0.548800 0.016100 0.022700
0 0.301200 0.822400 0.012300 0.019400
0 0.896500 0.959800 0.017400 0.026600
0 0.926100 0.442400 0.016800 0.021300
0 0.055300 0.977600 0.016900 0.023200
0 0.019400 0.563900 0.018600 0.020600
0 0.051700 0.746300 0.012700 0.034400
0 0.282400 0.910500 0.015100 0.029200
0 0.239900 0.196200 0.016600 0.021100
0 0.384300 0.414100 0.016700 0.023900
0 0.672100 0.020600 0.017500 0.026200
0 0.647800 0.434400 0.012500 0.031400
0 0.326200 0.278500 0.015300 0.024600
0 0.695500 0.384700 0.012600 0.031900
0 0.953200 0.176600 0.015800 0.023000
0 0.132000 0.898000 0.016600 0.024600
0 0.756500 0.409700 0.011100 0.028700
0 0.926200 0.727500 0.015600 0.023000
0 0.789900 0.397100 0.014400 0.025100
0 0.816900 0.285200 0.012300 0.026400
0 0.600900 0.657400 0.011700 0.028800
0 0.767400 0.407200 0.011000 0.025900
0 0.674100 0.596400 0.016800 0.021700
0 0.828500 0.223600 0.016400 0.023600
0 0.914100 0.054600 0.019600 0.020100
0 0.158700 0.811000 0.015100 0.024000
0 0.816200 0.498100 0.013200 0.025800
0 0.123600 0.490200 0.013400 0.030600
0 0.563600 0.943100 0.016800 0.018900
0 0.225391 0.335417 0.014844 0.037500
0 0.258203 0.513194 0.013281 0.037500
0 0.023828 0.950694 0.017969 0.026389
0 0.230078 0.885417 0.013281 0.040278
0 0.320703 0.591667 0.011719 0.038889
0 0.424609 0.589583 0.016406 0.029167
0 0.459766 0.450000 0.011719 0.036111
0 0.332422 0.214583 0.014844 0.031944
0 0.362109 0.075000 0.017969 0.025000
0 0.170703 0.833333 0.013281 0.038889
0 0.571484 0.802083 0.014844 0.023611
0 0.737500 0.725694 0.017188 0.023611
0 0.619531 0.650694 0.015625 0.034722
0 0.752734 0.625694 0.016406 0.029167
0 0.976562 0.763194 0.012500 0.040278
0 0.987500 0.915972 0.015625 0.026389
0 0.976172 0.931250 0.011719 0.034722
0 0.955469 0.600000 0.017188 0.025000
0 0.989062 0.297917 0.014062 0.026389
0 0.856641 0.014583 0.017969 0.023611
0 0.403516 0.815278 0.011719 0.027778
0 0.408203 0.801389 0.017969 0.025000
0 0.942187 0.859028 0.014062 0.023611
0 0.942578 0.854167 0.010156 0.033333
0 0.949609 0.197917 0.014844 0.020833
0 0.850391 0.682639 0.014844 0.020833
0 0.712500 0.638889 0.014062 0.025000
0 0.725391 0.118056 0.016406 0.030556
0 0.598437 0.064583 0.012500 0.043056
0 0.613672 0.387500 0.019531 0.022222
0 0.616406 0.577083 0.014062 0.031944
0 0.334375 0.661806 0.012500 0.029167
0 0.890234 0.598611 0.013281 0.033333
0 0.454297 0.796528 0.013281 0.029167
0 0.793750 0.812500 0.012500 0.030556
0 0.602344 0.673611 0.012500 0.025000
0 0.746094 0.436806 0.012500 0.031944
