0 0.655100 0.594600 0.014800 0.021100
0 0.756600 0.870700 0.017800 0.022500
0 0.846000 0.605600 0.015900 0.019700
0 0.655000 0.653800 0.015900 0.022600
0 0.390100 0.554200 0.016800 0.022200
0 0.733300 0.619400 0.016500 0.021200
0 0.605700 0.304900 0.015300 0.024300
0 0.029400 0.254300 0.016400 0.024300
0 0.460000 0.842200 0.016000 0.027200
0 0.957100 0.330100 0.016400 0.020000
0 0.235300 0.817000 0.014900 0.021600
0 0.078500 0.579700 0.016500 0.018900
0 0.446900 0.905200 0.015200 0.025500
0 0.315800 0.380500 0.016000 0.023900
0 0.896700 0.071100 0.014100 0.022800
0 0.872200 0.777900 0.017500 0.024200
0 0.381300 0.966200 0.018400 0.021700
0 0.519200 0.295400 0.015700 0.022700
0 0.692500 0.571300 0.015100 0.017400
0 0.927300 0.853200 0.017900 0.022100
0 0.793900 0.071200 0.016100 0.023900
0 0.806300 0.897600 0.016500 0.022800
0 0.085800 0.606700 0.015100 0.025100
0 0.703400 0.754800 0.014300 0.027400
0 0.581500 0.606800 0.016300 0.023700
0 0.008700 0.065900 0.017400 0.024500
0 0.257500 0.404000 0.016800 0.023400
0 0.017500 0.523000 0.020000 0.023100
0 0.518200 0.690300 0.015600 0.024300
0 0.477200 0.165300 0.015600 0.021900
0 0.858800 0.233200 0.013600 0.026800
0 0.065200 0.520400 0.017200 0.021800
0 0.540300 0.935300 0.019800 0.022500
0 0.928700 0.569700 0.015200 0.024700
0 0.027100 0.852900 0.019100 0.023300
0 0.577300 0.669300 0.013400 0.023900
0 0.603300 0.105400 0.013100 0.022900
0 0.841100 0.321300 0.014700 0.024700
0 0.817600 0.077200 0.015000 0.024200
0 0.516000 0.665700 0.017800 0.020100
0 0.447100 0.434100 0.016800 0.023800
0 0.580600 0.241500 0.015700 0.022300
0 0.570700 0.017400 0.017000 0.022300
0 0.154500 0.218700 0.014900 0.027100
0 0.508700 0.878500 0.019400 0.025100
0 0.579600 0.458300 0.015100 0.023000
0 0.569100 0.540000 0.016800 0.021500
0 0.768600 0.820400 0.013800 0.020500
0 0.942600 0.278300 0.014700 0.025400
0 0.160600 0.320400 0.014000 0.028100
0 0.592400 0.431700 0.013800 0.029400
0 0.431700 0.355300 0.013500 0.025800
0 0.754900 0.332100 0.013900 0.027300
0 0.531000 0.453200 0.020000 0.019400
0 0.678100 0.441300 0.016700 0.022800
0 0.961100 0.484600 0.017500 0.023200
0 0.696600 0.556200 0.015000 0.018100
0 0.604400 0.641500 0.014400 0.022200
0 0.426600 0.331300 0.015300 0.026100
0 0.819300 0.205300 0.014300 0.028100
0 0.978600 0.493600 0.017600 0.021600
0 0.528100 0.251600 0.016400 0.021700
0 0.065400 0.770600 0.015700 0.026500
0 0.604400 0.566400 0.013400 0.027700
0 0.389700 0.197500 0.016300 0.023600
0 0.502300 0.610300 0.018200 0.021800
0 0.231300 0.545900 0.014600 0.023000
0 0.376500 0.568600 0.014500 0.022800
0 0.071000 0.071700 0.012600 0.029400
0 0.768700 0.452500 0.014300 0.025500
0 0.655200 0.419700 0.016200 0.023800
0 0.195400 0.727400 0.014000 0.026700
0 0.907100 0.065100 0.011900 0.025700
0 0.573200 0.441300 0.017300 0.020400
0 0.798200 0.227400 0.017100 0.023000
0 0.016000 0.935700 0.018300 0.023100
0 0.906100 0.848400 0.017800 0.022400
0 0.069400 0.972500 0.017100 0.022200
0 0.810300 0.452400 0.014900 0.020900
0 0.606800 0.268200 0.015000 0.025100
0 0.338800 0.495500 0.018100 0.023200
0 0.973600 0.584600 0.016700 0.021400
0 0.234000 0.502500 0.014700 0.025900
0 0.743900 0.953900 0.012200 0.027600
0 0.714000 0.307000 0.018800 0.020900
0 0.382600 0.801300 0.018100 0.023200
0 0.178600 0.573300 0.015500 0.022000
0 0.856400 0.014700 0.013000 0.024200
0 0.876100 0.804300 0.013900 0.029300
0 0.609700 0.022300 0.013800 0.029100
0 0.092500 0.881200 0.010700 0.034500
0 0.473800 0.596300 0.018600 0.021500
0 0.206200 0.883100 0.010700 0.031700
0 0.303700 0.976800 0.017100 0.022300
0 0.185700 0.085800 0.017600 0.022400
0 0.086100 0.653800 0.013100 0.031700
0 0.428300 0.457900 0.013100 0.029400
0 0.613200 0.656400 0.013900 0.023900
0 0.289200 0.655400 0.017100 0.022800
0 0.176700 0.841800 0.014900 0.024200
0 0.773900 0.430400 0.013300 0.022700
0 0.553800 0.444300 0.015700 0.023700
0 0.148700 0.532400 0.018900 0.020600
0 0.415600 0.496800 0.015200 0.025500
0 0.927800 0.603400 0.012900 0.025000
0 0.148500 0.489400 0.014000 0.028300
0 0.820900 0.251200 0.018500 0.022000
0 0.648800 0.453800 0.017700 0.021200
0 0.418200 0.594100 0.011600 0.035700
0 0.620900 0.930000 0.013500 0.032500
0 0.976700 0.458300 0.016500 0.025000
0 0.031700 0.433300 0.012300 0.033200
0 0.129500 0.814100 0.015900 0.023800
0 0.005900 0.602000 0.010600 0.026700
0 0.653300 0.046600 0.015200 0.021600
0 0.302900 0.414000 0.017100 0.022100
0 0.240000 0.594900 0.012300 0.032100
0 0.166000 0.595900 0.015100 0.025300
0 0.305400 0.584900 0.013300 0.032300
0 0.698600 0.631100 0.015800 0.021000
0 0.066900 0.251600 0.014100 0.027800
0 0.511500 0.406800 0.013600 0.028200
0 0.983500 0.064000 0.016500 0.022400
0 0.361300 0.978100 0.017400 0.021400
0 0.701600 0.296000 0.016800 0.021600
0 0.592000 0.240700 0.014400 0.021600
0 0.210700 0.807700 0.016000 0.022300
0 0.444300 0.947000 0.015200 0.022300
0 0.747600 0.439600 0.012500 0.027000
0 0.833400 0.676100 0.017600 0.025500
0 0.186700 0.921200 0.014200 0.024900
0 0.366600 0.222500 0.014500 0.025100
0 0.805800 0.526600 0.014700 0.025700
0 0.438300 0.844900 0.013900 0.029200
0 0.006800 0.461300 0.014200 0.026100
0 0.134800 0.094500 0.011800 0.034300
0 0.214300 0.435900 0.015400 0.025800
0 0.560500 0.471800 0.015300 0.022400
0 0.196100 0.177600 0.013700 0.032600
0 0.570000 0.296700 0.011500 0.032600
0 0.441100 0.135100 0.012900 0.018600
0 0.104687 0.316667 0.014062 0.033333
0 0.193750 0.333333 0.012500 0.038889
0 0.225000 0.349306 0.017188 0.026389
0 0.112109 0.968056 0.017969 0.022222
0 0.265234 0.912500 0.013281 0.027778
0 0.259766 0.913194 0.016406 0.020833
0 0.825000 0.402083 0.014062 0.029167
0 0.975000 0.721528 0.018750 0.023611
0 0.956250 0.752083 0.012500 0.037500
0 0.796875 0.923611 0.017188 0.027778
0 0.638672 0.231250 0.013281 0.031944
0 0.643359 0.222917 0.016406 0.026389
0 0.587891 0.062500 0.013281 0.038889
0 0.563281 0.393056 0.014062 0.036111
0 0.700000 0.475694 0.018750 0.026389
0 0.627344 0.563889 0.014062 0.025000
0 0.636719 0.553472 0.014062 0.020833
0 0.480859 0.647917 0.013281 0.031944
0 0.296094 0.013194 0.015625 0.020833
0 0.011328 0.177083 0.011719 0.037500
0 0.016797 0.179167 0.016406 0.022222
0 0.676172 0.145139 0.019531 0.031944
0 0.867578 0.564583 0.016406 0.023611
0 0.105859 0.493056 0.014844 0.019444
0 0.099609 0.513194 0.016406 0.023611
0 0.088281 0.495833 0.014062 0.033333
0 0.419531 0.117361 0.012500 0.023611
0 0.604688 0.154167 0.014062 0.019444
0 0.596094 0.142361 0.017188 0.020833
0 0.767969 0.409028 0.012500 0.029167
