0 0.367200 0.218600 0.013500 0.023100
0 0.245900 0.668400 0.017800 0.023000
0 0.932800 0.856000 0.019100 0.022100
0 0.655900 0.453700 0.018200 0.021100
0 0.635700 0.333900 0.016100 0.021400
0 0.705500 0.879700 0.016500 0.024900
0 0.609700 0.381900 0.016700 0.023300
0 0.020600 0.947500 0.017300 0.019900
0 0.239700 0.816600 0.015200 0.019300
0 0.159500 0.542100 0.018900 0.020300
0 0.606300 0.121600 0.013500 0.023200
0 0.484500 0.210100 0.016800 0.021300
0 0.432500 0.621100 0.016300 0.023700
0 0.583300 0.606900 0.019000 0.021100
0 0.630600 0.144400 0.013600 0.023900
0 0.952300 0.805900 0.019300 0.024100
0 0.434700 0.119800 0.014500 0.024900
0 0.071800 0.560100 0.019800 0.021100
0 0.534500 0.453300 0.018500 0.018900
0 0.582700 0.472500 0.015900 0.023900
0 0.344600 0.496300 0.017500 0.023500
0 0.743700 0.621900 0.017300 0.024000
0 0.482100 0.589900 0.017200 0.022200
0 0.543300 0.240500 0.017800 0.021600
0 0.802000 0.794800 0.017200 0.024800
0 0.302200 0.020000 0.012900 0.024100
0 0.331000 0.378300 0.016800 0.022500
0 0.322300 0.547900 0.014200 0.024000
0 0.717600 0.081100 0.013800 0.027500
0 0.116700 0.519300 0.017000 0.022900
0 0.889400 0.343100 0.017300 0.024500
0 0.439300 0.357500 0.013400 0.024900
0 0.129700 0.860400 0.017400 0.024600
0 0.794200 0.455100 0.013400 0.021900
0 0.244100 0.348300 0.015000 0.022700
0 0.754800 0.331900 0.014200 0.027400
0 0.952500 0.131000 0.016700 0.025700
0 0.909100 0.695500 0.015200 0.025800
0 0.059400 0.841300 0.018100 0.021800
0 0.178000 0.595600 0.015400 0.024100
0 0.404000 0.544600 0.015600 0.022100
0 0.196000 0.815300 0.016100 0.022000
0 0.617600 0.653600 0.014100 0.025900
0 0.581700 0.390600 0.013700 0.026900
0 0.126700 0.927900 0.015800 0.027600
0 0.256300 0.259800 0.014000 0.020800
0 0.544100 0.741200 0.017700 0.021600
0 0.202500 0.160700 0.018600 0.020200
0 0.919300 0.510200 0.016400 0.025500
0 0.397500 0.881300 0.016400 0.024500
0 0.130900 0.491400 0.016400 0.022600
0 0.851700 0.319900 0.017100 0.022500
0 0.948500 0.280300 0.014900 0.021600
0 0.027700 0.284700 0.015300 0.023400
0 0.532600 0.684900 0.015000 0.025600
0 0.019600 0.296900 0.015400 0.023400
0 0.106100 0.208400 0.014200 0.030300
0 0.027500 0.531200 0.019000 0.021000
0 0.626400 0.615600 0.015600 0.022700
0 0.835600 0.203000 0.015600 0.026100
0 0.485900 0.960400 0.018700 0.019100
0 0.029700 0.495400 0.018500 0.022000
0 0.239900 0.596000 0.012900 0.026500
0 0.789200 0.393800 0.015500 0.022900
0 0.763800 0.133500 0.017800 0.022500
0 0.651000 0.346600 0.015500 0.023800
0 0.432900 0.704800 0.011900 0.029600
0 0.405000 0.558500 0.014000 0.025600
0 0.135200 0.577500 0.016800 0.025800
0 0.654300 0.698300 0.015700 0.023500
0 0.078400 0.069400 0.013700 0.029900
0 0.815100 0.222400 0.016300 0.024800
0 0.109600 0.503600 0.015800 0.024600
0 0.079600 0.243600 0.012900 0.031300
0 0.911200 0.066600 0.016700 0.024700
0 0.277300 0.517300 0.012600 0.027300
0 0.605600 0.614200 0.017800 0.021400
0 0.527500 0.059500 0.014000 0.024600
0 0.784100 0.035500 0.014200 0.029400
0 0.734000 0.189400 0.018400 0.023700
0 0.857900 0.014600 0.015100 0.023600
0 0.826700 0.402200 0.014500 0.026900
0 0.311100 0.444600 0.016600 0.023200
0 0.492900 0.163700 0.015900 0.022200
0 0.959400 0.043500 0.013400 0.025400
0 0.376600 0.247000 0.015200 0.023800
0 0.972800 0.481300 0.016300 0.028200
0 0.669600 0.473500 0.017900 0.020800
0 0.821900 0.590100 0.016900 0.022500
0 0.610800 0.769300 0.013500 0.030800
0 0.666700 0.735300 0.014600 0.027700
0 0.044700 0.429800 0.012900 0.031600
0 0.582000 0.292600 0.013600 0.031800
0 0.614700 0.026600 0.016100 0.021600
0 0.396000 0.798600 0.017900 0.023700
0 0.667200 0.208900 0.012100 0.032600
0 0.294500 0.342300 0.017200 0.019200
0 0.233400 0.685900 0.017200 0.023700
0 0.624200 0.505400 0.012400 0.028500
0 0.910100 0.527700 0.014400 0.023000
0 0.551000 0.603500 0.017300 0.022900
0 0.757100 0.494000 0.014700 0.023300
0 0.005000 0.829200 0.010500 0.032600
0 0.235700 0.772300 0.017800 0.018600
0 0.529400 0.402200 0.012800 0.029900
0 0.944200 0.835100 0.016100 0.027000
0 0.397700 0.360100 0.012800 0.025200
0 0.098200 0.920000 0.014500 0.031600
0 0.786400 0.434100 0.012600 0.024500
0 0.454800 0.795200 0.015000 0.027900
0 0.126100 0.471900 0.017700 0.024100
0 0.621500 0.814500 0.015400 0.025800
0 0.210800 0.596300 0.018900 0.023000
0 0.691000 0.253600 0.010800 0.032100
0 0.269300 0.259800 0.015400 0.021800
0 0.006100 0.323500 0.012300 0.025800
0 0.907300 0.964800 0.020500 0.020300
0 0.104300 0.873500 0.017200 0.024900
0 0.184200 0.585200 0.014500 0.023600
0 0.664400 0.164600 0.014500 0.024500
0 0.330400 0.984700 0.014700 0.024500
0 0.018500 0.977500 0.017500 0.022500
0 0.063900 0.615100 0.017800 0.023200
0 0.908600 0.545600 0.014900 0.020000
0 0.380000 0.858400 0.014600 0.026700
0 0.714500 0.390600 0.011600 0.035400
0 0.925900 0.808900 0.017500 0.023200
0 0.086600 0.297000 0.014600 0.026300
0 0.264900 0.245600 0.015700 0.020200
0 0.935900 0.609100 0.014000 0.018600
0 0.417600 0.240300 0.011600 0.032300
0 0.817700 0.710100 0.012700 0.047000
0 0.314400 0.010900 0.011900 0.018600
0 0.733900 0.072000 0.012000 0.032900
0 0.213672 0.334722 0.013281 0.033333
0 0.287109 0.488194 0.014844 0.026389
0 0.267969 0.513889 0.010937 0.025000
0 0.299219 0.613889 0.012500 0.027778
0 0.314453 0.590972 0.010156 0.029167
0 0.175781 0.775000 0.017188 0.030556
0 0.218359 0.882639 0.013281 0.034722
0 0.273828 0.911111 0.016406 0.033333
0 0.453125 0.856250 0.012500 0.037500
0 0.091797 0.961806 0.016406 0.023611
0 0.510156 0.962500 0.017188 0.025000
0 0.674609 0.651389 0.019531 0.022222
0 0.676172 0.554861 0.016406 0.029167
0 0.701172 0.488194 0.017969 0.026389
0 0.968359 0.756250 0.013281 0.040278
0 0.988672 0.574306 0.016406 0.026389
0 0.472656 0.564583 0.017188 0.026389
0 0.446484 0.451389 0.013281 0.033333
0 0.619141 0.351389 0.013281 0.033333
0 0.724609 0.302778 0.019531 0.027778
0 0.837891 0.248611 0.021094 0.025000
0 0.981641 0.227778 0.019531 0.027778
0 0.594531 0.061111 0.012500 0.038889
0 0.803906 0.324306 0.014062 0.031944
0 0.830078 0.981944 0.019531 0.025000
0 0.687500 0.101389 0.010937 0.041667
0 0.510938 0.879861 0.014062 0.023611
0 0.642187 0.805556 0.014062 0.025000
0 0.971875 0.081250 0.014062 0.023611
0 0.733984 0.454861 0.014844 0.020833
0 0.105469 0.527778 0.014062 0.019444
0 0.727734 0.898611 0.013281 0.030556
0 0.783984 0.815972 0.013281 0.026389
0 0.748438 0.438194 0.010937 0.029167
