0 0.323800 0.927700 0.015900 0.023700
0 0.431000 0.917600 0.013500 0.027200
0 0.147600 0.919000 0.016300 0.024100
0 0.504700 0.915500 0.013900 0.025800
0 0.409100 0.945700 0.013300 0.028700
0 0.552000 0.760400 0.013000 0.028500
0 0.079000 0.806800 0.012900 0.029500
0 0.068700 0.488700 0.015800 0.022700
0 0.416400 0.893600 0.011500 0.032600
0 0.557800 0.645300 0.016500 0.024900
0 0.227400 0.919000 0.016300 0.025000
0 0.033600 0.944800 0.014300 0.031000
0 0.295900 0.942200 0.014900 0.027400
0 0.348100 0.435700 0.017000 0.021600
0 0.581900 0.754100 0.011300 0.027400
0 0.701900 0.840700 0.016600 0.020100
0 0.066600 0.522600 0.015200 0.024000
0 0.480400 0.756200 0.013200 0.031200
0 0.314900 0.955600 0.018500 0.019100
0 0.547100 0.556100 0.016400 0.019900
0 0.305300 0.902300 0.013800 0.025600
0 0.419200 0.230000 0.014600 0.026400
0 0.342700 0.860600 0.012900 0.028100
0 0.218400 0.235400 0.014600 0.027900
0 0.755200 0.806200 0.017700 0.021400
0 0.422700 0.768700 0.014700 0.024600
0 0.290500 0.854200 0.016500 0.024600
0 0.258600 0.933200 0.013600 0.021300
0 0.242500 0.339700 0.016500 0.023100
0 0.778600 0.367400 0.015300 0.024800
0 0.397000 0.815500 0.015300 0.022900
0 0.891800 0.909300 0.019500 0.020200
0 0.096400 0.894600 0.017500 0.023400
0 0.342000 0.671400 0.013900 0.028900
0 0.319700 0.492700 0.016700 0.022200
0 0.639300 0.659200 0.011400 0.028200
0 0.015300 0.547800 0.014400 0.029600
0 0.472600 0.868800 0.014500 0.023100
0 0.713600 0.281100 0.011500 0.029200
0 0.863300 0.885600 0.012900 0.027400
0 0.966500 0.780600 0.013400 0.032600
0 0.085400 0.509700 0.016400 0.021500
0 0.603400 0.960200 0.016200 0.023400
0 0.933500 0.616200 0.016600 0.023000
0 0.699600 0.259200 0.011800 0.031100
0 0.576900 0.806800 0.012200 0.029400
0 0.229300 0.596700 0.015000 0.024100
0 0.359000 0.707100 0.013700 0.024100
0 0.562900 0.790700 0.012100 0.029400
0 0.407800 0.139600 0.014200 0.025800
0 0.256700 0.956800 0.015200 0.021600
0 0.022600 0.890200 0.016600 0.023000
0 0.557400 0.281600 0.013100 0.030500
0 0.303100 0.714200 0.016000 0.024100
0 0.054900 0.606100 0.013300 0.026900
0 0.218700 0.719400 0.016800 0.022000
0 0.271200 0.203600 0.016700 0.021600
0 0.114700 0.874000 0.016700 0.024200
0 0.644900 0.564900 0.015500 0.025800
0 0.538700 0.602400 0.014800 0.024000
0 0.334600 0.765900 0.015900 0.024700
0 0.530400 0.564700 0.015600 0.021500
0 0.346100 0.710900 0.013200 0.028800
0 0.084300 0.941500 0.015600 0.026200
0 0.246800 0.967900 0.018000 0.020200
0 0.931800 0.045000 0.014100 0.028600
0 0.103200 0.809500 0.015000 0.024500
0 0.581200 0.839900 0.015000 0.025800
0 0.871800 0.827100 0.016100 0.021200
0 0.704900 0.770600 0.017600 0.024200
0 0.257700 0.115100 0.015300 0.024400
0 0.926700 0.655900 0.013900 0.028400
0 0.183200 0.367200 0.015500 0.024000
0 0.421200 0.835000 0.012500 0.034100
0 0.295300 0.432600 0.018000 0.022500
0 0.619800 0.841800 0.015900 0.024200
0 0.623400 0.978500 0.016500 0.023800
0 0.282600 0.443300 0.016900 0.022400
0 0.542900 0.865100 0.015500 0.024300
0 0.288200 0.805400 0.017300 0.023500
0 0.510700 0.866300 0.015000 0.023500
0 0.581400 0.965100 0.015400 0.024000
0 0.076300 0.740400 0.012200 0.030500
0 0.258500 0.370400 0.017100 0.020700
0 0.007300 0.582100 0.014500 0.023200
0 0.564300 0.555200 0.015700 0.022200
0 0.748100 0.370700 0.016400 0.024700
0 0.577500 0.654300 0.016500 0.024200
0 0.801300 0.328400 0.013800 0.031600
0 0.769000 0.093900 0.014200 0.024200
0 0.353300 0.857600 0.013900 0.025600
0 0.746700 0.354500 0.016300 0.020900
0 0.222100 0.122300 0.014700 0.025700
0 0.598800 0.602800 0.010600 0.041300
0 0.826500 0.897200 0.016100 0.023400
0 0.377400 0.735600 0.014100 0.025000
0 0.187000 0.909300 0.014800 0.024300
0 0.171800 0.715800 0.015100 0.026300
0 0.878900 0.858200 0.014000 0.021800
0 0.126300 0.202400 0.010600 0.038000
0 0.277400 0.888600 0.015800 0.023600
0 0.044300 0.436100 0.016500 0.021600
0 0.371900 0.904100 0.013600 0.024800
0 0.566000 0.233300 0.013300 0.032700
0 0.540600 0.403400 0.015400 0.022900
0 0.623700 0.064800 0.015100 0.023900
0 0.929900 0.143000 0.017800 0.023500
0 0.008300 0.870300 0.015000 0.031200
0 0.180000 0.449200 0.017300 0.022000
0 0.007800 0.184900 0.015000 0.023400
0 0.516500 0.530000 0.016400 0.020700
0 0.114100 0.803800 0.015300 0.023100
0 0.452100 0.866200 0.013100 0.028200
0 0.069000 0.873400 0.016200 0.025500
0 0.091800 0.201200 0.014900 0.024300
0 0.569400 0.378400 0.014800 0.025800
0 0.555000 0.695800 0.014400 0.027700
0 0.079600 0.664500 0.012500 0.030500
0 0.163600 0.358300 0.015600 0.023600
0 0.102400 0.392800 0.017100 0.021500
0 0.165200 0.829800 0.015800 0.025700
0 0.670100 0.473400 0.015500 0.025000
0 0.553000 0.516300 0.013600 0.023500
0 0.565200 0.413800 0.014500 0.023400
0 0.621200 0.695400 0.015600 0.020900
0 0.934100 0.957200 0.018300 0.021800
0 0.622600 0.294800 0.014900 0.024000
0 0.464900 0.293700 0.010700 0.034200
0 0.167500 0.184100 0.015000 0.026600
0 0.307300 0.372200 0.015800 0.022300
0 0.495500 0.302600 0.013200 0.021100
0 0.791200 0.944000 0.016400 0.022300
0 0.244400 0.722300 0.014600 0.027500
0 0.939800 0.480200 0.013900 0.024400
0 0.872400 0.681800 0.015800 0.025500
0 0.966800 0.410700 0.017000 0.021900
0 0.827400 0.374200 0.013400 0.029700
0 0.177500 0.972900 0.018900 0.020900
0 0.681400 0.498300 0.012400 0.033700
0 0.223800 0.703600 0.017300 0.021100
0 0.416900 0.805400 0.016100 0.023000
0 0.494700 0.379900 0.016400 0.023200
0 0.154100 0.721500 0.016600 0.022800
0 0.525500 0.234600 0.011400 0.034200
0 0.784200 0.640500 0.017400 0.020200
0 0.598600 0.729700 0.014400 0.025300
0 0.234000 0.742500 0.017000 0.021700
0 0.006500 0.470600 0.013100 0.022000
0 0.872500 0.028100 0.015100 0.022400
0 0.620400 0.503400 0.014800 0.023200
0 0.038200 0.580100 0.013700 0.025700
0 0.515900 0.634400 0.012200 0.034300
0 0.489300 0.435500 0.015100 0.025800
0 0.805300 0.445100 0.014000 0.023100
0 0.038400 0.847700 0.015900 0.025500
0 0.655400 0.860100 0.013200 0.023000
0 0.084700 0.182200 0.018800 0.020800
0 0.554500 0.880500 0.016300 0.021400
0 0.842500 0.091200 0.017100 0.020900
0 0.785700 0.926500 0.015300 0.023100
0 0.813700 0.505800 0.014000 0.026800
0 0.717400 0.861600 0.015900 0.021700
0 0.692400 0.683900 0.015000 0.023900
0 0.830800 0.942000 0.017700 0.021800
0 0.161400 0.304600 0.016600 0.022100
0 0.197800 0.963500 0.018700 0.019900
0 0.192800 0.628500 0.016900 0.021800
0 0.053500 0.031800 0.016000 0.025100
0 0.153700 0.339100 0.013800 0.028500
0 0.879700 0.653000 0.012500 0.029300
0 0.458600 0.158600 0.016400 0.022700
0 0.276500 0.170300 0.014800 0.026700
0 0.689400 0.118100 0.015300 0.024200
0 0.780300 0.755000 0.018100 0.023200
0 0.532200 0.480300 0.014000 0.027700
0 0.671800 0.281100 0.014500 0.028000
0 0.301400 0.466500 0.018800 0.021100
0 0.585600 0.256700 0.015100 0.026700
0 0.292700 0.209700 0.016800 0.022500
0 0.071700 0.448000 0.013800 0.026400
0 0.588800 0.303900 0.016500 0.022500
0 0.879300 0.432600 0.016100 0.024000
0 0.665800 0.765600 0.015600 0.022500
0 0.703600 0.617300 0.016400 0.022800
0 0.630000 0.496500 0.014100 0.024900
0 0.149100 0.946200 0.014800 0.025900
0 0.734700 0.904000 0.016600 0.023300
0 0.232600 0.082900 0.012500 0.036700
0 0.781300 0.435500 0.015700 0.024600
0 0.397800 0.417800 0.017700 0.019800
0 0.519500 0.886000 0.017400 0.022600
0 0.297300 0.260000 0.010900 0.033900
0 0.553000 0.940500 0.015800 0.020900
0 0.945200 0.647300 0.011700 0.034000
0 0.177500 0.558500 0.014600 0.023000
0 0.681300 0.304200 0.014100 0.025900
0 0.543100 0.935000 0.014600 0.022600
0 0.183300 0.693300 0.013600 0.028400
0 0.086600 0.398300 0.015800 0.021800
0 0.393100 0.142000 0.012600 0.028400
0 0.493800 0.401400 0.017600 0.021200
0 0.247700 0.773200 0.016500 0.023600
0 0.453400 0.507400 0.016800 0.021800
0 0.751200 0.830600 0.016600 0.021400
0 0.416600 0.521400 0.013400 0.025600
0 0.030900 0.253300 0.017300 0.025400
0 0.172100 0.878600 0.014300 0.024400
0 0.651400 0.909500 0.015100 0.022000
0 0.393400 0.383200 0.017300 0.022900
0 0.104400 0.028100 0.014900 0.022900
0 0.401100 0.264600 0.015600 0.022700
0 0.023200 0.910600 0.015800 0.025800
0 0.547200 0.910000 0.018100 0.021700
0 0.652400 0.648500 0.013900 0.024400
0 0.173700 0.164600 0.014000 0.026500
0 0.856200 0.804600 0.013200 0.018400
0 0.922200 0.048900 0.014900 0.023900
0 0.563700 0.680700 0.013600 0.028300
0 0.058200 0.540700 0.014100 0.025800
0 0.986300 0.697300 0.014600 0.024500
0 0.752800 0.860000 0.015100 0.024100
0 0.793000 0.454900 0.014300 0.024900
0 0.271600 0.120300 0.015100 0.024500
0 0.307900 0.597100 0.011600 0.035500
0 0.614700 0.726600 0.015200 0.020900
0 0.375600 0.308700 0.014700 0.025400
0 0.626600 0.554500 0.014200 0.023700
0 0.153700 0.668300 0.015900 0.024200
0 0.776100 0.714300 0.017400 0.024700
0 0.722200 0.447300 0.013000 0.026300
0 0.555400 0.542300 0.016400 0.021500
0 0.372100 0.097000 0.013800 0.029900
0 0.842700 0.408100 0.013700 0.025400
0 0.389900 0.515500 0.016900 0.021400
0 0.569100 0.886500 0.017200 0.021500
0 0.097100 0.428600 0.016000 0.023600
0 0.728100 0.466200 0.015500 0.023600
0 0.341000 0.983800 0.018200 0.026000
0 0.941000 0.253000 0.020600 0.019500
0 0.689500 0.603700 0.016600 0.022000
0 0.008100 0.764300 0.013000 0.026500
0 0.768300 0.608600 0.017100 0.020800
0 0.848400 0.956100 0.017000 0.021100
0 0.549000 0.372800 0.017300 0.021400
0 0.217000 0.397200 0.018100 0.024000
0 0.386400 0.691700 0.012500 0.031400
0 0.865600 0.791800 0.014400 0.022100
0 0.129100 0.435200 0.020000 0.020800
0 0.547900 0.669900 0.015700 0.022800
0 0.645300 0.748200 0.013600 0.027400
0 0.597900 0.485600 0.016300 0.023100
0 0.635900 0.520600 0.013800 0.023400
0 0.909900 0.807000 0.015100 0.023700
0 0.943800 0.376500 0.016400 0.022400
0 0.367800 0.339500 0.014400 0.023600
0 0.045500 0.176500 0.016600 0.021900
0 0.921800 0.493700 0.013500 0.030100
0 0.266000 0.034200 0.015900 0.024300
0 0.522900 0.664200 0.014900 0.025400
0 0.376200 0.632900 0.014500 0.023600
0 0.929300 0.815600 0.013000 0.028800
0 0.935100 0.842200 0.016900 0.024400
0 0.338500 0.532200 0.013500 0.031100
0 0.976800 0.590800 0.017400 0.022800
0 0.377100 0.803000 0.015900 0.021100
0 0.282800 0.056100 0.014000 0.029900
0 0.660200 0.254100 0.014600 0.027100
0 0.903800 0.765000 0.013700 0.028900
0 0.605700 0.538700 0.010700 0.033000
0 0.060200 0.647400 0.015500 0.027700
0 0.695900 0.953900 0.016300 0.022500
0 0.117700 0.664400 0.013800 0.023700
0 0.990100 0.428400 0.012200 0.022800
0 0.703100 0.559400 0.011500 0.031900
0 0.445100 0.389300 0.016200 0.024800
0 0.865200 0.554700 0.016200 0.026600
0 0.433400 0.794200 0.012800 0.031900
0 0.157400 0.980500 0.015700 0.020100
0 0.464000 0.878300 0.014600 0.024900
0 0.969300 0.931000 0.018000 0.022600
0 0.270200 0.519800 0.015500 0.020400
0 0.089200 0.065500 0.015200 0.023100
0 0.318500 0.899400 0.014900 0.024900
0 0.193500 0.136300 0.013200 0.031200
0 0.533200 0.034700 0.018100 0.024700
0 0.131700 0.469700 0.015400 0.021800
0 0.779200 0.605500 0.017100 0.021400
0 0.746700 0.560300 0.014600 0.023100
0 0.866600 0.399300 0.016800 0.024000
0 0.143100 0.014700 0.016000 0.024800
0 0.719900 0.218400 0.013400 0.024100
0 0.746000 0.745600 0.015100 0.029900
0 0.674500 0.368400 0.013900 0.024200
0 0.965000 0.708400 0.018200 0.021900
0 0.342800 0.564700 0.014800 0.026000
0 0.234100 0.721100 0.014800 0.023000
0 0.607300 0.079100 0.016400 0.023400
0 0.290800 0.540500 0.015000 0.024800
0 0.509100 0.370900 0.016800 0.020400
0 0.771500 0.517700 0.013200 0.032000
0 0.823500 0.048900 0.018400 0.022000
0 0.883900 0.285100 0.016800 0.021400
0 0.683900 0.648500 0.012400 0.033600
0 0.194300 0.527000 0.016200 0.022400
0 0.726300 0.493900 0.012400 0.031900
0 0.243000 0.311200 0.012400 0.032200
0 0.826500 0.723300 0.018200 0.021700
0 0.063700 0.428500 0.016400 0.021400
0 0.117800 0.477800 0.014600 0.024000
0 0.754400 0.132300 0.015000 0.022000
0 0.805800 0.704100 0.016800 0.021400
0 0.968700 0.501900 0.015800 0.025900
0 0.264800 0.144300 0.013300 0.025200
0 0.732600 0.966400 0.016400 0.023500
0 0.120800 0.772300 0.014000 0.025000
0 0.358700 0.045100 0.016900 0.025700
0 0.038200 0.704100 0.017400 0.023400
0 0.436500 0.247800 0.011700 0.033000
0 0.166700 0.569600 0.016200 0.023300
0 0.088900 0.336100 0.016100 0.022000
0 0.616300 0.140500 0.014000 0.025000
0 0.656500 0.771200 0.015700 0.022800
0 0.403600 0.620800 0.013000 0.024800
0 0.954400 0.454400 0.013600 0.025800
0 0.504900 0.723900 0.012000 0.029300
0 0.467900 0.106800 0.013800 0.023200
0 0.983100 0.735700 0.016600 0.024500
0 0.367300 0.918800 0.012800 0.025700
0 0.321700 0.364100 0.012600 0.027000
0 0.131600 0.708600 0.014500 0.025000
0 0.369400 0.572800 0.016300 0.022900
0 0.846800 0.066000 0.019000 0.024200
0 0.118300 0.320600 0.012700 0.032800
0 0.789100 0.578400 0.017000 0.022000
0 0.425700 0.895500 0.011600 0.026100
0 0.575600 0.494200 0.011900 0.031600
0 0.868800 0.845800 0.014600 0.020300
0 0.096900 0.295400 0.015700 0.024400
0 0.806200 0.664100 0.015900 0.022600
0 0.980500 0.909100 0.016900 0.026000
0 0.632600 0.605400 0.016100 0.024600
0 0.616400 0.122600 0.017300 0.022700
0 0.231900 0.195100 0.016100 0.025500
0 0.467900 0.096000 0.012300 0.022200
0 0.296100 0.081600 0.016700 0.024200
0 0.147500 0.107700 0.015800 0.024800
0 0.898300 0.295200 0.016300 0.021500
0 0.277100 0.852700 0.015900 0.025700
0 0.252600 0.418100 0.016200 0.025900
0 0.933700 0.272200 0.016500 0.024100
0 0.040900 0.564100 0.015800 0.022200
0 0.482800 0.323700 0.013600 0.024900
0 0.332800 0.017400 0.014000 0.023000
0 0.867400 0.148000 0.017700 0.022900
0 0.195200 0.888700 0.012600 0.028500
0 0.719800 0.038900 0.013000 0.031200
0 0.715200 0.239500 0.013800 0.025300
0 0.006200 0.247800 0.010800 0.032300
0 0.754400 0.627100 0.019200 0.021100
0 0.906500 0.245800 0.017400 0.023800
0 0.751900 0.921400 0.012200 0.033700
0 0.408700 0.074100 0.015900 0.021900
0 0.546300 0.078600 0.013000 0.028100
0 0.070300 0.151500 0.014500 0.022800
0 0.245900 0.571100 0.011200 0.035600
0 0.295800 0.602000 0.010700 0.037400
0 0.861700 0.535000 0.015500 0.024200
0 0.392500 0.446600 0.016800 0.021200
0 0.045300 0.308900 0.013000 0.034300
0 0.900700 0.895500 0.018200 0.020800
0 0.846000 0.160200 0.014400 0.024800
0 0.936400 0.354600 0.015900 0.024900
0 0.426700 0.610400 0.013100 0.029600
0 0.510100 0.851100 0.015700 0.023500
0 0.876200 0.465700 0.014700 0.022900
0 0.315200 0.057900 0.015900 0.026700
0 0.272900 0.452400 0.015400 0.023100
0 0.821800 0.122200 0.016700 0.025200
0 0.830900 0.460400 0.013600 0.030400
0 0.451400 0.573800 0.014100 0.025500
0 0.860300 0.165400 0.015700 0.024700
0 0.613900 0.325800 0.016200 0.022700
0 0.792500 0.982700 0.019900 0.020700
0 0.373600 0.528700 0.014300 0.026700
0 0.706700 0.332600 0.015100 0.025600
0 0.676800 0.238900 0.014100 0.027300
0 0.204900 0.070000 0.010600 0.039300
0 0.873000 0.960900 0.016700 0.022900
0 0.689500 0.985000 0.015700 0.022300
0 0.714800 0.785900 0.018200 0.022000
0 0.925900 0.552300 0.016500 0.022900
0 0.707000 0.888700 0.015700 0.021500
0 0.546500 0.523300 0.015200 0.020800
0 0.064900 0.171600 0.013900 0.026300
0 0.426000 0.583300 0.014700 0.027100
0 0.654100 0.538900 0.014400 0.023900
0 0.199400 0.472000 0.013600 0.028400
0 0.120500 0.249000 0.013600 0.024900
0 0.873600 0.367700 0.012800 0.027300
0 0.726100 0.774000 0.016300 0.021400
0 0.830900 0.297400 0.013200 0.024300
0 0.217000 0.536000 0.016200 0.022900
0 0.991200 0.872700 0.012400 0.025300
0 0.960500 0.969400 0.017000 0.020300
0 0.532800 0.686400 0.012600 0.031200
0 0.861600 0.652900 0.015200 0.024000
0 0.765600 0.466900 0.016500 0.023400
0 0.764100 0.898400 0.014800 0.026500
0 0.398100 0.639200 0.011700 0.032600
0 0.400800 0.433700 0.017600 0.022000
0 0.614600 0.259800 0.013700 0.028400
0 0.524500 0.273800 0.013000 0.026700
0 0.628400 0.529900 0.013700 0.024100
0 0.745000 0.160700 0.015100 0.023700
0 0.963900 0.948300 0.017700 0.024700
0 0.689700 0.368600 0.011500 0.036600
0 0.658100 0.191700 0.016600 0.024300
0 0.385000 0.360600 0.017300 0.023000
0 0.015300 0.061900 0.019500 0.020600
0 0.363000 0.238200 0.016800 0.024700
0 0.317300 0.089100 0.016200 0.024300
0 0.156800 0.238200 0.011600 0.036600
0 0.743200 0.693600 0.014400 0.028300
0 0.668300 0.140200 0.016000 0.024900
0 0.782800 0.164000 0.014100 0.028400
0 0.914600 0.448100 0.014700 0.025000
0 0.405000 0.629400 0.011700 0.027400
0 0.929600 0.224100 0.019300 0.021800
0 0.500900 0.083300 0.011500 0.036000
0 0.375900 0.447800 0.013700 0.024100
0 0.847300 0.236100 0.011600 0.033100
0 0.813800 0.092000 0.017300 0.023400
0 0.720200 0.160600 0.016800 0.024000
0 0.697100 0.931800 0.016200 0.023600
0 0.943300 0.427100 0.014200 0.025800
0 0.829700 0.810300 0.012200 0.032700
0 0.894800 0.373700 0.014600 0.023900
0 0.058800 0.111000 0.015200 0.026200
0 0.345100 0.073200 0.012500 0.033200
0 0.723600 0.178500 0.017200 0.022500
0 0.697900 0.783000 0.016500 0.025000
0 0.156500 0.043800 0.014000 0.028300
0 0.371300 0.366900 0.016100 0.022800
0 0.038800 0.673300 0.018900 0.026400
0 0.436700 0.047400 0.014200 0.027900
0 0.122700 0.689400 0.013000 0.025700
0 0.079900 0.023300 0.013000 0.030500
0 0.661800 0.983500 0.014500 0.026100
0 0.078800 0.313800 0.014100 0.027200
0 0.984800 0.126400 0.015100 0.028200
0 0.680900 0.686500 0.014400 0.024800
0 0.142600 0.436600 0.019400 0.019800
0 0.336300 0.251700 0.013100 0.031000
0 0.304000 0.040200 0.016500 0.027400
0 0.101100 0.273200 0.014400 0.021200
0 0.956300 0.272100 0.013400 0.029400
0 0.107600 0.253400 0.014900 0.021300
0 0.484200 0.366100 0.016000 0.019400
0 0.119600 0.559700 0.013600 0.025600
0 0.900800 0.924100 0.018500 0.019000
0 0.976000 0.526000 0.018400 0.023000
0 0.885400 0.898000 0.015500 0.020500
0 0.620300 0.085600 0.016300 0.023300
0 0.092700 0.536200 0.016400 0.021400
0 0.588300 0.857400 0.016800 0.023800
0 0.148300 0.051000 0.015000 0.024500
0 0.850900 0.106500 0.018100 0.021300
0 0.721900 0.623900 0.017100 0.023100
0 0.513400 0.048400 0.017700 0.023700
0 0.972000 0.348400 0.016300 0.023800
0 0.782900 0.978700 0.019800 0.021100
0 0.134900 0.485200 0.015200 0.023100
0 0.370200 0.023700 0.014400 0.026300
0 0.497600 0.702800 0.013600 0.024400
0 0.719500 0.983500 0.015400 0.021900
0 0.672700 0.127300 0.016700 0.022300
0 0.256700 0.989500 0.014400 0.018900
0 0.750400 0.274400 0.015000 0.025800
0 0.125700 0.622800 0.015000 0.025300
0 0.691800 0.239000 0.012900 0.025800
0 0.957200 0.257200 0.017700 0.020000
0 0.722266 0.093056 0.014844 0.033333
0 0.675781 0.433333 0.017188 0.038889
0 0.901953 0.511806 0.016406 0.037500
0 0.923828 0.709028 0.022656 0.029167
0 0.874609 0.751389 0.013281 0.030556
0 0.500000 0.984028 0.015625 0.020833
0 0.212500 0.811806 0.023438 0.026389
0 0.201953 0.760417 0.014844 0.026389
0 0.188672 0.757639 0.014844 0.023611
0 0.885938 0.376389 0.014062 0.022222
0 0.612500 0.438194 0.010937 0.029167
0 0.618750 0.449306 0.014062 0.029167
