0 0.419700 0.902900 0.014100 0.025700
0 0.030300 0.870900 0.016700 0.024200
0 0.048000 0.496000 0.016400 0.021400
0 0.666300 0.614600 0.016800 0.022600
0 0.159600 0.847700 0.014400 0.026900
0 0.044300 0.627300 0.013900 0.023100
0 0.024600 0.526500 0.011900 0.033200
0 0.691900 0.652700 0.014100 0.024600
0 0.771800 0.684000 0.015500 0.025600
0 0.040100 0.267800 0.018500 0.022800
0 0.898900 0.867200 0.013900 0.026700
0 0.867900 0.043300 0.016000 0.026900
0 0.032700 0.235700 0.017400 0.023200
0 0.253600 0.390700 0.015300 0.026800
0 0.494900 0.952700 0.016500 0.020300
0 0.383300 0.836100 0.013000 0.025500
0 0.418000 0.820700 0.014400 0.025500
0 0.392600 0.960800 0.016100 0.022000
0 0.019800 0.906300 0.017300 0.024100
0 0.004200 0.667100 0.009200 0.023900
0 0.139700 0.720200 0.016500 0.021000
0 0.677400 0.452100 0.015700 0.020200
0 0.259900 0.880600 0.014000 0.029800
0 0.036300 0.644900 0.015000 0.022600
0 0.296400 0.947700 0.016300 0.023100
0 0.589900 0.485100 0.018400 0.021400
0 0.067500 0.760100 0.014200 0.021300
0 0.266600 0.539500 0.016500 0.023800
0 0.028200 0.115700 0.016300 0.027000
0 0.056500 0.627200 0.013700 0.023900
0 0.048300 0.704600 0.014600 0.023100
0 0.119400 0.208900 0.015000 0.024500
0 0.365200 0.246300 0.011600 0.033200
0 0.335700 0.929800 0.015800 0.025400
0 0.182500 0.743900 0.015400 0.021400
0 0.543900 0.653700 0.014700 0.023300
0 0.169900 0.888400 0.016500 0.022000
0 0.949500 0.403200 0.013000 0.030700
0 0.832400 0.030800 0.014200 0.024700
0 0.694200 0.581200 0.013800 0.026300
0 0.145400 0.738900 0.015800 0.021700
0 0.013400 0.593800 0.018600 0.020000
0 0.466100 0.817200 0.015600 0.024000
0 0.894700 0.505700 0.014300 0.022600
0 0.931500 0.892500 0.011800 0.033400
0 0.526700 0.931700 0.015900 0.023200
0 0.444700 0.808200 0.014900 0.025000
0 0.331100 0.758900 0.015700 0.024000
0 0.583400 0.466600 0.017800 0.021900
0 0.027100 0.220400 0.017400 0.022300
0 0.614400 0.516200 0.016900 0.025600
0 0.151800 0.822900 0.017700 0.023900
0 0.318000 0.958800 0.018900 0.021100
0 0.196400 0.731900 0.014900 0.024700
0 0.785000 0.376300 0.015200 0.021100
0 0.026100 0.390300 0.019300 0.021800
0 0.106300 0.695400 0.013600 0.021500
0 0.885400 0.890800 0.014300 0.024900
0 0.276900 0.784300 0.015000 0.025500
0 0.491000 0.677000 0.016100 0.020500
0 0.515500 0.606600 0.016200 0.024800
0 0.197200 0.680800 0.011700 0.032800
0 0.179200 0.377800 0.016500 0.022300
0 0.485100 0.918000 0.017000 0.023300
0 0.610300 0.891700 0.015000 0.025500
0 0.666700 0.635700 0.013900 0.029400
0 0.052800 0.673900 0.013000 0.027300
0 0.133200 0.303900 0.017500 0.022700
0 0.389500 0.605300 0.015700 0.025800
0 0.057800 0.709300 0.014600 0.021600
0 0.672800 0.694300 0.015900 0.025800
0 0.040400 0.576100 0.017200 0.022200
0 0.596600 0.605600 0.012800 0.026000
0 0.784700 0.660800 0.016900 0.023700
0 0.633300 0.384800 0.016800 0.023200
0 0.392400 0.920900 0.014900 0.026600
0 0.684700 0.464400 0.015700 0.019700
0 0.548300 0.904400 0.015300 0.024000
0 0.517500 0.735700 0.018500 0.021400
0 0.314300 0.507900 0.015200 0.023200
0 0.521500 0.505600 0.014600 0.027400
0 0.592000 0.533600 0.017800 0.024500
0 0.534100 0.640700 0.013100 0.025300
0 0.879900 0.871000 0.012900 0.031100
0 0.035800 0.020400 0.016600 0.027600
0 0.382100 0.810900 0.014200 0.022400
0 0.556900 0.907500 0.014800 0.025600
0 0.884600 0.468400 0.015300 0.023800
0 0.715200 0.369700 0.018600 0.024000
0 0.385000 0.905100 0.015400 0.024300
0 0.911500 0.979100 0.017600 0.023000
0 0.182000 0.472800 0.012700 0.029500
0 0.542600 0.492300 0.017400 0.022400
0 0.139000 0.521500 0.012900 0.030000
0 0.603500 0.493800 0.015000 0.023900
0 0.116700 0.323500 0.014400 0.023100
0 0.115900 0.303800 0.016000 0.021400
0 0.220100 0.531500 0.016900 0.020400
0 0.378300 0.303900 0.015000 0.027700
0 0.745200 0.917700 0.013700 0.030300
0 0.345400 0.486100 0.015300 0.022900
0 0.859400 0.486000 0.014000 0.023600
0 0.620800 0.359500 0.017400 0.020000
0 0.365200 0.458400 0.013300 0.027200
0 0.720600 0.842800 0.016300 0.020900
0 0.584800 0.603300 0.014200 0.023600
0 0.295000 0.901700 0.015900 0.024100
0 0.867800 0.369600 0.014500 0.021400
0 0.433900 0.861700 0.015100 0.024400
0 0.117800 0.766900 0.015500 0.022500
0 0.846100 0.485000 0.011300 0.029600
0 0.900800 0.946700 0.012200 0.029000
0 0.419900 0.854700 0.013800 0.024200
0 0.199000 0.147300 0.014600 0.028700
0 0.132400 0.765600 0.014200 0.021800
0 0.102200 0.555100 0.015800 0.020700
0 0.915600 0.584900 0.012100 0.029200
0 0.832200 0.430500 0.014200 0.028200
0 0.105300 0.567800 0.014600 0.024200
0 0.867300 0.229200 0.015300 0.022600
0 0.446300 0.664700 0.016700 0.021600
0 0.354300 0.185400 0.014300 0.026900
0 0.406400 0.292200 0.015800 0.024500
0 0.091800 0.406600 0.012900 0.028900
0 0.429900 0.917100 0.013200 0.029700
0 0.615900 0.823300 0.011000 0.029300
0 0.681400 0.731700 0.017100 0.025300
0 0.260100 0.742200 0.013000 0.028200
0 0.561600 0.590900 0.013700 0.026600
0 0.731600 0.381700 0.017700 0.021700
0 0.232500 0.601300 0.015900 0.021800
0 0.947700 0.303200 0.013800 0.029200
0 0.142700 0.396300 0.014500 0.028400
0 0.380700 0.684100 0.014800 0.027800
0 0.264800 0.398900 0.013300 0.030600
0 0.890600 0.958300 0.016200 0.021700
0 0.118500 0.705900 0.012600 0.025100
0 0.302800 0.532500 0.013300 0.026200
0 0.320900 0.463900 0.013600 0.025400
0 0.332800 0.707600 0.016900 0.025400
0 0.522200 0.404500 0.016300 0.023400
0 0.221000 0.767800 0.014400 0.025900
0 0.026100 0.434200 0.011800 0.034100
0 0.628800 0.490900 0.015200 0.024600
0 0.204700 0.410600 0.011100 0.036300
0 0.942900 0.841800 0.014100 0.028100
0 0.900500 0.614700 0.013100 0.031500
0 0.652100 0.540700 0.014600 0.025000
0 0.039500 0.294000 0.018300 0.025100
0 0.897400 0.081900 0.019500 0.024300
0 0.296300 0.751000 0.013800 0.031400
0 0.019500 0.030300 0.016800 0.025600
0 0.094800 0.040100 0.015300 0.022600
0 0.917200 0.230300 0.015400 0.022300
0 0.082200 0.526600 0.016200 0.022200
0 0.604900 0.621900 0.013000 0.024900
0 0.152300 0.585500 0.013700 0.026000
0 0.260500 0.708100 0.016200 0.024600
0 0.078000 0.907200 0.016100 0.021900
0 0.545500 0.611200 0.015500 0.022600
0 0.441300 0.594700 0.016900 0.021800
0 0.972900 0.248100 0.016100 0.026800
0 0.702000 0.835400 0.014000 0.027900
0 0.880100 0.821200 0.013900 0.026100
0 0.252600 0.767600 0.015400 0.026500
0 0.778200 0.884200 0.014900 0.025000
0 0.071800 0.844200 0.016500 0.021000
0 0.894000 0.560600 0.014500 0.022400
0 0.369100 0.158600 0.017100 0.022200
0 0.556500 0.633200 0.016100 0.023000
0 0.201900 0.710500 0.015500 0.023800
0 0.900800 0.019300 0.019600 0.022300
0 0.782300 0.785400 0.015000 0.024300
0 0.835900 0.406400 0.014300 0.024000
0 0.182500 0.331500 0.015300 0.025400
0 0.096200 0.258700 0.016300 0.021800
0 0.120200 0.358400 0.015800 0.023800
0 0.754700 0.790800 0.015300 0.026400
0 0.919800 0.472600 0.016700 0.023800
0 0.696400 0.670900 0.017100 0.023500
0 0.989900 0.279300 0.010500 0.031400
0 0.093900 0.238900 0.015600 0.022500
0 0.642800 0.692700 0.015600 0.025500
0 0.465900 0.629400 0.016100 0.023200
0 0.098600 0.828200 0.015600 0.020900
0 0.760500 0.409400 0.019400 0.021200
0 0.601800 0.401700 0.016200 0.022900
0 0.708400 0.611500 0.015100 0.025000
0 0.071100 0.036100 0.016700 0.024900
0 0.969900 0.583700 0.015700 0.024500
0 0.385200 0.195300 0.012800 0.034800
0 0.820000 0.686300 0.015800 0.025200
0 0.492300 0.848700 0.014500 0.025000
0 0.717200 0.720000 0.016000 0.022600
0 0.922600 0.316200 0.014700 0.031500
0 0.096700 0.845900 0.016200 0.021100
0 0.497500 0.644100 0.016900 0.020500
0 0.373000 0.929300 0.015200 0.021300
0 0.919300 0.284100 0.014000 0.025200
0 0.533600 0.267600 0.017800 0.022000
0 0.533600 0.851800 0.016100 0.023200
0 0.115100 0.161600 0.017100 0.025100
0 0.394600 0.156400 0.015000 0.020300
0 0.434700 0.420200 0.016100 0.023000
0 0.306000 0.210500 0.015000 0.023000
0 0.529500 0.802200 0.012200 0.027600
0 0.664900 0.742800 0.014400 0.028400
0 0.172700 0.108300 0.015300 0.029400
0 0.168100 0.219100 0.014100 0.029800
0 0.653900 0.289700 0.017300 0.022700
0 0.704300 0.230900 0.015400 0.023400
0 0.639700 0.804200 0.013000 0.027200
0 0.753200 0.841400 0.016000 0.022100
0 0.608700 0.117900 0.016600 0.022300
0 0.620800 0.560200 0.015000 0.023100
0 0.515000 0.266100 0.017800 0.022600
0 0.809700 0.927100 0.015400 0.024100
0 0.143100 0.563700 0.014800 0.022800
0 0.376500 0.617800 0.017300 0.022700
0 0.976700 0.369600 0.015200 0.027700
0 0.561300 0.940700 0.015300 0.025500
0 0.222800 0.956400 0.017700 0.021700
0 0.982300 0.165500 0.014500 0.026800
0 0.904300 0.591000 0.014400 0.027300
0 0.723200 0.205000 0.016900 0.022000
0 0.871400 0.789100 0.016700 0.023700
0 0.356000 0.673000 0.016400 0.021600
0 0.908900 0.042300 0.016800 0.022900
0 0.968600 0.314200 0.015200 0.022300
0 0.481700 0.384000 0.015500 0.025300
0 0.414900 0.069100 0.017900 0.022900
0 0.232600 0.456400 0.014200 0.028500
0 0.151800 0.643700 0.012200 0.032000
0 0.680700 0.522900 0.013800 0.026100
0 0.910100 0.771400 0.017800 0.023000
0 0.107900 0.019300 0.016500 0.022400
0 0.186600 0.170100 0.015600 0.022900
0 0.739900 0.229700 0.017500 0.021400
0 0.346400 0.659600 0.016700 0.020600
0 0.080400 0.613900 0.011500 0.034500
0 0.323200 0.643900 0.017800 0.018200
0 0.133600 0.256100 0.013500 0.027900
0 0.156600 0.306200 0.013700 0.028700
0 0.753900 0.204100 0.017600 0.022000
0 0.965700 0.928400 0.016300 0.024000
0 0.069100 0.526300 0.014800 0.023300
0 0.829800 0.145900 0.016200 0.022100
0 0.748000 0.621200 0.012500 0.026800
0 0.755300 0.595500 0.012700 0.030400
0 0.555100 0.344500 0.012400 0.027500
0 0.682000 0.815000 0.014500 0.028300
0 0.481000 0.268200 0.011100 0.036100
0 0.617800 0.282600 0.017600 0.023300
0 0.955100 0.647900 0.011500 0.030000
0 0.633300 0.719700 0.015300 0.024900
0 0.652500 0.981800 0.018100 0.023900
0 0.573000 0.932800 0.014000 0.025000
0 0.396400 0.580700 0.018400 0.024300
0 0.761200 0.458600 0.018500 0.021800
0 0.272900 0.208700 0.015600 0.021800
0 0.447700 0.458000 0.012300 0.033000
0 0.064400 0.285900 0.017300 0.021300
0 0.507900 0.055400 0.013900 0.029900
0 0.206500 0.910000 0.015700 0.024700
0 0.223700 0.042900 0.017800 0.025300
0 0.513800 0.290500 0.013500 0.029900
0 0.360100 0.634600 0.015900 0.022200
0 0.777000 0.021300 0.016800 0.022000
0 0.083000 0.146800 0.016600 0.025200
0 0.594800 0.228700 0.020200 0.021400
0 0.851000 0.222100 0.011800 0.028800
0 0.858800 0.352500 0.018700 0.021600
0 0.492800 0.635500 0.015600 0.020700
0 0.764600 0.241900 0.019300 0.020100
0 0.078300 0.489400 0.017000 0.021600
0 0.217700 0.722200 0.011600 0.030000
0 0.211900 0.471600 0.013800 0.026700
0 0.123400 0.440200 0.017100 0.022500
0 0.939700 0.601000 0.014400 0.024900
0 0.245200 0.868100 0.016000 0.027000
0 0.642600 0.141600 0.015600 0.020500
0 0.170800 0.598300 0.015200 0.025500
0 0.726100 0.730500 0.016600 0.025300
0 0.865500 0.431300 0.011500 0.031800
0 0.818400 0.120400 0.015900 0.022500
0 0.382400 0.398100 0.015700 0.022700
0 0.472000 0.032500 0.015700 0.026200
0 0.279500 0.195300 0.014300 0.022800
0 0.833000 0.511200 0.013400 0.021400
0 0.099200 0.146300 0.017000 0.024900
0 0.618300 0.964800 0.016600 0.025700
0 0.486100 0.573600 0.017500 0.023200
0 0.979700 0.477000 0.015200 0.024200
0 0.913500 0.832000 0.014800 0.025900
0 0.453200 0.227000 0.014200 0.026800
0 0.821400 0.202500 0.015000 0.025200
0 0.066700 0.389800 0.017200 0.021500
0 0.582800 0.026600 0.013200 0.029500
0 0.098100 0.070200 0.016100 0.023400
0 0.297300 0.330300 0.011800 0.036700
0 0.619800 0.222400 0.021500 0.020700
0 0.567900 0.623100 0.014000 0.024700
0 0.781300 0.118200 0.016400 0.022400
0 0.727000 0.115500 0.014000 0.028100
0 0.354000 0.602000 0.015200 0.024700
0 0.710000 0.277900 0.017700 0.020800
0 0.548400 0.681200 0.017700 0.023300
0 0.267600 0.104600 0.012700 0.026400
0 0.954400 0.441100 0.016300 0.025600
0 0.909300 0.689100 0.018100 0.023900
0 0.479100 0.342500 0.018300 0.025700
0 0.167400 0.561200 0.014600 0.024200
0 0.257200 0.914100 0.015800 0.023200
0 0.291200 0.040800 0.018400 0.024800
0 0.332600 0.034900 0.017700 0.023700
0 0.342600 0.978400 0.017800 0.023300
0 0.336800 0.840300 0.013600 0.025000
0 0.257500 0.464100 0.016900 0.022000
0 0.640100 0.522600 0.012400 0.032900
0 0.402700 0.335100 0.016400 0.026100
0 0.940900 0.682900 0.012300 0.031700
0 0.756900 0.626600 0.015900 0.021700
0 0.609500 0.753200 0.017900 0.022100
0 0.276000 0.947100 0.017000 0.021300
0 0.823300 0.453700 0.016800 0.024800
0 0.582700 0.059300 0.013400 0.032000
0 0.965300 0.726500 0.017600 0.022300
0 0.747100 0.810800 0.015100 0.028300
0 0.967800 0.743900 0.017500 0.023000
0 0.842600 0.073200 0.016300 0.022300
0 0.592500 0.510200 0.016600 0.022000
0 0.629700 0.846500 0.012400 0.027600
0 0.770600 0.768400 0.013400 0.024600
0 0.797700 0.141900 0.016400 0.024700
0 0.051900 0.378200 0.018000 0.022300
0 0.858800 0.289200 0.017500 0.023100
0 0.656600 0.695100 0.014300 0.030900
0 0.248900 0.159400 0.016100 0.025900
0 0.790000 0.221800 0.014900 0.027500
0 0.760500 0.715300 0.011600 0.035100
0 0.873600 0.926500 0.015000 0.025100
0 0.272100 0.251300 0.017800 0.021500
0 0.048900 0.318300 0.016400 0.025100
0 0.545200 0.706500 0.017700 0.021900
0 0.106300 0.344200 0.012500 0.025000
0 0.169200 0.161700 0.015200 0.024200
0 0.818000 0.973500 0.017800 0.022700
0 0.711200 0.219500 0.014800 0.021600
0 0.694700 0.551100 0.012300 0.027900
0 0.088100 0.891100 0.015300 0.024800
0 0.713600 0.142800 0.017800 0.021500
0 0.670900 0.157000 0.017700 0.021600
0 0.942700 0.651800 0.012300 0.024100
0 0.126100 0.797400 0.016900 0.022500
0 0.842600 0.967000 0.014500 0.028900
0 0.994000 0.943100 0.010800 0.026300
0 0.852500 0.436200 0.013500 0.023900
0 0.772300 0.524200 0.018700 0.021500
0 0.676800 0.135200 0.016100 0.022700
0 0.568000 0.366000 0.012700 0.030100
0 0.226000 0.884000 0.017900 0.024100
0 0.638500 0.345200 0.018400 0.020900
0 0.399400 0.307800 0.013700 0.026100
0 0.484200 0.097500 0.011600 0.037000
0 0.313400 0.266800 0.013200 0.031800
0 0.538800 0.393200 0.016700 0.022300
0 0.574200 0.316100 0.014800 0.025800
0 0.651100 0.752900 0.013700 0.031600
0 0.585500 0.741300 0.017200 0.022300
0 0.684500 0.178900 0.017100 0.022900
0 0.964200 0.889900 0.014100 0.032100
0 0.625900 0.557900 0.013300 0.024600
0 0.385500 0.106700 0.014700 0.022900
0 0.860200 0.104100 0.018700 0.020900
0 0.128600 0.215300 0.012300 0.028700
0 0.446000 0.284700 0.012200 0.034400
0 0.823100 0.876100 0.014500 0.026700
0 0.539300 0.697700 0.017100 0.023900
0 0.174300 0.959700 0.014300 0.028500
0 0.152000 0.380000 0.016300 0.020900
0 0.593200 0.689500 0.015400 0.026300
0 0.171400 0.018400 0.020300 0.024700
0 0.266500 0.084500 0.014700 0.022300
0 0.539000 0.800600 0.014800 0.020700
0 0.979600 0.491000 0.015700 0.023300
0 0.330300 0.436400 0.016500 0.021800
0 0.591600 0.040500 0.013000 0.029100
0 0.148600 0.919600 0.018400 0.020400
0 0.513900 0.078600 0.015800 0.027400
0 0.239300 0.489800 0.016200 0.022900
0 0.816100 0.166900 0.018400 0.022200
0 0.310900 0.414000 0.014900 0.021900
0 0.992000 0.478500 0.012000 0.025400
0 0.587000 0.870300 0.016700 0.025200
0 0.864700 0.827400 0.014000 0.027800
0 0.630400 0.428300 0.013300 0.030600
0 0.793100 0.913700 0.014700 0.025300
0 0.007300 0.964400 0.013700 0.030800
0 0.704100 0.081800 0.012200 0.033800
0 0.786800 0.733200 0.017500 0.025800
0 0.307400 0.407000 0.014800 0.021800
0 0.266600 0.186300 0.016200 0.022600
0 0.818300 0.374000 0.015600 0.024100
0 0.310400 0.020200 0.018700 0.023300
0 0.689100 0.498800 0.014900 0.022300
0 0.953500 0.881800 0.011900 0.032000
0 0.657300 0.017300 0.015700 0.021500
0 0.590100 0.147400 0.013500 0.025100
0 0.328000 0.386700 0.013800 0.020800
0 0.317800 0.032000 0.016300 0.024300
0 0.692700 0.985700 0.012700 0.026800
0 0.331300 0.276200 0.015500 0.028000
0 0.627900 0.748300 0.014300 0.027100
0 0.857800 0.796600 0.014700 0.024200
0 0.310300 0.397700 0.013800 0.023100
0 0.661500 0.719300 0.014600 0.025400
0 0.241100 0.016500 0.018800 0.022300
0 0.707600 0.264500 0.016800 0.022100
0 0.394000 0.486100 0.013900 0.026400
0 0.379300 0.472800 0.012500 0.027000
0 0.686400 0.051200 0.016400 0.023400
0 0.453900 0.019700 0.012700 0.027000
0 0.588500 0.433200 0.016400 0.023300
0 0.636100 0.286000 0.013600 0.027500
0 0.771400 0.938500 0.014800 0.026600
0 0.311500 0.492400 0.016500 0.020400
0 0.591600 0.055500 0.013500 0.028300
0 0.361100 0.581100 0.015000 0.022000
0 0.511000 0.505600 0.014300 0.026800
0 0.776300 0.147600 0.015200 0.024400
0 0.279200 0.089900 0.010100 0.033600
0 0.708700 0.974200 0.017100 0.023100
0 0.317700 0.838500 0.016400 0.024100
0 0.179600 0.566000 0.015400 0.022900
0 0.720900 0.082700 0.014100 0.026800
0 0.119700 0.126000 0.016800 0.026300
0 0.151900 0.932600 0.016700 0.021800
0 0.773900 0.415600 0.018200 0.022800
0 0.836800 0.366900 0.016000 0.023500
0 0.456600 0.033700 0.013500 0.029000
0 0.686300 0.243800 0.016900 0.023200
0 0.976600 0.516500 0.016600 0.024300
0 0.181700 0.984700 0.016300 0.022100
0 0.381700 0.023800 0.016600 0.025100
0 0.918400 0.792800 0.016400 0.029900
0 0.201400 0.963300 0.018400 0.020600
0 0.970300 0.173600 0.014400 0.026700
0 0.500700 0.147800 0.011400 0.037100
0 0.479900 0.246200 0.013200 0.027200
0 0.635400 0.128200 0.016500 0.019800
0 0.096400 0.348700 0.013700 0.026100
0 0.456700 0.323900 0.014600 0.025300
0 0.934500 0.364200 0.015400 0.022900
0 0.649100 0.229800 0.019800 0.020900
0 0.471500 0.619800 0.015700 0.021100
0 0.578700 0.961400 0.016600 0.023700
0 0.461400 0.057900 0.014500 0.025800
0 0.667600 0.213900 0.013200 0.030700
0 0.114600 0.026000 0.017300 0.018400
0 0.588800 0.128900 0.016200 0.021000
0 0.282000 0.152700 0.012700 0.031600
0 0.651300 0.217900 0.018700 0.021400
0 0.765200 0.881100 0.015100 0.027900
0 0.925900 0.235400 0.012800 0.022900
0 0.468300 0.773700 0.015300 0.024000
0 0.673400 0.015200 0.015000 0.021600
0 0.950600 0.623500 0.011000 0.029400
0 0.613700 0.702700 0.015800 0.029300
0 0.361200 0.126200 0.016300 0.023000
0 0.398700 0.044900 0.017000 0.024400
0 0.290400 0.544100 0.014500 0.023400
0 0.588500 0.288300 0.018400 0.023000
0 0.088600 0.961300 0.017900 0.020100
0 0.914600 0.820200 0.014400 0.022600
0 0.467300 0.410900 0.014700 0.027400
0 0.950600 0.017100 0.012100 0.025900
0 0.750900 0.214700 0.018400 0.022300
0 0.598900 0.776500 0.016700 0.024700
0 0.734700 0.481200 0.013700 0.026900
0 0.405300 0.146900 0.015000 0.021400
0 0.251100 0.032000 0.018900 0.021500
0 0.672000 0.984200 0.013800 0.025500
0 0.876800 0.285600 0.013200 0.032600
0 0.261600 0.016900 0.017700 0.020400
0 0.904300 0.035900 0.017300 0.021800
0 0.292100 0.010700 0.015600 0.019300
0 0.640700 0.898000 0.015200 0.027200
0 0.438300 0.431900 0.014500 0.025100
0 0.549400 0.435500 0.016700 0.026500
0 0.582500 0.798900 0.016800 0.022800
0 0.539700 0.211600 0.016500 0.022000
0 0.940400 0.439000 0.015300 0.028600
0 0.692300 0.383000 0.014300 0.025900
0 0.743200 0.474100 0.016400 0.023100
0 0.826800 0.038400 0.015000 0.024200
0 0.521094 0.224306 0.014062 0.029167
0 0.300391 0.077083 0.013281 0.031944
0 0.225781 0.550694 0.015625 0.029167
0 0.875391 0.152778 0.017969 0.033333
0 0.240625 0.851389 0.010937 0.036111
0 0.576563 0.986806 0.020312 0.018056
0 0.866406 0.247917 0.012500 0.031944
0 0.896094 0.260417 0.009375 0.029167
0 0.886719 0.268750 0.009375 0.029167
