0 0.291500 0.432100 0.018600 0.023300
0 0.407000 0.927000 0.013100 0.025400
0 0.386000 0.864500 0.014700 0.024000
0 0.442800 0.810800 0.016000 0.022800
0 0.164100 0.471300 0.016000 0.023900
0 0.739200 0.491500 0.014500 0.029700
0 0.306300 0.882800 0.015000 0.025200
0 0.154200 0.593100 0.015900 0.022700
0 0.045000 0.145100 0.016200 0.024500
0 0.257500 0.360100 0.012700 0.035900
0 0.858100 0.484800 0.015700 0.024300
0 0.365700 0.902400 0.014500 0.024000
0 0.294900 0.477500 0.015800 0.017500
0 0.567600 0.516500 0.017200 0.021900
0 0.044300 0.246600 0.015700 0.024600
0 0.544300 0.496400 0.016300 0.023200
0 0.041800 0.271300 0.012900 0.031400
0 0.545200 0.942000 0.014200 0.025600
0 0.438400 0.931700 0.012900 0.024800
0 0.269800 0.628400 0.017400 0.021900
0 0.389900 0.926300 0.013300 0.028300
0 0.485700 0.902500 0.013300 0.030400
0 0.467200 0.794900 0.015700 0.025200
0 0.033200 0.678700 0.015000 0.024900
0 0.669100 0.827400 0.012900 0.032000
0 0.633000 0.327900 0.016100 0.022300
0 0.670500 0.940800 0.018100 0.022500
0 0.632900 0.681000 0.016400 0.023800
0 0.843000 0.038600 0.015700 0.022400
0 0.498400 0.919000 0.014600 0.025100
0 0.529500 0.908300 0.013400 0.029600
0 0.239600 0.600900 0.017900 0.022300
0 0.291500 0.347600 0.017400 0.024700
0 0.591700 0.904800 0.015800 0.024300
0 0.369900 0.468300 0.015600 0.023900
0 0.194100 0.914200 0.015100 0.025600
0 0.849200 0.932400 0.018400 0.022800
0 0.310100 0.801600 0.016900 0.022800
0 0.004000 0.672200 0.008600 0.020100
0 0.239400 0.739300 0.013100 0.030400
0 0.143900 0.923300 0.015500 0.026400
0 0.932300 0.469500 0.015300 0.025400
0 0.905000 0.759500 0.016000 0.021500
0 0.568300 0.548900 0.016200 0.021400
0 0.294200 0.684400 0.015900 0.024100
0 0.113500 0.553300 0.016700 0.024000
0 0.517800 0.605600 0.017200 0.023900
0 0.610900 0.597100 0.014500 0.027300
0 0.107800 0.618700 0.015500 0.023800
0 0.079400 0.607700 0.014000 0.027000
0 0.031700 0.111200 0.015400 0.027900
0 0.085100 0.272100 0.013000 0.031000
0 0.440700 0.901300 0.012400 0.031500
0 0.057500 0.885800 0.016800 0.025200
0 0.285700 0.666400 0.015100 0.026400
0 0.142600 0.802900 0.016300 0.022700
0 0.163800 0.570500 0.014800 0.026400
0 0.217700 0.755100 0.013800 0.025100
0 0.352200 0.256100 0.013600 0.026900
0 0.826900 0.028000 0.013600 0.026500
0 0.565600 0.360200 0.013100 0.023500
0 0.884100 0.727000 0.017100 0.023400
0 0.591300 0.959200 0.015400 0.020100
0 0.419500 0.752500 0.018600 0.024800
0 0.858100 0.041900 0.013100 0.024900
0 0.168200 0.892900 0.013700 0.030100
0 0.676300 0.359000 0.014300 0.023900
0 0.565800 0.426700 0.015100 0.019400
0 0.292900 0.383000 0.016600 0.026700
0 0.610900 0.298200 0.016300 0.025600
0 0.758200 0.870200 0.012500 0.031400
0 0.534300 0.807400 0.014900 0.025300
0 0.103000 0.574000 0.017500 0.025500
0 0.642700 0.253300 0.016800 0.023300
0 0.639400 0.304500 0.015500 0.021600
0 0.609300 0.842500 0.015200 0.023800
0 0.096100 0.159300 0.013200 0.030500
0 0.741000 0.727100 0.013200 0.029600
0 0.541400 0.378300 0.012200 0.032000
0 0.316200 0.918800 0.012900 0.026600
0 0.227700 0.240600 0.014800 0.033500
0 0.696900 0.717500 0.016500 0.022800
0 0.657600 0.255000 0.016000 0.025100
0 0.673900 0.728900 0.016300 0.023700
0 0.552200 0.347300 0.012400 0.026600
0 0.733600 0.447400 0.013400 0.028300
0 0.427800 0.832500 0.016500 0.020900
0 0.515200 0.720700 0.015000 0.025800
0 0.595500 0.810500 0.013600 0.031900
0 0.731200 0.103300 0.015000 0.027200
0 0.080100 0.632100 0.014600 0.022800
0 0.547800 0.610200 0.014400 0.022900
0 0.272000 0.857000 0.017200 0.025000
0 0.760700 0.357700 0.018300 0.023200
0 0.216400 0.347100 0.013200 0.032100
0 0.372500 0.542400 0.017600 0.023600
0 0.070200 0.744300 0.015500 0.021700
0 0.460400 0.640200 0.017000 0.021800
0 0.007300 0.901400 0.014200 0.024700
0 0.356400 0.602700 0.013900 0.025000
0 0.139600 0.391200 0.014400 0.024300
0 0.971200 0.977700 0.016300 0.021100
0 0.577700 0.819100 0.012600 0.034400
0 0.060900 0.808100 0.015900 0.025200
0 0.846200 0.382600 0.015500 0.021400
0 0.056500 0.855700 0.017000 0.021500
0 0.204300 0.955900 0.018700 0.023000
0 0.183800 0.503400 0.015200 0.026400
0 0.151600 0.902300 0.019700 0.022700
0 0.759200 0.594900 0.017100 0.021200
0 0.319800 0.819200 0.015700 0.023300
0 0.932100 0.894300 0.018400 0.024500
0 0.070800 0.584000 0.015600 0.022500
0 0.758800 0.439500 0.016500 0.023100
0 0.559800 0.206800 0.017100 0.024000
0 0.336100 0.717200 0.014700 0.027400
0 0.220300 0.869600 0.015600 0.026000
0 0.120800 0.481400 0.014400 0.026500
0 0.969800 0.579000 0.013700 0.023900
0 0.571100 0.406200 0.016400 0.021100
0 0.719100 0.096900 0.014200 0.029500
0 0.073400 0.652500 0.013800 0.027900
0 0.883000 0.769700 0.017200 0.021200
0 0.327700 0.929700 0.013800 0.022500
0 0.741200 0.309400 0.014500 0.024600
0 0.016500 0.354100 0.016000 0.024900
0 0.753000 0.207100 0.015300 0.024700
0 0.777400 0.603000 0.016300 0.022000
0 0.691800 0.431400 0.016400 0.022500
0 0.345300 0.230200 0.012700 0.030800
0 0.697100 0.676400 0.014400 0.024400
0 0.980900 0.716600 0.015400 0.029200
0 0.714500 0.311000 0.014300 0.030000
0 0.389400 0.673400 0.014900 0.022200
0 0.263900 0.906900 0.011500 0.034200
0 0.403900 0.708800 0.015400 0.027500
0 0.311200 0.273800 0.016500 0.023700
0 0.118300 0.653200 0.015800 0.021700
0 0.267200 0.090600 0.014200 0.024400
0 0.978800 0.403800 0.015500 0.025000
0 0.747500 0.682600 0.014400 0.029100
0 0.403700 0.264300 0.012900 0.030900
0 0.018700 0.557500 0.016900 0.022000
0 0.215500 0.702800 0.015100 0.025600
0 0.169100 0.091500 0.016400 0.025400
0 0.798000 0.386100 0.014500 0.029100
0 0.741000 0.131500 0.014300 0.026000
0 0.368000 0.595000 0.012700 0.032100
0 0.293700 0.367200 0.016700 0.026100
0 0.285100 0.215000 0.011500 0.037000
0 0.296400 0.985500 0.013100 0.025000
0 0.879300 0.031700 0.012800 0.026100
0 0.569600 0.969300 0.015600 0.025200
0 0.146100 0.977800 0.013300 0.025400
0 0.616500 0.872400 0.013400 0.029000
0 0.879300 0.267800 0.014000 0.028900
0 0.968200 0.914700 0.015900 0.023000
0 0.883900 0.936200 0.018000 0.022400
0 0.488800 0.541000 0.015000 0.022800
0 0.545500 0.886000 0.017100 0.023700
0 0.702900 0.418300 0.015300 0.026200
0 0.449600 0.869300 0.012700 0.027900
0 0.594200 0.530600 0.015900 0.021100
0 0.495100 0.032700 0.016800 0.023500
0 0.548400 0.563200 0.017900 0.023200
0 0.417000 0.055600 0.016400 0.023600
0 0.840900 0.895900 0.015700 0.023500
0 0.304300 0.501200 0.016600 0.021300
0 0.358200 0.964200 0.014800 0.024200
0 0.897800 0.807700 0.016700 0.019700
0 0.815100 0.465900 0.015300 0.022400
0 0.383600 0.498300 0.016500 0.022200
0 0.218900 0.967900 0.015500 0.024400
0 0.922700 0.560800 0.017300 0.023300
0 0.617900 0.615100 0.016000 0.023800
0 0.784600 0.029000 0.013500 0.023600
0 0.109700 0.040300 0.017100 0.022600
0 0.918500 0.018400 0.015600 0.024300
0 0.641100 0.821200 0.012900 0.030600
0 0.816900 0.954100 0.019000 0.025600
0 0.080300 0.934900 0.018400 0.023600
0 0.157700 0.363500 0.013800 0.030700
0 0.329300 0.556900 0.014900 0.023600
0 0.985100 0.616300 0.013100 0.028400
0 0.882000 0.911200 0.016400 0.024900
0 0.136100 0.417800 0.014200 0.027600
0 0.514000 0.384500 0.012400 0.035500
0 0.947300 0.331700 0.016200 0.023900
0 0.064100 0.127500 0.015900 0.021100
0 0.220000 0.153700 0.017300 0.021700
0 0.971300 0.421100 0.014100 0.024200
0 0.982200 0.484600 0.014900 0.023400
0 0.011800 0.282900 0.012000 0.033200
0 0.668200 0.402800 0.015800 0.020400
0 0.218500 0.529300 0.016300 0.023000
0 0.733200 0.805400 0.016500 0.020900
0 0.191900 0.032500 0.018400 0.024000
0 0.709200 0.904400 0.015500 0.025300
0 0.209600 0.453600 0.018500 0.021400
0 0.006500 0.611300 0.012800 0.022800
0 0.653100 0.674200 0.017200 0.023100
0 0.854900 0.164400 0.014800 0.023600
0 0.506000 0.017300 0.017000 0.022100
0 0.944500 0.979300 0.016200 0.022800
0 0.964800 0.748900 0.020600 0.024700
0 0.984900 0.689500 0.016800 0.022500
0 0.944800 0.557200 0.015200 0.026600
0 0.891700 0.847800 0.015900 0.022100
0 0.318800 0.952000 0.012800 0.026800
0 0.370500 0.309400 0.018200 0.020900
0 0.718000 0.754400 0.015500 0.025800
0 0.109200 0.593600 0.017800 0.024700
0 0.434200 0.292000 0.014400 0.025900
0 0.539500 0.278200 0.015000 0.019900
0 0.836400 0.509900 0.017900 0.021900
0 0.523200 0.131100 0.012400 0.028200
0 0.299100 0.410800 0.016700 0.023600
0 0.861400 0.797700 0.017300 0.023300
0 0.115200 0.809900 0.012300 0.035000
0 0.640100 0.898800 0.016900 0.022100
0 0.018700 0.102000 0.011900 0.036500
0 0.866700 0.561500 0.016400 0.024100
0 0.872500 0.967900 0.019400 0.020300
0 0.954000 0.242400 0.016500 0.024200
0 0.054300 0.359900 0.017000 0.022200
0 0.658700 0.509100 0.017600 0.019700
0 0.426900 0.898800 0.011700 0.026400
0 0.494800 0.134100 0.012000 0.030700
0 0.679500 0.395600 0.016500 0.021000
0 0.855600 0.095300 0.015700 0.021500
0 0.601300 0.943600 0.013900 0.022100
0 0.199000 0.283500 0.016400 0.023300
0 0.618700 0.557100 0.016400 0.024500
0 0.036500 0.655300 0.013700 0.026400
0 0.847200 0.743900 0.014300 0.030900
0 0.347800 0.822300 0.015800 0.020400
0 0.431800 0.085500 0.015100 0.024100
0 0.167800 0.976100 0.016500 0.024200
0 0.608800 0.502600 0.017500 0.023200
0 0.747600 0.259700 0.016200 0.023600
0 0.577800 0.686600 0.020500 0.022400
0 0.558300 0.606900 0.014400 0.024500
0 0.682000 0.067900 0.014900 0.023700
0 0.167700 0.539100 0.015200 0.026200
0 0.358400 0.941000 0.015000 0.020600
0 0.945700 0.454300 0.017000 0.020700
0 0.067100 0.322400 0.013900 0.029000
0 0.644500 0.069300 0.014900 0.025700
0 0.497000 0.372900 0.016200 0.022800
0 0.383700 0.369500 0.013800 0.029800
0 0.382500 0.148700 0.017400 0.021600
0 0.720500 0.861600 0.013300 0.026800
0 0.715300 0.240800 0.017000 0.022000
0 0.106100 0.064100 0.017000 0.022800
0 0.029200 0.849400 0.021100 0.023000
0 0.691500 0.055400 0.018400 0.021900
0 0.166100 0.426800 0.016200 0.023600
0 0.420400 0.964600 0.014000 0.023800
0 0.554600 0.652000 0.016600 0.024800
0 0.718000 0.455800 0.014900 0.024800
0 0.428500 0.554700 0.018800 0.022400
0 0.419700 0.873400 0.012100 0.027100
0 0.330800 0.641900 0.014100 0.029300
0 0.505100 0.511400 0.015500 0.024100
0 0.544700 0.708500 0.014900 0.026600
0 0.309600 0.776400 0.016000 0.023700
0 0.870100 0.048600 0.014600 0.022200
0 0.889500 0.221700 0.014700 0.025200
0 0.634900 0.203100 0.016200 0.025300
0 0.120800 0.357100 0.012900 0.028700
0 0.505400 0.079500 0.012100 0.035500
0 0.731800 0.182200 0.014600 0.026300
0 0.103200 0.273600 0.015100 0.021600
0 0.346600 0.523200 0.013600 0.032000
0 0.540200 0.818100 0.014700 0.027700
0 0.938300 0.352200 0.017200 0.023400
0 0.208200 0.918500 0.013300 0.034200
0 0.671800 0.470700 0.015800 0.022900
0 0.550800 0.772700 0.012200 0.035500
0 0.406100 0.119000 0.016300 0.021100
0 0.813800 0.073400 0.016400 0.024400
0 0.911000 0.929500 0.017000 0.025300
0 0.709100 0.947700 0.015900 0.019000
0 0.402000 0.045800 0.016400 0.025300
0 0.723800 0.822600 0.015000 0.027800
0 0.503000 0.342100 0.016300 0.021600
0 0.959000 0.432600 0.017000 0.022500
0 0.946700 0.794000 0.016500 0.023100
0 0.290700 0.256200 0.015000 0.027200
0 0.549100 0.115100 0.013400 0.027000
0 0.383500 0.295100 0.016100 0.025400
0 0.883200 0.656400 0.017000 0.023800
0 0.428600 0.641600 0.014200 0.026200
0 0.636300 0.397000 0.014500 0.026900
0 0.991300 0.581500 0.009300 0.037300
0 0.107400 0.341700 0.015900 0.022400
0 0.645200 0.501700 0.018100 0.019800
0 0.631000 0.103100 0.015300 0.023100
0 0.171400 0.147100 0.014600 0.023200
0 0.806400 0.440200 0.014500 0.026100
0 0.789900 0.854100 0.016200 0.023800
0 0.595700 0.852300 0.014000 0.024500
0 0.894400 0.171000 0.013700 0.028400
0 0.221800 0.508500 0.017400 0.023800
0 0.120900 0.056600 0.014400 0.027700
0 0.934000 0.297100 0.012700 0.026500
0 0.319200 0.609500 0.015800 0.024600
0 0.576800 0.280400 0.015900 0.021700
0 0.236200 0.093800 0.014700 0.029700
0 0.967500 0.444100 0.014300 0.020900
0 0.832200 0.190000 0.014200 0.025800
0 0.733000 0.517500 0.016300 0.029300
0 0.180300 0.066700 0.016300 0.024700
0 0.104600 0.939800 0.019500 0.022900
0 0.352800 0.579100 0.014900 0.024700
0 0.902900 0.132200 0.018000 0.022100
0 0.098000 0.023000 0.017900 0.023800
0 0.485600 0.728000 0.011500 0.036800
0 0.633500 0.489700 0.018200 0.021200
0 0.517700 0.264300 0.014900 0.024800
0 0.419100 0.331300 0.016400 0.022900
0 0.992600 0.431700 0.011700 0.025500
0 0.961000 0.544800 0.014300 0.025400
0 0.705600 0.701100 0.015900 0.022800
0 0.308200 0.159400 0.014700 0.023600
0 0.132700 0.282700 0.017600 0.023700
0 0.707600 0.260300 0.015700 0.027900
0 0.727400 0.266000 0.013600 0.029500
0 0.642500 0.144800 0.013800 0.023300
0 0.643500 0.924200 0.016400 0.021400
0 0.036800 0.356300 0.013700 0.029100
0 0.934400 0.318900 0.016300 0.023200
0 0.009900 0.509300 0.017200 0.023000
0 0.117700 0.267700 0.014000 0.025400
0 0.293600 0.523400 0.015400 0.024800
0 0.507000 0.310600 0.015800 0.023800
0 0.163700 0.041000 0.015900 0.027300
0 0.320600 0.047900 0.014900 0.027200
0 0.183400 0.210600 0.016700 0.021800
0 0.091300 0.217500 0.012400 0.028800
0 0.819600 0.157600 0.014800 0.029200
0 0.761400 0.303400 0.014800 0.024800
0 0.652400 0.274000 0.016300 0.023200
0 0.066600 0.435800 0.014100 0.028700
0 0.656000 0.374000 0.017000 0.023600
0 0.608600 0.361100 0.014400 0.025800
0 0.796400 0.476700 0.013800 0.022100
0 0.559200 0.593400 0.013700 0.023000
0 0.602400 0.060300 0.016000 0.024200
0 0.990000 0.235500 0.012000 0.023200
0 0.241500 0.196500 0.011900 0.035500
0 0.354700 0.077900 0.015200 0.023500
0 0.954900 0.282700 0.014900 0.024700
0 0.874100 0.690000 0.013400 0.028400
0 0.088900 0.732700 0.011800 0.029700
0 0.711300 0.725800 0.017100 0.020400
0 0.677200 0.428400 0.016800 0.023700
0 0.464700 0.218500 0.014900 0.026000
0 0.785400 0.451900 0.016300 0.023200
0 0.405900 0.546100 0.013000 0.033000
0 0.860900 0.121900 0.018300 0.023300
0 0.071200 0.509500 0.014800 0.025600
0 0.179100 0.545800 0.015400 0.027900
0 0.368600 0.663400 0.015400 0.024000
0 0.415300 0.344500 0.015600 0.022200
0 0.319400 0.067200 0.016000 0.022500
0 0.004800 0.958900 0.011100 0.031000
0 0.545000 0.310900 0.014700 0.025200
0 0.141100 0.753600 0.014900 0.024800
0 0.080900 0.108300 0.014400 0.024900
0 0.777900 0.664000 0.015200 0.026100
0 0.433300 0.402200 0.012400 0.030500
0 0.915000 0.280000 0.013300 0.028900
0 0.141000 0.218000 0.010100 0.036000
0 0.727000 0.018400 0.019500 0.022400
0 0.778700 0.123900 0.013400 0.028800
0 0.079300 0.346600 0.014500 0.025700
0 0.616300 0.052400 0.015100 0.025500
0 0.888800 0.789000 0.018200 0.019900
0 0.723800 0.618800 0.015500 0.020600
0 0.766700 0.323300 0.015200 0.021500
0 0.575800 0.747600 0.011700 0.038900
0 0.773100 0.805200 0.018000 0.022100
0 0.864400 0.231700 0.014600 0.026500
0 0.774000 0.726000 0.014400 0.027100
0 0.780500 0.746400 0.015100 0.026400
0 0.056800 0.947500 0.012700 0.032600
0 0.788700 0.122900 0.012700 0.028600
0 0.455000 0.763200 0.016100 0.024100
0 0.243100 0.458000 0.015200 0.024900
0 0.784100 0.626300 0.013100 0.028300
0 0.698600 0.799100 0.017800 0.022300
0 0.559000 0.084100 0.014800 0.027200
0 0.304500 0.378700 0.015600 0.025100
0 0.384800 0.885500 0.011800 0.028900
0 0.550600 0.943400 0.012900 0.025300
0 0.661000 0.453500 0.016400 0.025000
0 0.567700 0.869600 0.013900 0.027700
0 0.716700 0.606700 0.013800 0.021800
0 0.554400 0.165200 0.014300 0.025300
0 0.739700 0.230800 0.017600 0.021900
0 0.856900 0.386100 0.015600 0.021900
0 0.861800 0.630300 0.018400 0.021500
0 0.396800 0.188700 0.014000 0.027000
0 0.841400 0.336300 0.013300 0.028300
0 0.736500 0.748300 0.014900 0.026200
0 0.437100 0.773900 0.017400 0.022700
0 0.126400 0.980900 0.014700 0.024200
0 0.676700 0.451700 0.015700 0.023100
0 0.204800 0.561300 0.012100 0.035100
0 0.476100 0.588300 0.018500 0.022000
0 0.899200 0.441200 0.016100 0.031300
0 0.516600 0.698700 0.016000 0.021800
0 0.863700 0.653200 0.017900 0.022500
0 0.413600 0.409000 0.013900 0.027200
0 0.047800 0.856900 0.016200 0.021600
0 0.373800 0.094900 0.016500 0.022800
0 0.592400 0.880800 0.016700 0.023200
0 0.003800 0.459400 0.008500 0.025400
0 0.522800 0.963700 0.016200 0.025100
0 0.682600 0.924200 0.017800 0.020700
0 0.202700 0.714600 0.013400 0.027900
0 0.826300 0.886600 0.015900 0.022400
0 0.253800 0.573400 0.014100 0.026500
0 0.877900 0.883100 0.018400 0.023000
0 0.729600 0.026200 0.018800 0.021100
0 0.783800 0.168900 0.012600 0.031100
0 0.142200 0.815000 0.015300 0.021600
0 0.557500 0.040800 0.014000 0.031900
0 0.414900 0.876300 0.012300 0.027500
0 0.784500 0.409300 0.012900 0.032500
0 0.697600 0.759200 0.016700 0.021800
0 0.280600 0.088600 0.012600 0.027800
0 0.282400 0.036700 0.016300 0.023800
0 0.565600 0.015500 0.014000 0.026100
0 0.739600 0.426000 0.016300 0.023300
0 0.967900 0.876700 0.012300 0.032400
0 0.252300 0.036000 0.013300 0.033900
0 0.707600 0.955500 0.015500 0.023400
0 0.755700 0.548800 0.016100 0.024300
0 0.110100 0.759200 0.014500 0.027700
0 0.871800 0.221900 0.015800 0.021300
0 0.146900 0.152300 0.015500 0.024700
0 0.177600 0.127300 0.017700 0.020700
0 0.638700 0.158800 0.013900 0.023400
0 0.244100 0.448000 0.014700 0.022700
0 0.931000 0.451400 0.015200 0.023600
0 0.722500 0.463700 0.015100 0.024800
0 0.118300 0.256700 0.014500 0.021700
0 0.534600 0.611200 0.014800 0.026600
0 0.781800 0.152400 0.014500 0.023600
0 0.335500 0.023600 0.017300 0.025100
0 0.023800 0.948500 0.019800 0.023500
0 0.322700 0.738200 0.017600 0.022100
0 0.779600 0.895500 0.012200 0.037100
0 0.771600 0.826100 0.015200 0.027000
0 0.871000 0.643000 0.018000 0.021900
0 0.080600 0.527000 0.013200 0.029800
0 0.422900 0.297400 0.015000 0.023700
0 0.623400 0.033900 0.015600 0.027400
0 0.106300 0.448200 0.013100 0.027800
0 0.638100 0.457500 0.017100 0.023900
0 0.155800 0.436200 0.014900 0.024700
0 0.919800 0.289000 0.014700 0.024600
0 0.873900 0.876900 0.016800 0.020100
0 0.481700 0.581500 0.017100 0.020600
0 0.703900 0.123900 0.014000 0.027700
0 0.486500 0.347800 0.014100 0.027100
0 0.188200 0.797300 0.016200 0.023900
0 0.357000 0.048400 0.015600 0.025900
0 0.560100 0.856900 0.016000 0.024100
0 0.950900 0.067900 0.016400 0.023700
0 0.886100 0.673200 0.016100 0.024600
0 0.066200 0.375900 0.017300 0.022000
0 0.159400 0.538900 0.015000 0.023900
0 0.713900 0.597400 0.013600 0.019200
0 0.311000 0.833700 0.017700 0.024600
0 0.673500 0.161000 0.014800 0.027300
0 0.439400 0.290500 0.014200 0.026400
0 0.411400 0.616200 0.015000 0.025200
0 0.667200 0.273800 0.013300 0.027300
0 0.127900 0.289200 0.016200 0.025500
0 0.079800 0.206500 0.014300 0.023100
0 0.084900 0.116400 0.012700 0.026600
0 0.026600 0.011100 0.013800 0.019700
0 0.564300 0.573100 0.016300 0.023200
0 0.329500 0.111600 0.014800 0.024300
0 0.466200 0.027300 0.011600 0.036900
0 0.274000 0.798400 0.016800 0.026400
0 0.367400 0.322900 0.018600 0.020000
0 0.866900 0.201100 0.014000 0.025800
0 0.504000 0.198600 0.011900 0.035200
0 0.563100 0.448000 0.014800 0.022400
0 0.726100 0.649300 0.016100 0.023700
0 0.776400 0.855100 0.015400 0.026100
0 0.881900 0.459100 0.012400 0.036300
0 0.406700 0.415200 0.014300 0.026300
0 0.360800 0.826100 0.015600 0.019900
0 0.906100 0.989100 0.014100 0.019000
0 0.554900 0.071300 0.013800 0.026100
0 0.336900 0.686400 0.013900 0.028500
0 0.784100 0.751700 0.016900 0.024700
0 0.622300 0.570000 0.016700 0.022700
0 0.360156 0.362500 0.015625 0.036111
0 0.463281 0.423611 0.014062 0.036111
0 0.937500 0.239583 0.010937 0.029167
0 0.891406 0.243056 0.009375 0.036111
0 0.905469 0.324306 0.012500 0.026389
