0 0.335500 0.484800 0.015700 0.024900
0 0.803800 0.469500 0.016800 0.022800
0 0.603900 0.414600 0.014400 0.023300
0 0.665100 0.422800 0.015900 0.022300
0 0.813400 0.427600 0.011600 0.032200
0 0.011200 0.882200 0.019900 0.022500
0 0.568600 0.567400 0.014800 0.024400
0 0.953800 0.295100 0.016900 0.022200
0 0.240900 0.806100 0.012700 0.025500
0 0.609100 0.466700 0.016300 0.024100
0 0.202600 0.652300 0.014900 0.024300
0 0.066000 0.830000 0.016200 0.022800
0 0.629500 0.811500 0.015600 0.023200
0 0.032800 0.947000 0.017200 0.021900
0 0.353000 0.189700 0.017500 0.022600
0 0.568400 0.545600 0.015500 0.022100
0 0.260300 0.832500 0.014200 0.023200
0 0.663400 0.603200 0.016000 0.023700
0 0.698400 0.706200 0.013700 0.030500
0 0.295500 0.459700 0.014400 0.026500
0 0.192700 0.778500 0.016000 0.022800
0 0.676200 0.661500 0.015600 0.025700
0 0.254600 0.629300 0.012100 0.033800
0 0.236000 0.529100 0.016100 0.023700
0 0.220200 0.108000 0.016400 0.023900
0 0.664900 0.668300 0.016200 0.023400
0 0.007200 0.578100 0.014400 0.023200
0 0.676800 0.451700 0.013700 0.028500
0 0.719000 0.667000 0.012300 0.032900
0 0.081000 0.845100 0.015000 0.023200
0 0.601300 0.483100 0.014000 0.025900
0 0.384200 0.909000 0.012300 0.027300
0 0.631500 0.729100 0.014900 0.025700
0 0.120700 0.870200 0.014700 0.024000
0 0.055800 0.169900 0.014000 0.021600
0 0.291500 0.397200 0.015100 0.026500
0 0.673400 0.621800 0.013600 0.027400
0 0.642400 0.465600 0.013900 0.029600
0 0.601900 0.604800 0.013400 0.027900
0 0.157700 0.844100 0.016300 0.025400
0 0.954900 0.466000 0.013700 0.025800
0 0.256000 0.441200 0.013400 0.031700
0 0.239200 0.780200 0.013000 0.025800
0 0.801800 0.621900 0.016700 0.023800
0 0.359800 0.873900 0.018000 0.018500
0 0.770700 0.440200 0.019200 0.023300
0 0.498300 0.490900 0.015700 0.023900
0 0.018900 0.172700 0.014700 0.027100
0 0.697100 0.443300 0.017200 0.022000
0 0.045800 0.627800 0.013400 0.024100
0 0.858200 0.893800 0.011400 0.032700
0 0.927200 0.238600 0.016200 0.021800
0 0.971600 0.841800 0.014400 0.029900
0 0.317900 0.443300 0.013300 0.028700
0 0.644500 0.521800 0.015600 0.024500
0 0.352300 0.470500 0.014700 0.022000
0 0.013900 0.740900 0.015100 0.026200
0 0.593400 0.572000 0.016400 0.022100
0 0.666500 0.557500 0.012300 0.030200
0 0.982400 0.883100 0.012200 0.038100
0 0.044600 0.680100 0.015300 0.023200
0 0.203600 0.667200 0.015800 0.024600
0 0.466000 0.868900 0.016600 0.022600
0 0.544800 0.854300 0.014300 0.028200
0 0.406500 0.509900 0.016700 0.021500
0 0.395200 0.844700 0.016700 0.021500
0 0.646700 0.326800 0.015000 0.025400
0 0.798500 0.442600 0.019200 0.021500
0 0.852700 0.402400 0.015000 0.023900
0 0.408600 0.267300 0.015500 0.026500
0 0.289600 0.364700 0.017700 0.023200
0 0.710100 0.629700 0.014500 0.024200
0 0.516600 0.640500 0.016700 0.023700
0 0.251800 0.596000 0.015900 0.024400
0 0.515800 0.667200 0.014000 0.026200
0 0.115500 0.829000 0.012600 0.032000
0 0.217800 0.359100 0.013700 0.026000
0 0.260300 0.476400 0.014800 0.025700
0 0.220000 0.705200 0.013600 0.023600
0 0.368900 0.170900 0.016800 0.021500
0 0.030700 0.055500 0.016800 0.024300
0 0.632500 0.929600 0.016500 0.019600
0 0.894100 0.210500 0.015300 0.019900
0 0.877800 0.843100 0.015800 0.026400
0 0.391200 0.889100 0.012800 0.025000
0 0.271900 0.870700 0.012400 0.028900
0 0.091500 0.478800 0.013900 0.027500
0 0.849000 0.660300 0.017200 0.023400
0 0.320600 0.923500 0.015700 0.020200
0 0.023300 0.218900 0.012800 0.031400
0 0.906100 0.740700 0.016200 0.021500
0 0.647000 0.730700 0.015000 0.023800
0 0.544700 0.944400 0.014400 0.023000
0 0.721600 0.265100 0.014200 0.023500
0 0.142300 0.452100 0.017100 0.023300
0 0.331000 0.907800 0.015800 0.018600
0 0.629800 0.838400 0.014000 0.027100
0 0.053100 0.953600 0.012000 0.032400
0 0.652500 0.806600 0.015700 0.024900
0 0.595500 0.841500 0.013100 0.027100
0 0.255600 0.518100 0.013800 0.026300
0 0.216300 0.630600 0.012200 0.032700
0 0.972800 0.278000 0.016800 0.022700
0 0.544400 0.876600 0.017500 0.023600
0 0.795300 0.871700 0.014200 0.028900
0 0.646500 0.568600 0.015600 0.024400
0 0.007700 0.301800 0.014900 0.025000
0 0.832600 0.927100 0.016300 0.020500
0 0.188200 0.644200 0.011900 0.033800
0 0.018800 0.121000 0.012200 0.033300
0 0.026300 0.309600 0.013400 0.032400
0 0.483500 0.604900 0.012800 0.034300
0 0.748600 0.683600 0.015300 0.026900
0 0.467700 0.596200 0.015600 0.028700
0 0.559600 0.429800 0.015800 0.022500
0 0.719300 0.340900 0.017500 0.021400
0 0.018800 0.452100 0.013400 0.023500
0 0.969500 0.939000 0.016400 0.027400
0 0.204200 0.542800 0.011900 0.033900
0 0.464100 0.732400 0.013500 0.029900
0 0.842700 0.029200 0.016600 0.023100
0 0.721900 0.630000 0.016500 0.021600
0 0.709800 0.777100 0.014500 0.026100
0 0.407300 0.171700 0.017500 0.017800
0 0.079200 0.933400 0.015600 0.026000
0 0.696400 0.842400 0.014500 0.022600
0 0.290000 0.315000 0.015900 0.023700
0 0.831600 0.882800 0.016600 0.023200
0 0.178300 0.555000 0.012100 0.025000
0 0.855900 0.583600 0.017600 0.021600
0 0.745500 0.523000 0.015500 0.025100
0 0.773900 0.393400 0.019100 0.021500
0 0.922800 0.731900 0.013700 0.028900
0 0.030600 0.607200 0.016700 0.021000
0 0.747000 0.380800 0.018600 0.022300
0 0.719400 0.726800 0.016600 0.024300
0 0.147800 0.304800 0.018300 0.021100
0 0.968700 0.593100 0.014000 0.024100
0 0.905300 0.501300 0.016400 0.026200
0 0.027900 0.285000 0.017900 0.022600
0 0.928700 0.390500 0.011900 0.032600
0 0.740900 0.058200 0.013700 0.029200
0 0.953800 0.221500 0.015400 0.023100
0 0.283800 0.717600 0.012100 0.037400
0 0.484300 0.935300 0.012200 0.022500
0 0.757400 0.864100 0.014400 0.026200
0 0.231500 0.704300 0.011400 0.032200
0 0.771100 0.933000 0.017100 0.021600
0 0.674200 0.344900 0.015800 0.022900
0 0.030200 0.402200 0.014500 0.026000
0 0.594000 0.949000 0.015300 0.020600
0 0.803400 0.852900 0.017800 0.023800
0 0.959500 0.329800 0.014200 0.022600
0 0.341200 0.363900 0.010700 0.029700
0 0.231200 0.401900 0.017400 0.022000
0 0.409800 0.846500 0.014500 0.027500
0 0.253400 0.932500 0.012400 0.027900
0 0.527300 0.697900 0.016700 0.020000
0 0.554100 0.478700 0.014400 0.029100
0 0.697400 0.215500 0.012000 0.029200
0 0.615100 0.973300 0.016400 0.023000
0 0.783000 0.326400 0.014700 0.024300
0 0.613600 0.297700 0.013700 0.027500
0 0.094300 0.101900 0.014100 0.024600
0 0.830300 0.166200 0.014400 0.027900
0 0.006400 0.244300 0.012900 0.025000
0 0.693400 0.069500 0.014400 0.024300
0 0.903500 0.950700 0.017300 0.022500
0 0.386400 0.333800 0.017200 0.021800
0 0.094800 0.344200 0.017000 0.021500
0 0.151600 0.683400 0.016200 0.023200
0 0.540600 0.564500 0.017400 0.024700
0 0.116700 0.546600 0.014500 0.027500
0 0.046800 0.469100 0.014000 0.027400
0 0.632600 0.947100 0.016000 0.021100
0 0.205800 0.917700 0.012800 0.026700
0 0.631200 0.266500 0.014200 0.025400
0 0.961700 0.908000 0.013700 0.029600
0 0.035300 0.592800 0.016800 0.020700
0 0.927000 0.507300 0.015600 0.027200
0 0.156100 0.604200 0.014400 0.024600
0 0.469800 0.619500 0.016100 0.025400
0 0.986600 0.421900 0.012500 0.034000
0 0.791000 0.522800 0.017600 0.022400
0 0.159300 0.295300 0.017200 0.020000
0 0.533200 0.730400 0.016300 0.023800
0 0.218300 0.295300 0.017800 0.022100
0 0.581700 0.964000 0.016400 0.020800
0 0.079900 0.591400 0.014500 0.024400
0 0.492700 0.758000 0.015600 0.023400
0 0.708700 0.185600 0.014900 0.025300
0 0.869000 0.184100 0.014100 0.024000
0 0.534100 0.947800 0.013400 0.023700
0 0.624500 0.589200 0.015000 0.026100
0 0.654900 0.745300 0.015900 0.022400
0 0.879600 0.194200 0.015900 0.021600
0 0.494900 0.531000 0.014000 0.027500
0 0.025700 0.981800 0.014800 0.027300
0 0.033300 0.077300 0.016000 0.022500
0 0.304400 0.576400 0.012600 0.031800
0 0.598800 0.285500 0.016100 0.026800
0 0.198500 0.868300 0.016100 0.025000
0 0.422800 0.267900 0.014100 0.030900
0 0.832800 0.855900 0.019400 0.022600
0 0.803200 0.139800 0.014100 0.026300
0 0.901200 0.906800 0.014700 0.026600
0 0.655500 0.308500 0.014100 0.027500
0 0.881200 0.918200 0.015100 0.023800
0 0.569000 0.617300 0.012300 0.031300
0 0.107000 0.610300 0.015700 0.020800
0 0.372300 0.904000 0.014100 0.024800
0 0.279500 0.382900 0.016900 0.022200
0 0.414400 0.156800 0.017700 0.018300
0 0.760000 0.940800 0.016200 0.023100
0 0.854900 0.219500 0.014300 0.029600
0 0.600800 0.507600 0.014900 0.023900
0 0.294500 0.289200 0.014700 0.022900
0 0.965000 0.435800 0.013300 0.032700
0 0.060100 0.668700 0.014000 0.023400
0 0.606500 0.329800 0.014500 0.025100
0 0.246900 0.853500 0.014000 0.026100
0 0.172600 0.506500 0.014400 0.025900
0 0.166400 0.651900 0.015700 0.025000
0 0.384800 0.816900 0.015900 0.020300
0 0.194500 0.497200 0.015300 0.025100
0 0.467200 0.416100 0.018300 0.022700
0 0.255200 0.023400 0.015800 0.025500
0 0.590700 0.708100 0.012300 0.030900
0 0.527500 0.683400 0.015900 0.022300
0 0.243500 0.886000 0.012200 0.030600
0 0.208500 0.742000 0.015700 0.019400
0 0.777800 0.557400 0.016000 0.026800
0 0.877000 0.498600 0.016800 0.025700
0 0.820000 0.270900 0.018200 0.023000
0 0.493300 0.864000 0.015800 0.022400
0 0.589800 0.639200 0.016400 0.022700
0 0.469900 0.357200 0.017000 0.024400
0 0.642300 0.255500 0.013400 0.025600
0 0.667900 0.777800 0.015800 0.025400
0 0.266900 0.270100 0.012400 0.032400
0 0.773000 0.491600 0.016200 0.022700
0 0.547000 0.460600 0.012200 0.028200
0 0.905200 0.696800 0.016700 0.024700
0 0.117500 0.276800 0.012800 0.027500
0 0.263900 0.546800 0.012100 0.032100
0 0.431000 0.214200 0.017600 0.020400
0 0.323000 0.310300 0.016100 0.022600
0 0.746900 0.555100 0.016100 0.021400
0 0.732500 0.183100 0.013200 0.029000
0 0.094200 0.376700 0.016800 0.022200
0 0.471700 0.169600 0.017900 0.021800
0 0.514900 0.468300 0.013800 0.028100
0 0.648700 0.778400 0.014500 0.024500
0 0.421100 0.977900 0.015000 0.019300
0 0.974300 0.096500 0.014600 0.028300
0 0.924100 0.983900 0.018600 0.021200
0 0.472000 0.441600 0.016300 0.027000
0 0.923700 0.691500 0.014500 0.029000
0 0.049100 0.923100 0.014300 0.030400
0 0.242400 0.705300 0.012300 0.028600
0 0.155800 0.254200 0.014700 0.022800
0 0.970100 0.774200 0.017200 0.023200
0 0.454900 0.380700 0.013700 0.029800
0 0.421800 0.754400 0.017400 0.023500
0 0.718900 0.583500 0.016000 0.026700
0 0.603500 0.391700 0.016900 0.023400
0 0.153400 0.869100 0.016800 0.021100
0 0.722200 0.057900 0.012200 0.032100
0 0.605700 0.733100 0.011300 0.035700
0 0.270900 0.395600 0.014400 0.028600
0 0.351300 0.622100 0.013000 0.031800
0 0.695900 0.473700 0.013400 0.029400
0 0.809100 0.922900 0.017600 0.022300
0 0.395500 0.318900 0.017100 0.022100
0 0.091700 0.516600 0.014300 0.028200
0 0.370500 0.335900 0.016700 0.024800
0 0.897100 0.367900 0.013500 0.031900
0 0.470900 0.861400 0.016500 0.021700
0 0.410500 0.596700 0.011900 0.036800
0 0.875900 0.571300 0.016900 0.022000
0 0.756100 0.302800 0.011400 0.031600
0 0.195700 0.048300 0.013600 0.028400
0 0.341200 0.015700 0.019200 0.020200
0 0.735800 0.869400 0.015700 0.026500
0 0.904500 0.239300 0.012300 0.024400
0 0.326200 0.059000 0.017900 0.022500
0 0.695000 0.521200 0.012000 0.034700
0 0.322000 0.094600 0.014700 0.027600
0 0.672100 0.181600 0.016700 0.022700
0 0.285100 0.202000 0.017000 0.021700
0 0.890900 0.345600 0.012600 0.026800
0 0.058000 0.218000 0.011200 0.025400
0 0.307400 0.610300 0.013600 0.028300
0 0.526400 0.643500 0.015300 0.023100
0 0.408900 0.964300 0.015300 0.021300
0 0.764700 0.233000 0.014900 0.024700
0 0.802000 0.743200 0.016200 0.023400
0 0.702100 0.983900 0.017300 0.023100
0 0.060100 0.484500 0.014000 0.029600
0 0.819600 0.017400 0.014000 0.025200
0 0.678700 0.054800 0.017100 0.023700
0 0.933400 0.435400 0.014800 0.024500
0 0.505100 0.806500 0.016900 0.023200
0 0.144800 0.871300 0.014200 0.024500
0 0.970900 0.184800 0.018400 0.022300
0 0.758900 0.197800 0.013000 0.029600
0 0.504900 0.728800 0.013000 0.030700
0 0.225900 0.245400 0.016300 0.023400
0 0.671300 0.256100 0.011600 0.035200
0 0.418000 0.732200 0.015900 0.023700
0 0.293100 0.961600 0.015300 0.022700
0 0.806300 0.766400 0.016600 0.022400
0 0.052900 0.723200 0.015800 0.024100
0 0.348300 0.101900 0.012700 0.030000
0 0.469200 0.068400 0.013900 0.024700
0 0.669300 0.738300 0.015000 0.023800
0 0.151500 0.634100 0.014600 0.024500
0 0.764700 0.193200 0.013400 0.026500
0 0.641500 0.765400 0.014800 0.020300
0 0.908700 0.763600 0.014500 0.023100
0 0.545700 0.676000 0.016600 0.023900
0 0.528000 0.272200 0.015800 0.023900
0 0.420400 0.101700 0.015100 0.022800
0 0.329700 0.798800 0.017300 0.022100
0 0.899500 0.410900 0.013300 0.031800
0 0.266200 0.935600 0.013000 0.026000
0 0.073200 0.509400 0.015200 0.029600
0 0.638500 0.486300 0.016400 0.024200
0 0.131400 0.322400 0.014100 0.029500
0 0.814500 0.102300 0.014300 0.029900
0 0.834400 0.331300 0.016500 0.024000
0 0.247300 0.183500 0.012600 0.033500
0 0.732700 0.380200 0.017800 0.022600
0 0.698900 0.134900 0.016000 0.022900
0 0.611200 0.219200 0.014000 0.028000
0 0.869700 0.332200 0.015300 0.023200
0 0.401100 0.117000 0.012600 0.030300
0 0.351900 0.155900 0.013200 0.028100
0 0.743300 0.623500 0.017600 0.020600
0 0.218100 0.911200 0.012800 0.031700
0 0.305000 0.227200 0.014800 0.022600
0 0.846800 0.973300 0.014400 0.023600
0 0.282700 0.105700 0.015800 0.024500
0 0.208000 0.505900 0.012500 0.032200
0 0.779000 0.517900 0.018700 0.020900
0 0.976600 0.970300 0.015500 0.023400
0 0.601600 0.914100 0.014000 0.026100
0 0.778000 0.033600 0.012900 0.032200
0 0.195500 0.373200 0.013900 0.028200
0 0.421700 0.399100 0.017700 0.024100
0 0.753900 0.569200 0.014300 0.026100
0 0.277800 0.182200 0.013800 0.027200
0 0.580800 0.561700 0.016000 0.021900
0 0.784900 0.704900 0.013600 0.028600
0 0.906900 0.564500 0.017100 0.022400
0 0.941900 0.485000 0.014400 0.025300
0 0.149400 0.044000 0.011200 0.036700
0 0.419100 0.666300 0.015800 0.025100
0 0.805600 0.077300 0.014600 0.024100
0 0.961500 0.694400 0.015100 0.025000
0 0.856700 0.763500 0.015200 0.024500
0 0.473000 0.236300 0.017300 0.023600
0 0.561200 0.747400 0.016100 0.024700
0 0.303700 0.022000 0.020400 0.021100
0 0.713600 0.965000 0.017200 0.022400
0 0.883500 0.132700 0.016900 0.022300
0 0.943300 0.092100 0.011000 0.035300
0 0.426200 0.467300 0.016700 0.023200
0 0.093700 0.354800 0.016400 0.023400
0 0.588500 0.910200 0.016000 0.020700
0 0.986400 0.298000 0.013100 0.030800
0 0.319500 0.842800 0.014600 0.020900
0 0.846800 0.926700 0.013900 0.023000
0 0.838100 0.398900 0.014200 0.024300
0 0.726600 0.129800 0.014800 0.028000
0 0.924100 0.600900 0.016600 0.023700
0 0.942800 0.176900 0.017000 0.022000
0 0.969800 0.339400 0.013200 0.026600
0 0.894700 0.277800 0.014100 0.023600
0 0.989300 0.646100 0.012100 0.023200
0 0.658200 0.685000 0.014900 0.029900
0 0.095000 0.449000 0.016400 0.022000
0 0.310000 0.241200 0.013200 0.026600
0 0.117900 0.301400 0.013000 0.023800
0 0.726500 0.358800 0.015900 0.024900
0 0.524300 0.968200 0.015000 0.023800
0 0.924000 0.339700 0.014300 0.026800
0 0.115800 0.323200 0.014300 0.027300
0 0.298500 0.132100 0.015900 0.022800
0 0.148000 0.186300 0.011800 0.032700
0 0.508700 0.868700 0.016200 0.022900
0 0.796100 0.374400 0.018500 0.020600
0 0.279100 0.760600 0.012800 0.029600
0 0.859300 0.274100 0.017500 0.021400
0 0.467600 0.314400 0.014400 0.029200
0 0.274300 0.813900 0.014900 0.023000
0 0.261500 0.863800 0.012300 0.027900
0 0.364200 0.558600 0.015600 0.022300
0 0.501400 0.838700 0.017100 0.024700
0 0.498700 0.204500 0.017200 0.025200
0 0.111100 0.179200 0.012100 0.027900
0 0.151500 0.922200 0.013300 0.026300
0 0.652500 0.133800 0.013900 0.023800
0 0.073800 0.709000 0.016500 0.023400
0 0.826100 0.057900 0.016000 0.024400
0 0.614400 0.145700 0.013300 0.031600
0 0.690600 0.968800 0.015300 0.023300
0 0.139100 0.547300 0.015400 0.024400
0 0.131100 0.146800 0.013900 0.024400
0 0.613100 0.796000 0.016900 0.024500
0 0.681800 0.497000 0.015500 0.023600
0 0.126800 0.792800 0.012900 0.031600
0 0.754100 0.636700 0.018300 0.020100
0 0.724100 0.402200 0.018000 0.021900
0 0.799000 0.963700 0.015700 0.022300
0 0.560200 0.332600 0.012900 0.033100
0 0.044200 0.423900 0.014800 0.023800
0 0.811400 0.782700 0.014900 0.025000
0 0.438400 0.978300 0.014300 0.022500
0 0.846800 0.904500 0.014700 0.022100
0 0.090300 0.911200 0.014100 0.026700
0 0.495400 0.371600 0.016400 0.026500
0 0.852500 0.728000 0.015400 0.028100
0 0.367000 0.571900 0.013700 0.026300
0 0.840800 0.789500 0.017400 0.023300
0 0.216100 0.168000 0.012600 0.032800
0 0.702000 0.736700 0.016200 0.023100
0 0.663800 0.976300 0.013400 0.028800
0 0.944900 0.971200 0.016700 0.022800
0 0.517800 0.810900 0.015400 0.024700
0 0.782900 0.116900 0.013300 0.028200
0 0.286800 0.017800 0.012600 0.027800
0 0.198800 0.923000 0.015200 0.023800
0 0.691600 0.759000 0.013400 0.025100
0 0.118100 0.154200 0.011100 0.021900
0 0.604000 0.238900 0.013200 0.029000
0 0.591500 0.152100 0.014700 0.024800
0 0.263700 0.184600 0.015900 0.025400
0 0.308700 0.038500 0.019400 0.020600
0 0.048100 0.238200 0.015800 0.022600
0 0.565000 0.180100 0.016000 0.025000
0 0.213400 0.202500 0.015100 0.024600
0 0.680100 0.044300 0.013900 0.026200
0 0.621300 0.038700 0.015000 0.022500
0 0.477700 0.026500 0.012800 0.029700
0 0.939800 0.651900 0.015100 0.024100
0 0.844200 0.070000 0.017000 0.022500
0 0.909500 0.836000 0.014000 0.025100
0 0.208000 0.423600 0.016200 0.025300
0 0.084400 0.648400 0.015800 0.023500
0 0.101500 0.985900 0.016400 0.023700
0 0.981000 0.386500 0.015500 0.023600
0 0.172900 0.210200 0.014900 0.024200
0 0.111100 0.706800 0.011500 0.034900
0 0.201500 0.735500 0.014300 0.021600
0 0.916600 0.234600 0.013900 0.024200
0 0.626000 0.183300 0.017500 0.022200
0 0.629200 0.032700 0.015000 0.022100
0 0.773800 0.923500 0.017200 0.020000
0 0.988200 0.684700 0.012400 0.024400
0 0.626800 0.089200 0.015200 0.025600
0 0.841400 0.076200 0.016900 0.022900
0 0.376200 0.755300 0.015800 0.023500
0 0.649300 0.304400 0.015000 0.025000
0 0.469100 0.915200 0.014300 0.022600
0 0.780300 0.102700 0.012700 0.031200
0 0.198800 0.398200 0.014100 0.027300
0 0.373800 0.691300 0.017900 0.024800
0 0.433800 0.023700 0.013800 0.026500
0 0.501300 0.023700 0.015800 0.028500
0 0.605600 0.438600 0.014300 0.024600
0 0.306500 0.838700 0.013900 0.023700
0 0.323100 0.023700 0.017300 0.023900
0 0.986600 0.583500 0.014800 0.022800
0 0.333600 0.976700 0.013100 0.022300
0 0.930100 0.489600 0.016200 0.023400
0 0.219100 0.381500 0.015500 0.024500
0 0.502600 0.251300 0.014000 0.030800
0 0.344400 0.964600 0.013400 0.024200
0 0.585000 0.536400 0.014200 0.022400
0 0.389200 0.829300 0.014900 0.021200
0 0.669200 0.139000 0.015000 0.025700
0 0.977900 0.939100 0.015800 0.026500
0 0.189600 0.011400 0.010800 0.019100
0 0.480600 0.915300 0.012600 0.020900
0 0.838500 0.151500 0.014500 0.025200
0 0.213281 0.076389 0.018750 0.030556
0 0.555859 0.625000 0.011719 0.036111
0 0.001953 0.631250 0.000781 0.001389
0 0.032812 0.738194 0.015625 0.029167
0 0.869531 0.459722 0.015625 0.022222
0 0.867188 0.474306 0.014062 0.020833
0 0.539844 0.248611 0.015625 0.025000
0 0.217187 0.035417 0.017188 0.018056
0 0.549219 0.257639 0.012500 0.029167
0 0.169531 0.527083 0.014062 0.026389
0 0.162500 0.530556 0.009375 0.038889
0 0.147656 0.518056 0.014062 0.022222
