0 0.717000 0.653700 0.015000 0.026400
0 0.301300 0.360900 0.016200 0.022900
0 0.021400 0.878300 0.020400 0.022500
0 0.450700 0.871300 0.017200 0.022800
0 0.280800 0.290500 0.014700 0.026000
0 0.818900 0.921200 0.016900 0.022500
0 0.046400 0.626400 0.014900 0.024600
0 0.022800 0.942700 0.017800 0.022000
0 0.597200 0.456200 0.017900 0.023400
0 0.759400 0.391100 0.018800 0.023300
0 0.266800 0.822700 0.015800 0.022200
0 0.183800 0.771600 0.015900 0.024900
0 0.245800 0.894600 0.014600 0.026500
0 0.408800 0.605300 0.013700 0.031200
0 0.281600 0.381000 0.014400 0.025600
0 0.280400 0.327000 0.015700 0.021300
0 0.480900 0.907600 0.015300 0.021900
0 0.004600 0.728600 0.009500 0.021600
0 0.310300 0.228800 0.016700 0.019800
0 0.606700 0.617900 0.011200 0.035800
0 0.657900 0.569300 0.015100 0.023200
0 0.854800 0.903900 0.015100 0.024000
0 0.500400 0.540500 0.011200 0.033200
0 0.800900 0.908800 0.017400 0.020700
0 0.915000 0.959700 0.018400 0.022800
0 0.602500 0.490600 0.013400 0.025600
0 0.894100 0.767800 0.013900 0.024800
0 0.010800 0.269200 0.018100 0.022800
0 0.607000 0.570200 0.016000 0.023500
0 0.145900 0.168500 0.014200 0.026600
0 0.268800 0.367100 0.015000 0.022100
0 0.344800 0.477300 0.015500 0.023700
0 0.246500 0.506700 0.016900 0.022700
0 0.639000 0.531600 0.014100 0.029800
0 0.767900 0.494700 0.015500 0.025900
0 0.758000 0.478700 0.018000 0.021000
0 0.271300 0.410000 0.014600 0.027200
0 0.258400 0.491200 0.013700 0.025600
0 0.017500 0.601100 0.015800 0.024800
0 0.365600 0.454600 0.013000 0.024700
0 0.300600 0.471600 0.014100 0.027000
0 0.752300 0.552500 0.014400 0.029600
0 0.630800 0.601900 0.013600 0.028700
0 0.191400 0.916700 0.014300 0.025300
0 0.571100 0.430000 0.016300 0.022800
0 0.479400 0.581100 0.012700 0.031100
0 0.254500 0.841700 0.014200 0.023900
0 0.789300 0.953100 0.015300 0.022500
0 0.727200 0.580800 0.017400 0.024600
0 0.321800 0.922400 0.014800 0.021700
0 0.151500 0.853900 0.016600 0.023600
0 0.480900 0.875700 0.017100 0.022100
0 0.736200 0.255600 0.014600 0.023900
0 0.332300 0.906800 0.014800 0.021600
0 0.815800 0.439300 0.014500 0.027400
0 0.026100 0.292100 0.016800 0.027900
0 0.581900 0.541100 0.016700 0.023800
0 0.510400 0.652500 0.015400 0.021300
0 0.283000 0.802000 0.015200 0.022800
0 0.668900 0.594700 0.014900 0.025300
0 0.016100 0.295300 0.019300 0.025200
0 0.315000 0.451600 0.011300 0.031700
0 0.057600 0.246800 0.014800 0.026500
0 0.210100 0.902800 0.013600 0.029100
0 0.053500 0.694300 0.018200 0.021600
0 0.643000 0.258000 0.014200 0.023600
0 0.781900 0.518700 0.019400 0.025100
0 0.807300 0.741500 0.016200 0.023800
0 0.144100 0.553100 0.014200 0.025000
0 0.765600 0.920400 0.016600 0.022300
0 0.164100 0.676400 0.015600 0.021400
0 0.571100 0.556400 0.016900 0.022600
0 0.859100 0.402000 0.014600 0.023400
0 0.533900 0.633600 0.013900 0.025900
0 0.155800 0.869200 0.017000 0.023600
0 0.730900 0.621300 0.017700 0.024500
0 0.602400 0.940200 0.015300 0.024000
0 0.339300 0.376600 0.011900 0.032600
0 0.756000 0.696700 0.016500 0.022400
0 0.772400 0.222000 0.015300 0.027200
0 0.115500 0.815700 0.014000 0.029300
0 0.151800 0.666800 0.015000 0.024600
0 0.973400 0.852700 0.012400 0.034100
0 0.769300 0.960900 0.015400 0.022500
0 0.732100 0.110400 0.014400 0.032000
0 0.258200 0.456800 0.012800 0.033900
0 0.708800 0.983000 0.018800 0.019900
0 0.142600 0.304400 0.017900 0.023400
0 0.719400 0.961500 0.017700 0.022100
0 0.042000 0.583200 0.015600 0.023400
0 0.380100 0.920400 0.014000 0.026400
0 0.664900 0.494500 0.015600 0.022900
0 0.679300 0.860000 0.012200 0.027300
0 0.397200 0.658900 0.016500 0.024300
0 0.142000 0.919000 0.015800 0.022300
0 0.173500 0.530000 0.013900 0.027200
0 0.673500 0.264900 0.013500 0.027400
0 0.286000 0.728800 0.014900 0.030800
0 0.145800 0.939200 0.014400 0.026600
0 0.542500 0.855200 0.014600 0.026500
0 0.967200 0.457000 0.014200 0.028700
0 0.066800 0.490900 0.012100 0.028300
0 0.515200 0.957100 0.015200 0.023300
0 0.860400 0.771600 0.014800 0.027500
0 0.701400 0.071800 0.016100 0.024400
0 0.344200 0.877300 0.015000 0.023300
0 0.643000 0.447800 0.012000 0.029800
0 0.653200 0.663700 0.014100 0.029100
0 0.625800 0.933800 0.015000 0.024400
0 0.191500 0.878600 0.013900 0.028900
0 0.609000 0.431200 0.015600 0.022700
0 0.132600 0.457700 0.016500 0.024600
0 0.246200 0.533700 0.017900 0.021300
0 0.913900 0.835100 0.014400 0.025400
0 0.654600 0.244900 0.013300 0.021900
0 0.622900 0.794100 0.016700 0.021400
0 0.008300 0.623400 0.014500 0.025800
0 0.623300 0.483700 0.018700 0.023100
0 0.302400 0.971400 0.015200 0.021700
0 0.185700 0.663500 0.013700 0.027200
0 0.277000 0.914300 0.014100 0.024300
0 0.085700 0.921100 0.017200 0.019900
0 0.145800 0.029800 0.016500 0.026300
0 0.857200 0.927000 0.013400 0.023900
0 0.355900 0.983900 0.015600 0.023100
0 0.908100 0.504800 0.015200 0.025600
0 0.682500 0.668600 0.015200 0.021800
0 0.418500 0.214400 0.016000 0.021800
0 0.365200 0.907000 0.014300 0.025100
0 0.334700 0.315100 0.016000 0.027200
0 0.728500 0.195000 0.011900 0.031400
0 0.179200 0.483400 0.011000 0.036400
0 0.377400 0.345700 0.016200 0.021600
0 0.508000 0.829800 0.019500 0.023500
0 0.659000 0.795300 0.014700 0.027800
0 0.670300 0.546900 0.014300 0.025800
0 0.806800 0.767100 0.015500 0.022600
0 0.773500 0.576300 0.012600 0.030900
0 0.343500 0.185300 0.015900 0.024000
0 0.818500 0.782400 0.014600 0.027300
0 0.113700 0.330000 0.016000 0.027100
0 0.503400 0.755100 0.017200 0.022900
0 0.697700 0.231000 0.012500 0.031500
0 0.632500 0.776900 0.016000 0.022400
0 0.832400 0.867500 0.017000 0.021500
0 0.133400 0.557700 0.015000 0.023800
0 0.248900 0.035400 0.016400 0.027600
0 0.422100 0.966300 0.013800 0.022500
0 0.721900 0.372400 0.018500 0.020400
0 0.553300 0.865900 0.014500 0.025000
0 0.051900 0.458100 0.016400 0.023700
0 0.304200 0.247000 0.015000 0.024200
0 0.953500 0.457100 0.013800 0.027200
0 0.739400 0.556200 0.016200 0.024300
0 0.905900 0.920700 0.012800 0.030700
0 0.807600 0.717900 0.016700 0.024800
0 0.569800 0.965100 0.015100 0.024700
0 0.182800 0.567800 0.012300 0.032400
0 0.810400 0.259200 0.017000 0.021700
0 0.696600 0.804500 0.012800 0.023400
0 0.052700 0.908400 0.015700 0.026500
0 0.723600 0.041600 0.013000 0.025900
0 0.131900 0.308600 0.016700 0.023500
0 0.055200 0.501800 0.012000 0.033400
0 0.735300 0.386300 0.021900 0.018900
0 0.756300 0.933800 0.016900 0.021500
0 0.844600 0.982000 0.014800 0.026200
0 0.934400 0.239400 0.015600 0.022600
0 0.206900 0.729600 0.014800 0.025300
0 0.209500 0.379800 0.015700 0.022400
0 0.250500 0.642400 0.011900 0.034700
0 0.007200 0.458300 0.009900 0.023000
0 0.084100 0.444100 0.017000 0.020300
0 0.156500 0.545200 0.013700 0.027600
0 0.530700 0.960700 0.016400 0.021400
0 0.021900 0.204100 0.014000 0.026800
0 0.076900 0.642100 0.015200 0.022600
0 0.840800 0.889600 0.015900 0.021900
0 0.611800 0.310100 0.012700 0.029100
0 0.519800 0.668300 0.014800 0.022600
0 0.864100 0.493900 0.017000 0.024700
0 0.347700 0.614000 0.012400 0.031800
0 0.145900 0.595500 0.014800 0.024400
0 0.888900 0.360900 0.013900 0.024000
0 0.481600 0.850800 0.018300 0.022100
0 0.316600 0.803300 0.017800 0.022300
0 0.789000 0.614000 0.015100 0.022700
0 0.530600 0.543900 0.013000 0.028800
0 0.920600 0.228800 0.018000 0.024600
0 0.655900 0.343100 0.015500 0.021000
0 0.971800 0.391800 0.016400 0.022900
0 0.568100 0.191200 0.015800 0.024500
0 0.776900 0.366000 0.018500 0.021700
0 0.276200 0.977300 0.012900 0.029900
0 0.852800 0.018500 0.014800 0.025200
0 0.978200 0.585700 0.017100 0.021100
0 0.192200 0.684700 0.013400 0.024400
0 0.410600 0.278700 0.013600 0.028100
0 0.145500 0.145900 0.016100 0.020500
0 0.090800 0.504100 0.012600 0.028800
0 0.706800 0.834700 0.013100 0.028900
0 0.291600 0.393700 0.014400 0.027800
0 0.609900 0.521700 0.013600 0.024600
0 0.895300 0.377700 0.013800 0.024000
0 0.670400 0.625700 0.011600 0.032300
0 0.896500 0.733800 0.015600 0.025500
0 0.622600 0.814100 0.014500 0.026400
0 0.556400 0.468300 0.012700 0.026800
0 0.073400 0.573600 0.017100 0.021600
0 0.084100 0.702600 0.018200 0.021000
0 0.697200 0.744100 0.015700 0.022200
0 0.954100 0.702600 0.014000 0.027600
0 0.928000 0.740700 0.014100 0.025100
0 0.540600 0.666200 0.012900 0.025700
0 0.065700 0.706600 0.017600 0.020200
0 0.309700 0.841700 0.015000 0.024000
0 0.897400 0.571200 0.017900 0.023000
0 0.982400 0.894200 0.013500 0.031000
0 0.614500 0.420700 0.015900 0.021500
0 0.718400 0.181400 0.015100 0.021600
0 0.753400 0.854900 0.013300 0.029500
0 0.672900 0.321700 0.015800 0.022100
0 0.040500 0.070400 0.014600 0.026600
0 0.584700 0.729700 0.012700 0.035400
0 0.556000 0.614600 0.011500 0.032700
0 0.398200 0.517800 0.014700 0.027800
0 0.502500 0.865200 0.018000 0.021100
0 0.220600 0.195500 0.015100 0.024400
0 0.664700 0.959200 0.013000 0.027100
0 0.606300 0.392900 0.015200 0.023900
0 0.903200 0.392700 0.014200 0.025800
0 0.957900 0.294200 0.016500 0.025300
0 0.204200 0.548400 0.012200 0.032900
0 0.521800 0.627300 0.015200 0.023700
0 0.384200 0.842800 0.014800 0.025200
0 0.790500 0.341400 0.012900 0.028600
0 0.502600 0.483300 0.015400 0.024200
0 0.507600 0.365100 0.018300 0.021300
0 0.531900 0.267400 0.016200 0.024000
0 0.605200 0.894000 0.013300 0.028000
0 0.920100 0.702800 0.015200 0.025700
0 0.356200 0.580000 0.014200 0.024600
0 0.844700 0.065700 0.016700 0.025300
0 0.335200 0.054700 0.017100 0.022900
0 0.053100 0.961300 0.013400 0.032700
0 0.128900 0.781100 0.012600 0.033400
0 0.381300 0.683300 0.014200 0.030900
0 0.302300 0.580100 0.013200 0.029700
0 0.415400 0.404000 0.016000 0.023200
0 0.108600 0.376000 0.016100 0.023000
0 0.581300 0.638500 0.014400 0.025200
0 0.713000 0.622900 0.015900 0.026300
0 0.726200 0.848200 0.013600 0.031300
0 0.478500 0.421600 0.016800 0.022400
0 0.548100 0.221200 0.014600 0.030500
0 0.206200 0.642300 0.013100 0.028700
0 0.240200 0.597200 0.015900 0.026500
0 0.223000 0.921000 0.012300 0.033700
0 0.482700 0.166600 0.016300 0.023500
0 0.471000 0.322000 0.016700 0.023200
0 0.232400 0.246300 0.016700 0.023700
0 0.141100 0.882300 0.012500 0.030400
0 0.601100 0.347100 0.012500 0.028700
0 0.705000 0.440400 0.016500 0.023200
0 0.919500 0.258700 0.015000 0.025700
0 0.685700 0.131700 0.015800 0.022300
0 0.166500 0.291800 0.019100 0.022200
0 0.043800 0.158200 0.015600 0.025200
0 0.265000 0.851900 0.013500 0.028900
0 0.265100 0.560900 0.012700 0.031400
0 0.932800 0.602200 0.016500 0.023900
0 0.674200 0.676500 0.014800 0.023300
0 0.572000 0.592600 0.013600 0.024600
0 0.783300 0.684800 0.013900 0.027500
0 0.667600 0.352100 0.016200 0.021200
0 0.393900 0.339200 0.015500 0.022900
0 0.581700 0.290200 0.015500 0.022200
0 0.598500 0.903700 0.014600 0.024600
0 0.839000 0.667000 0.017300 0.023900
0 0.398400 0.171000 0.018700 0.020700
0 0.194000 0.751800 0.014300 0.026800
0 0.635500 0.172900 0.015500 0.022900
0 0.413700 0.469200 0.017600 0.021400
0 0.002600 0.109200 0.007000 0.035300
0 0.854000 0.739000 0.014900 0.025500
0 0.212000 0.072900 0.015300 0.028100
0 0.402600 0.886300 0.014800 0.025100
0 0.955500 0.158000 0.015900 0.022100
0 0.552400 0.191200 0.016200 0.023600
0 0.930000 0.415000 0.013100 0.030500
0 0.360900 0.747400 0.018400 0.025000
0 0.186600 0.016600 0.013600 0.025200
0 0.842200 0.741400 0.011900 0.033300
0 0.604400 0.227800 0.010900 0.035200
0 0.543100 0.741000 0.015200 0.024100
0 0.871500 0.856300 0.012400 0.032800
0 0.677100 0.434300 0.013600 0.027900
0 0.947600 0.208000 0.014800 0.027300
0 0.410600 0.753100 0.017800 0.021900
0 0.938300 0.522200 0.015300 0.026700
0 0.505100 0.032200 0.012700 0.025700
0 0.232200 0.697400 0.013100 0.033200
0 0.515500 0.472800 0.014900 0.025300
0 0.309400 0.597300 0.013800 0.027000
0 0.516800 0.697700 0.016900 0.021800
0 0.642700 0.835700 0.013100 0.026100
0 0.458100 0.744600 0.015200 0.027500
0 0.103400 0.117600 0.014600 0.027200
0 0.942500 0.657300 0.013000 0.030500
0 0.846000 0.856700 0.016900 0.022900
0 0.668800 0.060400 0.016200 0.024900
0 0.895200 0.152800 0.016400 0.028600
0 0.110700 0.695700 0.014400 0.029100
0 0.613800 0.233500 0.010800 0.033800
0 0.116600 0.289200 0.014500 0.024200
0 0.248700 0.686500 0.013900 0.029000
0 0.498100 0.815500 0.019600 0.021400
0 0.694100 0.503800 0.013100 0.025600
0 0.944200 0.106800 0.013000 0.030700
0 0.732800 0.411600 0.015600 0.027100
0 0.978800 0.775900 0.016100 0.024300
0 0.599000 0.515300 0.013200 0.024400
0 0.423400 0.102600 0.016400 0.022600
0 0.678400 0.729500 0.016200 0.022500
0 0.917900 0.488800 0.016300 0.025300
0 0.216300 0.408700 0.017000 0.022400
0 0.231100 0.111400 0.014200 0.026900
0 0.534400 0.241200 0.014400 0.023200
0 0.592600 0.832500 0.011800 0.035900
0 0.127600 0.847600 0.017000 0.022700
0 0.623200 0.716800 0.014400 0.028200
0 0.660900 0.323300 0.014600 0.024300
0 0.406800 0.855800 0.014800 0.024400
0 0.985600 0.935300 0.015800 0.025300
0 0.119900 0.265600 0.014700 0.021700
0 0.906500 0.308000 0.010700 0.030300
0 0.005100 0.207200 0.010900 0.027400
0 0.570900 0.733200 0.012500 0.034300
0 0.684400 0.951700 0.015700 0.021400
0 0.720800 0.351800 0.020300 0.019800
0 0.656900 0.119100 0.014000 0.022200
0 0.646800 0.761200 0.015100 0.022200
0 0.379100 0.551600 0.014500 0.021000
0 0.380100 0.161000 0.016100 0.022900
0 0.045800 0.439300 0.013000 0.028100
0 0.304400 0.089600 0.015500 0.024300
0 0.029200 0.725700 0.018300 0.021700
0 0.210500 0.483400 0.012300 0.033900
0 0.804900 0.643100 0.016300 0.023200
0 0.209200 0.021000 0.014300 0.024000
0 0.981300 0.440400 0.013600 0.029600
0 0.492100 0.208400 0.017000 0.023200
0 0.783000 0.047500 0.014800 0.028100
0 0.459000 0.589100 0.016400 0.024900
0 0.078400 0.831300 0.016300 0.025000
0 0.700800 0.690300 0.014400 0.024900
0 0.691300 0.029300 0.013400 0.029200
0 0.293600 0.032700 0.016100 0.026500
0 0.458900 0.390000 0.015600 0.023200
0 0.646100 0.816100 0.013800 0.021600
0 0.406900 0.318200 0.014800 0.023500
0 0.505500 0.260400 0.015200 0.024700
0 0.973200 0.333400 0.017000 0.023500
0 0.879300 0.158900 0.014100 0.029800
0 0.213500 0.155000 0.013600 0.025000
0 0.348000 0.115300 0.014600 0.023900
0 0.830100 0.168000 0.012800 0.030500
0 0.329700 0.080400 0.014600 0.026900
0 0.866300 0.581200 0.016500 0.025500
0 0.549500 0.447900 0.012800 0.025000
0 0.399300 0.106400 0.015500 0.025200
0 0.605000 0.719100 0.012800 0.031800
0 0.196400 0.428100 0.014400 0.022700
0 0.658000 0.301100 0.014500 0.023600
0 0.264500 0.776200 0.014800 0.025000
0 0.710600 0.352800 0.019000 0.019900
0 0.624000 0.958700 0.016200 0.024500
0 0.861100 0.329200 0.017700 0.022800
0 0.644600 0.122100 0.015900 0.022800
0 0.971200 0.948200 0.016200 0.025700
0 0.352800 0.939500 0.016100 0.026100
0 0.147400 0.518300 0.013400 0.022200
0 0.489000 0.384900 0.019100 0.022800
0 0.717000 0.201100 0.011600 0.028500
0 0.891200 0.913600 0.015400 0.025300
0 0.429500 0.018900 0.013500 0.028500
0 0.478500 0.352500 0.016900 0.022900
0 0.310100 0.121800 0.014900 0.025000
0 0.196900 0.409500 0.014200 0.022900
0 0.618600 0.140000 0.015100 0.025200
0 0.152900 0.638900 0.014900 0.024600
0 0.671800 0.147700 0.012200 0.032500
0 0.833000 0.051500 0.016600 0.023500
0 0.731600 0.047800 0.012600 0.027000
0 0.969900 0.353300 0.013800 0.029800
0 0.252000 0.915100 0.014500 0.024400
0 0.052100 0.184000 0.012300 0.032800
0 0.782600 0.090200 0.013100 0.026100
0 0.424700 0.673800 0.014200 0.028200
0 0.392900 0.827000 0.017400 0.020600
0 0.145000 0.248000 0.016800 0.024500
0 0.623900 0.018900 0.017400 0.022000
0 0.905400 0.254000 0.012200 0.029600
0 0.288900 0.117000 0.013600 0.031000
0 0.478200 0.826000 0.018700 0.022600
0 0.411400 0.726400 0.014800 0.025200
0 0.457500 0.411400 0.016700 0.022300
0 0.793800 0.864600 0.014400 0.022000
0 0.845600 0.401100 0.014500 0.026900
0 0.634500 0.073000 0.013200 0.028900
0 0.189100 0.206500 0.016600 0.025200
0 0.275600 0.886600 0.013200 0.026700
0 0.419900 0.165900 0.015500 0.019800
0 0.686500 0.489200 0.013700 0.023000
0 0.970500 0.086300 0.017200 0.024800
0 0.583600 0.018100 0.012100 0.032000
0 0.696000 0.486100 0.013000 0.026000
0 0.213900 0.644000 0.012300 0.032000
0 0.198300 0.389300 0.012600 0.026500
0 0.588500 0.271300 0.014700 0.027600
0 0.463500 0.621400 0.016000 0.024300
0 0.664200 0.746500 0.018200 0.020700
0 0.634600 0.035300 0.017500 0.022000
0 0.929100 0.174100 0.016100 0.022900
0 0.351000 0.142200 0.012900 0.030500
0 0.083900 0.940400 0.015100 0.025700
0 0.932800 0.623100 0.015900 0.025900
0 0.227800 0.298500 0.016100 0.025600
0 0.532700 0.935800 0.010600 0.035300
0 0.258600 0.276000 0.010100 0.035000
0 0.479300 0.463800 0.014800 0.029200
0 0.736500 0.785500 0.016600 0.020200
0 0.960800 0.947200 0.017100 0.024300
0 0.880500 0.213900 0.016200 0.023100
0 0.398500 0.964000 0.015300 0.022100
0 0.201600 0.029600 0.016600 0.021600
0 0.550900 0.268500 0.013600 0.027400
0 0.116300 0.598400 0.013900 0.027900
0 0.644000 0.736300 0.016100 0.022600
0 0.781100 0.435000 0.015100 0.023500
0 0.496700 0.023000 0.014200 0.024500
0 0.826100 0.339000 0.017700 0.023200
0 0.957500 0.926300 0.015700 0.025400
0 0.013600 0.138800 0.013700 0.028300
0 0.114700 0.158000 0.015300 0.023100
0 0.814300 0.070200 0.016300 0.021900
0 0.555500 0.314100 0.013000 0.027800
0 0.367100 0.560900 0.014100 0.021900
0 0.884400 0.208000 0.015600 0.024000
0 0.698500 0.965600 0.015600 0.020000
0 0.734900 0.638900 0.017200 0.023800
0 0.406400 0.845900 0.016200 0.021800
0 0.844400 0.274000 0.015600 0.020100
0 0.850600 0.948600 0.013300 0.026200
0 0.970800 0.598600 0.016200 0.023900
0 0.186700 0.058300 0.015100 0.026100
0 0.749000 0.321200 0.015500 0.023600
0 0.797800 0.126600 0.014100 0.028700
0 0.889200 0.204500 0.016300 0.023600
0 0.924100 0.472600 0.016300 0.024000
0 0.939000 0.969200 0.015200 0.026000
0 0.993100 0.684300 0.010400 0.025500
0 0.251700 0.191100 0.015400 0.027500
0 0.423800 0.282000 0.012900 0.031300
0 0.938800 0.286300 0.016300 0.024800
0 0.789500 0.102000 0.013600 0.025300
0 0.203500 0.686400 0.013400 0.024800
0 0.496500 0.848300 0.019100 0.021100
0 0.722400 0.381300 0.017700 0.021400
0 0.273200 0.206800 0.016400 0.021100
0 0.835900 0.067000 0.017000 0.023000
0 0.382600 0.889800 0.013300 0.027100
0 0.484900 0.238500 0.018000 0.023100
0 0.994000 0.645700 0.009200 0.024800
0 0.761900 0.192100 0.013700 0.028300
0 0.429300 0.165100 0.014800 0.021500
0 0.578100 0.602000 0.013200 0.026300
0 0.826300 0.183400 0.015300 0.024100
0 0.017000 0.190100 0.013200 0.026700
0 0.699000 0.791800 0.012800 0.024400
0 0.850800 0.209000 0.014100 0.030600
0 0.713100 0.732600 0.015000 0.027600
0 0.095600 0.496700 0.012600 0.026100
0 0.655800 0.953800 0.013400 0.024100
0 0.936800 0.456500 0.014700 0.025800
0 0.763400 0.018200 0.015900 0.022000
0 0.917600 0.326900 0.012700 0.032400
0 0.081600 0.823500 0.014800 0.023200
0 0.462109 0.077778 0.022656 0.022222
0 0.475391 0.040972 0.017969 0.026389
0 0.987109 0.286806 0.013281 0.040278
0 0.498828 0.711111 0.017969 0.033333
0 0.878906 0.447222 0.012500 0.025000
0 0.877344 0.459722 0.015625 0.022222
0 0.416406 0.975694 0.015625 0.018056
0 0.246094 0.577083 0.015625 0.018056
0 0.039062 0.413194 0.017188 0.020833
0 0.236719 0.787500 0.009375 0.025000
0 0.232812 0.797917 0.014062 0.018056
0 0.079687 0.344444 0.012500 0.022222
0 0.088281 0.338889 0.010937 0.033333
