0 0.408500 0.959400 0.011800 0.025800
0 0.834700 0.359200 0.012500 0.031900
0 0.494200 0.873300 0.013400 0.028900
0 0.848800 0.689700 0.015200 0.027800
0 0.004200 0.707800 0.009800 0.027700
0 0.633300 0.685400 0.015700 0.022600
0 0.635300 0.660200 0.014700 0.025800
0 0.377400 0.919500 0.014700 0.026300
0 0.452600 0.897500 0.014300 0.026600
0 0.869600 0.705400 0.013000 0.032200
0 0.826200 0.711200 0.012100 0.034100
0 0.193200 0.817900 0.015600 0.024800
0 0.492900 0.725700 0.011200 0.035100
0 0.718400 0.591900 0.014200 0.025700
0 0.676000 0.668900 0.014600 0.025400
0 0.782100 0.690500 0.015400 0.026300
0 0.089400 0.765100 0.017100 0.023800
0 0.438200 0.870100 0.013400 0.030500
0 0.853800 0.572600 0.017900 0.021300
0 0.196100 0.844400 0.015900 0.022800
0 0.228700 0.926300 0.017300 0.019100
0 0.190000 0.768400 0.014200 0.026100
0 0.285600 0.793000 0.017300 0.021900
0 0.894900 0.971900 0.016300 0.022800
0 0.555100 0.554700 0.017500 0.023000
0 0.878300 0.383200 0.014000 0.030300
0 0.484500 0.834000 0.015000 0.023400
0 0.433600 0.617400 0.017600 0.022000
0 0.511500 0.704000 0.015800 0.028900
0 0.248100 0.960500 0.018600 0.020700
0 0.113400 0.732000 0.013000 0.026400
0 0.139400 0.797000 0.017900 0.024000
0 0.529600 0.447200 0.013800 0.028500
0 0.461100 0.243000 0.013800 0.028600
0 0.727000 0.060200 0.018100 0.022400
0 0.969100 0.973300 0.016600 0.026500
0 0.418700 0.721600 0.017400 0.024700
0 0.010100 0.903300 0.018300 0.022700
0 0.816200 0.321800 0.012600 0.031000
0 0.381900 0.860700 0.015000 0.025300
0 0.789600 0.340900 0.015000 0.023500
0 0.370300 0.493900 0.013500 0.032800
0 0.719800 0.456600 0.014000 0.025200
0 0.505200 0.890900 0.013700 0.024300
0 0.919500 0.944200 0.014800 0.027800
0 0.865500 0.906200 0.012300 0.033600
0 0.784900 0.956400 0.014400 0.028000
0 0.428000 0.831800 0.014500 0.028200
0 0.226700 0.948300 0.013900 0.027000
0 0.891800 0.729000 0.017300 0.024300
0 0.020600 0.480400 0.015900 0.021200
0 0.547600 0.433000 0.016300 0.023000
0 0.533100 0.841000 0.015600 0.023400
0 0.028500 0.673600 0.018800 0.022400
0 0.377700 0.985800 0.013200 0.025500
0 0.705200 0.933700 0.014200 0.021400
0 0.420200 0.816500 0.013000 0.028600
0 0.701100 0.704100 0.013600 0.023800
0 0.509600 0.913900 0.015400 0.027100
0 0.763900 0.364800 0.012900 0.029600
0 0.455500 0.384900 0.014600 0.025900
0 0.269000 0.685600 0.016500 0.022900
0 0.606900 0.635300 0.016500 0.021400
0 0.656800 0.857400 0.015300 0.020700
0 0.958600 0.893600 0.015800 0.021400
0 0.420300 0.889100 0.011700 0.032600
0 0.778600 0.527100 0.016000 0.025500
0 0.332400 0.919200 0.016400 0.027200
0 0.607500 0.890000 0.016500 0.021600
0 0.321200 0.510300 0.015200 0.023000
0 0.889200 0.751100 0.016500 0.021600
0 0.583100 0.647800 0.017100 0.020800
0 0.047200 0.847400 0.016200 0.026300
0 0.347100 0.890500 0.016200 0.031700
0 0.955300 0.943000 0.015500 0.028000
0 0.541700 0.494500 0.014200 0.024800
0 0.828800 0.731100 0.016300 0.025100
0 0.511900 0.793000 0.013800 0.026700
0 0.729300 0.933700 0.015100 0.022400
0 0.233800 0.866300 0.017000 0.022200
0 0.808200 0.645700 0.013000 0.035200
0 0.391800 0.886700 0.012900 0.026800
0 0.615200 0.723800 0.016700 0.022100
0 0.699000 0.685300 0.017000 0.020400
0 0.152400 0.370100 0.013800 0.030100
0 0.765800 0.542200 0.012300 0.031400
0 0.547000 0.633700 0.016600 0.022200
0 0.816700 0.782000 0.013200 0.029900
0 0.788700 0.707400 0.015500 0.026800
0 0.780300 0.394900 0.014800 0.024100
0 0.193800 0.973000 0.012300 0.032100
0 0.027300 0.984700 0.019100 0.022700
0 0.428900 0.772000 0.016200 0.023300
0 0.379400 0.633400 0.015800 0.022800
0 0.231600 0.142400 0.012300 0.031900
0 0.403700 0.319900 0.014400 0.025000
0 0.665600 0.639000 0.016700 0.021500
0 0.114700 0.759200 0.016100 0.022200
0 0.360300 0.183400 0.012800 0.029400
0 0.605700 0.853400 0.016100 0.024500
0 0.271200 0.858200 0.014700 0.026100
0 0.619700 0.496900 0.016600 0.023700
0 0.747200 0.609400 0.012900 0.030100
0 0.496600 0.327400 0.015000 0.024800
0 0.540000 0.909500 0.016400 0.022000
0 0.573700 0.347000 0.016500 0.024100
0 0.006100 0.468400 0.010600 0.020800
0 0.955500 0.567100 0.013800 0.028800
0 0.977000 0.782800 0.014800 0.025500
0 0.991100 0.491300 0.013000 0.026000
0 0.394400 0.495200 0.013100 0.032100
0 0.506400 0.513900 0.015900 0.023600
0 0.143700 0.571200 0.012900 0.024700
0 0.019500 0.655200 0.018500 0.025200
0 0.695000 0.614200 0.014300 0.020600
0 0.864100 0.406100 0.017400 0.026100
0 0.331700 0.433200 0.015700 0.021000
0 0.843700 0.423300 0.014600 0.028100
0 0.078900 0.447100 0.016800 0.022500
0 0.009900 0.571500 0.016900 0.023500
0 0.324000 0.714900 0.015300 0.027200
0 0.523100 0.476400 0.013700 0.025700
0 0.766500 0.194200 0.017600 0.021200
0 0.356900 0.953800 0.014500 0.027300
0 0.646100 0.617400 0.015300 0.025900
0 0.672700 0.741100 0.016300 0.025400
0 0.689700 0.582800 0.014500 0.026000
0 0.243600 0.591800 0.016200 0.023100
0 0.831700 0.956400 0.017300 0.026800
0 0.148100 0.252500 0.016400 0.020300
0 0.456400 0.185400 0.015400 0.027200
0 0.303900 0.457000 0.019500 0.019400
0 0.259400 0.253800 0.014300 0.027900
0 0.757400 0.654100 0.013600 0.026900
0 0.472500 0.532000 0.017200 0.024000
0 0.107300 0.709600 0.015300 0.019200
0 0.003800 0.970900 0.009000 0.023800
0 0.743500 0.796300 0.016400 0.024200
0 0.194700 0.307100 0.014900 0.027900
0 0.160900 0.642200 0.015300 0.022000
0 0.730700 0.679200 0.017000 0.019800
0 0.440300 0.439300 0.011100 0.039300
0 0.934100 0.180100 0.014100 0.024600
0 0.403700 0.923300 0.016100 0.021900
0 0.581100 0.695700 0.016800 0.020000
0 0.454700 0.714100 0.014700 0.024600
0 0.518500 0.407000 0.012400 0.031700
0 0.683600 0.455200 0.014900 0.024400
0 0.753800 0.342100 0.015900 0.023500
0 0.739600 0.227000 0.016100 0.023700
0 0.416000 0.984300 0.012200 0.025400
0 0.043400 0.342500 0.015000 0.025300
0 0.749300 0.577000 0.015100 0.022300
0 0.020100 0.184100 0.014600 0.028800
0 0.552400 0.616100 0.016800 0.022600
0 0.592500 0.546300 0.014500 0.027000
0 0.620000 0.201200 0.018200 0.023400
0 0.093200 0.257800 0.015600 0.021800
0 0.226000 0.786300 0.016200 0.023100
0 0.288700 0.765700 0.015800 0.023800
0 0.764000 0.444500 0.014300 0.025100
0 0.171000 0.571100 0.016000 0.023900
0 0.557700 0.686400 0.016800 0.021100
0 0.590600 0.483500 0.011800 0.033900
0 0.740200 0.966000 0.013200 0.026500
0 0.347800 0.590500 0.015700 0.023900
0 0.283900 0.277800 0.016000 0.023900
0 0.397400 0.166300 0.013500 0.026100
0 0.292800 0.940700 0.017500 0.021400
0 0.482600 0.479000 0.015600 0.025700
0 0.538900 0.647400 0.015700 0.022800
0 0.880400 0.891900 0.016000 0.023100
0 0.547100 0.571300 0.017200 0.024000
0 0.928100 0.357400 0.018200 0.022900
0 0.676400 0.094600 0.015200 0.025200
0 0.645000 0.389400 0.016900 0.022500
0 0.153000 0.056800 0.015100 0.027400
0 0.045800 0.320700 0.014600 0.025300
0 0.370400 0.589100 0.013600 0.023900
0 0.802400 0.457400 0.012500 0.029400
0 0.427100 0.364900 0.011200 0.032800
0 0.369200 0.151500 0.015700 0.024300
0 0.169100 0.604000 0.014800 0.023900
0 0.866400 0.454700 0.015500 0.027000
0 0.989700 0.780600 0.010500 0.028100
0 0.107100 0.144100 0.016800 0.024300
0 0.145300 0.595500 0.015100 0.022500
0 0.044200 0.628900 0.015500 0.024700
0 0.813400 0.552400 0.015400 0.022700
0 0.434700 0.239900 0.014700 0.024000
0 0.342400 0.966100 0.014500 0.024700
0 0.533300 0.602900 0.016700 0.024600
0 0.853500 0.917400 0.012800 0.033300
0 0.050700 0.907800 0.014800 0.029200
0 0.956900 0.140000 0.014900 0.025900
0 0.246200 0.670000 0.018400 0.026600
0 0.589900 0.869800 0.017300 0.022300
0 0.242800 0.325900 0.015300 0.023400
0 0.117600 0.869300 0.017100 0.022800
0 0.719100 0.478400 0.012700 0.030000
0 0.071100 0.104400 0.016800 0.024200
0 0.706500 0.019900 0.016400 0.024500
0 0.639400 0.431200 0.015700 0.023300
0 0.445300 0.057800 0.017500 0.022100
0 0.026900 0.655800 0.018100 0.025300
0 0.489800 0.422500 0.016300 0.024500
0 0.061300 0.564400 0.014300 0.023300
0 0.657500 0.265500 0.017300 0.023700
0 0.365900 0.097500 0.015700 0.021800
0 0.728000 0.253800 0.017800 0.026900
0 0.472800 0.798300 0.012700 0.031600
0 0.208300 0.677500 0.016800 0.021800
0 0.970700 0.015400 0.016600 0.021900
0 0.660600 0.084400 0.012600 0.027800
0 0.494400 0.588600 0.017000 0.022900
0 0.702400 0.782400 0.017100 0.024200
0 0.705600 0.382900 0.016800 0.023500
0 0.160900 0.879800 0.015300 0.022200
0 0.310800 0.758200 0.016600 0.023300
0 0.008400 0.203400 0.013700 0.026900
0 0.596800 0.416300 0.013000 0.027000
0 0.214900 0.508300 0.013700 0.025800
0 0.751300 0.776200 0.018800 0.021800
0 0.004500 0.264400 0.009300 0.021900
0 0.109900 0.622100 0.013400 0.032400
0 0.030900 0.222100 0.016500 0.020700
0 0.847200 0.944400 0.013600 0.029900
0 0.245300 0.085100 0.013600 0.029500
0 0.302900 0.607300 0.014000 0.028200
0 0.501900 0.368700 0.011200 0.034800
0 0.619900 0.822100 0.013200 0.025500
0 0.281100 0.152200 0.014400 0.026000
0 0.184000 0.131800 0.012600 0.025800
0 0.030800 0.568500 0.016300 0.023800
0 0.833300 0.456200 0.016100 0.025200
0 0.119500 0.545900 0.014200 0.029500
0 0.654900 0.105600 0.014000 0.027300
0 0.917600 0.526600 0.014400 0.027100
0 0.529500 0.497300 0.013000 0.028800
0 0.592600 0.946000 0.013500 0.030600
0 0.171600 0.634500 0.017300 0.021200
0 0.533200 0.215800 0.017000 0.022300
0 0.089700 0.305300 0.017300 0.023900
0 0.823700 0.510300 0.015500 0.026100
0 0.629900 0.370700 0.015600 0.023500
0 0.671200 0.306900 0.017600 0.022600
0 0.093700 0.696800 0.017700 0.020600
0 0.152600 0.281600 0.016400 0.022600
0 0.101900 0.270000 0.011900 0.028900
0 0.726800 0.404500 0.015200 0.024200
0 0.944600 0.281500 0.015500 0.028700
0 0.860300 0.620800 0.013100 0.033300
0 0.331300 0.030400 0.013700 0.024500
0 0.123600 0.941500 0.016900 0.022200
0 0.154700 0.078100 0.017200 0.021900
0 0.677100 0.279200 0.016400 0.023400
0 0.105300 0.545000 0.014500 0.027300
0 0.273600 0.338900 0.017500 0.023200
0 0.231200 0.734800 0.016200 0.023500
0 0.379200 0.104700 0.018200 0.021800
0 0.969900 0.256200 0.018800 0.023400
0 0.720100 0.422400 0.016100 0.025600
0 0.986300 0.156900 0.015700 0.025800
0 0.678000 0.493100 0.014900 0.024800
0 0.847100 0.976700 0.017200 0.024500
0 0.540200 0.242100 0.014200 0.030800
0 0.656600 0.190700 0.016300 0.024400
0 0.707200 0.111300 0.013900 0.031200
0 0.597900 0.059800 0.017300 0.025600
0 0.791100 0.197400 0.016200 0.022800
0 0.165800 0.063900 0.015000 0.026700
0 0.227600 0.231100 0.016100 0.024500
0 0.093700 0.169900 0.016300 0.024200
0 0.803200 0.090500 0.017200 0.022700
0 0.133400 0.465400 0.014300 0.027500
0 0.419200 0.163800 0.018500 0.022400
0 0.155800 0.134700 0.015000 0.023100
0 0.931200 0.208300 0.014200 0.024300
0 0.945900 0.076600 0.016100 0.023900
0 0.467100 0.836300 0.015000 0.024800
0 0.919600 0.234100 0.016500 0.023200
0 0.817500 0.021100 0.017000 0.024200
0 0.766200 0.650900 0.012600 0.030500
0 0.753500 0.067700 0.016500 0.023000
0 0.267300 0.581400 0.013800 0.031500
0 0.230100 0.216900 0.014200 0.025200
0 0.214900 0.045800 0.015400 0.024000
0 0.617500 0.973900 0.014900 0.026600
0 0.710500 0.772300 0.016400 0.023800
0 0.573300 0.423800 0.015700 0.020900
0 0.532700 0.286000 0.016800 0.024200
0 0.558400 0.196000 0.016800 0.024000
0 0.617100 0.778400 0.016000 0.021500
0 0.688800 0.515200 0.017000 0.023100
0 0.398900 0.017400 0.011100 0.030500
0 0.958300 0.430300 0.015600 0.025400
0 0.622200 0.901300 0.017100 0.020300
0 0.626300 0.407600 0.017300 0.025200
0 0.568800 0.268800 0.016800 0.023200
0 0.047800 0.176800 0.017700 0.022100
0 0.935900 0.370400 0.015700 0.023200
0 0.154300 0.774000 0.016800 0.024600
0 0.773000 0.851100 0.017000 0.023000
0 0.182900 0.205400 0.012000 0.027200
0 0.563700 0.932700 0.014100 0.028300
0 0.752200 0.234100 0.014200 0.025700
0 0.943600 0.574000 0.015000 0.025300
0 0.218700 0.017300 0.011200 0.029200
0 0.191600 0.571700 0.016700 0.028000
0 0.728300 0.610600 0.014800 0.022600
0 0.073900 0.979100 0.017000 0.024800
0 0.827900 0.057700 0.018700 0.021800
0 0.696000 0.234700 0.015100 0.027700
0 0.531400 0.034000 0.014100 0.025800
0 0.863100 0.822600 0.015500 0.025400
0 0.913700 0.965800 0.017000 0.024500
0 0.732900 0.913700 0.013900 0.024200
0 0.778200 0.096300 0.014600 0.027500
0 0.234700 0.180300 0.016100 0.027200
0 0.069000 0.589000 0.014300 0.025300
0 0.928700 0.255100 0.018700 0.023700
0 0.415200 0.586200 0.015000 0.022800
0 0.635800 0.827800 0.013600 0.024400
0 0.275700 0.941400 0.015600 0.022200
0 0.276300 0.497900 0.015900 0.024700
0 0.628700 0.027000 0.017500 0.023300
0 0.268700 0.310700 0.016800 0.022500
0 0.295800 0.809000 0.016700 0.024200
0 0.595300 0.146600 0.014600 0.022000
0 0.710900 0.540500 0.015500 0.020700
0 0.595800 0.801200 0.015900 0.022900
0 0.697600 0.288700 0.016600 0.021200
0 0.215800 0.563900 0.013600 0.033800
0 0.030100 0.122500 0.014400 0.026400
0 0.640300 0.902400 0.015900 0.021900
0 0.964200 0.585100 0.013100 0.029600
0 0.090000 0.893800 0.016300 0.026500
0 0.541400 0.590100 0.015800 0.023100
0 0.563300 0.590300 0.013300 0.025600
0 0.130400 0.661800 0.015500 0.023200
0 0.593300 0.269400 0.018000 0.023400
0 0.322800 0.569500 0.013500 0.030500
0 0.045000 0.114400 0.015200 0.024400
0 0.944200 0.752700 0.011100 0.032400
0 0.121800 0.502200 0.013600 0.028800
0 0.785200 0.167000 0.016800 0.023000
0 0.226500 0.690600 0.017300 0.022600
0 0.736600 0.472500 0.013700 0.026200
0 0.664700 0.391900 0.012800 0.029300
0 0.982500 0.583500 0.015300 0.029600
0 0.540200 0.323000 0.011900 0.032300
0 0.932700 0.459200 0.015500 0.024600
0 0.301500 0.504900 0.012700 0.032400
0 0.924100 0.509700 0.016500 0.024400
0 0.728700 0.664300 0.016400 0.020600
0 0.136100 0.266400 0.015900 0.022500
0 0.921200 0.834800 0.010500 0.032200
0 0.458400 0.930100 0.013200 0.030000
0 0.121500 0.333700 0.010900 0.034700
0 0.748800 0.949300 0.015500 0.019900
0 0.642200 0.759100 0.011800 0.035000
0 0.221800 0.757200 0.015200 0.022000
0 0.769300 0.223800 0.016800 0.025700
0 0.428200 0.847200 0.013400 0.028800
0 0.154000 0.927400 0.015600 0.020900
0 0.894300 0.222800 0.011700 0.035100
0 0.783000 0.624000 0.016400 0.024800
0 0.666100 0.473700 0.016400 0.021800
0 0.835900 0.108700 0.012700 0.024300
0 0.989300 0.398500 0.011600 0.024400
0 0.767600 0.310400 0.013200 0.030900
0 0.901600 0.166000 0.013500 0.031200
0 0.419400 0.086200 0.016300 0.022500
0 0.932800 0.533400 0.014900 0.025800
0 0.254900 0.546100 0.011300 0.035900
0 0.881500 0.415100 0.019800 0.025100
0 0.173000 0.127500 0.014300 0.022700
0 0.378500 0.086100 0.016200 0.020200
0 0.927900 0.445400 0.015000 0.025500
0 0.833600 0.170300 0.011300 0.032300
0 0.899400 0.873900 0.014300 0.027500
0 0.861100 0.046800 0.016000 0.022800
0 0.695000 0.747800 0.017400 0.025500
0 0.104500 0.963800 0.017000 0.022100
0 0.072700 0.410500 0.016200 0.025400
0 0.583400 0.018500 0.014700 0.028200
0 0.281200 0.814000 0.016700 0.024100
0 0.499300 0.058100 0.014000 0.031100
0 0.182600 0.022300 0.011700 0.033400
0 0.946100 0.243000 0.019900 0.023400
0 0.631500 0.557700 0.016600 0.025600
0 0.735900 0.653300 0.016200 0.020700
0 0.201100 0.093200 0.016800 0.028400
0 0.436700 0.542200 0.014300 0.029700
0 0.151700 0.947100 0.014700 0.025500
0 0.651000 0.028500 0.012300 0.035500
0 0.692700 0.363800 0.016800 0.023400
0 0.086600 0.357500 0.015000 0.028200
0 0.325900 0.220700 0.012700 0.030800
0 0.810500 0.486200 0.014000 0.026900
0 0.150900 0.908400 0.014900 0.023700
0 0.018100 0.951900 0.017900 0.024700
0 0.756500 0.085600 0.015200 0.025700
0 0.365500 0.411100 0.013700 0.026200
0 0.582500 0.761200 0.017100 0.023800
0 0.501500 0.190800 0.014800 0.023200
0 0.515800 0.614300 0.012400 0.032000
0 0.518700 0.201600 0.015700 0.024700
0 0.427500 0.065900 0.016000 0.021800
0 0.752400 0.864100 0.015600 0.024000
0 0.651400 0.927200 0.013500 0.019200
0 0.683800 0.953400 0.014700 0.018200
0 0.851900 0.095500 0.016300 0.021400
0 0.372900 0.041100 0.013200 0.030000
0 0.711900 0.670600 0.016600 0.020600
0 0.399300 0.564300 0.015300 0.024100
0 0.133700 0.342100 0.011800 0.034400
0 0.171300 0.435100 0.017600 0.021900
0 0.671600 0.364200 0.015800 0.025800
0 0.188800 0.923900 0.017400 0.020300
0 0.949200 0.473600 0.015800 0.023000
0 0.259100 0.317100 0.015200 0.023000
0 0.048000 0.238700 0.016200 0.019900
0 0.777800 0.926900 0.015100 0.026900
0 0.288400 0.240700 0.017200 0.022600
0 0.509400 0.221200 0.016200 0.025900
0 0.849000 0.219800 0.016500 0.022500
0 0.686500 0.348700 0.016900 0.023400
0 0.335700 0.373600 0.014100 0.021900
0 0.511500 0.297300 0.015400 0.024700
0 0.261600 0.442300 0.017000 0.024100
0 0.849400 0.020600 0.013800 0.027300
0 0.654700 0.451100 0.015900 0.021500
0 0.586800 0.784600 0.017800 0.020700
0 0.234600 0.743500 0.015700 0.024500
0 0.006300 0.453000 0.008400 0.019900
0 0.653400 0.953500 0.011700 0.021300
0 0.909000 0.453900 0.011100 0.036700
0 0.058300 0.223300 0.016200 0.021600
0 0.849100 0.173000 0.013700 0.024600
0 0.857900 0.072600 0.013500 0.022100
0 0.799300 0.757600 0.018000 0.023200
0 0.416700 0.315500 0.012200 0.032000
0 0.194700 0.873500 0.015900 0.022800
0 0.184300 0.888600 0.015800 0.023400
0 0.078700 0.572300 0.013200 0.028600
0 0.440900 0.852000 0.014000 0.027900
0 0.640500 0.923400 0.016500 0.022200
0 0.406800 0.351300 0.014400 0.025600
0 0.875500 0.614800 0.012000 0.037400
0 0.169200 0.446700 0.017000 0.023400
0 0.063600 0.940800 0.016600 0.023200
0 0.105300 0.461400 0.017400 0.023100
0 0.298700 0.311700 0.018600 0.021200
0 0.707200 0.529900 0.015100 0.021400
0 0.994800 0.807100 0.008800 0.032800
0 0.826300 0.115000 0.013400 0.024200
0 0.850600 0.783800 0.016300 0.024200
0 0.645500 0.926600 0.016900 0.020100
0 0.631900 0.546100 0.016000 0.024300
0 0.576900 0.801000 0.016300 0.022900
0 0.210900 0.888600 0.017100 0.022500
0 0.101700 0.696700 0.016400 0.019000
0 0.341100 0.010800 0.012100 0.019900
0 0.598600 0.038800 0.017300 0.025700
0 0.731600 0.490000 0.014900 0.023300
0 0.961600 0.760200 0.015100 0.022200
0 0.390700 0.730900 0.014400 0.033200
0 0.960700 0.421600 0.016100 0.022300
0 0.642300 0.336000 0.013300 0.027400
0 0.361500 0.705700 0.015300 0.027300
0 0.194900 0.501500 0.012300 0.026900
0 0.187891 0.461111 0.013281 0.033333
0 0.499609 0.130556 0.014844 0.033333
0 0.942969 0.688194 0.017188 0.026389
0 0.398047 0.431250 0.014844 0.045833
0 0.921094 0.302778 0.018750 0.025000
