0 0.507200 0.933100 0.016700 0.022000
0 0.482200 0.904000 0.016600 0.026900
0 0.969100 0.470000 0.012900 0.029400
0 0.629100 0.823000 0.013100 0.029300
0 0.497900 0.874000 0.013700 0.032200
0 0.319100 0.952300 0.017500 0.019400
0 0.410200 0.952400 0.014800 0.023000
0 0.216100 0.759500 0.014900 0.029200
0 0.429800 0.882400 0.013400 0.030800
0 0.372200 0.670700 0.016400 0.022400
0 0.456600 0.820100 0.014900 0.024900
0 0.827900 0.943200 0.016500 0.023400
0 0.733300 0.704200 0.017400 0.024700
0 0.801000 0.673400 0.018100 0.021400
0 0.353700 0.688900 0.013300 0.027400
0 0.247900 0.757000 0.016700 0.023800
0 0.477100 0.828200 0.013400 0.026600
0 0.114200 0.760000 0.018300 0.019700
0 0.558200 0.670700 0.015700 0.025800
0 0.203600 0.893200 0.016600 0.023100
0 0.896100 0.473200 0.016600 0.022300
0 0.735300 0.721600 0.018200 0.023600
0 0.430200 0.845100 0.013300 0.030200
0 0.957900 0.927600 0.015500 0.025300
0 0.639600 0.705200 0.013400 0.030900
0 0.790900 0.392800 0.014400 0.027100
0 0.494400 0.604900 0.016100 0.026300
0 0.345700 0.907300 0.014400 0.025600
0 0.971300 0.908800 0.015500 0.022400
0 0.840300 0.390100 0.011800 0.030500
0 0.590100 0.945800 0.011600 0.027200
0 0.357800 0.924200 0.017800 0.023800
0 0.652100 0.684500 0.015600 0.024700
0 0.852300 0.464900 0.013500 0.027000
0 0.215300 0.485900 0.012700 0.028900
0 0.205200 0.707000 0.015200 0.026100
0 0.007300 0.377900 0.015100 0.021800
0 0.133100 0.893100 0.012400 0.027300
0 0.222400 0.734200 0.016800 0.025000
0 0.768800 0.665800 0.012300 0.032000
0 0.881700 0.894100 0.013800 0.030600
0 0.741100 0.370200 0.015800 0.026900
0 0.786900 0.926600 0.014900 0.025700
0 0.403700 0.919600 0.013500 0.028600
0 0.166600 0.160200 0.016400 0.020500
0 0.590900 0.859600 0.011500 0.036200
0 0.866900 0.459900 0.013800 0.029800
0 0.029900 0.497100 0.017700 0.021200
0 0.533700 0.418100 0.013900 0.028800
0 0.615700 0.954200 0.015700 0.020900
0 0.629500 0.706200 0.013100 0.028900
0 0.865000 0.419200 0.015200 0.022600
0 0.651600 0.741000 0.012900 0.029600
0 0.188700 0.877700 0.015300 0.022600
0 0.358700 0.670500 0.016300 0.021200
0 0.896200 0.890400 0.013000 0.025100
0 0.402900 0.610000 0.017600 0.021000
0 0.896100 0.532300 0.013400 0.025600
0 0.568900 0.459300 0.017000 0.023400
0 0.642300 0.873600 0.012000 0.027400
0 0.255900 0.498600 0.015200 0.024100
0 0.640300 0.789500 0.011900 0.033400
0 0.909700 0.473100 0.015700 0.022800
0 0.069100 0.507500 0.015400 0.024900
0 0.606300 0.595700 0.013200 0.031700
0 0.024100 0.608600 0.017800 0.023500
0 0.671200 0.648500 0.015800 0.025400
0 0.591300 0.365600 0.014700 0.022400
0 0.884600 0.856100 0.014300 0.024600
0 0.114200 0.807600 0.015000 0.024200
0 0.847400 0.507400 0.014400 0.022900
0 0.473600 0.596800 0.013000 0.031400
0 0.075900 0.595500 0.015400 0.028200
0 0.764300 0.696400 0.013400 0.029100
0 0.398200 0.220600 0.016700 0.023200
0 0.272600 0.459700 0.016500 0.025500
0 0.045900 0.632300 0.017100 0.023700
0 0.606900 0.658500 0.015700 0.025300
0 0.826500 0.960000 0.017700 0.020900
0 0.884800 0.820500 0.015000 0.023000
0 0.610800 0.797900 0.013100 0.029100
0 0.745200 0.616100 0.016300 0.024300
0 0.701800 0.136800 0.017500 0.022500
0 0.119200 0.433000 0.016200 0.024200
0 0.013300 0.502100 0.015400 0.024600
0 0.578200 0.394900 0.014600 0.023900
0 0.407100 0.822700 0.016500 0.022800
0 0.603600 0.745600 0.015600 0.022900
0 0.318800 0.222700 0.015700 0.022700
0 0.897300 0.498900 0.016300 0.023300
0 0.951900 0.659500 0.012800 0.028100
0 0.311800 0.548200 0.014800 0.024900
0 0.545900 0.513900 0.011800 0.028200
0 0.779300 0.956200 0.015900 0.024000
0 0.127700 0.543200 0.015100 0.024800
0 0.390100 0.910900 0.012400 0.030900
0 0.481900 0.660000 0.010400 0.035400
0 0.005300 0.276500 0.010300 0.021700
0 0.830200 0.420400 0.014300 0.029300
0 0.619800 0.715400 0.013100 0.024100
0 0.973900 0.442900 0.017000 0.024500
0 0.005000 0.540500 0.009700 0.021900
0 0.368500 0.222400 0.014600 0.023500
0 0.394600 0.286000 0.014300 0.026300
0 0.330100 0.490600 0.015500 0.023800
0 0.185200 0.165900 0.015300 0.023600
0 0.221900 0.792300 0.013000 0.031500
0 0.022100 0.654400 0.017400 0.022400
0 0.899000 0.984400 0.015300 0.024500
0 0.260200 0.776700 0.016100 0.023100
0 0.832600 0.665600 0.017400 0.024200
0 0.930100 0.295600 0.016700 0.024800
0 0.054500 0.932200 0.015900 0.025900
0 0.926500 0.040400 0.017300 0.022800
0 0.327300 0.691400 0.012500 0.032400
0 0.930200 0.597900 0.015100 0.022800
0 0.972400 0.172700 0.018100 0.022800
0 0.559400 0.729800 0.012900 0.026500
0 0.934100 0.805200 0.012600 0.029400
0 0.632200 0.505500 0.014700 0.023700
0 0.668900 0.778300 0.012800 0.028000
0 0.566500 0.441700 0.016400 0.022100
0 0.077700 0.703500 0.017800 0.023400
0 0.841900 0.059000 0.015800 0.022100
0 0.839000 0.444700 0.016100 0.022500
0 0.008600 0.907500 0.017300 0.022200
0 0.596700 0.303100 0.017700 0.020100
0 0.072800 0.940700 0.016400 0.025000
0 0.149100 0.589300 0.013200 0.026100
0 0.358600 0.143300 0.015000 0.024300
0 0.521400 0.782900 0.015000 0.024000
0 0.245700 0.054500 0.018900 0.020600
0 0.210400 0.977400 0.017500 0.022400
0 0.433600 0.942400 0.013500 0.023100
0 0.005200 0.135300 0.011200 0.027000
0 0.947500 0.643100 0.012500 0.025200
0 0.680700 0.419200 0.014600 0.026000
0 0.780400 0.754500 0.014700 0.029600
0 0.089800 0.542600 0.017000 0.021200
0 0.726300 0.355300 0.015200 0.027700
0 0.813900 0.344200 0.012000 0.030300
0 0.181900 0.491400 0.011300 0.030100
0 0.535100 0.656500 0.015600 0.022700
0 0.355300 0.644900 0.015400 0.024800
0 0.008900 0.217400 0.017200 0.024300
0 0.903500 0.621200 0.013600 0.029200
0 0.960600 0.732100 0.017300 0.025600
0 0.194500 0.569700 0.015500 0.023800
0 0.713300 0.484700 0.017100 0.025800
0 0.281000 0.968500 0.014700 0.024300
0 0.914500 0.793900 0.013600 0.028100
0 0.698400 0.255100 0.015000 0.024800
0 0.117600 0.409500 0.014300 0.026500
0 0.341900 0.411000 0.012500 0.030800
0 0.626000 0.873600 0.013700 0.028400
0 0.139300 0.498500 0.014500 0.028800
0 0.552600 0.603300 0.015600 0.024400
0 0.691700 0.589900 0.014000 0.024600
0 0.616500 0.740500 0.014100 0.029000
0 0.256800 0.526500 0.016100 0.022300
0 0.556400 0.794000 0.016200 0.022200
0 0.989600 0.456600 0.012900 0.027200
0 0.085900 0.815800 0.016400 0.023000
0 0.501800 0.772700 0.015800 0.023000
0 0.684200 0.680500 0.016700 0.022500
0 0.280500 0.795000 0.014400 0.026600
0 0.290300 0.391200 0.016800 0.024800
0 0.595800 0.802300 0.015300 0.024000
0 0.047100 0.291900 0.014500 0.025600
0 0.895000 0.960800 0.016900 0.024300
0 0.205300 0.540600 0.015200 0.023800
0 0.291700 0.306700 0.013900 0.027300
0 0.795000 0.891500 0.016100 0.017600
0 0.146400 0.310400 0.017300 0.021700
0 0.686700 0.472000 0.013100 0.030700
0 0.030100 0.281900 0.016800 0.022800
0 0.578100 0.581800 0.012900 0.033800
0 0.255800 0.426900 0.015300 0.029800
0 0.638900 0.392600 0.012400 0.029300
0 0.579900 0.517200 0.014200 0.028600
0 0.078900 0.856600 0.015300 0.024200
0 0.192500 0.719100 0.013500 0.027700
0 0.057400 0.556500 0.014700 0.028000
0 0.731100 0.790500 0.018900 0.022500
0 0.028200 0.014400 0.017700 0.021800
0 0.305100 0.394000 0.014100 0.028300
0 0.089900 0.848300 0.016200 0.022200
0 0.130100 0.335100 0.016800 0.023700
0 0.168900 0.370100 0.016000 0.023600
0 0.120200 0.231100 0.014400 0.024000
0 0.508700 0.101900 0.014500 0.029700
0 0.595200 0.121800 0.017200 0.023600
0 0.618100 0.573300 0.015800 0.024300
0 0.283100 0.219600 0.016100 0.024100
0 0.767600 0.797400 0.018800 0.021900
0 0.235800 0.167800 0.016000 0.026300
0 0.741600 0.035500 0.014300 0.027400
0 0.798500 0.639100 0.014400 0.019700
0 0.943200 0.465700 0.013600 0.031200
0 0.135600 0.366200 0.016900 0.021200
0 0.750600 0.646400 0.016100 0.029100
0 0.253800 0.881900 0.015600 0.023800
0 0.593800 0.626900 0.011800 0.032500
0 0.390700 0.459000 0.017300 0.023300
0 0.032000 0.715900 0.018100 0.024400
0 0.811200 0.897500 0.017700 0.020400
0 0.853700 0.235400 0.016000 0.022600
0 0.039900 0.658800 0.017300 0.022000
0 0.935400 0.332500 0.017000 0.025000
0 0.315100 0.494100 0.012900 0.028100
0 0.811800 0.916400 0.015200 0.024900
0 0.327600 0.279700 0.015800 0.023300
0 0.683100 0.959700 0.017100 0.024400
0 0.306600 0.642200 0.015000 0.020500
0 0.469300 0.341000 0.016600 0.022800
0 0.076700 0.534200 0.016700 0.022100
0 0.580100 0.041800 0.014100 0.028600
0 0.134100 0.823100 0.016800 0.024300
0 0.601500 0.171200 0.015000 0.024900
0 0.606000 0.528300 0.014800 0.029800
0 0.955000 0.530300 0.016900 0.022700
0 0.667800 0.273700 0.016600 0.024500
0 0.048900 0.346100 0.015100 0.028600
0 0.368600 0.592800 0.017100 0.021400
0 0.297600 0.285000 0.015700 0.021900
0 0.536800 0.510500 0.012900 0.026800
0 0.113500 0.535300 0.013900 0.027200
0 0.418300 0.298100 0.015900 0.023200
0 0.157500 0.236000 0.015300 0.024100
0 0.393900 0.151600 0.015300 0.023100
0 0.308600 0.370600 0.014300 0.022300
0 0.136000 0.431900 0.016100 0.022900
0 0.767300 0.445500 0.015700 0.023500
0 0.668100 0.693800 0.016300 0.023000
0 0.601700 0.070800 0.013600 0.026300
0 0.643500 0.178400 0.016900 0.022000
0 0.989900 0.642900 0.010200 0.028500
0 0.482700 0.950800 0.017900 0.019400
0 0.366700 0.173100 0.018800 0.020200
0 0.696400 0.061200 0.016200 0.027300
0 0.701400 0.159600 0.017300 0.024300
0 0.820500 0.044700 0.015800 0.023600
0 0.253200 0.366700 0.012500 0.028500
0 0.419500 0.042300 0.015500 0.024800
0 0.464100 0.373400 0.017400 0.023700
0 0.107000 0.208500 0.014400 0.023600
0 0.992300 0.506100 0.011500 0.024200
0 0.017600 0.413500 0.014000 0.029400
0 0.897200 0.232000 0.017100 0.023100
0 0.457400 0.441700 0.014600 0.025500
0 0.297200 0.830200 0.015700 0.024300
0 0.945200 0.273700 0.015700 0.023400
0 0.593400 0.042300 0.016300 0.024700
0 0.556100 0.622600 0.014200 0.025100
0 0.256000 0.946100 0.014900 0.022300
0 0.942600 0.670500 0.012400 0.030500
0 0.535900 0.682700 0.015700 0.023900
0 0.347500 0.593700 0.016400 0.020600
0 0.936700 0.875800 0.012700 0.029800
0 0.058900 0.405300 0.012400 0.032200
0 0.730000 0.495100 0.013800 0.030600
0 0.493800 0.271300 0.016200 0.025700
0 0.166000 0.603900 0.014500 0.027700
0 0.313500 0.934400 0.016900 0.022500
0 0.710000 0.464000 0.016700 0.026100
0 0.990000 0.305600 0.012100 0.029200
0 0.655900 0.131100 0.017200 0.021300
0 0.432600 0.824300 0.016700 0.019300
0 0.254000 0.071700 0.016000 0.023000
0 0.148600 0.398100 0.014300 0.029900
0 0.144200 0.666700 0.014800 0.026600
0 0.129700 0.228400 0.013000 0.029100
0 0.223200 0.572800 0.013200 0.028000
0 0.131800 0.718700 0.018200 0.023200
0 0.660900 0.306800 0.014400 0.026900
0 0.666600 0.196500 0.012500 0.030200
0 0.296700 0.166600 0.016600 0.023800
0 0.282400 0.190200 0.016300 0.022300
0 0.622500 0.398400 0.015300 0.023200
0 0.092900 0.167500 0.014700 0.025700
0 0.705400 0.674300 0.018400 0.023300
0 0.444400 0.432200 0.016300 0.027800
0 0.110600 0.142100 0.014200 0.026200
0 0.967800 0.846000 0.013500 0.028100
0 0.257800 0.184600 0.016700 0.023600
0 0.415800 0.329000 0.015000 0.023700
0 0.326000 0.865900 0.015100 0.023000
0 0.944000 0.380800 0.015600 0.024500
0 0.365700 0.479800 0.015800 0.026500
0 0.785500 0.874200 0.017800 0.021000
0 0.668400 0.167800 0.017900 0.023900
0 0.148300 0.932200 0.016500 0.023000
0 0.909200 0.217300 0.016600 0.023000
0 0.072700 0.796300 0.013800 0.027200
0 0.386000 0.590200 0.015800 0.025200
0 0.631700 0.282800 0.016300 0.021600
0 0.689000 0.531500 0.014200 0.023100
0 0.128500 0.091800 0.014900 0.021800
0 0.148700 0.282800 0.016500 0.023000
0 0.128500 0.314400 0.017300 0.021000
0 0.051200 0.246300 0.014700 0.027800
0 0.647600 0.505200 0.014100 0.023800
0 0.926900 0.072500 0.018600 0.022400
0 0.104800 0.339400 0.016000 0.023500
0 0.297600 0.104300 0.016400 0.025600
0 0.393000 0.369900 0.014400 0.030200
0 0.267800 0.030700 0.017500 0.021900
0 0.170200 0.108900 0.015400 0.029300
0 0.520500 0.610600 0.016700 0.021400
0 0.138100 0.768900 0.020300 0.021200
0 0.834000 0.779500 0.014600 0.027900
0 0.090100 0.128800 0.010900 0.038600
0 0.992300 0.184400 0.012000 0.024700
0 0.016200 0.048500 0.012400 0.034400
0 0.717400 0.240600 0.015400 0.022100
0 0.055100 0.304800 0.016000 0.025100
0 0.630300 0.127700 0.018200 0.021800
0 0.698600 0.294400 0.017200 0.021600
0 0.788800 0.159800 0.016500 0.022000
0 0.511500 0.260300 0.014300 0.027300
0 0.888800 0.020000 0.019000 0.021700
0 0.960800 0.552700 0.016600 0.023200
0 0.414000 0.090300 0.015700 0.025000
0 0.777400 0.222800 0.015500 0.025500
0 0.756100 0.832600 0.017200 0.023100
0 0.410200 0.501200 0.017600 0.023200
0 0.442400 0.985000 0.018800 0.024900
0 0.635600 0.229500 0.017200 0.023100
0 0.314700 0.760600 0.015800 0.022000
0 0.233900 0.423300 0.011900 0.030300
0 0.730100 0.095200 0.012600 0.034600
0 0.601300 0.681100 0.014100 0.023000
0 0.489800 0.497300 0.014500 0.024300
0 0.199500 0.386200 0.014000 0.030800
0 0.394200 0.560700 0.014400 0.028400
0 0.605800 0.491700 0.015600 0.023100
0 0.104300 0.377300 0.015200 0.025300
0 0.490100 0.548900 0.012100 0.034400
0 0.184800 0.593600 0.016900 0.022900
0 0.810900 0.217000 0.015200 0.023800
0 0.918800 0.767300 0.015200 0.033400
0 0.707100 0.965400 0.013600 0.028200
0 0.522500 0.018000 0.012400 0.026600
0 0.164300 0.558700 0.016300 0.023600
0 0.113400 0.257800 0.016000 0.022300
0 0.663500 0.236100 0.017200 0.022100
0 0.063200 0.053700 0.015200 0.028500
0 0.073900 0.229900 0.017100 0.023300
0 0.602200 0.018600 0.015600 0.024900
0 0.861400 0.770800 0.014200 0.029900
0 0.313100 0.907000 0.014600 0.023000
0 0.218800 0.960700 0.017400 0.024200
0 0.243300 0.588800 0.014900 0.026800
0 0.881700 0.076900 0.016400 0.024700
0 0.773900 0.466300 0.016700 0.021600
0 0.845500 0.148700 0.016400 0.023700
0 0.455000 0.308900 0.011400 0.032900
0 0.238400 0.871800 0.014900 0.021700
0 0.408100 0.811000 0.017500 0.019600
0 0.598900 0.268600 0.015900 0.025300
0 0.167300 0.972800 0.017100 0.025500
0 0.283800 0.736500 0.016500 0.023300
0 0.491300 0.167600 0.013700 0.032800
0 0.321200 0.039700 0.017100 0.022400
0 0.873900 0.305400 0.014900 0.028900
0 0.577400 0.236200 0.017000 0.022000
0 0.628700 0.976300 0.015600 0.021300
0 0.772100 0.101400 0.016400 0.025900
0 0.178200 0.935600 0.016300 0.019700
0 0.824200 0.360100 0.014500 0.021900
0 0.168600 0.869400 0.012700 0.030100
0 0.463300 0.676500 0.015200 0.023100
0 0.577700 0.135300 0.014700 0.025500
0 0.630400 0.521000 0.013500 0.025000
0 0.014000 0.977400 0.018500 0.026400
0 0.865800 0.528100 0.013900 0.024700
0 0.798800 0.622300 0.013900 0.017800
0 0.519200 0.070100 0.011500 0.034500
0 0.554500 0.411800 0.014200 0.024700
0 0.990200 0.606000 0.009500 0.028800
0 0.943600 0.592000 0.013500 0.022500
0 0.605000 0.763600 0.015500 0.023500
0 0.096700 0.324100 0.015700 0.021500
0 0.880100 0.036200 0.017500 0.019800
0 0.539800 0.607600 0.013800 0.025900
0 0.363700 0.286900 0.017300 0.022400
0 0.876600 0.551400 0.016200 0.024000
0 0.665600 0.714500 0.014200 0.022500
0 0.298300 0.498200 0.015200 0.024800
0 0.315300 0.352000 0.012100 0.026400
0 0.117000 0.146700 0.013500 0.028500
0 0.698500 0.607400 0.016100 0.024600
0 0.026200 0.886600 0.016500 0.027800
0 0.759900 0.214600 0.016600 0.023700
0 0.290100 0.020500 0.019700 0.024200
0 0.117300 0.096900 0.015900 0.022400
0 0.638900 0.565000 0.015900 0.025100
0 0.960500 0.344600 0.016900 0.023800
0 0.807300 0.197600 0.016200 0.023300
0 0.407500 0.123500 0.014400 0.025300
0 0.898700 0.586200 0.015600 0.022000
0 0.493000 0.235300 0.014300 0.025500
0 0.453800 0.019200 0.013600 0.026300
0 0.555100 0.908200 0.013200 0.028400
0 0.930000 0.847900 0.014600 0.025200
0 0.877600 0.195800 0.014400 0.024000
0 0.672600 0.040600 0.017500 0.025100
0 0.647200 0.983000 0.015400 0.023300
0 0.214200 0.538700 0.015400 0.022500
0 0.459200 0.613600 0.014700 0.024300
0 0.682400 0.214400 0.015100 0.024200
0 0.098700 0.017900 0.019000 0.020100
0 0.871700 0.364700 0.014900 0.026600
0 0.401900 0.588500 0.016500 0.024000
0 0.726300 0.265000 0.017500 0.021600
0 0.682000 0.611800 0.015300 0.023600
0 0.549200 0.711400 0.015400 0.022900
0 0.790900 0.786600 0.018600 0.023100
0 0.486600 0.696900 0.012100 0.030800
0 0.985300 0.752400 0.014700 0.024600
0 0.875800 0.808400 0.014800 0.023600
0 0.846200 0.071200 0.018200 0.018600
0 0.108300 0.117700 0.013800 0.024400
0 0.264600 0.898800 0.015000 0.026400
0 0.170500 0.322900 0.014700 0.028000
0 0.521600 0.474000 0.010900 0.035900
0 0.701100 0.520900 0.014700 0.023500
0 0.905900 0.606300 0.013400 0.024200
0 0.939200 0.297500 0.017200 0.022100
0 0.752500 0.238400 0.018000 0.021600
0 0.923900 0.686400 0.015600 0.027500
0 0.726700 0.835600 0.019200 0.019000
0 0.993200 0.585600 0.012200 0.023000
0 0.530200 0.750900 0.014800 0.025100
0 0.077400 0.883000 0.017000 0.023600
0 0.633400 0.526300 0.013800 0.023600
0 0.386900 0.823800 0.011800 0.028200
0 0.568400 0.323800 0.016200 0.022500
0 0.973500 0.201700 0.015700 0.023800
0 0.738600 0.942200 0.015900 0.026600
0 0.844100 0.025900 0.015800 0.022700
0 0.093700 0.039900 0.016200 0.021100
0 0.398900 0.071500 0.017400 0.022200
0 0.783500 0.785900 0.018000 0.024300
0 0.793900 0.115700 0.015200 0.023500
0 0.974200 0.270800 0.012700 0.034800
0 0.191600 0.124000 0.014400 0.029800
0 0.006800 0.791800 0.010100 0.025900
0 0.276000 0.070400 0.015000 0.025300
0 0.290700 0.251000 0.016900 0.020900
0 0.460700 0.053100 0.015900 0.023700
0 0.485100 0.252300 0.014500 0.028000
0 0.547000 0.260400 0.014200 0.022200
0 0.004800 0.236600 0.014100 0.021000
0 0.444400 0.296600 0.010700 0.032100
0 0.618800 0.377000 0.015900 0.022800
0 0.528600 0.219100 0.015500 0.025500
0 0.871900 0.223700 0.014600 0.027100
0 0.789400 0.514200 0.014400 0.021600
0 0.534700 0.206400 0.015800 0.024600
0 0.607200 0.411200 0.014700 0.023900
0 0.196300 0.938800 0.014900 0.024400
0 0.765000 0.841300 0.012200 0.027300
0 0.200500 0.659400 0.014000 0.027900
0 0.561300 0.806300 0.016800 0.022900
0 0.450700 0.070800 0.016600 0.024600
0 0.258000 0.014400 0.018000 0.022200
0 0.206200 0.015800 0.016100 0.023500
0 0.322500 0.477100 0.014000 0.024900
0 0.911200 0.051000 0.018300 0.020000
0 0.558300 0.919300 0.012500 0.029300
0 0.774500 0.413100 0.017100 0.023300
0 0.752800 0.573700 0.011800 0.035600
0 0.238200 0.935600 0.015200 0.026100
0 0.256200 0.890000 0.014100 0.026400
0 0.496300 0.338700 0.018000 0.021600
0 0.864600 0.196100 0.015300 0.024200
0 0.307000 0.047000 0.017100 0.023600
0 0.666100 0.728300 0.016200 0.020900
0 0.631100 0.264000 0.016200 0.022600
0 0.555000 0.972200 0.013400 0.024600
0 0.710800 0.848000 0.018700 0.020700
0 0.733900 0.210000 0.015100 0.021000
0 0.457200 0.209900 0.011400 0.037000
0 0.993800 0.470500 0.010800 0.028100
0 0.024400 0.132100 0.013800 0.034600
0 0.255300 0.688700 0.012400 0.037300
0 0.493359 0.098611 0.011719 0.038889
0 0.267969 0.124306 0.014062 0.034722
