0 0.359500 0.877500 0.013900 0.027000
0 0.047200 0.885700 0.015600 0.023000
0 0.384000 0.851400 0.013100 0.027300
0 0.463900 0.856600 0.015500 0.023600
0 0.945300 0.960500 0.014900 0.029000
0 0.906400 0.953100 0.014200 0.029500
0 0.639700 0.619300 0.015700 0.026100
0 0.319700 0.928500 0.016700 0.019700
0 0.358400 0.235800 0.017200 0.023300
0 0.265500 0.943300 0.015500 0.020200
0 0.409600 0.832600 0.017500 0.022000
0 0.189600 0.756400 0.014500 0.024700
0 0.391000 0.907200 0.012200 0.026300
0 0.486200 0.871500 0.014800 0.025000
0 0.656700 0.598000 0.012800 0.030400
0 0.386700 0.816900 0.015600 0.024400
0 0.693800 0.543000 0.011400 0.033600
0 0.251800 0.870200 0.017600 0.022500
0 0.665300 0.617000 0.017300 0.023300
0 0.266100 0.923800 0.016800 0.019300
0 0.816200 0.195700 0.011700 0.033400
0 0.814400 0.893500 0.013000 0.031400
0 0.293600 0.392000 0.016200 0.023800
0 0.463300 0.835800 0.017900 0.021600
0 0.956700 0.842400 0.017300 0.020800
0 0.015500 0.573500 0.018500 0.020400
0 0.333400 0.883200 0.013200 0.030900
0 0.047700 0.594400 0.016300 0.021500
0 0.767700 0.240900 0.015100 0.026800
0 0.151600 0.932400 0.013400 0.027200
0 0.785900 0.502300 0.013300 0.033100
0 0.196500 0.821100 0.011900 0.035200
0 0.266400 0.314500 0.016100 0.023600
0 0.444500 0.833600 0.015300 0.025200
0 0.848700 0.921000 0.013500 0.030800
0 0.039500 0.580900 0.014300 0.023200
0 0.881400 0.930100 0.012700 0.031800
0 0.277400 0.478500 0.015500 0.022300
0 0.030100 0.135400 0.016100 0.026100
0 0.007900 0.315800 0.012100 0.027700
0 0.493800 0.744900 0.011500 0.031500
0 0.560000 0.544900 0.016300 0.023400
0 0.038800 0.923300 0.017000 0.024600
0 0.180100 0.689700 0.016300 0.023700
0 0.481000 0.771700 0.016000 0.023400
0 0.605700 0.143900 0.013600 0.026000
0 0.579100 0.777500 0.016500 0.022300
0 0.751200 0.503300 0.013400 0.028500
0 0.121700 0.846900 0.016700 0.023800
0 0.036300 0.642100 0.013600 0.029800
0 0.738900 0.931900 0.018700 0.021500
0 0.297300 0.420900 0.013200 0.029300
0 0.493000 0.678500 0.015800 0.022800
0 0.246700 0.897000 0.015800 0.026500
0 0.256000 0.109700 0.016600 0.022400
0 0.229200 0.907900 0.015000 0.024300
0 0.956600 0.478900 0.015300 0.027200
0 0.883700 0.467200 0.013500 0.027300
0 0.952300 0.319800 0.017500 0.021600
0 0.133100 0.871300 0.013600 0.025100
0 0.139100 0.827100 0.015700 0.023600
0 0.201300 0.731900 0.011000 0.033200
0 0.569000 0.571200 0.017000 0.023700
0 0.919200 0.458900 0.014800 0.029000
0 0.582300 0.469200 0.012800 0.028900
0 0.921300 0.818900 0.017800 0.022800
0 0.356400 0.659800 0.015700 0.022200
0 0.545700 0.434200 0.016300 0.024200
0 0.658600 0.732900 0.014700 0.023300
0 0.218100 0.870900 0.014400 0.026400
0 0.418400 0.872400 0.013600 0.026200
0 0.167600 0.447900 0.016700 0.021600
0 0.660500 0.558800 0.017000 0.020800
0 0.556500 0.744000 0.017000 0.022400
0 0.252100 0.747200 0.016000 0.024800
0 0.141300 0.505000 0.015900 0.024900
0 0.669800 0.819800 0.015400 0.021000
0 0.131800 0.970700 0.013600 0.023200
0 0.640800 0.290400 0.015600 0.025400
0 0.542600 0.417300 0.017000 0.022500
0 0.303600 0.465500 0.015200 0.024700
0 0.142700 0.282200 0.013300 0.030000
0 0.417600 0.908800 0.013000 0.023600
0 0.589400 0.804600 0.017500 0.022900
0 0.682800 0.806600 0.014700 0.024500
0 0.158500 0.028900 0.014600 0.026800
0 0.220800 0.631200 0.013100 0.029200
0 0.079700 0.431900 0.017600 0.023900
0 0.166300 0.109100 0.013900 0.025400
0 0.857700 0.970500 0.015600 0.023000
0 0.709500 0.531800 0.016200 0.023100
0 0.365900 0.278500 0.016200 0.018800
0 0.872200 0.452800 0.016600 0.024000
0 0.133900 0.322500 0.016500 0.022900
0 0.643600 0.220100 0.015700 0.023500
0 0.479800 0.984800 0.017200 0.020200
0 0.605900 0.472500 0.015100 0.025100
0 0.657100 0.967400 0.016300 0.021100
0 0.605500 0.293100 0.016500 0.021800
0 0.009100 0.741100 0.010700 0.028300
0 0.165700 0.469300 0.019600 0.024500
0 0.060300 0.629600 0.016500 0.022300
0 0.169300 0.544100 0.014500 0.022500
0 0.766200 0.943600 0.019100 0.020200
0 0.635700 0.244400 0.015200 0.023700
0 0.046200 0.831400 0.017700 0.026300
0 0.800700 0.468400 0.011600 0.032800
0 0.033200 0.310300 0.016600 0.022600
0 0.681300 0.770100 0.014900 0.023500
0 0.018600 0.280400 0.015300 0.027600
0 0.802500 0.888600 0.013700 0.029900
0 0.290000 0.956400 0.014700 0.023000
0 0.654000 0.948000 0.011300 0.019300
0 0.223900 0.517600 0.016300 0.024600
0 0.247300 0.922400 0.015600 0.023300
0 0.016900 0.096500 0.015800 0.027000
0 0.878700 0.089300 0.017500 0.022100
0 0.313900 0.523000 0.017700 0.021600
0 0.616300 0.519300 0.012500 0.027800
0 0.282800 0.877400 0.017000 0.024000
0 0.716300 0.322400 0.015200 0.024300
0 0.656100 0.254200 0.012900 0.032400
0 0.755100 0.534000 0.017700 0.023200
0 0.622400 0.366500 0.016500 0.025300
0 0.392600 0.028500 0.013000 0.033900
0 0.383000 0.145000 0.015600 0.022700
0 0.653100 0.809700 0.013500 0.028400
0 0.977600 0.304400 0.016100 0.026300
0 0.906100 0.339300 0.015800 0.022800
0 0.970200 0.593500 0.015700 0.022400
0 0.005200 0.653700 0.012700 0.021900
0 0.785000 0.256200 0.012700 0.028700
0 0.189600 0.972300 0.013200 0.025700
0 0.798100 0.651400 0.017900 0.022700
0 0.604900 0.959000 0.016300 0.022000
0 0.589600 0.754300 0.018500 0.022800
0 0.191400 0.519900 0.016900 0.023800
0 0.898200 0.491200 0.014200 0.026100
0 0.524000 0.772700 0.016500 0.021700
0 0.372900 0.872400 0.013100 0.025300
0 0.593800 0.671800 0.016100 0.022700
0 0.697600 0.668400 0.018300 0.023800
0 0.208900 0.932800 0.015000 0.025700
0 0.270000 0.864200 0.015600 0.026200
0 0.654500 0.713800 0.015100 0.023300
0 0.204500 0.889000 0.015400 0.026600
0 0.710500 0.464600 0.015500 0.023100
0 0.295900 0.534700 0.014200 0.027500
0 0.585600 0.418100 0.014200 0.025200
0 0.389100 0.973600 0.013800 0.022900
0 0.236100 0.539200 0.016600 0.022700
0 0.244200 0.468700 0.012700 0.026100
0 0.442300 0.220800 0.014900 0.024300
0 0.897300 0.511400 0.015900 0.023800
0 0.511400 0.791600 0.017000 0.022900
0 0.072400 0.892000 0.015300 0.027600
0 0.479600 0.248400 0.014300 0.023100
0 0.641200 0.185500 0.016100 0.021200
0 0.833000 0.629200 0.016900 0.022400
0 0.305000 0.823300 0.013700 0.027600
0 0.248100 0.060400 0.016100 0.024600
0 0.659000 0.759900 0.012500 0.029500
0 0.759300 0.819400 0.017100 0.022200
0 0.888300 0.553700 0.016000 0.021100
0 0.679400 0.836400 0.017200 0.021200
0 0.095100 0.494200 0.015500 0.022600
0 0.596200 0.222800 0.015600 0.021800
0 0.733600 0.323900 0.014800 0.024300
0 0.515200 0.508400 0.014500 0.025200
0 0.035100 0.252800 0.014000 0.024900
0 0.932800 0.644900 0.016000 0.024700
0 0.744800 0.094800 0.015900 0.020700
0 0.793600 0.679600 0.016500 0.022400
0 0.169100 0.190800 0.014300 0.025500
0 0.306300 0.277000 0.015800 0.023600
0 0.453700 0.135400 0.015900 0.025400
0 0.592300 0.110000 0.014800 0.023200
0 0.843400 0.868000 0.016700 0.022500
0 0.789500 0.968700 0.016800 0.020900
0 0.608100 0.795100 0.015500 0.030200
0 0.724200 0.721400 0.016400 0.020500
0 0.068400 0.247100 0.015800 0.023300
0 0.400700 0.147400 0.014500 0.021500
0 0.964900 0.326400 0.016900 0.021300
0 0.474600 0.879500 0.013700 0.023900
0 0.802500 0.378900 0.014900 0.027400
0 0.034400 0.732700 0.015200 0.025400
0 0.721300 0.447700 0.015300 0.022800
0 0.868600 0.905900 0.015100 0.023900
0 0.458400 0.235600 0.012800 0.029600
0 0.596900 0.582500 0.016600 0.025200
0 0.333000 0.178900 0.018600 0.022100
0 0.529000 0.710300 0.017300 0.021700
0 0.348200 0.541700 0.016200 0.023500
0 0.268900 0.632300 0.015300 0.025500
0 0.331500 0.082300 0.014600 0.022900
0 0.984800 0.320200 0.015900 0.024800
0 0.413600 0.606300 0.012400 0.029700
0 0.216300 0.444000 0.017600 0.020000
0 0.377100 0.552000 0.016700 0.023500
0 0.480400 0.026600 0.015900 0.022900
0 0.555200 0.446400 0.013600 0.026100
0 0.733000 0.692200 0.016000 0.021800
0 0.563700 0.590800 0.018800 0.021800
0 0.729200 0.823800 0.017100 0.020200
0 0.139100 0.356500 0.012000 0.029600
0 0.144800 0.892500 0.016000 0.021600
0 0.676400 0.704500 0.014600 0.023900
0 0.630000 0.921900 0.014300 0.022300
0 0.158000 0.310300 0.015400 0.026100
0 0.467400 0.284600 0.014400 0.022500
0 0.915100 0.707400 0.015900 0.025400
0 0.465100 0.731200 0.015300 0.023800
0 0.528600 0.615300 0.019000 0.020300
0 0.580900 0.982300 0.014100 0.026200
0 0.127300 0.641200 0.015300 0.023900
0 0.213900 0.558900 0.017400 0.024800
0 0.469800 0.973100 0.014100 0.027300
0 0.743300 0.108500 0.016100 0.022000
0 0.788200 0.935800 0.017600 0.024900
0 0.542600 0.455600 0.014000 0.024900
0 0.731400 0.644000 0.016100 0.026000
0 0.267400 0.685800 0.016700 0.024000
0 0.158900 0.372900 0.017500 0.024600
0 0.664300 0.510000 0.016900 0.022400
0 0.743600 0.521700 0.015200 0.026800
0 0.860300 0.040400 0.017500 0.021600
0 0.684700 0.686600 0.017500 0.023200
0 0.392800 0.485000 0.016300 0.024400
0 0.844300 0.284000 0.016800 0.023700
0 0.536200 0.476700 0.014400 0.022400
0 0.573100 0.436400 0.013900 0.024700
0 0.515300 0.704900 0.016500 0.020800
0 0.336200 0.261000 0.014900 0.025800
0 0.072100 0.459600 0.015500 0.027800
0 0.531900 0.296400 0.014300 0.023400
0 0.609900 0.417400 0.015700 0.022500
0 0.830300 0.756800 0.016600 0.024400
0 0.156500 0.107800 0.015200 0.023200
0 0.757100 0.319600 0.013900 0.026200
0 0.768700 0.842500 0.016000 0.024100
0 0.399300 0.201900 0.014700 0.025700
0 0.569000 0.216400 0.014900 0.022700
0 0.057200 0.985500 0.018100 0.024700
0 0.454300 0.168800 0.017600 0.022900
0 0.013400 0.634700 0.018600 0.022800
0 0.417000 0.519400 0.015900 0.025000
0 0.566400 0.414700 0.013800 0.024400
0 0.334400 0.346700 0.013000 0.033400
0 0.040000 0.188800 0.016900 0.023700
0 0.333400 0.208700 0.017500 0.022200
0 0.423600 0.019700 0.013000 0.028700
0 0.416500 0.482700 0.015700 0.025200
0 0.754800 0.067100 0.016000 0.024300
0 0.576000 0.826800 0.015400 0.022200
0 0.242100 0.565200 0.017400 0.021900
0 0.486100 0.805800 0.015700 0.022100
0 0.540600 0.757900 0.013500 0.025800
0 0.731600 0.156100 0.014900 0.024600
0 0.384200 0.672300 0.017400 0.023100
0 0.489900 0.433800 0.016500 0.024100
0 0.530900 0.657700 0.016000 0.022700
0 0.153000 0.721100 0.015100 0.022800
0 0.440700 0.178700 0.017200 0.022000
0 0.171800 0.915100 0.013700 0.030900
0 0.023300 0.036100 0.015000 0.030700
0 0.480900 0.911900 0.015200 0.025400
0 0.256600 0.810900 0.015300 0.024900
0 0.927600 0.019100 0.017700 0.023200
0 0.564400 0.090900 0.015200 0.025200
0 0.294600 0.281600 0.015600 0.021700
0 0.663600 0.498200 0.016800 0.021500
0 0.530400 0.947600 0.015500 0.019700
0 0.155300 0.052500 0.014400 0.023600
0 0.435100 0.339300 0.013700 0.028600
0 0.521400 0.601900 0.018800 0.021200
0 0.172100 0.290200 0.016500 0.024900
0 0.149100 0.068900 0.011900 0.028900
0 0.671600 0.470500 0.015400 0.025500
0 0.798000 0.260400 0.013300 0.028900
0 0.191700 0.215600 0.014300 0.028600
0 0.518400 0.646100 0.013700 0.025600
0 0.907600 0.307600 0.015900 0.025000
0 0.025700 0.958600 0.017200 0.024100
0 0.753100 0.738500 0.015900 0.024200
0 0.142900 0.095900 0.012800 0.028800
0 0.340800 0.677500 0.017400 0.026600
0 0.707900 0.651600 0.014300 0.025200
0 0.128400 0.517200 0.012700 0.031200
0 0.292100 0.020000 0.014300 0.026200
0 0.319100 0.065900 0.014500 0.025300
0 0.151600 0.656700 0.015800 0.023000
0 0.806600 0.067600 0.014100 0.033500
0 0.129100 0.298000 0.013000 0.028900
0 0.377400 0.726400 0.015000 0.022800
0 0.292600 0.058800 0.015000 0.026800
0 0.898900 0.572200 0.013400 0.026800
0 0.270700 0.336200 0.015100 0.025100
0 0.389400 0.303700 0.014500 0.027800
0 0.480600 0.506500 0.016000 0.024200
0 0.729000 0.664100 0.016300 0.023500
0 0.661700 0.341200 0.016600 0.026300
0 0.802200 0.629100 0.017200 0.023200
0 0.546100 0.948400 0.014600 0.022300
0 0.606700 0.685300 0.016200 0.026400
0 0.392400 0.879400 0.012500 0.027400
0 0.657500 0.067400 0.012800 0.024800
0 0.153800 0.515400 0.016500 0.022500
0 0.080800 0.202700 0.015400 0.022900
0 0.701100 0.695800 0.015900 0.021500
0 0.349300 0.939400 0.014400 0.020000
0 0.632700 0.139900 0.014400 0.025900
0 0.970100 0.440100 0.016300 0.024400
0 0.439900 0.464400 0.015300 0.026400
0 0.369500 0.798900 0.016500 0.022100
0 0.385000 0.885200 0.012000 0.026000
0 0.743900 0.581600 0.011800 0.035700
0 0.454600 0.353800 0.013100 0.034200
0 0.188800 0.554000 0.016100 0.021800
0 0.890900 0.777100 0.016700 0.022800
0 0.985300 0.490500 0.015500 0.027400
0 0.051100 0.155400 0.017800 0.022700
0 0.701800 0.156700 0.016400 0.022900
0 0.888400 0.354200 0.014900 0.025200
0 0.934700 0.147600 0.016900 0.025900
0 0.403900 0.611100 0.014200 0.026900
0 0.314300 0.348300 0.014800 0.027300
0 0.984100 0.973300 0.014100 0.023800
0 0.082400 0.183200 0.017000 0.023700
0 0.254300 0.301500 0.016600 0.023200
0 0.204100 0.591000 0.017000 0.022800
0 0.834200 0.566200 0.013100 0.027100
0 0.097000 0.253300 0.013800 0.029100
0 0.567600 0.739800 0.016700 0.022700
0 0.476600 0.418400 0.014100 0.030700
0 0.731800 0.786500 0.015100 0.022600
0 0.878300 0.729700 0.016100 0.023100
0 0.713400 0.140200 0.014200 0.026100
0 0.170300 0.046800 0.015700 0.024200
0 0.581500 0.236100 0.016700 0.023500
0 0.839100 0.227800 0.016000 0.021700
0 0.786200 0.795800 0.016000 0.024100
0 0.117600 0.681900 0.014500 0.027500
0 0.081400 0.283700 0.014400 0.028100
0 0.851100 0.727700 0.018800 0.023800
0 0.907400 0.361600 0.017000 0.021000
0 0.140900 0.673900 0.015700 0.022900
0 0.667700 0.169200 0.019000 0.021000
0 0.709100 0.280600 0.011800 0.032500
0 0.447800 0.483100 0.014700 0.025600
0 0.516200 0.016000 0.016600 0.023000
0 0.460400 0.108700 0.012900 0.032700
0 0.939900 0.694500 0.015900 0.027100
0 0.860000 0.345100 0.016300 0.021700
0 0.963500 0.276600 0.017700 0.022500
0 0.283800 0.260000 0.014600 0.027400
0 0.303300 0.581400 0.016900 0.022500
0 0.404800 0.215900 0.016200 0.022800
0 0.691800 0.347200 0.013400 0.032400
0 0.888900 0.824300 0.017400 0.019800
0 0.260900 0.255900 0.014500 0.027400
0 0.165300 0.353000 0.017200 0.024800
0 0.818000 0.142600 0.016300 0.024200
0 0.182500 0.501100 0.016700 0.024400
0 0.464500 0.572500 0.014500 0.027200
0 0.718600 0.408000 0.015700 0.026700
0 0.189600 0.435800 0.016600 0.023300
0 0.122100 0.985200 0.014100 0.024200
0 0.813900 0.347600 0.018100 0.020600
0 0.970100 0.161000 0.013000 0.028000
0 0.871100 0.401200 0.014500 0.030500
0 0.586800 0.857900 0.012600 0.029300
0 0.080700 0.571900 0.013700 0.024300
0 0.634900 0.652100 0.016100 0.024500
0 0.961600 0.748200 0.014500 0.030300
0 0.267300 0.040000 0.013700 0.027700
0 0.652100 0.173800 0.016500 0.021800
0 0.942800 0.593900 0.014100 0.022700
0 0.954000 0.248800 0.016000 0.025300
0 0.435900 0.960000 0.013600 0.024000
0 0.033200 0.600800 0.015600 0.022300
0 0.836400 0.070400 0.019600 0.021700
0 0.246500 0.964600 0.015300 0.022400
0 0.761600 0.284900 0.015800 0.025500
0 0.077500 0.220500 0.014000 0.023900
0 0.974000 0.042300 0.016200 0.023000
0 0.824100 0.552600 0.014500 0.025100
0 0.609600 0.024000 0.016200 0.024200
0 0.715400 0.672800 0.014600 0.024300
0 0.639700 0.343100 0.015600 0.028300
0 0.165400 0.828000 0.011900 0.034700
0 0.525800 0.831100 0.014100 0.027000
0 0.980700 0.151600 0.013900 0.025500
0 0.911000 0.192300 0.018400 0.024800
0 0.130300 0.335600 0.016300 0.022000
0 0.228300 0.644700 0.016200 0.022500
0 0.986700 0.793300 0.013800 0.027300
0 0.324400 0.303400 0.013600 0.028100
0 0.872200 0.268100 0.017400 0.021500
0 0.566300 0.172500 0.013000 0.029800
0 0.777800 0.047200 0.015400 0.029600
0 0.925600 0.738600 0.016200 0.023300
0 0.958700 0.635100 0.018000 0.024700
0 0.596500 0.419000 0.013400 0.023900
0 0.486600 0.609600 0.016300 0.025500
0 0.847600 0.027600 0.017200 0.021500
0 0.076000 0.711100 0.014100 0.025500
0 0.570900 0.273100 0.012900 0.030900
0 0.261300 0.014500 0.011600 0.023800
0 0.800600 0.770800 0.014400 0.028400
0 0.249000 0.982000 0.014500 0.024400
0 0.176000 0.414800 0.017200 0.024400
0 0.284300 0.523900 0.013000 0.028200
0 0.073600 0.102000 0.016500 0.024200
0 0.911600 0.847500 0.017700 0.022700
0 0.084500 0.084500 0.012100 0.031700
0 0.161000 0.333700 0.018100 0.025700
0 0.574200 0.911700 0.014900 0.022700
0 0.096900 0.426400 0.015500 0.026500
0 0.642200 0.748900 0.014300 0.024600
0 0.720400 0.084000 0.014400 0.023200
0 0.774300 0.525500 0.015800 0.026400
0 0.069200 0.076300 0.015900 0.025700
0 0.851600 0.189500 0.015800 0.023000
0 0.832100 0.648700 0.015100 0.025900
0 0.499100 0.521500 0.015900 0.023600
0 0.624100 0.761600 0.015900 0.026000
0 0.786500 0.451800 0.014000 0.025000
0 0.942100 0.082300 0.016500 0.021700
0 0.992900 0.806000 0.012200 0.027600
0 0.642800 0.102500 0.012400 0.034400
0 0.286000 0.781000 0.015600 0.023900
0 0.439200 0.508200 0.018000 0.026100
0 0.502100 0.146900 0.011200 0.034100
0 0.938700 0.672300 0.017900 0.024400
0 0.874400 0.222300 0.016800 0.026000
0 0.047100 0.014500 0.015200 0.024300
0 0.119000 0.226300 0.015400 0.024600
0 0.870900 0.650900 0.017400 0.022100
0 0.992000 0.552900 0.009600 0.029600
0 0.890900 0.315100 0.015100 0.024100
0 0.785400 0.173900 0.014000 0.028100
0 0.538400 0.969400 0.014700 0.024100
0 0.986300 0.251600 0.014500 0.027000
0 0.256000 0.035900 0.014000 0.027200
0 0.222900 0.205600 0.013600 0.027700
0 0.686400 0.048700 0.017300 0.023000
0 0.623800 0.023100 0.014300 0.024300
0 0.461800 0.940600 0.013800 0.026200
0 0.892600 0.636500 0.017100 0.022100
0 0.074600 0.825900 0.013200 0.032400
0 0.847600 0.042000 0.017700 0.020300
0 0.629700 0.476200 0.011900 0.034700
0 0.528100 0.223700 0.015500 0.024100
0 0.319100 0.098100 0.012700 0.028900
0 0.947500 0.073800 0.016800 0.020800
0 0.869800 0.126400 0.014200 0.030700
0 0.009900 0.673600 0.014800 0.022400
0 0.883200 0.352800 0.013500 0.025600
0 0.863100 0.017200 0.018300 0.020300
0 0.655900 0.014700 0.012800 0.024700
0 0.318300 0.201400 0.017200 0.022400
0 0.695900 0.301200 0.012300 0.029500
0 0.993900 0.401900 0.010200 0.030300
0 0.573600 0.783200 0.015400 0.021000
0 0.080000 0.559000 0.014000 0.024600
0 0.616000 0.538700 0.017000 0.021800
0 0.569200 0.361300 0.016300 0.024600
0 0.661100 0.059000 0.013600 0.021900
0 0.293100 0.734100 0.010800 0.037500
0 0.720500 0.416400 0.016300 0.025900
0 0.819200 0.396400 0.015000 0.025400
0 0.786500 0.432100 0.016600 0.022600
0 0.870600 0.255800 0.016000 0.019400
0 0.358700 0.102100 0.013600 0.032000
0 0.111700 0.248400 0.014300 0.023300
0 0.936000 0.706400 0.015300 0.027000
0 0.311500 0.174200 0.018400 0.021900
0 0.515700 0.223700 0.018100 0.023600
0 0.750500 0.986300 0.014800 0.023200
0 0.111400 0.918500 0.014700 0.029000
0 0.578800 0.803400 0.016900 0.024300
0 0.980400 0.855000 0.014600 0.023700
0 0.676400 0.370400 0.018500 0.025000
0 0.434300 0.423400 0.010500 0.035600
0 0.425000 0.361111 0.014062 0.036111
0 0.300000 0.636111 0.018750 0.025000
0 0.458594 0.665972 0.014062 0.031944
0 0.136719 0.563194 0.020312 0.029167
0 0.146484 0.168750 0.016406 0.031944
0 0.536328 0.073611 0.017969 0.030556
0 0.499219 0.095139 0.015625 0.043056
0 0.524609 0.247222 0.016406 0.036111
0 0.008594 0.450694 0.009375 0.031944
0 0.993750 0.959722 0.010937 0.022222
