0 0.016600 0.889700 0.017100 0.025700
0 0.409000 0.843600 0.017500 0.022400
0 0.011000 0.783600 0.015500 0.028100
0 0.773400 0.543400 0.017500 0.020900
0 0.852700 0.626900 0.014700 0.025700
0 0.418000 0.903300 0.012800 0.022700
0 0.960000 0.076500 0.018100 0.021300
0 0.505400 0.908500 0.013100 0.030800
0 0.023600 0.867500 0.015200 0.029500
0 0.309400 0.933300 0.016200 0.023300
0 0.832000 0.415000 0.016500 0.024300
0 0.806000 0.590300 0.015100 0.023300
0 0.314900 0.869200 0.013900 0.029700
0 0.818200 0.607500 0.016000 0.022400
0 0.331400 0.455200 0.015900 0.023600
0 0.480500 0.610100 0.013500 0.031700
0 0.441000 0.892400 0.013200 0.022800
0 0.348000 0.897000 0.016700 0.023600
0 0.953900 0.932400 0.017200 0.022900
0 0.880700 0.494200 0.014100 0.021600
0 0.455500 0.972700 0.014600 0.023000
0 0.146200 0.119600 0.017400 0.024200
0 0.378200 0.204000 0.016200 0.026500
0 0.369500 0.754000 0.015100 0.024600
0 0.455000 0.879000 0.015000 0.022800
0 0.316600 0.905200 0.017400 0.023900
0 0.834900 0.872400 0.016600 0.024900
0 0.143900 0.490400 0.016000 0.022200
0 0.257800 0.417600 0.013400 0.032600
0 0.822700 0.923000 0.014300 0.023500
0 0.597100 0.515300 0.013400 0.032100
0 0.040000 0.922700 0.014400 0.029800
0 0.810800 0.573200 0.012600 0.023500
0 0.011200 0.958900 0.014500 0.027400
0 0.705600 0.723400 0.016400 0.024400
0 0.784800 0.919900 0.015000 0.023000
0 0.733500 0.813800 0.017400 0.022600
0 0.817000 0.420600 0.017100 0.023600
0 0.264900 0.383100 0.017100 0.022400
0 0.880700 0.510000 0.013300 0.021700
0 0.833400 0.593100 0.013300 0.027200
0 0.821800 0.944100 0.016600 0.023300
0 0.615300 0.433200 0.017000 0.022000
0 0.742300 0.370600 0.016800 0.025600
0 0.070700 0.277400 0.015800 0.025900
0 0.674000 0.701100 0.017200 0.023200
0 0.902900 0.773000 0.013500 0.033000
0 0.703400 0.845300 0.012900 0.031300
0 0.977800 0.508700 0.019600 0.020800
0 0.283900 0.807700 0.014200 0.026500
0 0.022600 0.702200 0.013800 0.029100
0 0.038800 0.903700 0.017300 0.025800
0 0.353300 0.831300 0.012100 0.034800
0 0.755400 0.657900 0.011800 0.033600
0 0.543800 0.903500 0.016700 0.023300
0 0.219200 0.780200 0.014200 0.024600
0 0.542800 0.243900 0.014800 0.024700
0 0.654700 0.596100 0.011700 0.034200
0 0.670200 0.672900 0.014200 0.027600
0 0.436200 0.827800 0.018800 0.020300
0 0.239300 0.606700 0.016200 0.022700
0 0.008800 0.848000 0.014800 0.022900
0 0.028700 0.410500 0.017700 0.022800
0 0.894000 0.810500 0.014600 0.023100
0 0.777800 0.571300 0.013900 0.025800
0 0.318100 0.797400 0.013600 0.025200
0 0.155100 0.670700 0.013400 0.030100
0 0.127700 0.866400 0.016700 0.019800
0 0.821000 0.673500 0.014400 0.027800
0 0.639700 0.623000 0.015200 0.024600
0 0.865500 0.946000 0.013100 0.033000
0 0.828400 0.301700 0.015500 0.022600
0 0.532500 0.926600 0.012100 0.029300
0 0.036100 0.172900 0.015400 0.026100
0 0.741900 0.629000 0.014400 0.030700
0 0.053200 0.104300 0.016400 0.027200
0 0.634200 0.561100 0.014000 0.029500
0 0.522600 0.598000 0.015300 0.023900
0 0.367000 0.859800 0.013300 0.028100
0 0.971800 0.259100 0.017800 0.023300
0 0.654000 0.131900 0.014300 0.027600
0 0.319900 0.947400 0.017600 0.021100
0 0.156700 0.535900 0.015700 0.022800
0 0.812000 0.640800 0.014500 0.026200
0 0.956900 0.505600 0.016600 0.023200
0 0.906200 0.609200 0.014300 0.023100
0 0.098000 0.390300 0.014500 0.029700
0 0.583500 0.553200 0.010600 0.037000
0 0.653100 0.360500 0.016400 0.020800
0 0.671100 0.127000 0.012500 0.031900
0 0.277800 0.944200 0.018900 0.020900
0 0.323300 0.757100 0.017600 0.020800
0 0.402200 0.260100 0.016300 0.021600
0 0.875900 0.857500 0.013700 0.024400
0 0.767300 0.323700 0.016800 0.021100
0 0.496400 0.478300 0.016600 0.020800
0 0.889300 0.615300 0.014500 0.025400
0 0.142500 0.854600 0.016800 0.020700
0 0.070800 0.783400 0.018700 0.020900
0 0.892400 0.414900 0.013000 0.031800
0 0.541400 0.945700 0.012600 0.031600
0 0.697300 0.904800 0.016700 0.023100
0 0.552800 0.522500 0.015300 0.024900
0 0.890900 0.057300 0.012200 0.029100
0 0.560100 0.228900 0.016300 0.023700
0 0.157100 0.454500 0.016100 0.023000
0 0.081800 0.918800 0.013800 0.028700
0 0.024200 0.080700 0.014800 0.028800
0 0.278800 0.497700 0.016000 0.026500
0 0.529000 0.442600 0.016100 0.024400
0 0.516200 0.570800 0.013200 0.029600
0 0.571700 0.951600 0.016000 0.020600
0 0.007900 0.373400 0.016500 0.024100
0 0.205100 0.119300 0.014900 0.030000
0 0.851100 0.971200 0.017700 0.023300
0 0.267700 0.816200 0.015200 0.022900
0 0.678600 0.856900 0.013000 0.028800
0 0.580200 0.894300 0.016500 0.020100
0 0.798400 0.379400 0.017100 0.023800
0 0.353500 0.717400 0.018100 0.020400
0 0.202600 0.604100 0.016700 0.021100
0 0.780800 0.942000 0.014900 0.023700
0 0.722600 0.197100 0.011900 0.035100
0 0.470400 0.759400 0.014500 0.027100
0 0.690400 0.323100 0.018300 0.019000
0 0.104500 0.292200 0.016900 0.023800
0 0.014700 0.623800 0.016300 0.022400
0 0.259600 0.804300 0.015300 0.020900
0 0.697000 0.309700 0.017900 0.019900
0 0.557300 0.727400 0.012900 0.030500
0 0.571800 0.455900 0.012800 0.031000
0 0.009700 0.169300 0.013700 0.031300
0 0.726200 0.654300 0.015000 0.024600
0 0.505600 0.782800 0.015100 0.022400
0 0.905900 0.419500 0.015500 0.026800
0 0.932400 0.842100 0.014300 0.026800
0 0.070700 0.609400 0.017300 0.026200
0 0.557700 0.503700 0.016000 0.021700
0 0.357500 0.734200 0.018100 0.021300
0 0.485700 0.826900 0.016400 0.018900
0 0.406000 0.735000 0.016000 0.021800
0 0.690900 0.733300 0.015500 0.024500
0 0.265200 0.022700 0.012300 0.029700
0 0.934000 0.291100 0.018500 0.025200
0 0.158000 0.489100 0.015400 0.023600
0 0.820900 0.247600 0.018400 0.022200
0 0.261700 0.783400 0.014600 0.025000
0 0.293500 0.520800 0.016200 0.023800
0 0.420600 0.219300 0.012100 0.033700
0 0.245300 0.695100 0.014000 0.029000
0 0.630300 0.394100 0.016900 0.021600
0 0.778400 0.510000 0.014800 0.022700
0 0.527700 0.866200 0.016000 0.021200
0 0.353400 0.139300 0.014500 0.026300
0 0.582700 0.856900 0.015700 0.025300
0 0.819800 0.698600 0.014200 0.022900
0 0.246400 0.372300 0.015300 0.024100
0 0.684100 0.344800 0.016600 0.019100
0 0.705000 0.755900 0.015700 0.023400
0 0.666800 0.470900 0.016000 0.021300
0 0.057800 0.143000 0.016000 0.022000
0 0.391500 0.278300 0.016000 0.019700
0 0.554400 0.817600 0.016000 0.023600
0 0.680600 0.366600 0.016800 0.022700
0 0.203500 0.578400 0.013400 0.029500
0 0.570600 0.829300 0.016000 0.022200
0 0.859000 0.380500 0.018600 0.024100
0 0.564700 0.630900 0.014700 0.028700
0 0.967000 0.743500 0.016600 0.027000
0 0.042400 0.615500 0.016400 0.022100
0 0.702900 0.666000 0.015700 0.026500
0 0.346700 0.271600 0.015300 0.023200
0 0.689800 0.453000 0.013400 0.026800
0 0.192300 0.907800 0.016000 0.025700
0 0.457200 0.578600 0.014300 0.025300
0 0.595400 0.943600 0.012700 0.026600
0 0.940500 0.035700 0.013400 0.026000
0 0.842500 0.573500 0.012900 0.025600
0 0.795500 0.960900 0.016700 0.021800
0 0.935000 0.743300 0.011900 0.037300
0 0.558600 0.669700 0.014400 0.027800
0 0.286300 0.891900 0.019800 0.023000
0 0.804300 0.501300 0.013400 0.029200
0 0.319200 0.698300 0.017900 0.021000
0 0.452100 0.019500 0.016800 0.024300
0 0.254400 0.568400 0.012800 0.029500
0 0.133200 0.034700 0.018800 0.027300
0 0.177900 0.544900 0.014100 0.025100
0 0.133200 0.641500 0.015500 0.024600
0 0.981300 0.382300 0.014500 0.026300
0 0.619000 0.131300 0.015600 0.023100
0 0.517000 0.645700 0.014200 0.025600
0 0.644900 0.315800 0.016800 0.022900
0 0.545700 0.154200 0.015700 0.025600
0 0.127500 0.501000 0.014300 0.028400
0 0.257800 0.120600 0.015500 0.026000
0 0.831900 0.455800 0.015700 0.026500
0 0.546000 0.885200 0.017100 0.020800
0 0.392600 0.371700 0.015700 0.025300
0 0.281900 0.529800 0.017000 0.023500
0 0.390500 0.121000 0.017800 0.021700
0 0.273100 0.442400 0.017300 0.023200
0 0.729800 0.722500 0.014600 0.028000
0 0.473500 0.443400 0.016100 0.023000
0 0.653000 0.460000 0.015100 0.021100
0 0.917700 0.101900 0.011300 0.038400
0 0.944100 0.234100 0.015500 0.022500
0 0.405900 0.633300 0.014600 0.024800
0 0.164100 0.856600 0.017000 0.023400
0 0.065800 0.239000 0.017800 0.024300
0 0.118300 0.214100 0.014300 0.022500
0 0.230200 0.266500 0.015200 0.023400
0 0.667400 0.304300 0.015600 0.023000
0 0.560500 0.839600 0.015000 0.022700
0 0.900600 0.533700 0.014400 0.022900
0 0.167600 0.245900 0.013500 0.025800
0 0.253600 0.284900 0.017300 0.022200
0 0.881500 0.278000 0.018100 0.023000
0 0.101200 0.486100 0.019300 0.021900
0 0.628100 0.442700 0.013800 0.025700
0 0.744000 0.285000 0.017000 0.022800
0 0.732800 0.757800 0.015000 0.024800
0 0.899200 0.171400 0.014300 0.024500
0 0.401200 0.906700 0.012600 0.023900
0 0.481700 0.153000 0.015700 0.023900
0 0.901800 0.974000 0.018100 0.023000
0 0.492000 0.652900 0.015700 0.025800
0 0.965300 0.393900 0.016000 0.020700
0 0.619200 0.297100 0.017800 0.021200
0 0.896100 0.639600 0.018100 0.023400
0 0.445600 0.159000 0.015900 0.024600
0 0.246100 0.266500 0.016000 0.023100
0 0.414300 0.683900 0.016700 0.021400
0 0.254100 0.167200 0.014400 0.027000
0 0.472400 0.886000 0.016300 0.023000
0 0.505300 0.286400 0.014300 0.026000
0 0.143100 0.432500 0.015900 0.022000
0 0.555400 0.482900 0.015100 0.025300
0 0.364900 0.139300 0.012000 0.027700
0 0.669000 0.985700 0.015500 0.023800
0 0.716400 0.302100 0.016900 0.022800
0 0.504000 0.069700 0.012700 0.029700
0 0.418300 0.871200 0.013500 0.024000
0 0.691300 0.503700 0.017000 0.023600
0 0.522700 0.685600 0.017600 0.022100
0 0.195700 0.835500 0.015000 0.023500
0 0.580400 0.230000 0.014900 0.025900
0 0.571900 0.188800 0.012500 0.028100
0 0.892400 0.319400 0.015300 0.025700
0 0.343000 0.488400 0.018100 0.022600
0 0.888100 0.876700 0.011800 0.033900
0 0.173500 0.386400 0.016400 0.024200
0 0.210600 0.505400 0.013600 0.030600
0 0.491900 0.141800 0.013200 0.022900
0 0.969300 0.592300 0.015600 0.023000
0 0.170300 0.309500 0.013500 0.028600
0 0.147400 0.226600 0.016600 0.020800
0 0.804600 0.698600 0.013200 0.024900
0 0.026300 0.976500 0.018000 0.023700
0 0.165300 0.085600 0.017900 0.025900
0 0.493300 0.748100 0.015800 0.024400
0 0.618800 0.280500 0.016400 0.022000
0 0.983200 0.665900 0.015100 0.025400
0 0.073100 0.918200 0.014700 0.025800
0 0.977800 0.760800 0.017000 0.022100
0 0.399000 0.656400 0.016000 0.022100
0 0.948300 0.769100 0.014500 0.031500
0 0.827300 0.808800 0.017400 0.023600
0 0.176000 0.871400 0.016000 0.023900
0 0.104900 0.650800 0.015600 0.026100
0 0.704000 0.467800 0.014500 0.024700
0 0.328700 0.928300 0.015400 0.019900
0 0.050900 0.020600 0.016800 0.027500
0 0.971000 0.554900 0.016800 0.021300
0 0.152500 0.904300 0.014700 0.022100
0 0.392100 0.091600 0.015200 0.022100
0 0.433000 0.556600 0.013300 0.030500
0 0.622400 0.879500 0.015900 0.023700
0 0.592900 0.414700 0.017800 0.023300
0 0.066200 0.116400 0.013700 0.032700
0 0.726900 0.303600 0.016200 0.023100
0 0.852900 0.078000 0.017000 0.024100
0 0.771500 0.376000 0.017300 0.024000
0 0.633200 0.478700 0.017200 0.021600
0 0.204800 0.967700 0.015500 0.023400
0 0.751700 0.773200 0.017200 0.023400
0 0.819200 0.094000 0.016400 0.024200
0 0.977600 0.327200 0.012800 0.031600
0 0.348100 0.091100 0.016800 0.023200
0 0.132600 0.427300 0.015400 0.024900
0 0.123500 0.844000 0.019200 0.022700
0 0.632600 0.109600 0.015200 0.023300
0 0.878800 0.709800 0.015400 0.026700
0 0.356000 0.984900 0.010900 0.025500
0 0.455700 0.107800 0.015500 0.026500
0 0.126800 0.092000 0.017700 0.022300
0 0.277900 0.058900 0.012700 0.033700
0 0.321400 0.283600 0.013600 0.027800
0 0.524000 0.824200 0.016400 0.021800
0 0.473000 0.382600 0.017200 0.022100
0 0.422700 0.016800 0.015600 0.024600
0 0.241500 0.706200 0.015100 0.027000
0 0.031200 0.939100 0.015700 0.030900
0 0.844000 0.129100 0.016800 0.022300
0 0.308800 0.907400 0.019400 0.021500
0 0.923100 0.023500 0.015100 0.026000
0 0.546300 0.848500 0.017000 0.021500
0 0.603300 0.760100 0.014300 0.023900
0 0.616800 0.728200 0.014600 0.023700
0 0.469100 0.177100 0.015200 0.025300
0 0.270300 0.984400 0.022400 0.021200
0 0.091800 0.557500 0.018000 0.025200
0 0.936800 0.884000 0.013000 0.027900
0 0.253900 0.030900 0.013800 0.022400
0 0.764900 0.807000 0.019300 0.021300
0 0.056800 0.779100 0.019000 0.021000
0 0.380200 0.057300 0.012900 0.028600
0 0.023500 0.289100 0.013900 0.030900
0 0.129700 0.593700 0.017500 0.020700
0 0.597900 0.270900 0.015200 0.024700
0 0.260300 0.334600 0.019000 0.022500
0 0.030900 0.647500 0.017500 0.021500
0 0.226900 0.873000 0.016900 0.021800
0 0.640100 0.291700 0.017300 0.020400
0 0.445000 0.519800 0.015600 0.027400
0 0.940800 0.391900 0.015900 0.022500
0 0.314900 0.388800 0.015000 0.025300
0 0.218700 0.039000 0.017700 0.020500
0 0.220900 0.218300 0.014800 0.027100
0 0.306400 0.285700 0.016500 0.023400
0 0.609600 0.608600 0.013500 0.029900
0 0.718000 0.528100 0.015000 0.023300
0 0.542000 0.777800 0.015400 0.026900
0 0.297700 0.084200 0.017100 0.024800
0 0.531300 0.372000 0.016100 0.020900
0 0.124200 0.453600 0.013600 0.025600
0 0.919400 0.888800 0.013900 0.025700
0 0.133800 0.832800 0.015300 0.023300
0 0.301500 0.633400 0.017900 0.020400
0 0.409100 0.597400 0.011300 0.033900
0 0.557900 0.255400 0.016900 0.020400
0 0.880800 0.297700 0.017500 0.022300
0 0.661500 0.385400 0.017500 0.023000
0 0.798800 0.345900 0.015200 0.023700
0 0.760300 0.973000 0.014100 0.029700
0 0.618100 0.473300 0.015800 0.023000
0 0.775600 0.678900 0.014600 0.031600
0 0.382500 0.763300 0.014100 0.028600
0 0.410700 0.460400 0.015700 0.027200
0 0.313800 0.771800 0.015600 0.024500
0 0.630100 0.240200 0.017800 0.022100
0 0.992700 0.104100 0.008300 0.022400
0 0.923800 0.972200 0.019700 0.020700
0 0.020000 0.352700 0.015900 0.026600
0 0.385600 0.449000 0.017700 0.022100
0 0.184900 0.088600 0.016500 0.025200
0 0.303600 0.203900 0.015500 0.025500
0 0.460900 0.368500 0.017100 0.021500
0 0.772700 0.406800 0.019300 0.020700
0 0.150600 0.780300 0.014700 0.025800
0 0.861000 0.154400 0.016700 0.023900
0 0.460200 0.423400 0.015700 0.024900
0 0.383700 0.523300 0.017300 0.024200
0 0.324300 0.563300 0.017900 0.024300
0 0.955000 0.602600 0.014800 0.024000
0 0.391600 0.035300 0.012700 0.030300
0 0.626200 0.080400 0.013000 0.028000
0 0.416900 0.702100 0.014500 0.028400
0 0.932100 0.390900 0.015700 0.025900
0 0.685700 0.055500 0.017400 0.023400
0 0.559300 0.914500 0.016900 0.022700
0 0.710100 0.891900 0.014500 0.024200
0 0.814100 0.714100 0.013700 0.024900
0 0.892800 0.294400 0.016900 0.023500
0 0.236800 0.070900 0.014700 0.025200
0 0.598200 0.195300 0.017300 0.021800
0 0.373300 0.032800 0.015700 0.025000
0 0.011300 0.671500 0.018400 0.023200
0 0.891100 0.097800 0.011300 0.034800
0 0.148800 0.366900 0.015500 0.026800
0 0.757400 0.802200 0.020100 0.022400
0 0.006400 0.219700 0.010800 0.035000
0 0.169000 0.227400 0.015100 0.021200
0 0.992100 0.028100 0.008800 0.033800
0 0.218600 0.353700 0.015300 0.025800
0 0.063700 0.193900 0.015300 0.023100
0 0.068200 0.639500 0.013300 0.027300
0 0.668800 0.834000 0.011700 0.027500
0 0.169000 0.552100 0.014600 0.021900
0 0.491600 0.073500 0.013400 0.032100
0 0.377500 0.135900 0.013900 0.025000
0 0.655500 0.019700 0.013700 0.029900
0 0.296100 0.309500 0.017000 0.022600
0 0.966900 0.622600 0.014000 0.023900
0 0.628100 0.044600 0.014500 0.024000
0 0.830800 0.016900 0.011300 0.026800
0 0.920000 0.199000 0.016400 0.024400
0 0.706400 0.363200 0.013700 0.028600
0 0.373400 0.256300 0.015900 0.020300
0 0.038200 0.386200 0.019500 0.022500
0 0.923600 0.350800 0.017500 0.023200
0 0.965400 0.383800 0.016600 0.023700
0 0.105600 0.099300 0.019300 0.021300
0 0.101700 0.322300 0.017300 0.022600
0 0.949100 0.251900 0.014300 0.027800
0 0.365200 0.339400 0.013900 0.026700
0 0.521400 0.465100 0.015400 0.027100
0 0.028200 0.684700 0.016500 0.023200
0 0.125600 0.268000 0.015800 0.024100
0 0.082300 0.638700 0.014300 0.028800
0 0.573600 0.017800 0.016000 0.024400
0 0.043100 0.123400 0.017000 0.027100
0 0.148600 0.875900 0.015100 0.024000
0 0.294200 0.588400 0.015500 0.024700
0 0.552800 0.021900 0.015100 0.026800
0 0.463600 0.478400 0.016800 0.020600
0 0.627600 0.694700 0.013300 0.026900
0 0.352900 0.323300 0.014100 0.024200
0 0.443800 0.476000 0.016200 0.022900
0 0.571700 0.966500 0.014400 0.019800
0 0.218600 0.961300 0.015600 0.022100
0 0.850400 0.861400 0.012800 0.029600
0 0.776600 0.482500 0.013300 0.030800
0 0.459800 0.661000 0.012000 0.033000
0 0.417400 0.838800 0.015000 0.025000
0 0.329900 0.261700 0.013900 0.026400
0 0.567300 0.888600 0.016500 0.021700
0 0.528300 0.698500 0.018800 0.020700
0 0.246500 0.984900 0.018100 0.024000
0 0.567500 0.066600 0.013200 0.028900
0 0.640600 0.127300 0.011900 0.029000
0 0.138900 0.594000 0.016300 0.020900
0 0.123600 0.982700 0.018500 0.023900
0 0.630100 0.336500 0.014500 0.026200
0 0.900900 0.193700 0.014000 0.027900
0 0.903700 0.260700 0.016300 0.024900
0 0.355100 0.876000 0.015100 0.021000
0 0.341400 0.323300 0.014200 0.022900
0 0.351000 0.564800 0.016700 0.023900
0 0.484900 0.763800 0.014400 0.028300
0 0.063400 0.563500 0.014000 0.031300
0 0.513200 0.079400 0.014000 0.021600
0 0.814500 0.191400 0.012800 0.034900
0 0.838700 0.077300 0.012900 0.030200
0 0.523500 0.657300 0.015900 0.023600
0 0.303300 0.317800 0.017000 0.021700
0 0.184500 0.652400 0.018200 0.028000
0 0.026000 0.367900 0.019600 0.023000
0 0.713200 0.690500 0.017400 0.026100
0 0.944100 0.595900 0.012500 0.020300
0 0.321600 0.638500 0.017600 0.022500
0 0.090100 0.788500 0.019000 0.022300
0 0.432600 0.379000 0.011800 0.030300
0 0.618000 0.611300 0.016300 0.023600
0 0.991900 0.683100 0.009800 0.024400
0 0.381000 0.879900 0.012600 0.024800
0 0.564100 0.270300 0.017600 0.023100
0 0.695300 0.664300 0.016400 0.024800
0 0.273500 0.127300 0.015200 0.024100
0 0.721300 0.276300 0.017200 0.022600
0 0.573600 0.048000 0.015200 0.024400
0 0.816600 0.705100 0.013900 0.024600
0 0.350500 0.442600 0.012500 0.025900
0 0.236100 0.032500 0.013200 0.027500
0 0.780400 0.119100 0.012400 0.032800
0 0.761500 0.052100 0.012700 0.033900
0 0.709700 0.984800 0.024600 0.018300
0 0.795500 0.874100 0.017300 0.023700
0 0.751900 0.144200 0.015700 0.024100
0 0.172100 0.736100 0.013100 0.026900
0 0.945400 0.189100 0.014200 0.029000
0 0.750900 0.414200 0.018200 0.023900
0 0.740300 0.088400 0.015700 0.025400
0 0.419400 0.386200 0.015800 0.025000
0 0.913300 0.322800 0.017800 0.021800
0 0.047500 0.636400 0.017700 0.021600
0 0.135900 0.155500 0.012400 0.032900
0 0.729600 0.745500 0.015700 0.021900
0 0.193400 0.446000 0.012100 0.036900
0 0.609900 0.413800 0.017700 0.021600
0 0.513100 0.528500 0.013400 0.028900
0 0.711100 0.704300 0.016700 0.024700
0 0.251200 0.135200 0.015500 0.026700
0 0.622100 0.035400 0.013700 0.024100
0 0.820900 0.142600 0.016200 0.021800
0 0.715500 0.038500 0.018600 0.023000
0 0.462000 0.297800 0.012300 0.033100
0 0.861800 0.713800 0.014500 0.026700
0 0.496300 0.648600 0.015900 0.025900
0 0.294600 0.251200 0.015400 0.026600
0 0.102200 0.310200 0.016400 0.022900
0 0.694141 0.199306 0.016406 0.029167
0 0.816797 0.045833 0.013281 0.036111
0 0.724219 0.500694 0.017188 0.031944
0 0.536719 0.597222 0.014062 0.030556
0 0.689062 0.525000 0.015625 0.027778
