0 0.847800 0.680900 0.014700 0.023500
0 0.146200 0.129600 0.015400 0.018900
0 0.553900 0.654400 0.016000 0.023300
0 0.794100 0.893900 0.016800 0.023600
0 0.246100 0.096200 0.014700 0.021300
0 0.708600 0.645200 0.015000 0.022800
0 0.135000 0.293700 0.017300 0.019500
0 0.366200 0.853400 0.016400 0.020500
0 0.505800 0.818900 0.014300 0.024700
0 0.068900 0.894000 0.012900 0.023700
0 0.394800 0.482400 0.016200 0.023800
0 0.757700 0.881500 0.014100 0.022600
0 0.415800 0.830500 0.016700 0.021700
0 0.593600 0.808900 0.017500 0.021900
0 0.517000 0.791200 0.014600 0.022000
0 0.231200 0.318800 0.014700 0.022600
0 0.069200 0.620400 0.013800 0.022000
0 0.256100 0.906700 0.014700 0.021500
0 0.733900 0.179300 0.016200 0.022700
0 0.418900 0.646800 0.016000 0.021600
0 0.308200 0.629200 0.016800 0.021000
0 0.184200 0.882200 0.016300 0.022200
0 0.697800 0.293600 0.014800 0.021100
0 0.202500 0.231900 0.016700 0.022800
0 0.783300 0.655500 0.016900 0.021500
0 0.294100 0.291900 0.015900 0.023200
0 0.003900 0.881800 0.009500 0.021800
0 0.816400 0.571600 0.016900 0.019900
0 0.353500 0.695500 0.014500 0.022900
0 0.177500 0.584300 0.016600 0.023300
0 0.157900 0.222000 0.016300 0.019700
0 0.708600 0.706300 0.014100 0.020400
0 0.085100 0.608900 0.016300 0.021000
0 0.296700 0.159300 0.016100 0.019500
0 0.768500 0.194700 0.015300 0.021900
0 0.781600 0.270300 0.015700 0.023600
0 0.771400 0.055100 0.014600 0.025200
0 0.927400 0.805100 0.015100 0.023000
0 0.505300 0.505700 0.016500 0.021700
0 0.155600 0.059800 0.015100 0.020300
0 0.172000 0.641000 0.014300 0.022700
0 0.857900 0.508300 0.016400 0.020800
0 0.142300 0.704600 0.017100 0.022200
0 0.693800 0.365500 0.015700 0.022400
0 0.783000 0.543100 0.015600 0.023400
0 0.181100 0.106000 0.015900 0.021500
0 0.028800 0.568300 0.016100 0.023400
0 0.608500 0.156500 0.016000 0.022300
0 0.905400 0.470000 0.015500 0.022100
0 0.805600 0.629300 0.016100 0.020900
0 0.705300 0.691100 0.013500 0.022200
0 0.103500 0.854200 0.017500 0.020500
0 0.941100 0.531100 0.014300 0.024000
0 0.933300 0.679000 0.015700 0.024400
0 0.345900 0.342700 0.014700 0.025000
0 0.440500 0.140000 0.015700 0.023300
0 0.567800 0.771100 0.015600 0.023100
0 0.568400 0.529600 0.015800 0.022500
0 0.081900 0.408600 0.017800 0.020200
0 0.580800 0.204300 0.014600 0.025400
0 0.040700 0.233800 0.015500 0.023800
0 0.306000 0.894900 0.015400 0.018700
0 0.418400 0.582400 0.015900 0.023500
0 0.807000 0.930300 0.016800 0.022300
0 0.163900 0.654800 0.015600 0.022900
0 0.219400 0.206600 0.014900 0.023300
0 0.280800 0.103800 0.014000 0.020700
0 0.095000 0.271800 0.015900 0.022700
0 0.130900 0.644000 0.015500 0.020500
0 0.121800 0.419300 0.017400 0.019400
0 0.083700 0.684400 0.016000 0.021500
0 0.656900 0.594900 0.016500 0.024000
0 0.173000 0.955100 0.016500 0.022500
0 0.130700 0.358600 0.015000 0.020300
0 0.772400 0.682900 0.015500 0.020600
0 0.093400 0.805400 0.014300 0.025700
0 0.678200 0.244900 0.016700 0.022500
0 0.927600 0.032800 0.016600 0.024800
0 0.877300 0.308800 0.015100 0.023400
0 0.721600 0.703900 0.012900 0.022000
0 0.104200 0.956000 0.014200 0.021400
0 0.251700 0.830500 0.017200 0.021300
0 0.559000 0.695000 0.015700 0.023800
0 0.943200 0.730200 0.014200 0.024300
0 0.004800 0.930100 0.009700 0.022300
0 0.328900 0.219700 0.014300 0.025400
0 0.006900 0.647100 0.014400 0.024500
0 0.415400 0.882400 0.015200 0.025000
0 0.032300 0.216300 0.015500 0.019300
0 0.807500 0.704500 0.014400 0.022700
0 0.948100 0.315300 0.017400 0.020500
0 0.916000 0.819800 0.017100 0.022900
0 0.120100 0.630200 0.013600 0.025700
0 0.244900 0.396600 0.015800 0.023400
0 0.444800 0.571900 0.014400 0.022700
0 0.044000 0.581000 0.014900 0.023800
0 0.405600 0.309200 0.014100 0.024000
0 0.839700 0.695400 0.013300 0.023800
0 0.521000 0.533200 0.013900 0.025300
0 0.579100 0.622400 0.015700 0.023300
0 0.203800 0.093100 0.014700 0.021600
0 0.430600 0.121300 0.012100 0.027500
0 0.390000 0.684800 0.017200 0.021700
0 0.841700 0.570600 0.016800 0.021600
0 0.529100 0.492700 0.016800 0.020000
0 0.408300 0.392000 0.012400 0.027300
0 0.935700 0.379400 0.015700 0.022000
0 0.135700 0.528900 0.017600 0.021200
0 0.389600 0.233500 0.014400 0.021200
0 0.422100 0.908100 0.016200 0.022700
0 0.394400 0.720500 0.014900 0.021900
0 0.057800 0.471100 0.016400 0.022900
0 0.296800 0.084400 0.014200 0.023400
0 0.189300 0.040800 0.017100 0.019300
0 0.734500 0.732100 0.013700 0.021200
0 0.221000 0.741200 0.014800 0.023900
0 0.927300 0.281500 0.015100 0.024100
0 0.327500 0.744400 0.016400 0.021600
0 0.603600 0.594600 0.013100 0.024300
0 0.419700 0.767400 0.013800 0.019800
0 0.035500 0.940900 0.015600 0.023600
0 0.968800 0.144200 0.018600 0.020600
0 0.073200 0.942200 0.014800 0.023200
0 0.934300 0.234100 0.014500 0.025600
0 0.965800 0.720500 0.015200 0.022000
0 0.319900 0.790100 0.013800 0.023300
0 0.440800 0.981600 0.015200 0.022900
0 0.043300 0.128200 0.015600 0.020800
0 0.692400 0.465600 0.013800 0.025300
0 0.802800 0.859400 0.015400 0.024700
0 0.155000 0.316000 0.014700 0.019900
0 0.228900 0.393400 0.016100 0.021900
0 0.971700 0.321600 0.017200 0.022100
0 0.770500 0.096500 0.014300 0.024200
0 0.044200 0.380300 0.016400 0.021900
0 0.514000 0.321300 0.015800 0.023800
0 0.395900 0.364600 0.015200 0.023400
0 0.647300 0.897400 0.014300 0.027000
0 0.009900 0.534700 0.018200 0.023700
0 0.304900 0.857300 0.012900 0.025100
0 0.792000 0.318500 0.013700 0.024500
0 0.584200 0.957000 0.013900 0.026600
0 0.202800 0.544700 0.013900 0.025600
0 0.560800 0.928600 0.017100 0.023300
0 0.594600 0.584200 0.013000 0.024700
0 0.534600 0.658900 0.016300 0.021100
0 0.104800 0.353600 0.013400 0.026000
0 0.394900 0.605500 0.014600 0.023000
0 0.755400 0.780600 0.015700 0.020800
0 0.433600 0.764900 0.014400 0.022300
0 0.323300 0.443100 0.015400 0.024500
0 0.090100 0.219700 0.013900 0.026300
0 0.347900 0.254100 0.015800 0.022200
0 0.841600 0.446600 0.014800 0.024000
0 0.580900 0.708400 0.015500 0.025000
0 0.291800 0.230000 0.015100 0.024400
0 0.854000 0.765700 0.014200 0.027000
0 0.970500 0.669100 0.015600 0.024900
0 0.659800 0.982900 0.013300 0.025200
0 0.832500 0.554100 0.016000 0.021300
0 0.382500 0.614400 0.016400 0.019700
0 0.803300 0.230800 0.012700 0.027400
0 0.381500 0.892500 0.011900 0.029300
0 0.081100 0.894800 0.012300 0.027500
0 0.633700 0.859400 0.013500 0.026900
0 0.681100 0.534300 0.014900 0.022700
0 0.335000 0.839500 0.015400 0.022500
0 0.403300 0.934900 0.018300 0.022200
0 0.846100 0.502300 0.017200 0.020200
0 0.343700 0.890800 0.014700 0.022700
0 0.397800 0.060000 0.015000 0.024700
0 0.631900 0.635900 0.016300 0.021800
0 0.022700 0.743600 0.016500 0.027100
0 0.313600 0.207100 0.017100 0.022800
0 0.747900 0.119600 0.013700 0.028600
0 0.457700 0.914900 0.015600 0.021500
0 0.754900 0.827300 0.015100 0.021100
0 0.166200 0.618400 0.016700 0.022800
0 0.818600 0.977700 0.014600 0.022100
0 0.930200 0.717400 0.013800 0.026400
0 0.069500 0.453400 0.018000 0.021000
0 0.705800 0.391200 0.012600 0.029000
0 0.710100 0.122100 0.014500 0.024000
0 0.794800 0.956700 0.014100 0.026600
0 0.851700 0.117800 0.012300 0.030000
0 0.305000 0.977900 0.015500 0.022800
0 0.859200 0.447900 0.016100 0.024900
0 0.440200 0.960700 0.015300 0.022600
0 0.582300 0.758200 0.012400 0.027200
0 0.808000 0.669600 0.016300 0.019000
0 0.831000 0.216200 0.013100 0.026100
0 0.583200 0.166400 0.012800 0.025800
0 0.243700 0.440900 0.013100 0.024800
0 0.054200 0.133500 0.013500 0.022100
0 0.808100 0.953100 0.016200 0.022100
0 0.293800 0.816900 0.014300 0.026300
0 0.442300 0.879500 0.013900 0.024300
0 0.660700 0.093200 0.016800 0.021400
0 0.617000 0.859000 0.014300 0.024500
0 0.518400 0.065700 0.013900 0.027400
0 0.418900 0.495600 0.012800 0.030100
0 0.665700 0.107500 0.016600 0.020600
0 0.390500 0.290600 0.016000 0.021800
0 0.393300 0.216800 0.012000 0.025100
0 0.792200 0.115200 0.012700 0.025100
0 0.910600 0.867700 0.017700 0.024500
0 0.151600 0.472100 0.017400 0.022000
0 0.959400 0.172800 0.015500 0.022900
0 0.948300 0.589500 0.015300 0.026100
0 0.405500 0.819000 0.015200 0.021200
0 0.445900 0.601700 0.016200 0.021500
0 0.173200 0.376600 0.016500 0.020500
0 0.252100 0.029200 0.014500 0.025400
0 0.030800 0.133600 0.015000 0.022200
0 0.078700 0.173100 0.014400 0.020700
0 0.082900 0.289600 0.015700 0.023100
0 0.108900 0.323400 0.017400 0.017900
0 0.905900 0.439400 0.015500 0.022500
0 0.835600 0.189100 0.016100 0.021300
0 0.671200 0.533400 0.013900 0.026200
0 0.697600 0.622400 0.013700 0.026600
0 0.717700 0.741000 0.014100 0.022000
0 0.105400 0.673600 0.015900 0.022500
0 0.182300 0.719600 0.011700 0.033100
0 0.269700 0.328900 0.014900 0.021300
0 0.592400 0.777900 0.015200 0.024100
0 0.484300 0.790700 0.014000 0.019900
0 0.172800 0.547400 0.013400 0.026900
0 0.926800 0.559600 0.012300 0.028200
0 0.795800 0.084500 0.013600 0.025000
0 0.799000 0.421500 0.013800 0.026900
0 0.273000 0.345500 0.015600 0.020900
0 0.284300 0.535100 0.015000 0.023000
0 0.035500 0.197400 0.015300 0.017400
0 0.666800 0.356900 0.014900 0.021100
0 0.423500 0.426700 0.015800 0.021200
0 0.828100 0.067200 0.013500 0.023200
0 0.335000 0.782900 0.012400 0.029800
0 0.843200 0.422900 0.016100 0.022500
0 0.491100 0.685300 0.016200 0.022900
0 0.916600 0.740600 0.013500 0.027000
0 0.954900 0.451700 0.014900 0.022700
0 0.346000 0.230000 0.015700 0.022300
0 0.314900 0.658800 0.015000 0.022800
0 0.139400 0.552400 0.016500 0.021900
0 0.108500 0.890000 0.015900 0.021400
0 0.013300 0.266000 0.015100 0.026200
0 0.132900 0.018900 0.015600 0.022700
0 0.585700 0.833800 0.016300 0.021300
0 0.913500 0.552500 0.014700 0.021800
0 0.042400 0.295900 0.013100 0.031500
0 0.517700 0.101800 0.015800 0.023800
0 0.854000 0.660500 0.013000 0.024600
0 0.497200 0.615600 0.015100 0.023300
0 0.890200 0.378200 0.013700 0.028500
0 0.752700 0.853200 0.011700 0.024900
0 0.110600 0.739700 0.016100 0.022200
0 0.790100 0.291500 0.011700 0.026600
0 0.743100 0.385900 0.014500 0.022100
0 0.602000 0.968600 0.014600 0.025700
0 0.791700 0.052800 0.014300 0.021300
0 0.319500 0.951800 0.014800 0.020800
0 0.734400 0.517600 0.012500 0.021300
0 0.679400 0.171500 0.015200 0.024700
0 0.309500 0.791000 0.015000 0.020000
0 0.380800 0.318100 0.014800 0.023100
0 0.142600 0.622900 0.013800 0.024000
0 0.241300 0.284700 0.014200 0.026200
0 0.130300 0.591900 0.014800 0.023600
0 0.610200 0.122600 0.014800 0.023300
0 0.017000 0.798100 0.017900 0.021800
0 0.894000 0.452700 0.014600 0.022800
0 0.468900 0.271700 0.016100 0.024500
0 0.438700 0.547400 0.015200 0.022700
0 0.810700 0.814900 0.014400 0.026200
0 0.115900 0.576700 0.015200 0.024200
0 0.331900 0.122700 0.013500 0.024400
0 0.683600 0.154000 0.016700 0.021600
0 0.785900 0.768000 0.018500 0.021300
0 0.488900 0.918600 0.016100 0.021300
0 0.239600 0.435400 0.013900 0.024400
0 0.298300 0.455000 0.015100 0.024200
0 0.548700 0.268100 0.013400 0.026600
0 0.925800 0.618000 0.013200 0.028700
0 0.915500 0.073400 0.017600 0.020000
0 0.313900 0.697700 0.015000 0.020200
0 0.719100 0.160400 0.015000 0.023000
0 0.718200 0.854300 0.012600 0.019800
0 0.535700 0.915100 0.014900 0.024400
0 0.938300 0.333600 0.015700 0.024200
0 0.368000 0.770400 0.011800 0.032500
0 0.676400 0.405900 0.014800 0.025400
0 0.197900 0.605000 0.013200 0.023000
0 0.127200 0.755200 0.018000 0.021300
0 0.013900 0.784300 0.016000 0.023300
0 0.496700 0.102300 0.015200 0.028500
0 0.744600 0.565100 0.014800 0.023900
0 0.473500 0.059600 0.016200 0.024000
0 0.064800 0.416000 0.019300 0.019900
0 0.723700 0.040300 0.015800 0.025900
0 0.930100 0.135100 0.016500 0.023400
0 0.685700 0.143100 0.015300 0.024000
0 0.848500 0.847700 0.015400 0.025000
0 0.467800 0.589200 0.015700 0.023400
0 0.427500 0.341600 0.016800 0.021700
0 0.365200 0.502400 0.014700 0.025500
0 0.977500 0.685000 0.017800 0.021400
0 0.692600 0.733900 0.012900 0.022200
0 0.276200 0.591800 0.016200 0.022300
0 0.752600 0.766600 0.016100 0.022600
0 0.689400 0.565000 0.016800 0.022900
0 0.613800 0.433300 0.015600 0.020300
0 0.597200 0.746800 0.013500 0.024600
0 0.518000 0.923800 0.015700 0.021800
0 0.476900 0.642900 0.015500 0.022600
0 0.093700 0.135500 0.014200 0.021000
0 0.116600 0.067300 0.014700 0.017800
0 0.876100 0.252800 0.014300 0.026500
0 0.444400 0.370700 0.014200 0.026800
0 0.746200 0.415700 0.016400 0.023700
0 0.233200 0.840600 0.014300 0.026000
0 0.795500 0.347400 0.015200 0.022400
0 0.523600 0.506200 0.016300 0.020800
0 0.209800 0.465400 0.013700 0.031700
0 0.018900 0.203700 0.011600 0.026900
0 0.339100 0.373200 0.016000 0.021300
0 0.711400 0.020600 0.014700 0.026900
0 0.022300 0.548200 0.018600 0.024700
0 0.861200 0.617800 0.017000 0.022000
0 0.601700 0.498000 0.016700 0.021700
0 0.298300 0.420800 0.014900 0.024500
0 0.068700 0.783000 0.012200 0.032000
0 0.843600 0.821200 0.011700 0.028200
0 0.772800 0.289700 0.012500 0.027200
0 0.826900 0.235900 0.014600 0.021900
0 0.236500 0.760600 0.013200 0.024700
0 0.151000 0.202900 0.016700 0.020100
0 0.627700 0.586100 0.016400 0.021500
0 0.257800 0.748000 0.015300 0.023000
0 0.155000 0.114800 0.016200 0.019600
0 0.076300 0.740300 0.016900 0.022100
0 0.401900 0.702400 0.015400 0.020800
0 0.106700 0.073200 0.014100 0.019600
0 0.849000 0.802400 0.013900 0.022900
0 0.490000 0.797400 0.015400 0.020600
0 0.707000 0.128900 0.015300 0.022900
0 0.539300 0.644800 0.015900 0.022200
0 0.265600 0.226200 0.016700 0.022400
0 0.156500 0.151500 0.017000 0.018300
0 0.986200 0.232100 0.015800 0.024200
0 0.691300 0.323100 0.012700 0.024000
0 0.643000 0.314400 0.012800 0.028300
0 0.984600 0.154100 0.017900 0.021400
0 0.207000 0.973300 0.015000 0.020700
0 0.223900 0.839800 0.015400 0.022200
0 0.180100 0.663900 0.015100 0.023600
0 0.759100 0.408500 0.015200 0.024400
0 0.594800 0.035100 0.011600 0.032400
0 0.628800 0.773700 0.017600 0.022700
0 0.830000 0.022400 0.012500 0.027400
0 0.445300 0.064800 0.011800 0.032000
0 0.748000 0.526000 0.015000 0.021800
0 0.793400 0.647700 0.017200 0.022000
0 0.422800 0.385900 0.013400 0.023900
0 0.888400 0.756100 0.014800 0.026500
0 0.279800 0.273400 0.015700 0.023400
0 0.155400 0.421800 0.016100 0.021600
0 0.763800 0.319700 0.013600 0.020600
0 0.073500 0.864000 0.017500 0.020700
0 0.007600 0.401700 0.016800 0.024400
0 0.698300 0.658800 0.014200 0.021800
0 0.972300 0.981700 0.011200 0.031000
0 0.120500 0.290000 0.016500 0.018300
0 0.413800 0.264800 0.014600 0.024500
0 0.480300 0.964000 0.014000 0.022000
0 0.674000 0.617600 0.016400 0.021900
0 0.738500 0.429000 0.013600 0.025300
0 0.673200 0.777900 0.011900 0.029300
0 0.053700 0.635700 0.013500 0.025200
0 0.432200 0.389300 0.012100 0.028300
0 0.288800 0.185300 0.016900 0.021400
0 0.820900 0.944500 0.016700 0.024800
0 0.427500 0.636000 0.015700 0.022000
0 0.823400 0.673600 0.016000 0.021100
0 0.740700 0.594000 0.017300 0.020900
0 0.234900 0.092800 0.013900 0.021000
0 0.843900 0.398900 0.014400 0.024200
0 0.529500 0.039800 0.014600 0.028500
0 0.581000 0.148700 0.017500 0.020800
0 0.767200 0.443600 0.011100 0.035500
0 0.030600 0.457100 0.013000 0.032500
0 0.720300 0.167800 0.015600 0.022400
0 0.522700 0.347900 0.013000 0.028700
0 0.260600 0.586000 0.016800 0.021700
0 0.091700 0.698600 0.016400 0.021000
0 0.061400 0.835400 0.015400 0.024900
0 0.413600 0.531900 0.013900 0.025500
0 0.064600 0.886100 0.014500 0.021800
0 0.088300 0.760400 0.015800 0.024000
0 0.861600 0.328100 0.013000 0.030800
0 0.551900 0.211400 0.017500 0.022600
0 0.967200 0.046100 0.014600 0.028800
0 0.625700 0.610700 0.014700 0.025800
0 0.405300 0.172100 0.013300 0.030400
0 0.913100 0.205300 0.011600 0.033600
0 0.441200 0.376500 0.013100 0.025400
0 0.032600 0.884600 0.014400 0.025400
0 0.463700 0.180800 0.013200 0.032600
0 0.942600 0.464500 0.013700 0.024100
0 0.985300 0.422300 0.014400 0.027200
0 0.164600 0.419200 0.015700 0.021800
0 0.358300 0.320100 0.013000 0.032400
0 0.971200 0.171900 0.015000 0.023000
0 0.923600 0.777500 0.016400 0.023100
0 0.614600 0.735300 0.015100 0.022400
0 0.753800 0.298400 0.010700 0.028100
0 0.061900 0.341600 0.012900 0.028600
0 0.031600 0.444900 0.017000 0.020700
0 0.563300 0.255100 0.015100 0.023200
0 0.717100 0.973900 0.016900 0.022600
0 0.680600 0.851400 0.013400 0.024600
0 0.080300 0.023600 0.014800 0.026400
0 0.011328 0.453472 0.013281 0.026389
0 0.186719 0.538194 0.014062 0.029167
0 0.198047 0.310417 0.014844 0.029167
0 0.174609 0.161806 0.017969 0.023611
0 0.171875 0.231944 0.012500 0.033333
0 0.035156 0.088889 0.012500 0.022222
0 0.218359 0.701389 0.013281 0.030556
0 0.240234 0.721528 0.011719 0.023611
0 0.230859 0.500000 0.011719 0.030556
0 0.288281 0.502778 0.015625 0.025000
0 0.264062 0.425000 0.018750 0.019444
0 0.307813 0.402083 0.010937 0.034722
0 0.258594 0.311806 0.010937 0.026389
0 0.287109 0.254167 0.013281 0.022222
0 0.404687 0.990278 0.017188 0.019444
0 0.361719 0.459722 0.012500 0.027778
0 0.387109 0.433333 0.011719 0.025000
0 0.358203 0.484722 0.011719 0.025000
0 0.343750 0.317361 0.012500 0.026389
0 0.427734 0.927083 0.011719 0.026389
0 0.473828 0.548611 0.014844 0.025000
0 0.511719 0.609028 0.010937 0.026389
0 0.598047 0.672917 0.010156 0.029167
0 0.641406 0.849306 0.010937 0.029167
0 0.605859 0.941667 0.014844 0.025000
0 0.614062 0.928472 0.014062 0.020833
0 0.488672 0.600694 0.013281 0.023611
0 0.555469 0.760417 0.014062 0.026389
0 0.587500 0.378472 0.012500 0.026389
0 0.578125 0.378472 0.012500 0.031944
0 0.601172 0.450694 0.013281 0.023611
0 0.594141 0.444444 0.016406 0.022222
0 0.571094 0.326389 0.012500 0.030556
0 0.570312 0.235417 0.014062 0.023611
0 0.487500 0.294444 0.012500 0.022222
0 0.476953 0.294444 0.011719 0.025000
0 0.498828 0.254861 0.011719 0.026389
0 0.525781 0.645139 0.014062 0.026389
0 0.678906 0.725000 0.012500 0.025000
0 0.603516 0.615972 0.013281 0.023611
0 0.662109 0.144444 0.011719 0.033333
0 0.673828 0.187500 0.013281 0.027778
0 0.688672 0.194444 0.011719 0.030556
0 0.693359 0.180556 0.013281 0.025000
0 0.710156 0.197222 0.014062 0.025000
0 0.821484 0.289583 0.013281 0.031944
0 0.880859 0.060417 0.013281 0.029167
0 0.855469 0.072917 0.017188 0.020833
0 0.839063 0.112500 0.010937 0.027778
0 0.833594 0.091667 0.014062 0.022222
0 0.844141 0.088194 0.010156 0.020833
0 0.855078 0.092361 0.011719 0.020833
0 0.955469 0.082639 0.017188 0.023611
0 0.988672 0.183333 0.013281 0.030556
0 0.977734 0.308333 0.019531 0.019444
0 0.988281 0.326389 0.012500 0.027778
0 0.985937 0.294444 0.015625 0.022222
0 0.987891 0.400000 0.014844 0.022222
0 0.738281 0.251389 0.012500 0.019444
0 0.724609 0.252778 0.011719 0.027778
0 0.729297 0.241667 0.013281 0.022222
0 0.956250 0.538889 0.012500 0.030556
0 0.792188 0.625000 0.014062 0.030556
0 0.691797 0.825000 0.014844 0.022222
0 0.710156 0.757639 0.014062 0.020833
0 0.662500 0.579167 0.012500 0.027778
0 0.416016 0.665972 0.014844 0.020833
0 0.415234 0.677778 0.014844 0.019444
0 0.817578 0.786806 0.017969 0.026389
0 0.968750 0.936111 0.014062 0.030556
0 0.984766 0.928472 0.016406 0.020833
0 0.970703 0.797917 0.013281 0.029167
0 0.866797 0.475694 0.016406 0.020833
0 0.962891 0.214583 0.013281 0.026389
0 0.949609 0.211806 0.011719 0.031944
0 0.805078 0.109722 0.013281 0.022222
0 0.464844 0.073611 0.010937 0.027778
0 0.221484 0.573611 0.010156 0.027778
0 0.219531 0.564583 0.014062 0.020833
0 0.178516 0.195139 0.013281 0.023611
0 0.313281 0.878472 0.012500 0.020833
0 0.355078 0.029167 0.014844 0.025000
0 0.342187 0.029861 0.012500 0.023611
0 0.346875 0.043056 0.015625 0.022222
0 0.408594 0.087500 0.010937 0.030556
0 0.394531 0.346528 0.015625 0.026389
0 0.418359 0.352778 0.013281 0.022222
0 0.560938 0.585417 0.010937 0.020833
0 0.553516 0.576389 0.011719 0.025000
0 0.548047 0.384028 0.013281 0.020833
0 0.691016 0.277778 0.011719 0.022222
0 0.990625 0.974306 0.012500 0.023611
0 0.989453 0.354167 0.010156 0.027778
0 0.983203 0.110417 0.013281 0.026389
0 0.987891 0.100694 0.014844 0.023611
0 0.783203 0.081250 0.014844 0.023611
0 0.712500 0.302083 0.014062 0.023611
0 0.846875 0.967361 0.010937 0.026389
0 0.840625 0.872917 0.007812 0.031944
