0 0.594200 0.933800 0.014100 0.023200
0 0.732100 0.269200 0.018700 0.019700
0 0.829900 0.146100 0.016100 0.021000
0 0.094100 0.055800 0.016600 0.020900
0 0.318900 0.404200 0.015500 0.022600
0 0.346100 0.447200 0.016800 0.021300
0 0.154900 0.620300 0.015000 0.024700
0 0.034100 0.668200 0.017000 0.021500
0 0.157400 0.468400 0.016400 0.020100
0 0.431800 0.319500 0.015400 0.020600
0 0.717100 0.780200 0.015700 0.026200
0 0.295800 0.797300 0.015700 0.022700
0 0.132500 0.230700 0.016600 0.019500
0 0.831400 0.654400 0.018000 0.019900
0 0.304000 0.081700 0.014100 0.025100
0 0.214700 0.721900 0.015300 0.022000
0 0.578800 0.793800 0.017000 0.021900
0 0.257800 0.644000 0.016400 0.023400
0 0.818400 0.640900 0.016900 0.020700
0 0.333900 0.856100 0.014700 0.021900
0 0.717100 0.509400 0.017300 0.021900
0 0.508100 0.184800 0.015000 0.023600
0 0.760300 0.629300 0.016400 0.021900
0 0.470100 0.781900 0.015500 0.022400
0 0.019800 0.567800 0.016600 0.021100
0 0.051500 0.393500 0.013500 0.023200
0 0.779900 0.628200 0.015200 0.024200
0 0.134800 0.957500 0.016300 0.021200
0 0.343000 0.334700 0.016500 0.019300
0 0.467500 0.730200 0.015800 0.023700
0 0.922000 0.742400 0.017700 0.023100
0 0.569000 0.030900 0.016300 0.022600
0 0.216300 0.066400 0.014300 0.020700
0 0.656500 0.593500 0.015600 0.021500
0 0.285200 0.518200 0.015900 0.023800
0 0.081500 0.657900 0.016300 0.021800
0 0.580400 0.080100 0.015600 0.022300
0 0.667100 0.531000 0.015400 0.024200
0 0.241600 0.529000 0.015700 0.019800
0 0.157500 0.868800 0.017300 0.020100
0 0.170100 0.318000 0.015200 0.024600
0 0.594400 0.656700 0.018000 0.022100
0 0.770200 0.858800 0.017400 0.021700
0 0.358500 0.220300 0.017100 0.024200
0 0.645100 0.308000 0.014200 0.024800
0 0.564600 0.259600 0.015800 0.024200
0 0.970400 0.605800 0.019500 0.020300
0 0.780900 0.752600 0.017800 0.022000
0 0.805500 0.083700 0.014800 0.023300
0 0.321900 0.166700 0.014400 0.024200
0 0.252800 0.491700 0.015600 0.020600
0 0.907800 0.780700 0.014300 0.024200
0 0.116000 0.340700 0.015500 0.022300
0 0.929400 0.806400 0.014700 0.022200
0 0.947500 0.071200 0.017300 0.021200
0 0.953800 0.594700 0.017000 0.020800
0 0.196800 0.444100 0.016300 0.021800
0 0.567700 0.291700 0.015500 0.024600
0 0.046800 0.080200 0.015400 0.027300
0 0.579800 0.932000 0.013900 0.024700
0 0.131100 0.640700 0.017400 0.022400
0 0.058200 0.419100 0.014100 0.025500
0 0.568800 0.719700 0.017900 0.021500
0 0.270100 0.628000 0.016200 0.021600
0 0.342700 0.108500 0.013600 0.022900
0 0.328700 0.841500 0.015500 0.021000
0 0.510500 0.143800 0.017100 0.021100
0 0.845300 0.129400 0.015500 0.024200
0 0.160000 0.191100 0.016300 0.021800
0 0.516500 0.317200 0.015200 0.025600
0 0.259700 0.072200 0.015400 0.022700
0 0.733700 0.534400 0.017400 0.021100
0 0.817100 0.568700 0.016500 0.024700
0 0.505700 0.532100 0.013000 0.026300
0 0.754300 0.066100 0.014500 0.023800
0 0.804900 0.334500 0.014800 0.024500
0 0.056500 0.269100 0.013700 0.024900
0 0.947000 0.418600 0.017900 0.019600
0 0.440100 0.790900 0.015400 0.022600
0 0.691200 0.943500 0.016100 0.022600
0 0.227900 0.821900 0.015900 0.023700
0 0.157000 0.982500 0.016000 0.021300
0 0.930500 0.406200 0.017600 0.019300
0 0.432600 0.296100 0.016200 0.021300
0 0.018100 0.591100 0.017000 0.022500
0 0.993900 0.132600 0.011100 0.022600
0 0.282200 0.939800 0.016200 0.020400
0 0.354600 0.792700 0.015700 0.020100
0 0.956900 0.831200 0.015700 0.022500
0 0.506800 0.667000 0.016200 0.022600
0 0.491100 0.219100 0.017100 0.020900
0 0.205600 0.077700 0.015000 0.020700
0 0.303100 0.132700 0.016200 0.021500
0 0.344200 0.481500 0.015900 0.022300
0 0.282600 0.095300 0.013900 0.024400
0 0.935400 0.541900 0.015000 0.023100
0 0.808400 0.708300 0.015900 0.022500
0 0.447700 0.756000 0.016000 0.022800
0 0.930400 0.594300 0.016300 0.020500
0 0.032600 0.120900 0.014400 0.026900
0 0.421500 0.347100 0.015100 0.022300
0 0.302500 0.955700 0.016100 0.022900
0 0.766500 0.122200 0.013800 0.022700
0 0.077500 0.345500 0.016000 0.025000
0 0.647300 0.356200 0.014600 0.023400
0 0.756700 0.840800 0.016600 0.020500
0 0.805500 0.383800 0.014400 0.026400
0 0.694200 0.078200 0.015500 0.024500
0 0.853400 0.803200 0.015600 0.021300
0 0.707400 0.635000 0.017500 0.020900
0 0.779700 0.983000 0.017000 0.021300
0 0.068000 0.379400 0.016400 0.022500
0 0.897400 0.119100 0.017200 0.022400
0 0.352600 0.096600 0.016500 0.020000
0 0.468300 0.244900 0.016500 0.023900
0 0.157700 0.632800 0.015400 0.025700
0 0.243700 0.885800 0.014200 0.025000
0 0.681300 0.231800 0.014900 0.023100
0 0.969900 0.389900 0.018600 0.019300
0 0.639600 0.618600 0.017300 0.022000
0 0.466800 0.184400 0.015600 0.020600
0 0.653700 0.157900 0.013900 0.025500
0 0.277100 0.392200 0.015700 0.023200
0 0.261100 0.333200 0.015500 0.021400
0 0.290700 0.145000 0.016100 0.022400
0 0.040300 0.806500 0.012900 0.027700
0 0.696000 0.577000 0.016500 0.019600
0 0.220700 0.430300 0.014700 0.025900
0 0.810000 0.255800 0.013600 0.024200
0 0.006200 0.080100 0.014300 0.021900
0 0.579500 0.560000 0.015000 0.023900
0 0.514800 0.691500 0.016400 0.023900
0 0.356700 0.031700 0.014300 0.021900
0 0.851700 0.566600 0.016200 0.023000
0 0.301600 0.381300 0.015000 0.022700
0 0.430400 0.902200 0.015200 0.021800
0 0.267200 0.244000 0.015600 0.026800
0 0.665500 0.105500 0.014300 0.024500
0 0.821200 0.802500 0.014700 0.022200
0 0.968800 0.559600 0.018800 0.021900
0 0.865200 0.672500 0.019100 0.021600
0 0.594700 0.056400 0.014500 0.025000
0 0.420300 0.205500 0.013300 0.025800
0 0.368200 0.484700 0.014200 0.028000
0 0.860800 0.056900 0.018700 0.021200
0 0.269900 0.135500 0.017400 0.020500
0 0.497300 0.953900 0.014800 0.022900
0 0.939800 0.381500 0.017800 0.021400
0 0.882500 0.085100 0.017300 0.024000
0 0.148800 0.494400 0.013200 0.023800
0 0.854900 0.622400 0.016100 0.020200
0 0.430900 0.746200 0.015100 0.025600
0 0.123200 0.446700 0.013800 0.024400
0 0.693500 0.982100 0.017200 0.023000
0 0.968200 0.345300 0.017000 0.023500
0 0.447800 0.268800 0.014900 0.025700
0 0.046900 0.651900 0.016400 0.022600
0 0.941900 0.673500 0.016900 0.022600
0 0.290900 0.542000 0.012800 0.026300
0 0.065700 0.231400 0.011300 0.031000
0 0.118500 0.372900 0.014400 0.022500
0 0.459600 0.104100 0.017800 0.022400
0 0.146600 0.706300 0.015200 0.027100
0 0.276600 0.641200 0.015800 0.022000
0 0.516500 0.435300 0.014300 0.024300
0 0.177500 0.829100 0.016500 0.018500
0 0.233300 0.191500 0.014600 0.023400
0 0.069400 0.021300 0.016400 0.025100
0 0.958500 0.969800 0.014200 0.028000
0 0.159900 0.264700 0.016900 0.021400
0 0.694400 0.557400 0.012700 0.024400
0 0.719200 0.452200 0.014700 0.024500
0 0.846900 0.819600 0.013100 0.025000
0 0.243600 0.459600 0.014800 0.021500
0 0.160800 0.156300 0.014500 0.025500
0 0.307400 0.466200 0.015200 0.023700
0 0.180300 0.658000 0.015000 0.026800
0 0.164800 0.419900 0.015500 0.024900
0 0.221700 0.472500 0.016100 0.021000
0 0.917700 0.760800 0.018800 0.019500
0 0.791800 0.016900 0.015900 0.024100
0 0.691300 0.768000 0.014200 0.024700
0 0.668800 0.072900 0.016500 0.020700
0 0.503800 0.445200 0.011600 0.029200
0 0.242600 0.779700 0.015500 0.024800
0 0.541100 0.940400 0.013600 0.024500
0 0.356000 0.310000 0.015600 0.023100
0 0.852400 0.641700 0.016800 0.019900
0 0.769800 0.644200 0.012900 0.028100
0 0.443100 0.582600 0.014000 0.027800
0 0.319600 0.596300 0.014800 0.022900
0 0.170100 0.547700 0.014500 0.025300
0 0.140200 0.219800 0.014500 0.022500
0 0.842700 0.758100 0.013900 0.025800
0 0.641300 0.552800 0.014400 0.022900
0 0.210400 0.785000 0.013600 0.023900
0 0.705600 0.154300 0.014500 0.022100
0 0.605200 0.572900 0.016400 0.024000
0 0.309300 0.771500 0.015500 0.023400
0 0.907500 0.969200 0.014800 0.026700
0 0.119400 0.419900 0.012600 0.026600
0 0.870300 0.396100 0.015500 0.025200
0 0.658800 0.940400 0.013400 0.024500
0 0.647500 0.398200 0.015700 0.021800
0 0.841900 0.340700 0.013400 0.025200
0 0.647400 0.871900 0.013000 0.025800
0 0.323000 0.441400 0.017900 0.021000
0 0.772900 0.506300 0.016500 0.020900
0 0.371800 0.931700 0.014400 0.028800
0 0.310800 0.167300 0.014300 0.021300
0 0.385900 0.082300 0.016600 0.019200
0 0.091800 0.415700 0.014200 0.024700
0 0.497200 0.816600 0.014800 0.026700
0 0.477100 0.082500 0.014900 0.023500
0 0.008200 0.722200 0.015200 0.024600
0 0.436000 0.058900 0.016600 0.022800
0 0.630700 0.768900 0.012500 0.025200
0 0.184200 0.682700 0.011600 0.030100
0 0.896300 0.393700 0.015600 0.022400
0 0.728900 0.690000 0.015300 0.023600
0 0.684900 0.372500 0.014100 0.022700
0 0.733900 0.292000 0.015400 0.024300
0 0.010600 0.979700 0.014300 0.023300
0 0.793900 0.214400 0.015000 0.021600
0 0.959800 0.031700 0.015100 0.023200
0 0.248600 0.980700 0.013400 0.021800
0 0.514800 0.909400 0.014600 0.026200
0 0.696200 0.743400 0.013600 0.029100
0 0.495700 0.943200 0.015100 0.022600
0 0.266100 0.039800 0.014400 0.023100
0 0.157100 0.770500 0.012300 0.032700
0 0.956400 0.664500 0.015900 0.022500
0 0.248300 0.564900 0.012700 0.025300
0 0.579400 0.404200 0.011600 0.028700
0 0.432500 0.417500 0.012100 0.029200
0 0.758500 0.434700 0.014200 0.021400
0 0.892900 0.647400 0.013900 0.028400
0 0.501200 0.330900 0.014200 0.024500
0 0.944700 0.709500 0.017000 0.021300
0 0.079800 0.504400 0.012500 0.028800
0 0.079700 0.403500 0.013100 0.026500
0 0.915500 0.108100 0.015100 0.027500
0 0.068200 0.282100 0.013600 0.023800
0 0.008500 0.691300 0.011400 0.026500
0 0.859500 0.371100 0.014400 0.025400
0 0.226500 0.934300 0.015500 0.022900
0 0.007000 0.589800 0.013300 0.021600
0 0.959900 0.402600 0.015300 0.019600
0 0.341600 0.830200 0.014400 0.020700
0 0.334700 0.376700 0.017000 0.020100
0 0.903800 0.360900 0.016300 0.019500
0 0.864700 0.492000 0.016300 0.024500
0 0.957600 0.444800 0.014600 0.024100
0 0.711300 0.472300 0.013800 0.026100
0 0.626400 0.495200 0.013300 0.026700
0 0.620500 0.784100 0.013600 0.026900
0 0.276300 0.034800 0.014100 0.022100
0 0.803300 0.752100 0.016600 0.026500
0 0.808600 0.157300 0.011800 0.020000
0 0.242700 0.402700 0.014600 0.025600
0 0.914300 0.941000 0.016000 0.022800
0 0.029900 0.340400 0.014200 0.025100
0 0.822300 0.708700 0.016700 0.023600
0 0.407500 0.880200 0.016300 0.023300
0 0.967300 0.271900 0.016400 0.024100
0 0.386300 0.060100 0.015100 0.019700
0 0.958300 0.429400 0.018100 0.018400
0 0.533500 0.222900 0.014000 0.024300
0 0.959600 0.244400 0.016600 0.023000
0 0.851600 0.332800 0.011900 0.028900
0 0.802300 0.414400 0.014300 0.022600
0 0.871900 0.177900 0.015700 0.023300
0 0.228300 0.347800 0.012200 0.027300
0 0.917800 0.527100 0.014100 0.025200
0 0.846600 0.407500 0.013500 0.030300
0 0.016500 0.947400 0.015100 0.024900
0 0.721500 0.847100 0.013400 0.027800
0 0.642500 0.282500 0.013900 0.024200
0 0.920200 0.215400 0.013600 0.028000
0 0.496300 0.534800 0.011600 0.026900
0 0.798500 0.959700 0.018500 0.020800
0 0.315500 0.642200 0.011700 0.031800
0 0.611000 0.110200 0.013900 0.024700
0 0.596000 0.568300 0.015100 0.024500
0 0.747400 0.691700 0.012000 0.029000
0 0.605800 0.240100 0.015600 0.022900
0 0.526600 0.634800 0.018100 0.021500
0 0.235800 0.157600 0.016700 0.023800
0 0.764600 0.296300 0.016600 0.018600
0 0.972900 0.473300 0.016800 0.021600
0 0.227800 0.238800 0.016800 0.021200
0 0.239800 0.915800 0.016400 0.023700
0 0.104500 0.795000 0.015500 0.018000
0 0.227100 0.551700 0.015400 0.021800
0 0.976700 0.633200 0.019000 0.021400
0 0.131900 0.060300 0.014500 0.021000
0 0.251400 0.231500 0.016300 0.022500
0 0.696800 0.677200 0.015000 0.022500
0 0.173800 0.844900 0.015600 0.018800
0 0.401300 0.220100 0.013000 0.031000
0 0.434200 0.227500 0.014800 0.028000
0 0.423400 0.306900 0.015000 0.022300
0 0.435500 0.617600 0.013000 0.026200
0 0.330200 0.034100 0.014900 0.024800
0 0.116100 0.565200 0.014400 0.027400
0 0.690400 0.486300 0.016000 0.022600
0 0.077200 0.747400 0.015800 0.021900
0 0.298800 0.191700 0.016600 0.022500
0 0.922800 0.158200 0.015800 0.022700
0 0.402000 0.547400 0.015700 0.022700
0 0.728100 0.623100 0.018400 0.021700
0 0.586500 0.158500 0.014200 0.027800
0 0.664000 0.421200 0.017000 0.021600
0 0.431100 0.022600 0.012700 0.032000
0 0.736700 0.459000 0.014800 0.024000
0 0.757100 0.947800 0.015000 0.025300
0 0.480700 0.923200 0.016100 0.023300
0 0.080100 0.153500 0.013800 0.027600
0 0.826100 0.883700 0.013100 0.031500
0 0.623300 0.152200 0.016500 0.021100
0 0.067200 0.872200 0.014600 0.019800
0 0.873800 0.265100 0.014400 0.025800
0 0.960400 0.910500 0.014600 0.025000
0 0.223600 0.744100 0.015400 0.024500
0 0.669000 0.808200 0.013400 0.031600
0 0.082100 0.840600 0.013400 0.024500
0 0.438900 0.430600 0.015300 0.020500
0 0.475700 0.904800 0.015700 0.023900
0 0.206500 0.303300 0.011100 0.031800
0 0.351800 0.779300 0.015100 0.020200
0 0.933600 0.448500 0.016700 0.020400
0 0.220100 0.284400 0.017900 0.020900
0 0.163900 0.517600 0.014000 0.022600
0 0.340400 0.577400 0.015000 0.022100
0 0.316000 0.346300 0.017500 0.019400
0 0.547300 0.598100 0.016400 0.022700
0 0.664700 0.089300 0.015400 0.020500
0 0.326700 0.130900 0.015500 0.022500
0 0.111400 0.491000 0.014200 0.022000
0 0.710600 0.335500 0.015800 0.019300
0 0.135600 0.566500 0.012500 0.031900
0 0.193800 0.298100 0.012600 0.028100
0 0.654900 0.271900 0.012800 0.028900
0 0.461100 0.914100 0.014100 0.025000
0 0.664200 0.447700 0.011800 0.023600
0 0.748800 0.168200 0.013300 0.018400
0 0.313400 0.540900 0.011200 0.025600
0 0.695000 0.114500 0.013300 0.026300
0 0.395700 0.451600 0.017500 0.024500
0 0.581400 0.823200 0.015800 0.024700
0 0.148500 0.147100 0.013000 0.030200
0 0.188900 0.784200 0.015800 0.022700
0 0.385800 0.676500 0.015600 0.024300
0 0.614600 0.853100 0.015000 0.022500
0 0.455200 0.826400 0.017500 0.021700
0 0.848600 0.846700 0.015600 0.025700
0 0.551700 0.272100 0.014200 0.027200
0 0.398800 0.067400 0.015500 0.022200
0 0.121100 0.059800 0.015300 0.018800
0 0.556100 0.614900 0.016300 0.024400
0 0.119500 0.804300 0.015100 0.018500
0 0.236200 0.295800 0.016000 0.022000
0 0.327100 0.529200 0.012600 0.020900
0 0.501800 0.831400 0.015700 0.021300
0 0.027500 0.803500 0.013400 0.028700
0 0.955400 0.301700 0.015500 0.020800
0 0.733800 0.378300 0.016800 0.017100
0 0.984600 0.368800 0.018200 0.024500
0 0.069700 0.840800 0.013800 0.024400
0 0.968800 0.020200 0.019500 0.019600
0 0.532700 0.860600 0.013800 0.026200
0 0.574300 0.621000 0.014200 0.028300
0 0.901100 0.308700 0.016000 0.023600
0 0.618200 0.276100 0.014100 0.022500
0 0.557800 0.390700 0.010000 0.032300
0 0.694800 0.852000 0.012500 0.030400
0 0.507900 0.021500 0.015500 0.022600
0 0.301000 0.056300 0.015400 0.022900
0 0.138800 0.272700 0.016100 0.022300
0 0.963900 0.317700 0.016000 0.024900
0 0.626000 0.307800 0.012700 0.028200
0 0.447400 0.322400 0.014100 0.027500
0 0.102300 0.871700 0.016100 0.021400
0 0.453900 0.022700 0.013700 0.025100
0 0.758700 0.736000 0.016800 0.022100
0 0.930300 0.289400 0.013000 0.026300
0 0.094700 0.798100 0.014800 0.020600
0 0.021600 0.773800 0.017700 0.022700
0 0.639600 0.226100 0.017300 0.021200
0 0.161400 0.046100 0.012600 0.022700
0 0.720500 0.814500 0.012800 0.029800
0 0.754600 0.419200 0.013500 0.019800
0 0.084900 0.615300 0.017100 0.022400
0 0.298000 0.645400 0.013600 0.030200
0 0.965800 0.309700 0.018400 0.021400
0 0.980300 0.242500 0.017000 0.021900
0 0.279200 0.898800 0.014900 0.024400
0 0.268700 0.458100 0.014700 0.017500
0 0.763700 0.094100 0.015300 0.022100
0 0.601900 0.983500 0.012600 0.024800
0 0.227400 0.890800 0.016200 0.023300
0 0.986000 0.439900 0.016800 0.023700
0 0.420000 0.277300 0.015300 0.023000
0 0.696000 0.790100 0.013800 0.027700
0 0.761500 0.984900 0.012800 0.022000
0 0.833400 0.772800 0.015300 0.024100
0 0.331500 0.889100 0.011700 0.027900
0 0.781600 0.385700 0.014000 0.023400
0 0.015000 0.498000 0.011900 0.030000
0 0.044600 0.410000 0.015700 0.021200
0 0.089800 0.708300 0.014800 0.023500
0 0.359100 0.019700 0.012900 0.026600
0 0.248000 0.585900 0.015500 0.023200
0 0.693900 0.364500 0.012600 0.026300
0 0.064600 0.128400 0.012800 0.031600
0 0.791900 0.538700 0.017300 0.020600
0 0.018000 0.449100 0.015000 0.022900
0 0.973500 0.704400 0.018200 0.024500
0 0.767900 0.602600 0.012700 0.030900
0 0.451300 0.382700 0.014300 0.023200
0 0.624200 0.205900 0.013700 0.024700
0 0.835200 0.358400 0.013500 0.025600
0 0.235100 0.027000 0.013800 0.024000
0 0.827600 0.615800 0.014200 0.027400
0 0.751200 0.520400 0.019400 0.018900
0 0.673500 0.246500 0.016900 0.019400
0 0.030300 0.360000 0.016400 0.023600
0 0.021484 0.053472 0.013281 0.023611
0 0.014453 0.038889 0.013281 0.025000
0 0.092578 0.025694 0.014844 0.018056
0 0.041016 0.013194 0.014844 0.020833
0 0.033594 0.221528 0.012500 0.023611
0 0.025000 0.225694 0.010937 0.026389
0 0.050781 0.363889 0.014062 0.022222
0 0.026563 0.379167 0.014062 0.019444
0 0.019531 0.404167 0.014062 0.022222
0 0.028125 0.397917 0.014062 0.020833
0 0.046094 0.838194 0.015625 0.029167
0 0.096484 0.896528 0.010156 0.026389
0 0.110156 0.902083 0.014062 0.026389
0 0.075391 0.704167 0.010156 0.033333
0 0.124219 0.845139 0.014062 0.023611
0 0.256641 0.972917 0.011719 0.031944
0 0.267188 0.826389 0.014062 0.030556
0 0.247266 0.213889 0.017969 0.025000
0 0.185937 0.111111 0.017188 0.022222
0 0.210156 0.019444 0.017188 0.022222
0 0.255078 0.117361 0.016406 0.023611
0 0.281641 0.071528 0.014844 0.023611
0 0.323438 0.058333 0.012500 0.025000
0 0.330078 0.100000 0.013281 0.022222
0 0.311328 0.121528 0.011719 0.023611
0 0.404297 0.463889 0.014844 0.019444
0 0.401172 0.920139 0.013281 0.023611
0 0.389453 0.924306 0.011719 0.029167
0 0.394531 0.803472 0.014062 0.020833
0 0.389453 0.793750 0.016406 0.023611
0 0.485938 0.790278 0.014062 0.025000
0 0.503906 0.762500 0.010937 0.030556
0 0.494141 0.747917 0.011719 0.029167
0 0.488672 0.612500 0.016406 0.022222
0 0.469141 0.617361 0.014844 0.023611
0 0.464844 0.606944 0.017188 0.022222
0 0.249609 0.440278 0.013281 0.027778
0 0.368359 0.363889 0.017969 0.025000
0 0.394531 0.300694 0.012500 0.023611
0 0.538281 0.646528 0.012500 0.023611
0 0.531250 0.669444 0.014062 0.025000
0 0.444922 0.639583 0.011719 0.020833
0 0.439453 0.650000 0.010156 0.033333
0 0.593359 0.625000 0.011719 0.027778
0 0.568750 0.651389 0.014062 0.022222
0 0.555469 0.653472 0.015625 0.026389
0 0.596484 0.802778 0.011719 0.030556
0 0.616406 0.772917 0.015625 0.023611
0 0.641406 0.933333 0.012500 0.030556
0 0.656641 0.877083 0.013281 0.029167
0 0.696094 0.822222 0.015625 0.022222
0 0.566797 0.687500 0.014844 0.027778
0 0.572266 0.389583 0.016406 0.029167
0 0.599219 0.414583 0.012500 0.031944
0 0.522656 0.286806 0.012500 0.026389
0 0.521484 0.272222 0.014844 0.025000
0 0.700781 0.267361 0.014062 0.023611
0 0.723437 0.311806 0.015625 0.026389
0 0.663281 0.186111 0.014062 0.022222
0 0.687891 0.175000 0.011719 0.033333
0 0.761719 0.565972 0.018750 0.023611
0 0.789453 0.167361 0.011719 0.023611
0 0.798828 0.188889 0.011719 0.027778
0 0.835547 0.186806 0.014844 0.023611
0 0.874609 0.127778 0.011719 0.030556
0 0.944141 0.212500 0.014844 0.027778
0 0.974219 0.198611 0.012500 0.027778
0 0.988281 0.111111 0.014062 0.025000
0 0.903125 0.186111 0.010937 0.033333
0 0.914844 0.267361 0.010937 0.034722
0 0.935547 0.510417 0.010156 0.026389
0 0.941797 0.502778 0.013281 0.025000
0 0.946484 0.727778 0.011719 0.027778
0 0.528906 0.545139 0.014062 0.029167
0 0.522266 0.544444 0.013281 0.030556
0 0.507422 0.357639 0.011719 0.023611
0 0.500781 0.359722 0.012500 0.027778
0 0.798437 0.604167 0.010937 0.033333
0 0.792578 0.582639 0.011719 0.031944
0 0.910937 0.868056 0.017188 0.027778
0 0.861719 0.952083 0.018750 0.020833
0 0.277344 0.290278 0.010937 0.022222
