0 0.593000 0.805800 0.014100 0.022300
0 0.020200 0.945200 0.017400 0.022100
0 0.496500 0.133700 0.017400 0.021300
0 0.458600 0.631400 0.017000 0.021300
0 0.491900 0.353600 0.015800 0.021100
0 0.621000 0.856800 0.016500 0.023000
0 0.197300 0.717100 0.014900 0.020200
0 0.933700 0.272100 0.016000 0.020300
0 0.384100 0.193500 0.015800 0.020300
0 0.479500 0.620700 0.015400 0.020200
0 0.240400 0.193400 0.017800 0.018600
0 0.658600 0.067000 0.015800 0.020700
0 0.519500 0.570100 0.019200 0.018700
0 0.106100 0.142500 0.014100 0.022000
0 0.605600 0.265400 0.015800 0.020600
0 0.307200 0.856900 0.016400 0.022200
0 0.398000 0.491900 0.014300 0.026100
0 0.466800 0.427800 0.015100 0.023100
0 0.547300 0.916600 0.014100 0.025200
0 0.434500 0.358300 0.017800 0.022700
0 0.083600 0.670400 0.014000 0.024500
0 0.202700 0.069400 0.014300 0.019500
0 0.184300 0.170200 0.014800 0.018300
0 0.767900 0.234100 0.016000 0.023600
0 0.256900 0.234500 0.019200 0.020400
0 0.154500 0.854100 0.016100 0.020600
0 0.854300 0.146600 0.016800 0.019400
0 0.170000 0.796900 0.016000 0.021800
0 0.946200 0.090500 0.016100 0.021000
0 0.370400 0.371100 0.016200 0.023200
0 0.008000 0.854100 0.012500 0.022000
0 0.802900 0.341500 0.015600 0.023200
0 0.359200 0.582400 0.013500 0.026100
0 0.046700 0.454000 0.017000 0.020900
0 0.753400 0.131800 0.016400 0.023000
0 0.808600 0.171800 0.017700 0.022400
0 0.066100 0.806800 0.017000 0.021000
0 0.734700 0.596400 0.016800 0.023400
0 0.357900 0.096100 0.014300 0.020900
0 0.446400 0.756200 0.017200 0.021400
0 0.602900 0.393700 0.016500 0.020600
0 0.417000 0.917400 0.015900 0.023200
0 0.631300 0.257900 0.013300 0.022700
0 0.843500 0.771500 0.016500 0.022800
0 0.152700 0.793100 0.017700 0.021500
0 0.302800 0.755400 0.014400 0.022100
0 0.115200 0.603500 0.016600 0.022700
0 0.193800 0.833200 0.016300 0.024000
0 0.651500 0.532200 0.014200 0.024900
0 0.392600 0.352300 0.017200 0.021800
0 0.903400 0.441100 0.015400 0.020400
0 0.645600 0.897000 0.016500 0.022800
0 0.120900 0.467500 0.015500 0.022000
0 0.078500 0.506800 0.017000 0.020700
0 0.266900 0.058900 0.016400 0.021800
0 0.244100 0.646900 0.018000 0.020300
0 0.296800 0.778300 0.013600 0.023100
0 0.032700 0.435000 0.016200 0.021100
0 0.628100 0.355100 0.015900 0.022800
0 0.053100 0.218200 0.015500 0.020300
0 0.153700 0.245400 0.014800 0.024400
0 0.558700 0.694900 0.014400 0.024400
0 0.141000 0.334800 0.015200 0.025000
0 0.696400 0.308200 0.015600 0.021200
0 0.495800 0.715200 0.016300 0.024800
0 0.355500 0.208800 0.014700 0.023500
0 0.332400 0.791200 0.016500 0.023200
0 0.032900 0.132500 0.016700 0.021300
0 0.941400 0.616100 0.018100 0.019300
0 0.329000 0.104200 0.014400 0.021700
0 0.915700 0.058800 0.014400 0.018300
0 0.229800 0.119700 0.013500 0.019500
0 0.605400 0.294300 0.013000 0.022900
0 0.007900 0.453100 0.014900 0.020800
0 0.558500 0.220100 0.016700 0.019700
0 0.210300 0.877900 0.016800 0.020500
0 0.384400 0.209800 0.016000 0.021400
0 0.309000 0.282900 0.015900 0.020900
0 0.552600 0.159500 0.016000 0.021700
0 0.127500 0.134300 0.013300 0.021000
0 0.944800 0.659300 0.016000 0.021000
0 0.170700 0.307700 0.017700 0.021100
0 0.145400 0.117300 0.015000 0.017900
0 0.240400 0.620000 0.019100 0.021800
0 0.442100 0.691700 0.015300 0.023600
0 0.105500 0.355000 0.013500 0.027200
0 0.755100 0.695100 0.017800 0.022100
0 0.532300 0.292300 0.015800 0.023900
0 0.084900 0.146000 0.015400 0.023200
0 0.229800 0.183600 0.015500 0.018300
0 0.809200 0.541000 0.015200 0.023100
0 0.845700 0.817500 0.014200 0.026900
0 0.820300 0.702600 0.016700 0.022000
0 0.417900 0.155900 0.013400 0.024700
0 0.722100 0.692600 0.016700 0.022200
0 0.964600 0.128700 0.016200 0.023600
0 0.507900 0.966100 0.015200 0.025000
0 0.843900 0.090700 0.014700 0.023000
0 0.064300 0.743200 0.016900 0.020500
0 0.234500 0.930300 0.014400 0.025300
0 0.868300 0.316500 0.017500 0.021900
0 0.158400 0.357100 0.015100 0.022000
0 0.429700 0.929600 0.014500 0.022600
0 0.780400 0.471900 0.017300 0.020400
0 0.734500 0.942500 0.015000 0.021600
0 0.256300 0.392900 0.010500 0.026600
0 0.218500 0.957300 0.017000 0.019400
0 0.334200 0.672900 0.015700 0.022600
0 0.232800 0.804500 0.014100 0.026000
0 0.093400 0.560100 0.016200 0.019700
0 0.453000 0.533600 0.014700 0.021000
0 0.041700 0.183100 0.017200 0.023200
0 0.359400 0.555100 0.014600 0.026500
0 0.754800 0.297000 0.013000 0.022700
0 0.410200 0.405000 0.016600 0.022000
0 0.926400 0.755700 0.015500 0.025700
0 0.003900 0.156100 0.008400 0.025400
0 0.992300 0.753800 0.011800 0.021800
0 0.005100 0.079900 0.012200 0.023700
0 0.959500 0.951900 0.016700 0.020600
0 0.796700 0.205500 0.013500 0.026200
0 0.182100 0.115800 0.013600 0.019300
0 0.567800 0.632400 0.015400 0.019800
0 0.664800 0.469300 0.016400 0.021400
0 0.044100 0.752700 0.018000 0.020600
0 0.320800 0.215300 0.016700 0.021200
0 0.247900 0.930000 0.015000 0.024300
0 0.693900 0.883500 0.015700 0.023200
0 0.952100 0.221200 0.016200 0.023700
0 0.558300 0.202800 0.016700 0.019500
0 0.047400 0.429000 0.016100 0.021100
0 0.182500 0.195800 0.015300 0.017900
0 0.052100 0.353000 0.015700 0.021500
0 0.156300 0.390200 0.016100 0.019800
0 0.442400 0.233100 0.011600 0.030300
0 0.992000 0.231200 0.010100 0.031100
0 0.726800 0.119400 0.015700 0.022200
0 0.707500 0.265900 0.013800 0.025800
0 0.632000 0.040100 0.017900 0.020100
0 0.705500 0.984100 0.016200 0.022200
0 0.201600 0.354000 0.016600 0.021200
0 0.405100 0.683000 0.014600 0.023600
0 0.919600 0.894900 0.014900 0.027600
0 0.484500 0.380900 0.013500 0.025800
0 0.535300 0.822400 0.016600 0.019500
0 0.353000 0.809200 0.016600 0.023900
0 0.752700 0.446900 0.016100 0.018600
0 0.529700 0.920400 0.014800 0.022800
0 0.321900 0.778200 0.013500 0.026000
0 0.591200 0.583800 0.013600 0.027800
0 0.292900 0.646000 0.014300 0.023200
0 0.697100 0.194800 0.017300 0.021800
0 0.678700 0.307700 0.011700 0.026900
0 0.618600 0.528300 0.016200 0.023500
0 0.576400 0.918900 0.013100 0.029000
0 0.132000 0.430400 0.014600 0.021600
0 0.245400 0.758700 0.013300 0.022900
0 0.372400 0.676600 0.015000 0.019200
0 0.435300 0.182100 0.015800 0.020300
0 0.285400 0.104900 0.011900 0.027100
0 0.058300 0.841400 0.014600 0.026500
0 0.031400 0.739600 0.016200 0.020600
0 0.947100 0.967000 0.016900 0.021300
0 0.193400 0.377800 0.016200 0.022300
0 0.858800 0.405000 0.015200 0.025000
0 0.529100 0.171900 0.015000 0.021500
0 0.472900 0.543200 0.014100 0.022300
0 0.783800 0.672300 0.018400 0.020300
0 0.770700 0.302200 0.015300 0.019600
0 0.603100 0.168300 0.014400 0.028300
0 0.413400 0.453500 0.014600 0.024200
0 0.691700 0.385400 0.014100 0.021500
0 0.431900 0.069400 0.012700 0.028300
0 0.182100 0.030200 0.015600 0.022000
0 0.839000 0.696500 0.018500 0.021700
0 0.646400 0.019500 0.015800 0.022300
0 0.858900 0.518100 0.016300 0.022200
0 0.957100 0.765500 0.012600 0.028900
0 0.570800 0.366300 0.014700 0.019500
0 0.122600 0.059500 0.017600 0.020400
0 0.973300 0.180800 0.015800 0.024200
0 0.917900 0.627200 0.016500 0.021000
0 0.189200 0.926900 0.016800 0.019700
0 0.553700 0.231500 0.015600 0.018700
0 0.804100 0.079600 0.013500 0.026100
0 0.733900 0.971000 0.015100 0.024000
0 0.530000 0.519000 0.016900 0.020800
0 0.418600 0.090200 0.013300 0.024800
0 0.954400 0.381400 0.015500 0.023700
0 0.883700 0.115400 0.016000 0.020800
0 0.302800 0.882800 0.013200 0.029200
0 0.560800 0.542500 0.016100 0.022700
0 0.064000 0.070000 0.017100 0.020600
0 0.944900 0.271600 0.013600 0.025200
0 0.781800 0.790600 0.013400 0.022000
0 0.621200 0.957100 0.015900 0.022800
0 0.028100 0.072100 0.012500 0.029000
0 0.060800 0.031400 0.016300 0.021700
0 0.094500 0.277400 0.015200 0.023500
0 0.360500 0.708000 0.015600 0.022800
0 0.876600 0.483500 0.015200 0.022700
0 0.920600 0.528100 0.017000 0.022000
0 0.209500 0.318800 0.014700 0.025800
0 0.689200 0.418200 0.010700 0.029500
0 0.351600 0.384400 0.014300 0.025200
0 0.543500 0.731100 0.012800 0.027400
0 0.847500 0.127000 0.016200 0.022000
0 0.003800 0.919100 0.008800 0.030000
0 0.040300 0.072300 0.014000 0.021800
0 0.521900 0.906300 0.012500 0.030100
0 0.085800 0.779100 0.017300 0.020900
0 0.140200 0.066200 0.017300 0.018700
0 0.563800 0.377400 0.014400 0.019200
0 0.826800 0.871400 0.015600 0.025300
0 0.278400 0.834000 0.014900 0.025200
0 0.830100 0.046300 0.013700 0.024300
0 0.910700 0.866200 0.017000 0.025900
0 0.978000 0.265800 0.016900 0.021600
0 0.208900 0.144300 0.014400 0.018400
0 0.453100 0.653600 0.015500 0.023600
0 0.748400 0.258300 0.013100 0.024600
0 0.418700 0.785100 0.016000 0.020700
0 0.859700 0.382600 0.017400 0.023100
0 0.281000 0.477900 0.015800 0.026300
0 0.372600 0.743700 0.014700 0.020900
0 0.779600 0.734800 0.015700 0.023700
0 0.959800 0.982500 0.014800 0.022800
0 0.310700 0.027600 0.015900 0.023700
0 0.960800 0.734400 0.016800 0.022900
0 0.072900 0.316900 0.015400 0.022900
0 0.958800 0.264600 0.015200 0.023600
0 0.068400 0.889600 0.016100 0.025200
0 0.646400 0.315100 0.011900 0.026000
0 0.394100 0.739800 0.015600 0.020700
0 0.109000 0.944400 0.016200 0.024200
0 0.442800 0.594300 0.013700 0.027600
0 0.182600 0.555100 0.015000 0.023700
0 0.021300 0.780900 0.020900 0.019700
0 0.793900 0.527100 0.016500 0.023200
0 0.931300 0.777900 0.014100 0.028100
0 0.884800 0.304600 0.014000 0.024400
0 0.189400 0.678600 0.013500 0.027100
0 0.923400 0.378500 0.017300 0.021000
0 0.396700 0.854000 0.016200 0.019300
0 0.643800 0.822900 0.012000 0.024400
0 0.017400 0.804000 0.017700 0.023900
0 0.453300 0.815000 0.011400 0.027400
0 0.904700 0.067300 0.012400 0.021300
0 0.882500 0.234000 0.012000 0.026700
0 0.440500 0.777400 0.015200 0.021800
0 0.747600 0.310600 0.012700 0.021400
0 0.631500 0.642600 0.011900 0.030900
0 0.961200 0.658100 0.017400 0.020800
0 0.541500 0.553300 0.015900 0.021500
0 0.098700 0.443700 0.012300 0.029300
0 0.348000 0.508800 0.016000 0.021500
0 0.585300 0.960400 0.017000 0.020400
0 0.286200 0.305400 0.015900 0.019800
0 0.181800 0.583300 0.014500 0.026200
0 0.785500 0.065100 0.012600 0.027300
0 0.646900 0.501900 0.016300 0.021700
0 0.785400 0.719400 0.017200 0.019600
0 0.341800 0.577200 0.014600 0.025500
0 0.568100 0.339700 0.013700 0.021800
0 0.072200 0.426700 0.016400 0.021200
0 0.517000 0.219200 0.012800 0.026300
0 0.304200 0.364500 0.014500 0.021300
0 0.705100 0.476400 0.016300 0.020800
0 0.326700 0.339900 0.013200 0.024100
0 0.840300 0.646700 0.015000 0.020100
0 0.256300 0.373100 0.015700 0.019400
0 0.668700 0.516000 0.016000 0.024800
0 0.589500 0.883600 0.015400 0.026300
0 0.497900 0.054700 0.013700 0.029400
0 0.691500 0.898100 0.016000 0.023000
0 0.489100 0.682000 0.011900 0.029100
0 0.920000 0.290100 0.016300 0.023800
0 0.988900 0.071800 0.014400 0.020100
0 0.860500 0.047700 0.015700 0.022400
0 0.944800 0.784800 0.013600 0.026400
0 0.245700 0.340800 0.016600 0.022400
0 0.905600 0.310300 0.016200 0.020400
0 0.371600 0.847900 0.015500 0.022700
0 0.223700 0.392800 0.017200 0.021900
0 0.771800 0.589700 0.013300 0.025400
0 0.596000 0.697400 0.012300 0.028000
0 0.835700 0.758100 0.017700 0.020200
0 0.639400 0.567200 0.016300 0.023300
0 0.278100 0.234200 0.016500 0.020600
0 0.801600 0.690400 0.015400 0.022200
0 0.940300 0.228100 0.015900 0.021100
0 0.759500 0.455600 0.012600 0.028000
0 0.146500 0.297200 0.014700 0.022500
0 0.269500 0.451700 0.015500 0.024100
0 0.672300 0.214900 0.014600 0.022700
0 0.779000 0.407200 0.015200 0.020600
0 0.916000 0.840600 0.015800 0.024600
0 0.599000 0.732200 0.013500 0.025400
0 0.330800 0.368100 0.011500 0.030200
0 0.043600 0.502500 0.014200 0.025400
0 0.415100 0.428300 0.014900 0.024400
0 0.142100 0.659800 0.011400 0.029900
0 0.214800 0.410600 0.016900 0.024000
0 0.203200 0.264700 0.015700 0.021900
0 0.816400 0.584900 0.014600 0.020800
0 0.067000 0.395200 0.013900 0.020400
0 0.639100 0.755100 0.018500 0.019700
0 0.218800 0.502500 0.012900 0.021200
0 0.884000 0.535600 0.012800 0.024800
0 0.227300 0.656900 0.017700 0.020700
0 0.623800 0.742500 0.014800 0.024400
0 0.826200 0.972300 0.017100 0.021400
0 0.251200 0.665400 0.014700 0.024000
0 0.869400 0.097700 0.014600 0.022900
0 0.451900 0.984700 0.015200 0.024400
0 0.311300 0.803500 0.017300 0.020600
0 0.834500 0.721600 0.013600 0.028100
0 0.303900 0.064100 0.016700 0.021600
0 0.211000 0.893700 0.016800 0.018600
0 0.316800 0.442300 0.012600 0.028800
0 0.406000 0.083300 0.012400 0.030400
0 0.681900 0.476200 0.015900 0.021600
0 0.291200 0.666700 0.013300 0.022500
0 0.359700 0.669900 0.012200 0.020500
0 0.992600 0.158200 0.011600 0.026700
0 0.352000 0.134700 0.012200 0.023500
0 0.828300 0.461100 0.017600 0.017900
0 0.373500 0.302000 0.016600 0.022200
0 0.747500 0.864900 0.016900 0.023300
0 0.877100 0.780000 0.011700 0.033400
0 0.691000 0.164200 0.015400 0.020800
0 0.210700 0.735400 0.014300 0.020300
0 0.347000 0.019900 0.012600 0.027700
0 0.861400 0.592000 0.012800 0.029600
0 0.940600 0.698200 0.015900 0.025200
0 0.247800 0.972900 0.016400 0.022900
0 0.113800 0.204900 0.012100 0.032600
0 0.876100 0.169800 0.016700 0.019700
0 0.179500 0.218200 0.015800 0.019200
0 0.156100 0.322900 0.015200 0.021800
0 0.831000 0.476800 0.018400 0.019500
0 0.249000 0.893500 0.014700 0.025300
0 0.827300 0.804500 0.015600 0.021400
0 0.585100 0.535500 0.014100 0.026200
0 0.745700 0.164300 0.015400 0.023800
0 0.393900 0.259600 0.016100 0.019300
0 0.186200 0.904500 0.016600 0.020600
0 0.801800 0.020700 0.016700 0.024100
0 0.821100 0.659700 0.015900 0.024200
0 0.714900 0.453300 0.016200 0.022600
0 0.972200 0.365100 0.017200 0.021800
0 0.078200 0.304900 0.014600 0.023900
0 0.421100 0.238900 0.016000 0.021700
0 0.055000 0.597700 0.013700 0.025200
0 0.167000 0.247500 0.014900 0.021400
0 0.254400 0.016500 0.012500 0.027200
0 0.620200 0.685200 0.015600 0.025400
0 0.196000 0.873700 0.018000 0.019200
0 0.990700 0.018900 0.010300 0.029200
0 0.835400 0.348300 0.018000 0.022700
0 0.282200 0.277500 0.015400 0.023600
0 0.558200 0.340400 0.014300 0.021900
0 0.326300 0.476500 0.016900 0.022100
0 0.389700 0.983800 0.016600 0.017700
0 0.784900 0.802700 0.014900 0.019600
0 0.653600 0.185100 0.012600 0.029900
0 0.811100 0.206400 0.011000 0.033700
0 0.689300 0.773500 0.018000 0.021500
0 0.982200 0.321900 0.013000 0.030500
0 0.023700 0.485500 0.018600 0.018400
0 0.085500 0.744400 0.017200 0.021400
0 0.111500 0.042100 0.018500 0.019600
0 0.682400 0.114400 0.014500 0.027100
0 0.215600 0.527100 0.015400 0.023200
0 0.841000 0.522600 0.014100 0.024800
0 0.981500 0.142800 0.012300 0.025400
0 0.752900 0.910400 0.012900 0.024500
0 0.514600 0.051500 0.017000 0.021600
0 0.734400 0.676700 0.018400 0.021000
0 0.277000 0.242600 0.016000 0.022300
0 0.413600 0.494400 0.015600 0.024000
0 0.573400 0.244300 0.014000 0.020900
0 0.663900 0.047600 0.016800 0.023400
0 0.960200 0.603000 0.016800 0.017300
0 0.052000 0.977000 0.014800 0.020600
0 0.798800 0.826400 0.016500 0.021200
0 0.115800 0.147600 0.011800 0.027500
0 0.098600 0.358400 0.012700 0.025800
0 0.433700 0.135800 0.014300 0.022000
0 0.163600 0.605500 0.017100 0.023300
0 0.582600 0.698800 0.014800 0.023600
0 0.883500 0.459100 0.015200 0.021200
0 0.127100 0.489400 0.012900 0.029800
0 0.863600 0.176500 0.015900 0.020100
0 0.955600 0.167800 0.014900 0.021800
0 0.917100 0.223400 0.013500 0.023200
0 0.784700 0.702300 0.016500 0.021500
0 0.902000 0.379300 0.015300 0.022100
0 0.269700 0.277000 0.016800 0.021200
0 0.255100 0.547900 0.014100 0.030500
0 0.432100 0.476700 0.015200 0.023000
0 0.016800 0.463700 0.018100 0.019100
0 0.244700 0.396000 0.013700 0.021600
0 0.061300 0.765800 0.017200 0.020100
0 0.333400 0.501200 0.015000 0.022400
0 0.297500 0.147400 0.014400 0.020000
0 0.813400 0.723100 0.013300 0.025400
0 0.061200 0.560000 0.017500 0.019200
0 0.669900 0.626800 0.015000 0.022000
0 0.748700 0.218300 0.017200 0.022000
0 0.563500 0.971500 0.017000 0.021700
0 0.751000 0.665800 0.017700 0.018800
0 0.077800 0.292800 0.015000 0.023800
0 0.865200 0.226700 0.015100 0.021000
0 0.003800 0.127400 0.008600 0.023100
0 0.963800 0.428000 0.017000 0.021100
0 0.313900 0.352700 0.013700 0.019800
0 0.542600 0.876800 0.014800 0.023100
0 0.018900 0.151200 0.017300 0.020400
0 0.203400 0.673500 0.014200 0.024500
0 0.098900 0.160700 0.014900 0.021300
0 0.225800 0.771700 0.012400 0.024900
0 0.915200 0.422400 0.016000 0.021800
0 0.791300 0.423200 0.015500 0.020600
0 0.044300 0.015200 0.012700 0.025700
0 0.471100 0.198500 0.014400 0.023400
0 0.681000 0.160800 0.014800 0.021700
0 0.813900 0.426300 0.016300 0.020100
0 0.774200 0.835700 0.013600 0.024600
0 0.288400 0.027100 0.014400 0.026700
0 0.860000 0.209900 0.013800 0.020600
0 0.163900 0.639900 0.017700 0.021900
0 0.423800 0.477200 0.012600 0.026900
0 0.855400 0.647200 0.015900 0.017900
0 0.447300 0.889400 0.017300 0.019800
0 0.828000 0.645800 0.014900 0.020200
0 0.949000 0.179900 0.014600 0.022200
0 0.297300 0.098100 0.012900 0.024500
0 0.388600 0.607400 0.013700 0.019100
0 0.939900 0.811100 0.018300 0.021500
0 0.422900 0.826100 0.016400 0.019400
0 0.474400 0.456300 0.012300 0.029600
0 0.076400 0.259300 0.017300 0.020700
0 0.254900 0.210500 0.018400 0.018300
0 0.080078 0.013889 0.016406 0.016667
0 0.025391 0.363889 0.014844 0.022222
0 0.022656 0.586111 0.010937 0.027778
0 0.024609 0.648611 0.010156 0.030556
0 0.056641 0.651389 0.011719 0.030556
0 0.100000 0.700000 0.012500 0.030556
0 0.212891 0.973611 0.010156 0.030556
0 0.224609 0.977778 0.008594 0.027778
0 0.267188 0.921528 0.012500 0.031944
0 0.206250 0.015972 0.015625 0.020833
0 0.200000 0.450000 0.014062 0.025000
0 0.159375 0.455556 0.012500 0.030556
0 0.389062 0.097222 0.010937 0.030556
0 0.253516 0.488194 0.011719 0.026389
0 0.258203 0.488194 0.011719 0.029167
0 0.293750 0.585417 0.012500 0.029167
0 0.285547 0.576389 0.011719 0.022222
0 0.178516 0.646528 0.011719 0.023611
0 0.364453 0.500694 0.014844 0.029167
0 0.379687 0.524306 0.010937 0.031944
0 0.393750 0.536111 0.012500 0.030556
0 0.412500 0.309028 0.014062 0.026389
0 0.475781 0.164583 0.012500 0.029167
0 0.537500 0.017361 0.014062 0.029167
0 0.503906 0.276389 0.012500 0.036111
0 0.525000 0.850694 0.015625 0.029167
0 0.507422 0.627778 0.013281 0.025000
0 0.514844 0.627083 0.014062 0.023611
0 0.537109 0.457639 0.014844 0.026389
0 0.536719 0.263194 0.015625 0.020833
0 0.564062 0.162500 0.012500 0.033333
0 0.575391 0.035417 0.017969 0.026389
0 0.624609 0.023611 0.017969 0.025000
0 0.630469 0.401389 0.017188 0.027778
0 0.637891 0.708333 0.016406 0.022222
0 0.656641 0.851389 0.011719 0.036111
0 0.597656 0.954167 0.010937 0.030556
0 0.739062 0.836806 0.015625 0.029167
0 0.750391 0.734722 0.016406 0.025000
0 0.761719 0.552083 0.015625 0.029167
0 0.762109 0.425694 0.014844 0.029167
0 0.675000 0.424306 0.017188 0.020833
0 0.674219 0.376389 0.015625 0.025000
0 0.595703 0.477083 0.014844 0.023611
0 0.584375 0.504167 0.012500 0.030556
0 0.574609 0.499306 0.013281 0.029167
0 0.567969 0.484722 0.012500 0.033333
0 0.580078 0.470139 0.014844 0.029167
0 0.619531 0.772917 0.014062 0.023611
0 0.612891 0.574306 0.011719 0.029167
0 0.603125 0.573611 0.014062 0.027778
0 0.622656 0.595833 0.010937 0.027778
0 0.630859 0.528472 0.010156 0.026389
0 0.452734 0.148611 0.011719 0.030556
0 0.708594 0.413194 0.010937 0.026389
0 0.724219 0.415972 0.014062 0.023611
0 0.541016 0.510417 0.014844 0.020833
0 0.188672 0.596528 0.013281 0.018056
0 0.069922 0.365972 0.011719 0.029167
0 0.540625 0.047917 0.012500 0.020833
0 0.532422 0.054861 0.013281 0.023611
0 0.816406 0.404167 0.014062 0.022222
0 0.853516 0.310417 0.013281 0.023611
0 0.860937 0.285417 0.012500 0.029167
0 0.858594 0.077083 0.010937 0.023611
0 0.867188 0.076389 0.015625 0.022222
0 0.987500 0.389583 0.018750 0.020833
0 0.982813 0.427778 0.012500 0.025000
0 0.972266 0.415972 0.013281 0.023611
0 0.966016 0.395833 0.011719 0.030556
0 0.974609 0.557639 0.014844 0.029167
0 0.971094 0.774306 0.010937 0.029167
0 0.942187 0.754167 0.012500 0.025000
0 0.992188 0.669444 0.012500 0.022222
0 0.849609 0.847222 0.011719 0.025000
0 0.845703 0.856944 0.011719 0.027778
0 0.975000 0.009722 0.020312 0.019444
0 0.106641 0.722917 0.017969 0.026389
0 0.380469 0.254861 0.012500 0.026389
0 0.062891 0.145139 0.014844 0.020833
0 0.046094 0.114583 0.010937 0.023611
0 0.374609 0.238889 0.017969 0.022222
0 0.535547 0.535417 0.013281 0.023611
0 0.282813 0.040278 0.014062 0.027778
0 0.670313 0.553472 0.014062 0.020833
0 0.676562 0.545139 0.012500 0.026389
0 0.708594 0.691667 0.015625 0.022222
0 0.688672 0.756250 0.017969 0.018056
0 0.679297 0.737500 0.010156 0.025000
0 0.687500 0.737500 0.012500 0.025000
0 0.911719 0.540972 0.014062 0.023611
0 0.899609 0.540278 0.011719 0.022222
0 0.929688 0.440972 0.014062 0.029167
0 0.664453 0.324306 0.016406 0.023611
0 0.133984 0.277083 0.011719 0.031944
0 0.384766 0.674306 0.014844 0.020833
0 0.331641 0.945139 0.013281 0.020833
0 0.897656 0.898611 0.012500 0.025000
0 0.838281 0.948611 0.015625 0.022222
0 0.853125 0.941667 0.017188 0.022222
0 0.852344 0.961111 0.012500 0.033333
