0 0.817400 0.393300 0.017200 0.020400
0 0.469700 0.642300 0.014300 0.023100
0 0.194300 0.782200 0.015600 0.020600
0 0.635600 0.444800 0.015200 0.022700
0 0.721300 0.117400 0.017200 0.020800
0 0.557500 0.196100 0.015000 0.022800
0 0.257100 0.420500 0.016600 0.023100
0 0.243300 0.441400 0.016000 0.020700
0 0.206200 0.082900 0.015800 0.020800
0 0.040300 0.969200 0.014300 0.021300
0 0.203800 0.432300 0.016900 0.022400
0 0.207100 0.183900 0.015700 0.022100
0 0.715600 0.617300 0.017300 0.020600
0 0.616100 0.429700 0.015900 0.022500
0 0.132600 0.494900 0.016300 0.023500
0 0.528300 0.704400 0.016100 0.021500
0 0.090000 0.056300 0.016400 0.022100
0 0.071600 0.605300 0.017200 0.020900
0 0.493500 0.942200 0.016700 0.019300
0 0.377900 0.680200 0.015200 0.020200
0 0.945900 0.420800 0.016400 0.021900
0 0.581700 0.706500 0.015600 0.023000
0 0.234000 0.842400 0.015100 0.020200
0 0.507900 0.095400 0.015300 0.022400
0 0.079700 0.134500 0.017200 0.020800
0 0.640300 0.319400 0.013000 0.023500
0 0.821800 0.228000 0.014100 0.023500
0 0.307400 0.696500 0.015700 0.022000
0 0.478700 0.296300 0.015800 0.020800
0 0.330600 0.417800 0.016300 0.021100
0 0.014900 0.778600 0.019000 0.021400
0 0.319600 0.242500 0.016000 0.021400
0 0.417900 0.027900 0.014300 0.020200
0 0.396300 0.935200 0.015000 0.020400
0 0.480000 0.715600 0.016100 0.022000
0 0.779100 0.082900 0.015800 0.023800
0 0.115500 0.246800 0.016900 0.020400
0 0.634200 0.571500 0.019100 0.020300
0 0.320700 0.405500 0.015900 0.021200
0 0.495200 0.215700 0.016300 0.021300
0 0.445800 0.434700 0.018100 0.021600
0 0.409000 0.042700 0.014900 0.020200
0 0.309100 0.897000 0.016700 0.021300
0 0.554300 0.404200 0.015100 0.022300
0 0.407400 0.804300 0.016800 0.020400
0 0.755000 0.478800 0.014600 0.023000
0 0.603200 0.196400 0.016400 0.021900
0 0.392300 0.168900 0.017400 0.021100
0 0.756000 0.268700 0.014800 0.020900
0 0.445100 0.605000 0.015700 0.023300
0 0.360000 0.208100 0.016500 0.022900
0 0.005100 0.758100 0.012400 0.021300
0 0.117700 0.942600 0.017700 0.020400
0 0.507000 0.341200 0.015000 0.020800
0 0.721300 0.309000 0.014700 0.023200
0 0.781800 0.109700 0.018100 0.020200
0 0.932800 0.355600 0.015800 0.022400
0 0.141600 0.545300 0.016200 0.021700
0 0.540300 0.771200 0.015900 0.024100
0 0.327800 0.152500 0.015600 0.020400
0 0.085300 0.579000 0.016600 0.020800
0 0.145300 0.890800 0.013900 0.021900
0 0.194200 0.219200 0.014200 0.023200
0 0.652500 0.582400 0.018100 0.021700
0 0.857800 0.128600 0.017100 0.018600
0 0.627100 0.290600 0.016000 0.022200
0 0.816600 0.070500 0.017000 0.022000
0 0.453700 0.631200 0.013400 0.027100
0 0.732400 0.395200 0.016700 0.021600
0 0.705700 0.585100 0.015400 0.021400
0 0.543700 0.247000 0.015700 0.025200
0 0.371800 0.870300 0.016300 0.022300
0 0.770400 0.060000 0.016500 0.020700
0 0.219400 0.220400 0.015900 0.022100
0 0.452300 0.091500 0.014200 0.024900
0 0.318800 0.091800 0.013600 0.023400
0 0.728300 0.877700 0.017900 0.020400
0 0.741000 0.508300 0.014100 0.021700
0 0.285300 0.867800 0.016400 0.019900
0 0.853400 0.477900 0.016900 0.018800
0 0.227100 0.055500 0.015600 0.020200
0 0.753300 0.860100 0.015400 0.020800
0 0.118400 0.342900 0.015800 0.022900
0 0.777400 0.806000 0.015200 0.024200
0 0.421300 0.943200 0.016100 0.019100
0 0.894400 0.504300 0.015200 0.021500
0 0.028300 0.659700 0.016800 0.023800
0 0.827600 0.129700 0.017500 0.020500
0 0.547300 0.543700 0.015700 0.023900
0 0.508400 0.835500 0.015900 0.016700
0 0.359600 0.865000 0.015100 0.021800
0 0.753900 0.644100 0.015800 0.021800
0 0.880400 0.829400 0.014900 0.025400
0 0.357200 0.131200 0.014200 0.022800
0 0.989700 0.082000 0.011600 0.032400
0 0.477100 0.528200 0.015500 0.021000
0 0.144200 0.079600 0.016500 0.022800
0 0.180700 0.610300 0.017300 0.023600
0 0.576900 0.196700 0.015200 0.020900
0 0.033300 0.345500 0.019000 0.020600
0 0.629400 0.308000 0.013700 0.023600
0 0.016100 0.958600 0.015000 0.022900
0 0.269000 0.857200 0.017300 0.020200
0 0.177000 0.985200 0.017600 0.020700
0 0.135400 0.365600 0.015900 0.024200
0 0.630100 0.342600 0.014400 0.020900
0 0.194800 0.703500 0.016800 0.021800
0 0.538900 0.382400 0.014800 0.021700
0 0.918200 0.346500 0.015100 0.020200
0 0.741700 0.177200 0.016900 0.020100
0 0.790800 0.770200 0.016300 0.023400
0 0.369800 0.240700 0.015000 0.025700
0 0.858900 0.110000 0.016100 0.018200
0 0.227300 0.633100 0.016800 0.021900
0 0.944600 0.494500 0.013800 0.023900
0 0.922900 0.930500 0.017300 0.021600
0 0.269600 0.378300 0.016200 0.021500
0 0.233300 0.157400 0.012100 0.025700
0 0.889400 0.483400 0.016400 0.023300
0 0.693300 0.384400 0.015400 0.022500
0 0.027900 0.584500 0.017200 0.021400
0 0.488600 0.740700 0.015300 0.021500
0 0.085400 0.493200 0.017200 0.023600
0 0.927800 0.190900 0.015900 0.022000
0 0.143200 0.281900 0.012600 0.027900
0 0.845300 0.546600 0.015100 0.023800
0 0.664300 0.921400 0.012900 0.026300
0 0.052300 0.203300 0.016500 0.022200
0 0.607400 0.760700 0.017800 0.019600
0 0.007400 0.468800 0.015800 0.021900
0 0.529600 0.767300 0.013700 0.026700
0 0.880200 0.222200 0.015200 0.023200
0 0.432000 0.084300 0.014400 0.023500
0 0.494000 0.579800 0.014600 0.025900
0 0.330100 0.297400 0.014100 0.024900
0 0.965000 0.054000 0.018000 0.021400
0 0.394800 0.614700 0.016400 0.021000
0 0.480000 0.340400 0.015500 0.023700
0 0.189800 0.683500 0.014400 0.024600
0 0.352600 0.908800 0.016000 0.021600
0 0.531500 0.589400 0.015200 0.022900
0 0.821600 0.478200 0.016300 0.018800
0 0.608200 0.272600 0.015600 0.025400
0 0.142700 0.705900 0.015900 0.018800
0 0.884200 0.522200 0.015500 0.023000
0 0.672100 0.152100 0.016700 0.021600
0 0.767700 0.664700 0.015700 0.022400
0 0.718400 0.854300 0.014500 0.018300
0 0.104900 0.641500 0.014200 0.027000
0 0.523500 0.372800 0.015200 0.020600
0 0.380000 0.523400 0.016600 0.021200
0 0.066500 0.043700 0.016100 0.021900
0 0.302900 0.511200 0.016200 0.021800
0 0.486000 0.628100 0.014800 0.022500
0 0.117600 0.727100 0.014200 0.020000
0 0.552400 0.644800 0.014100 0.026600
0 0.458100 0.908700 0.014700 0.020800
0 0.280300 0.401900 0.016700 0.020800
0 0.219300 0.592100 0.017300 0.022100
0 0.529700 0.972300 0.015900 0.021400
0 0.503600 0.354600 0.012500 0.024600
0 0.359600 0.742300 0.012400 0.027900
0 0.472400 0.241500 0.015700 0.022400
0 0.389400 0.830800 0.013800 0.025200
0 0.635400 0.819600 0.018400 0.019200
0 0.051800 0.607400 0.017900 0.020400
0 0.309100 0.797300 0.013700 0.027700
0 0.202200 0.505700 0.016600 0.022500
0 0.133900 0.139200 0.015800 0.019800
0 0.429000 0.239200 0.016100 0.022500
0 0.454300 0.172300 0.016900 0.022900
0 0.226300 0.368900 0.015500 0.022400
0 0.233000 0.716100 0.014900 0.024800
0 0.571800 0.669300 0.013700 0.026400
0 0.652400 0.109400 0.015400 0.025900
0 0.703400 0.368200 0.013500 0.025800
0 0.668700 0.023100 0.016000 0.025100
0 0.603300 0.910900 0.016400 0.021000
0 0.203200 0.207000 0.014800 0.022100
0 0.940900 0.619800 0.013400 0.026500
0 0.267600 0.580700 0.013500 0.028800
0 0.014600 0.353200 0.018400 0.023300
0 0.202900 0.244100 0.016300 0.020200
0 0.373600 0.908300 0.012600 0.025500
0 0.610600 0.306300 0.017900 0.020300
0 0.510600 0.030500 0.016400 0.023000
0 0.829800 0.639400 0.016500 0.024000
0 0.222500 0.071400 0.014800 0.017800
0 0.771000 0.358700 0.017300 0.023100
0 0.848400 0.845200 0.015000 0.025800
0 0.780400 0.926500 0.017200 0.020600
0 0.235700 0.258800 0.015600 0.022300
0 0.369000 0.160000 0.016700 0.020700
0 0.715700 0.292000 0.015100 0.024100
0 0.172600 0.573000 0.017800 0.021300
0 0.005700 0.408200 0.012600 0.024400
0 0.138600 0.833400 0.015600 0.023000
0 0.365100 0.296800 0.013900 0.026300
0 0.608700 0.566100 0.012400 0.029100
0 0.196700 0.553800 0.016200 0.020600
0 0.360700 0.822500 0.015600 0.022200
0 0.145500 0.781100 0.012000 0.029700
0 0.904900 0.166700 0.015200 0.021100
0 0.652800 0.173200 0.017300 0.022900
0 0.151800 0.345700 0.014000 0.022300
0 0.259600 0.195000 0.013900 0.028500
0 0.102200 0.533400 0.013900 0.025800
0 0.145300 0.381100 0.014500 0.025100
0 0.969700 0.502300 0.016900 0.023100
0 0.729800 0.360800 0.016200 0.021500
0 0.702300 0.482800 0.012700 0.025300
0 0.288900 0.691100 0.014900 0.021000
0 0.861100 0.721700 0.013300 0.028400
0 0.126900 0.055300 0.017700 0.020600
0 0.769100 0.873100 0.015200 0.022000
0 0.226400 0.741600 0.014000 0.025200
0 0.019400 0.567200 0.016800 0.018900
0 0.452200 0.926800 0.016900 0.019000
0 0.484800 0.857500 0.016000 0.022200
0 0.817100 0.297200 0.014700 0.024800
0 0.935000 0.146800 0.014500 0.021700
0 0.929900 0.385300 0.016700 0.023600
0 0.920300 0.448600 0.015800 0.022700
0 0.340700 0.827700 0.014700 0.025400
0 0.351600 0.283400 0.012300 0.030000
0 0.027700 0.177400 0.016400 0.020800
0 0.680200 0.303500 0.012300 0.030100
0 0.558900 0.276500 0.016300 0.022900
0 0.856900 0.384000 0.016200 0.022700
0 0.877500 0.416800 0.015500 0.025200
0 0.969000 0.129100 0.014700 0.026300
0 0.911200 0.417800 0.016100 0.023300
0 0.051100 0.940500 0.013900 0.022000
0 0.094800 0.753900 0.012300 0.019100
0 0.477000 0.158800 0.010900 0.030100
0 0.005900 0.130300 0.011100 0.029200
0 0.184700 0.372700 0.015100 0.024300
0 0.836300 0.395500 0.016800 0.021400
0 0.147200 0.422900 0.013800 0.023300
0 0.239100 0.858600 0.016300 0.020700
0 0.601800 0.622500 0.016000 0.020900
0 0.260800 0.655000 0.016000 0.022600
0 0.023300 0.807700 0.016900 0.025500
0 0.660400 0.776500 0.016400 0.020400
0 0.183600 0.097900 0.015400 0.023100
0 0.026700 0.408300 0.017500 0.019600
0 0.783500 0.052200 0.015100 0.020300
0 0.393700 0.695500 0.014000 0.023000
0 0.210500 0.253800 0.016100 0.020700
0 0.209000 0.052600 0.015300 0.019000
0 0.754600 0.442000 0.013600 0.021300
0 0.522000 0.402700 0.015500 0.024100
0 0.356200 0.709100 0.013900 0.024900
0 0.704100 0.035800 0.019400 0.020900
0 0.694500 0.526700 0.015200 0.020600
0 0.453100 0.701700 0.015200 0.022000
0 0.105600 0.165000 0.017500 0.016900
0 0.194500 0.345900 0.012200 0.032200
0 0.188900 0.760400 0.013800 0.022800
0 0.801500 0.053600 0.013700 0.027000
0 0.513900 0.297400 0.012600 0.029800
0 0.173400 0.959000 0.017100 0.020500
0 0.839000 0.156600 0.015300 0.021600
0 0.818900 0.409200 0.016800 0.019700
0 0.246300 0.890200 0.013700 0.027000
0 0.493900 0.315100 0.015400 0.023700
0 0.597800 0.395900 0.011700 0.031500
0 0.274000 0.627600 0.016500 0.021900
0 0.264500 0.485100 0.011900 0.030500
0 0.738700 0.916100 0.017400 0.021800
0 0.356900 0.884900 0.016100 0.023000
0 0.478100 0.015600 0.013100 0.025300
0 0.668200 0.477600 0.015000 0.024400
0 0.476100 0.568900 0.015400 0.023500
0 0.940200 0.555200 0.017200 0.021200
0 0.345100 0.448600 0.015900 0.021500
0 0.460100 0.580300 0.013900 0.028900
0 0.364500 0.496200 0.014300 0.027600
0 0.411400 0.721600 0.011000 0.029900
0 0.180300 0.672200 0.012500 0.026600
0 0.238700 0.618900 0.018400 0.021500
0 0.783200 0.971300 0.015900 0.023700
0 0.157400 0.202200 0.013500 0.025700
0 0.091300 0.655800 0.013000 0.030800
0 0.846500 0.440600 0.017900 0.019200
0 0.563700 0.107800 0.011600 0.032000
0 0.365300 0.033300 0.015100 0.023000
0 0.597200 0.884200 0.015600 0.022300
0 0.711500 0.542500 0.012400 0.026700
0 0.468300 0.915000 0.014900 0.023600
0 0.685400 0.973600 0.016300 0.021300
0 0.255500 0.273200 0.012800 0.026100
0 0.646800 0.490900 0.014500 0.022700
0 0.390800 0.960400 0.014900 0.022700
0 0.051700 0.868000 0.017100 0.020300
0 0.802800 0.935000 0.015500 0.025500
0 0.843100 0.726800 0.015300 0.023100
0 0.234100 0.782700 0.012000 0.033100
0 0.484900 0.076300 0.016300 0.021400
0 0.776500 0.689900 0.016400 0.018900
0 0.895500 0.666400 0.011200 0.035400
0 0.861500 0.630700 0.014500 0.025500
0 0.052600 0.227200 0.016500 0.021500
0 0.052400 0.846500 0.017900 0.021200
0 0.763800 0.331600 0.015500 0.024200
0 0.909800 0.083100 0.016100 0.024000
0 0.209400 0.334600 0.012800 0.026400
0 0.822100 0.723600 0.017900 0.020900
0 0.004700 0.714900 0.009500 0.023900
0 0.798900 0.204100 0.013800 0.025800
0 0.640100 0.920300 0.014000 0.017600
0 0.456900 0.326800 0.017000 0.021900
0 0.465900 0.973200 0.014900 0.020000
0 0.683900 0.883200 0.013200 0.025200
0 0.479100 0.506900 0.016600 0.020600
0 0.611700 0.178400 0.014100 0.024400
0 0.243400 0.559400 0.012300 0.031500
0 0.322900 0.503000 0.013400 0.029500
0 0.978500 0.946700 0.013700 0.031700
0 0.948400 0.127000 0.017100 0.019200
0 0.227300 0.816900 0.015600 0.021600
0 0.226200 0.108800 0.013700 0.021800
0 0.332000 0.772800 0.015800 0.025000
0 0.644200 0.435600 0.013300 0.025700
0 0.297100 0.564400 0.014700 0.021800
0 0.282900 0.060000 0.014600 0.023800
0 0.147700 0.714700 0.013800 0.019600
0 0.073800 0.382900 0.017600 0.020300
0 0.623800 0.680600 0.012900 0.015600
0 0.763800 0.022300 0.013800 0.028100
0 0.130000 0.985300 0.015000 0.022900
0 0.143800 0.401600 0.015900 0.020400
0 0.382900 0.751500 0.015600 0.022300
0 0.489600 0.048300 0.016800 0.021700
0 0.152200 0.334700 0.015700 0.020900
0 0.198000 0.040000 0.015600 0.021100
0 0.911000 0.865600 0.016900 0.024700
0 0.096100 0.451900 0.013900 0.025800
0 0.327700 0.859900 0.015700 0.021800
0 0.776200 0.242800 0.014600 0.022300
0 0.379100 0.455300 0.014800 0.026300
0 0.515300 0.698700 0.014900 0.020500
0 0.542200 0.722800 0.013500 0.028900
0 0.371000 0.272800 0.014200 0.026400
0 0.758300 0.689200 0.015800 0.021400
0 0.676100 0.390600 0.013500 0.025800
0 0.617700 0.964700 0.014900 0.023800
0 0.239100 0.477200 0.015400 0.021300
0 0.841800 0.818800 0.011200 0.033800
0 0.565900 0.046000 0.014100 0.028700
0 0.285500 0.551700 0.013900 0.023300
0 0.816700 0.611000 0.017200 0.020200
0 0.582400 0.817000 0.014900 0.025000
0 0.382300 0.426900 0.017900 0.021000
0 0.514300 0.922500 0.014500 0.024700
0 0.698900 0.193300 0.015700 0.021400
0 0.472800 0.509900 0.016200 0.020500
0 0.535400 0.190300 0.016900 0.019300
0 0.803700 0.664400 0.015400 0.024500
0 0.597400 0.113900 0.016700 0.023400
0 0.213800 0.858800 0.014900 0.021900
0 0.902400 0.768800 0.011500 0.035700
0 0.114300 0.315500 0.011800 0.031700
0 0.214000 0.606100 0.017400 0.021800
0 0.510600 0.178500 0.014400 0.028000
0 0.302900 0.214300 0.014200 0.025300
0 0.301400 0.940300 0.014700 0.025600
0 0.328900 0.335300 0.012300 0.025700
0 0.427000 0.823500 0.016600 0.022100
0 0.618500 0.164400 0.015200 0.022600
0 0.875800 0.646600 0.013700 0.025700
0 0.598900 0.345200 0.013100 0.028800
0 0.511400 0.758900 0.016500 0.021400
0 0.967300 0.402000 0.018300 0.024300
0 0.310300 0.859700 0.017700 0.021100
0 0.451300 0.746100 0.013500 0.020600
0 0.422100 0.423700 0.018100 0.020900
0 0.986100 0.226800 0.015900 0.022900
0 0.005100 0.736000 0.011100 0.020400
0 0.515300 0.210200 0.015100 0.022900
0 0.146900 0.120800 0.016700 0.020500
0 0.865200 0.264100 0.017300 0.021500
0 0.443600 0.759800 0.012800 0.022000
0 0.124000 0.232500 0.016500 0.020900
0 0.077500 0.259300 0.012600 0.031200
0 0.905700 0.189800 0.016200 0.020300
0 0.892800 0.286200 0.016000 0.022200
0 0.039000 0.301700 0.016900 0.019400
0 0.039800 0.203400 0.015400 0.022100
0 0.673700 0.048300 0.015900 0.021400
0 0.692000 0.443100 0.014700 0.025500
0 0.252000 0.511000 0.015900 0.022400
0 0.234500 0.397700 0.017200 0.022300
0 0.201900 0.393800 0.015000 0.024500
0 0.488900 0.093300 0.014300 0.022300
0 0.628100 0.902700 0.013600 0.025600
0 0.716900 0.502400 0.014000 0.025400
0 0.333400 0.461200 0.015400 0.022700
0 0.414300 0.477700 0.012000 0.033100
0 0.856200 0.426600 0.017100 0.019400
0 0.249100 0.084800 0.012300 0.030500
0 0.351400 0.020400 0.016200 0.024200
0 0.638600 0.605200 0.016300 0.020800
0 0.182800 0.548500 0.018200 0.020500
0 0.039600 0.685800 0.014700 0.026100
0 0.876400 0.598200 0.015400 0.024500
0 0.913700 0.270100 0.016800 0.022600
0 0.339300 0.410300 0.015100 0.022500
0 0.113600 0.146000 0.015900 0.021000
0 0.654100 0.272600 0.011900 0.030200
0 0.498900 0.897000 0.016700 0.021600
0 0.188800 0.140400 0.014100 0.018600
0 0.586000 0.135500 0.015500 0.024900
0 0.963100 0.544300 0.012200 0.031300
0 0.290400 0.110800 0.016500 0.021700
0 0.489600 0.026400 0.015100 0.020000
0 0.778000 0.714700 0.016800 0.018500
0 0.923000 0.538800 0.015800 0.022800
0 0.643100 0.479100 0.014400 0.026000
0 0.051400 0.441300 0.019100 0.019300
0 0.461700 0.059600 0.015400 0.021900
0 0.073900 0.705100 0.014000 0.020000
0 0.690900 0.798800 0.015700 0.022300
0 0.372200 0.043200 0.015100 0.020500
0 0.138400 0.660200 0.013000 0.031600
0 0.085300 0.114300 0.017400 0.019400
0 0.718100 0.098600 0.012900 0.025100
0 0.826500 0.861300 0.015100 0.022800
0 0.573900 0.643200 0.015800 0.022100
0 0.389800 0.810300 0.015400 0.021000
0 0.984600 0.508700 0.017800 0.024600
0 0.124300 0.902700 0.014000 0.025100
0 0.151200 0.941900 0.016800 0.022000
0 0.151000 0.706900 0.016000 0.021200
0 0.233300 0.121600 0.013200 0.021200
0 0.385600 0.860100 0.016600 0.020500
0 0.655000 0.077100 0.013700 0.025800
0 0.786100 0.639100 0.017900 0.020400
0 0.026900 0.395700 0.018400 0.020000
0 0.010300 0.028800 0.011700 0.035900
0 0.352100 0.032300 0.016500 0.022000
0 0.921300 0.652600 0.010900 0.036700
0 0.080859 0.022917 0.013281 0.023611
0 0.071484 0.021528 0.013281 0.020833
0 0.064062 0.360417 0.014062 0.029167
0 0.048437 0.363194 0.015625 0.023611
0 0.111719 0.511111 0.014062 0.030556
0 0.060547 0.686806 0.010156 0.023611
0 0.051562 0.682639 0.014062 0.029167
0 0.125000 0.797917 0.012500 0.029167
0 0.182812 0.936806 0.012500 0.029167
0 0.251172 0.934722 0.017969 0.022222
0 0.200391 0.584722 0.011719 0.027778
0 0.237500 0.326389 0.014062 0.027778
0 0.264844 0.127778 0.014062 0.022222
0 0.286328 0.782639 0.014844 0.020833
0 0.339844 0.672917 0.014062 0.029167
0 0.344141 0.386806 0.016406 0.023611
0 0.342187 0.357639 0.014062 0.023611
0 0.333594 0.366667 0.010937 0.030556
0 0.332422 0.061111 0.014844 0.027778
0 0.379687 0.079861 0.014062 0.018056
0 0.367578 0.078472 0.014844 0.026389
0 0.423828 0.306250 0.014844 0.023611
0 0.433594 0.288889 0.015625 0.022222
0 0.426953 0.600000 0.013281 0.022222
0 0.417188 0.608333 0.012500 0.025000
0 0.544141 0.599306 0.013281 0.023611
0 0.539453 0.615972 0.011719 0.023611
0 0.531250 0.535417 0.010937 0.031944
0 0.497656 0.374306 0.010937 0.029167
0 0.530469 0.175000 0.015625 0.022222
0 0.549219 0.120833 0.017188 0.027778
0 0.516797 0.015278 0.016406 0.019444
0 0.535937 0.009028 0.018750 0.018056
0 0.589844 0.800694 0.017188 0.020833
0 0.599219 0.562500 0.012500 0.027778
0 0.600391 0.602778 0.013281 0.027778
0 0.566797 0.471528 0.013281 0.029167
0 0.573438 0.461111 0.017188 0.022222
0 0.676562 0.072917 0.012500 0.020833
0 0.665625 0.075694 0.012500 0.023611
0 0.699609 0.020833 0.016406 0.019444
0 0.698047 0.644444 0.011719 0.025000
0 0.692969 0.647917 0.010937 0.026389
0 0.728906 0.727083 0.012500 0.020833
0 0.721875 0.734028 0.014062 0.018056
0 0.712109 0.723611 0.014844 0.019444
0 0.749609 0.530556 0.013281 0.033333
0 0.735156 0.479861 0.010937 0.029167
0 0.725391 0.475000 0.011719 0.027778
0 0.713281 0.352083 0.015625 0.023611
0 0.658984 0.216667 0.011719 0.027778
0 0.649609 0.220833 0.013281 0.022222
0 0.547266 0.916667 0.011719 0.022222
0 0.540234 0.909722 0.013281 0.025000
0 0.657812 0.493056 0.012500 0.025000
0 0.683984 0.465278 0.014844 0.019444
0 0.803125 0.138194 0.014062 0.029167
0 0.807422 0.354861 0.011719 0.029167
0 0.836719 0.594444 0.010937 0.025000
0 0.807813 0.834722 0.010937 0.036111
0 0.829687 0.754167 0.010937 0.025000
0 0.836719 0.760417 0.012500 0.023611
0 0.826563 0.676389 0.010937 0.030556
0 0.836328 0.680556 0.014844 0.025000
0 0.831250 0.375694 0.018750 0.023611
0 0.912500 0.057639 0.014062 0.023611
0 0.933594 0.125694 0.014062 0.018056
0 0.949219 0.090972 0.015625 0.018056
0 0.971875 0.200694 0.015625 0.026389
0 0.965625 0.183333 0.014062 0.027778
0 0.968359 0.427083 0.014844 0.026389
0 0.980469 0.484722 0.017188 0.025000
0 0.992969 0.429861 0.012500 0.026389
0 0.986328 0.460417 0.011719 0.029167
0 0.971094 0.524306 0.014062 0.026389
0 0.953125 0.697222 0.012500 0.033333
0 0.912109 0.780556 0.011719 0.027778
0 0.921484 0.763194 0.014844 0.031944
0 0.931250 0.759722 0.012500 0.033333
0 0.888672 0.913194 0.014844 0.029167
0 0.988281 0.819444 0.014062 0.036111
0 0.990234 0.631250 0.016406 0.020833
0 0.919141 0.164583 0.013281 0.026389
0 0.916406 0.156250 0.014062 0.026389
0 0.755859 0.600694 0.016406 0.018056
0 0.760547 0.590278 0.019531 0.019444
0 0.838281 0.948611 0.015625 0.022222
0 0.851562 0.963194 0.014062 0.029167
0 0.909375 0.887500 0.010937 0.022222
0 0.839844 0.867361 0.009375 0.040278
