0 0.221300 0.728200 0.015100 0.021400
0 0.345300 0.940700 0.016000 0.020300
0 0.843800 0.116700 0.016200 0.022200
0 0.282000 0.483100 0.015800 0.022200
0 0.243800 0.494600 0.015700 0.017900
0 0.354200 0.919800 0.014700 0.021300
0 0.921000 0.590800 0.016100 0.022200
0 0.755100 0.819400 0.014000 0.023700
0 0.933300 0.833700 0.016300 0.025300
0 0.480400 0.880900 0.013800 0.020700
0 0.765500 0.229400 0.015000 0.024900
0 0.844700 0.480100 0.015400 0.022700
0 0.396300 0.597000 0.016400 0.021700
0 0.466800 0.170500 0.015800 0.024700
0 0.430800 0.307700 0.016300 0.021800
0 0.206500 0.306900 0.015700 0.021500
0 0.093300 0.847400 0.015100 0.022500
0 0.770500 0.580700 0.015600 0.020100
0 0.353600 0.853900 0.016400 0.020300
0 0.156500 0.266600 0.016100 0.020000
0 0.021900 0.566600 0.017800 0.022300
0 0.330200 0.507800 0.016400 0.020400
0 0.058600 0.342600 0.016900 0.021300
0 0.379800 0.070800 0.015400 0.022400
0 0.056600 0.084700 0.016500 0.021500
0 0.321400 0.267200 0.016700 0.021700
0 0.529100 0.602900 0.015800 0.022000
0 0.591900 0.829800 0.015700 0.023100
0 0.803800 0.557500 0.015600 0.021100
0 0.408600 0.355200 0.017300 0.023200
0 0.922600 0.421500 0.016800 0.022900
0 0.815100 0.667400 0.013900 0.018600
0 0.605200 0.268400 0.015200 0.023000
0 0.904600 0.566600 0.015000 0.023500
0 0.082400 0.669300 0.016100 0.024300
0 0.232900 0.705300 0.015500 0.022500
0 0.322800 0.093700 0.016200 0.021200
0 0.447200 0.770100 0.017700 0.022200
0 0.784100 0.342000 0.014700 0.022600
0 0.967100 0.704500 0.017200 0.024900
0 0.882900 0.606000 0.015900 0.024700
0 0.771500 0.679700 0.015900 0.021900
0 0.079800 0.418000 0.012900 0.024700
0 0.379400 0.678700 0.014300 0.018900
0 0.432800 0.681200 0.017200 0.020100
0 0.957900 0.843800 0.017200 0.020400
0 0.582200 0.371400 0.017100 0.021500
0 0.158100 0.920200 0.014800 0.023100
0 0.194300 0.704100 0.015400 0.024800
0 0.482100 0.642000 0.017500 0.021700
0 0.644300 0.121000 0.016300 0.022500
0 0.669700 0.345300 0.017000 0.021700
0 0.043300 0.195900 0.015200 0.022400
0 0.926500 0.731500 0.013400 0.027400
0 0.131200 0.783100 0.015900 0.022100
0 0.609800 0.489500 0.016300 0.020500
0 0.306800 0.380000 0.015500 0.020200
0 0.543200 0.957400 0.018100 0.021100
0 0.746400 0.118100 0.014200 0.024600
0 0.314900 0.655700 0.016800 0.021400
0 0.932000 0.627700 0.017400 0.021500
0 0.672500 0.243100 0.016200 0.020800
0 0.322000 0.404800 0.014600 0.020600
0 0.264300 0.859800 0.017500 0.020800
0 0.219000 0.832600 0.016000 0.019800
0 0.530400 0.781700 0.015100 0.021200
0 0.728700 0.633500 0.015200 0.022000
0 0.245800 0.093400 0.014100 0.021100
0 0.508500 0.145600 0.014600 0.024300
0 0.473100 0.071700 0.014700 0.023700
0 0.970500 0.892100 0.015000 0.022900
0 0.627800 0.933000 0.016500 0.023200
0 0.656800 0.307000 0.016000 0.020700
0 0.616600 0.058700 0.017800 0.021900
0 0.971700 0.144300 0.018500 0.018200
0 0.233100 0.156300 0.013800 0.023600
0 0.096200 0.980500 0.016300 0.020400
0 0.222000 0.553900 0.017400 0.022000
0 0.282100 0.934000 0.015600 0.020100
0 0.615700 0.220200 0.015900 0.023500
0 0.369100 0.305100 0.015700 0.022700
0 0.465300 0.593900 0.016600 0.023700
0 0.043700 0.178400 0.016700 0.021300
0 0.792000 0.784500 0.016000 0.023000
0 0.055400 0.579100 0.016600 0.024300
0 0.616200 0.571700 0.017300 0.022100
0 0.898300 0.704000 0.014700 0.024700
0 0.129400 0.943500 0.016300 0.020500
0 0.206300 0.807100 0.017100 0.018900
0 0.645700 0.444200 0.014600 0.027200
0 0.607500 0.120500 0.016700 0.022500
0 0.107500 0.120400 0.015100 0.020700
0 0.871500 0.633000 0.017200 0.020100
0 0.917600 0.728900 0.012900 0.028200
0 0.294600 0.643900 0.014900 0.026200
0 0.255800 0.427600 0.016800 0.020800
0 0.847600 0.846000 0.016100 0.023600
0 0.509900 0.095000 0.013900 0.020000
0 0.828600 0.359100 0.014200 0.023900
0 0.083900 0.796500 0.014500 0.019800
0 0.272700 0.883600 0.017600 0.018800
0 0.277300 0.317300 0.016100 0.022800
0 0.222600 0.610200 0.015600 0.023000
0 0.706700 0.709700 0.017000 0.020700
0 0.006900 0.756200 0.011700 0.028200
0 0.230900 0.185100 0.016400 0.021400
0 0.790600 0.871000 0.016300 0.022800
0 0.756100 0.395500 0.013200 0.023600
0 0.805500 0.804200 0.017400 0.021500
0 0.897800 0.279800 0.015600 0.025100
0 0.343600 0.503100 0.014600 0.022900
0 0.404700 0.702700 0.014800 0.021400
0 0.194000 0.105800 0.014200 0.023100
0 0.331200 0.247300 0.016000 0.022800
0 0.345200 0.634300 0.016000 0.022900
0 0.707900 0.294000 0.015400 0.020900
0 0.129100 0.265600 0.014400 0.020800
0 0.266900 0.235100 0.018300 0.023200
0 0.804100 0.067700 0.013900 0.028200
0 0.696300 0.951900 0.016300 0.021700
0 0.648500 0.702400 0.015700 0.022600
0 0.618100 0.084400 0.014800 0.024100
0 0.253600 0.209000 0.016200 0.024300
0 0.297000 0.484000 0.015600 0.022800
0 0.315000 0.860800 0.016800 0.020500
0 0.893900 0.366700 0.015700 0.022200
0 0.798500 0.905000 0.014500 0.024800
0 0.653000 0.932800 0.014000 0.024100
0 0.591800 0.941700 0.017300 0.022900
0 0.603700 0.819200 0.014900 0.024500
0 0.969300 0.959100 0.018200 0.021500
0 0.604100 0.215700 0.015100 0.022000
0 0.436100 0.069600 0.013300 0.023000
0 0.984800 0.069700 0.017100 0.023200
0 0.506500 0.568000 0.015000 0.021000
0 0.577000 0.194100 0.017800 0.020200
0 0.707400 0.458100 0.012200 0.027800
0 0.140600 0.845300 0.012000 0.029400
0 0.432300 0.866300 0.013100 0.022200
0 0.308900 0.398200 0.015300 0.020900
0 0.822000 0.204800 0.017600 0.025100
0 0.653700 0.508900 0.015500 0.025400
0 0.833600 0.281100 0.015600 0.022900
0 0.134500 0.403300 0.013100 0.025200
0 0.755200 0.969900 0.015500 0.019900
0 0.776400 0.479800 0.015000 0.023600
0 0.135400 0.441600 0.015900 0.025600
0 0.090000 0.435500 0.015100 0.024800
0 0.347500 0.232000 0.013000 0.025000
0 0.802600 0.934900 0.014900 0.022300
0 0.533400 0.140900 0.016500 0.021200
0 0.815200 0.381800 0.014500 0.020300
0 0.695400 0.239600 0.016300 0.023100
0 0.384000 0.052200 0.014900 0.021300
0 0.544600 0.596700 0.014500 0.022700
0 0.803300 0.767800 0.015200 0.023300
0 0.005500 0.478400 0.008300 0.021000
0 0.244900 0.548000 0.015100 0.021100
0 0.780100 0.584400 0.014600 0.024000
0 0.593000 0.708900 0.014700 0.025800
0 0.285400 0.232900 0.018000 0.022200
0 0.232000 0.135000 0.015400 0.021400
0 0.553000 0.897900 0.017400 0.020400
0 0.267100 0.441400 0.012700 0.026500
0 0.206800 0.735000 0.015900 0.022100
0 0.240300 0.589900 0.016500 0.023500
0 0.168200 0.314800 0.015100 0.021600
0 0.869100 0.367800 0.016400 0.023000
0 0.035800 0.119200 0.016000 0.022800
0 0.171800 0.247900 0.017400 0.019200
0 0.957000 0.383600 0.016700 0.021100
0 0.403000 0.433000 0.016700 0.024000
0 0.146900 0.560000 0.014800 0.024400
0 0.981000 0.104700 0.017600 0.019700
0 0.555300 0.302000 0.014900 0.022700
0 0.419500 0.301700 0.017000 0.021600
0 0.343000 0.189500 0.016200 0.021000
0 0.832100 0.872300 0.016700 0.024200
0 0.206000 0.864300 0.015500 0.021700
0 0.228900 0.447500 0.015400 0.022500
0 0.723400 0.120400 0.013100 0.027800
0 0.390200 0.792600 0.016300 0.020000
0 0.269700 0.368300 0.015700 0.021400
0 0.355900 0.365800 0.016500 0.022300
0 0.230800 0.247100 0.015500 0.021600
0 0.230900 0.346400 0.013400 0.022400
0 0.590100 0.123300 0.017300 0.021800
0 0.235700 0.776800 0.016800 0.020000
0 0.846500 0.819400 0.013500 0.027000
0 0.978700 0.909900 0.016600 0.021200
0 0.651700 0.859900 0.015400 0.024400
0 0.817200 0.571700 0.013500 0.024200
0 0.168800 0.128200 0.013400 0.019800
0 0.584900 0.855300 0.014100 0.020800
0 0.033000 0.469300 0.013100 0.017700
0 0.259100 0.035200 0.017400 0.021100
0 0.085100 0.164000 0.017200 0.019400
0 0.068400 0.921700 0.014600 0.024000
0 0.245100 0.115100 0.015700 0.022100
0 0.504900 0.051900 0.014800 0.023700
0 0.341800 0.322600 0.014300 0.022600
0 0.767000 0.654200 0.016600 0.022300
0 0.296600 0.821700 0.015400 0.025000
0 0.959200 0.446200 0.015900 0.024400
0 0.427000 0.153100 0.016500 0.021700
0 0.988800 0.457700 0.014500 0.022100
0 0.683400 0.747100 0.014900 0.026500
0 0.602400 0.358000 0.016100 0.020800
0 0.417900 0.517400 0.012200 0.030000
0 0.421500 0.869800 0.014100 0.022800
0 0.127500 0.016600 0.015600 0.022700
0 0.359400 0.797700 0.017100 0.022300
0 0.930500 0.954500 0.012200 0.029600
0 0.091100 0.572200 0.013100 0.031400
0 0.967600 0.564700 0.020700 0.021100
0 0.176900 0.230500 0.016300 0.020300
0 0.894800 0.427900 0.016300 0.022300
0 0.303900 0.715600 0.014700 0.025300
0 0.809500 0.252200 0.016400 0.023100
0 0.492100 0.026900 0.016700 0.020000
0 0.342300 0.568600 0.015400 0.020000
0 0.864600 0.840700 0.016600 0.025600
0 0.218000 0.435600 0.017500 0.019900
0 0.180700 0.322400 0.015900 0.020300
0 0.752600 0.778400 0.014900 0.025000
0 0.172900 0.531600 0.017400 0.022200
0 0.583800 0.227500 0.016400 0.024300
0 0.173200 0.730600 0.016200 0.022100
0 0.106900 0.172200 0.014700 0.023300
0 0.354800 0.715300 0.012000 0.028000
0 0.589400 0.489000 0.017400 0.020400
0 0.465300 0.883200 0.013900 0.020300
0 0.823000 0.940900 0.015000 0.021700
0 0.882400 0.060300 0.014200 0.024700
0 0.046900 0.905400 0.016400 0.022300
0 0.553700 0.277200 0.015600 0.025300
0 0.509000 0.627600 0.018400 0.021900
0 0.732700 0.139400 0.016400 0.021300
0 0.489600 0.840600 0.014600 0.027600
0 0.639700 0.484900 0.014600 0.024100
0 0.531700 0.067000 0.014500 0.021900
0 0.478200 0.460900 0.016900 0.021700
0 0.519600 0.441300 0.013800 0.026900
0 0.207200 0.658900 0.014200 0.027300
0 0.583000 0.951600 0.020100 0.020500
0 0.991800 0.878800 0.012500 0.020500
0 0.196700 0.256000 0.015000 0.021900
0 0.229100 0.270100 0.013800 0.024800
0 0.945600 0.290700 0.015400 0.025700
0 0.835000 0.423400 0.017600 0.019800
0 0.110200 0.739000 0.015000 0.022000
0 0.676400 0.954500 0.016600 0.021300
0 0.411000 0.772100 0.018700 0.020400
0 0.436200 0.628300 0.016000 0.022100
0 0.401900 0.140300 0.014700 0.023500
0 0.444000 0.190400 0.014800 0.025600
0 0.648300 0.608000 0.019200 0.020400
0 0.515000 0.372300 0.012300 0.024300
0 0.970600 0.315600 0.015800 0.023400
0 0.014200 0.254500 0.014000 0.028900
0 0.884800 0.196400 0.014400 0.023000
0 0.932600 0.292800 0.012400 0.028900
0 0.203000 0.545200 0.012200 0.029000
0 0.808600 0.435000 0.016700 0.021400
0 0.492100 0.776800 0.017900 0.020100
0 0.527200 0.166000 0.012900 0.024300
0 0.158200 0.568400 0.015000 0.024400
0 0.713900 0.877100 0.015200 0.020400
0 0.831400 0.439600 0.017100 0.021300
0 0.132700 0.235200 0.015600 0.021300
0 0.161300 0.509900 0.017300 0.020100
0 0.422800 0.466400 0.011300 0.031200
0 0.891500 0.831700 0.013900 0.027100
0 0.188800 0.677700 0.016900 0.021300
0 0.151100 0.491100 0.017500 0.020100
0 0.394200 0.844000 0.016000 0.020800
0 0.464200 0.354800 0.016800 0.021100
0 0.917500 0.440500 0.014600 0.021900
0 0.279500 0.743400 0.013000 0.030400
0 0.483000 0.760700 0.017500 0.021100
0 0.876100 0.515900 0.013000 0.027000
0 0.072500 0.792100 0.013300 0.021900
0 0.057700 0.882700 0.015300 0.022700
0 0.180500 0.926600 0.015500 0.021900
0 0.959900 0.033300 0.016000 0.026100
0 0.243900 0.376800 0.016300 0.021300
0 0.742500 0.647500 0.015500 0.021000
0 0.719300 0.289200 0.015100 0.020300
0 0.602800 0.979900 0.018500 0.021600
0 0.043200 0.389500 0.015000 0.025700
0 0.232700 0.027300 0.016400 0.019600
0 0.650800 0.732300 0.012700 0.030400
0 0.709000 0.404100 0.012800 0.028000
0 0.626200 0.146300 0.016100 0.021700
0 0.501200 0.184800 0.015100 0.022900
0 0.101600 0.102000 0.015200 0.022200
0 0.553300 0.041400 0.015500 0.020200
0 0.014100 0.603900 0.017100 0.025000
0 0.440400 0.541100 0.013900 0.028300
0 0.204200 0.441500 0.014400 0.019400
0 0.160600 0.065800 0.012600 0.029000
0 0.663800 0.232200 0.016000 0.021100
0 0.543300 0.985900 0.014100 0.022400
0 0.414500 0.656400 0.015600 0.021300
0 0.009300 0.714800 0.015400 0.026700
0 0.307900 0.072900 0.015400 0.020000
0 0.972500 0.052000 0.018200 0.021500
0 0.739200 0.965200 0.016600 0.021700
0 0.582200 0.802800 0.011500 0.023500
0 0.339500 0.039200 0.014500 0.022700
0 0.721200 0.597700 0.015900 0.022700
0 0.793200 0.318000 0.011200 0.030400
0 0.690400 0.447400 0.016300 0.023200
0 0.745100 0.610500 0.016100 0.022500
0 0.604700 0.021500 0.018100 0.024300
0 0.670600 0.146900 0.014400 0.021500
0 0.596700 0.051400 0.017100 0.021500
0 0.824000 0.233500 0.017400 0.021600
0 0.552800 0.032600 0.015800 0.022800
0 0.097800 0.257700 0.014700 0.021600
0 0.731000 0.823400 0.013900 0.022600
0 0.356400 0.656500 0.015600 0.019300
0 0.915500 0.701600 0.016000 0.023900
0 0.596000 0.798500 0.015200 0.023100
0 0.511000 0.753500 0.016900 0.021300
0 0.509900 0.552200 0.016500 0.021500
0 0.888200 0.080200 0.012300 0.024600
0 0.908200 0.242500 0.012100 0.027200
0 0.791300 0.202900 0.014900 0.023100
0 0.446300 0.853400 0.010300 0.033700
0 0.236200 0.956300 0.017400 0.022200
0 0.878000 0.297700 0.013100 0.030000
0 0.356800 0.163700 0.015100 0.022100
0 0.985800 0.272300 0.015900 0.025000
0 0.688900 0.879600 0.010800 0.033800
0 0.804100 0.822300 0.014700 0.026300
0 0.656500 0.376700 0.013900 0.026900
0 0.526300 0.085200 0.014700 0.022700
0 0.314700 0.966700 0.012200 0.030700
0 0.568500 0.968600 0.020700 0.019400
0 0.684700 0.444600 0.016600 0.024000
0 0.438600 0.429100 0.016800 0.020600
0 0.830400 0.485800 0.015600 0.021900
0 0.048500 0.601600 0.016900 0.022300
0 0.697800 0.552700 0.012100 0.029600
0 0.966300 0.580800 0.016200 0.019500
0 0.003100 0.573100 0.007500 0.025800
0 0.526000 0.719900 0.015000 0.021500
0 0.726900 0.565100 0.015100 0.025200
0 0.005100 0.422600 0.011100 0.025300
0 0.082500 0.748900 0.013700 0.022300
0 0.061600 0.502300 0.013200 0.021800
0 0.898800 0.054100 0.010800 0.033800
0 0.210000 0.920900 0.012600 0.033300
0 0.634900 0.679700 0.014200 0.019600
0 0.176200 0.122600 0.014100 0.019200
0 0.601700 0.282200 0.012700 0.027500
0 0.019500 0.053400 0.017100 0.018200
0 0.354300 0.564000 0.014000 0.020400
0 0.892100 0.192900 0.014600 0.020500
0 0.067400 0.965000 0.013100 0.027100
0 0.377600 0.276800 0.015200 0.022600
0 0.592600 0.154500 0.016300 0.021500
0 0.736200 0.664200 0.016500 0.019800
0 0.328800 0.985700 0.016100 0.020500
0 0.771600 0.073100 0.015700 0.021500
0 0.951100 0.483000 0.014800 0.024600
0 0.452800 0.052700 0.015700 0.021800
0 0.646700 0.391600 0.013500 0.024400
0 0.856900 0.302800 0.011500 0.034300
0 0.445700 0.696700 0.015800 0.019200
0 0.426200 0.034200 0.016200 0.021400
0 0.927300 0.252500 0.017000 0.022000
0 0.911100 0.358400 0.013700 0.024900
0 0.539700 0.607000 0.015200 0.021400
0 0.963600 0.129500 0.018600 0.019500
0 0.070100 0.022800 0.013800 0.020900
0 0.653600 0.336500 0.016300 0.022200
0 0.218100 0.265600 0.012800 0.028700
0 0.509300 0.352900 0.015700 0.019400
0 0.892100 0.535300 0.013500 0.025000
0 0.400800 0.884600 0.012500 0.024900
0 0.071100 0.301800 0.016800 0.019700
0 0.992800 0.893000 0.009200 0.022300
0 0.956800 0.393300 0.014400 0.023200
0 0.286300 0.593800 0.012900 0.031400
0 0.193700 0.276800 0.016200 0.020500
0 0.163400 0.684400 0.015400 0.024200
0 0.952200 0.591700 0.018000 0.020600
0 0.944600 0.391400 0.016000 0.022000
0 0.723800 0.720700 0.016800 0.021000
0 0.860300 0.431400 0.012600 0.030900
0 0.418600 0.672000 0.013800 0.023500
0 0.822600 0.307700 0.015500 0.022800
0 0.061700 0.480900 0.012300 0.023700
0 0.199000 0.623000 0.016100 0.021300
0 0.298700 0.122300 0.017900 0.022300
0 0.170600 0.951800 0.014800 0.021100
0 0.477700 0.122900 0.011200 0.024700
0 0.195200 0.386400 0.013700 0.023100
0 0.177100 0.264400 0.016800 0.019200
0 0.701300 0.695400 0.015800 0.020000
0 0.329600 0.015800 0.012500 0.026200
0 0.418400 0.893600 0.013800 0.020000
0 0.863100 0.621200 0.015700 0.022800
0 0.193900 0.060400 0.014200 0.023700
0 0.081300 0.376600 0.012400 0.026500
0 0.853400 0.964500 0.014600 0.021700
0 0.551500 0.635500 0.018100 0.022400
0 0.038300 0.641500 0.011900 0.032500
0 0.160200 0.478900 0.018800 0.020900
0 0.096000 0.072800 0.017500 0.018700
0 0.813500 0.044400 0.017800 0.021700
0 0.648800 0.292400 0.016000 0.021200
0 0.963700 0.640600 0.016100 0.029900
0 0.840100 0.561400 0.014900 0.022900
0 0.911000 0.590300 0.014600 0.024000
0 0.911200 0.868100 0.017800 0.023400
0 0.495100 0.376100 0.016100 0.019700
0 0.650600 0.841500 0.012800 0.025600
0 0.729400 0.386400 0.015900 0.023800
0 0.798300 0.664400 0.014100 0.023000
0 0.024000 0.934800 0.014200 0.028100
0 0.611000 0.665600 0.015500 0.020300
0 0.720100 0.557200 0.014400 0.024300
0 0.592200 0.423600 0.015000 0.021800
0 0.978800 0.690400 0.017200 0.026700
0 0.095703 0.038194 0.014844 0.029167
0 0.072266 0.115972 0.016406 0.023611
0 0.031641 0.363194 0.017969 0.020833
0 0.018750 0.377083 0.012500 0.029167
0 0.009375 0.638194 0.015625 0.023611
0 0.068750 0.639583 0.012500 0.031944
0 0.114063 0.640278 0.014062 0.025000
0 0.005469 0.836806 0.010937 0.029167
0 0.026953 0.686111 0.014844 0.025000
0 0.173438 0.774306 0.017188 0.029167
0 0.221094 0.772917 0.010937 0.031944
0 0.229297 0.649306 0.011719 0.029167
0 0.192578 0.463889 0.014844 0.027778
0 0.307031 0.311806 0.012500 0.031944
0 0.187109 0.025000 0.016406 0.022222
0 0.168359 0.015972 0.011719 0.026389
0 0.150391 0.201389 0.016406 0.022222
0 0.403516 0.311111 0.013281 0.022222
0 0.263672 0.609722 0.013281 0.022222
0 0.253906 0.606944 0.010937 0.027778
0 0.335938 0.401389 0.012500 0.025000
0 0.330078 0.289583 0.017969 0.020833
0 0.377734 0.811806 0.014844 0.020833
0 0.372266 0.797917 0.016406 0.020833
0 0.536719 0.839583 0.015625 0.023611
0 0.497266 0.927083 0.013281 0.023611
0 0.382422 0.963889 0.014844 0.016667
0 0.626953 0.962500 0.014844 0.022222
0 0.617969 0.785417 0.012500 0.029167
0 0.626172 0.711806 0.013281 0.029167
0 0.580078 0.723611 0.011719 0.030556
0 0.478906 0.664583 0.012500 0.023611
0 0.461328 0.700000 0.014844 0.019444
0 0.463281 0.687500 0.014062 0.022222
0 0.523438 0.644444 0.015625 0.025000
0 0.530078 0.293056 0.014844 0.030556
0 0.480859 0.228472 0.014844 0.026389
0 0.452734 0.189583 0.011719 0.029167
0 0.503906 0.015972 0.012500 0.020833
0 0.569922 0.165278 0.011719 0.027778
0 0.567187 0.151389 0.012500 0.025000
0 0.606250 0.188194 0.012500 0.020833
0 0.648047 0.210417 0.013281 0.029167
0 0.624609 0.350694 0.013281 0.029167
0 0.639063 0.525694 0.014062 0.020833
0 0.629687 0.521528 0.010937 0.020833
0 0.626172 0.537500 0.013281 0.022222
0 0.580859 0.702083 0.011719 0.023611
0 0.735156 0.776389 0.012500 0.033333
0 0.777734 0.777778 0.011719 0.030556
0 0.760156 0.938194 0.010937 0.031944
0 0.753125 0.936111 0.010937 0.027778
0 0.692578 0.392361 0.013281 0.026389
0 0.723828 0.196528 0.011719 0.023611
0 0.719141 0.178472 0.014844 0.023611
0 0.846484 0.084028 0.011719 0.029167
0 0.837109 0.085417 0.011719 0.029167
0 0.912500 0.263889 0.012500 0.027778
0 0.988672 0.249306 0.011719 0.031944
0 0.987500 0.359722 0.017188 0.022222
0 0.980859 0.369444 0.016406 0.025000
0 0.889453 0.577778 0.014844 0.022222
0 0.833984 0.738194 0.013281 0.031944
0 0.789844 0.737500 0.014062 0.022222
0 0.989062 0.042361 0.015625 0.020833
0 0.985156 0.092361 0.015625 0.020833
0 0.681641 0.538194 0.010156 0.026389
0 0.680859 0.531250 0.014844 0.020833
0 0.737891 0.194444 0.013281 0.019444
0 0.040625 0.698611 0.012500 0.033333
0 0.594922 0.348611 0.014844 0.030556
0 0.557813 0.359722 0.015625 0.027778
0 0.620703 0.611806 0.017969 0.020833
0 0.890625 0.948611 0.014062 0.022222
0 0.839844 0.950000 0.015625 0.025000
0 0.810156 0.344444 0.012500 0.022222
