0 0.079900 0.205900 0.015600 0.021300
0 0.571000 0.694900 0.014500 0.023500
0 0.206200 0.092300 0.014700 0.019800
0 0.692500 0.370600 0.014500 0.021400
0 0.396900 0.809900 0.016400 0.020300
0 0.070000 0.592500 0.018500 0.020500
0 0.508000 0.755800 0.017600 0.022500
0 0.741800 0.292200 0.015700 0.020000
0 0.555100 0.943200 0.016000 0.020600
0 0.379600 0.681800 0.015000 0.021100
0 0.592000 0.069000 0.015800 0.021400
0 0.170400 0.578900 0.016300 0.020500
0 0.092100 0.943100 0.015300 0.022000
0 0.866000 0.509400 0.016800 0.020500
0 0.278000 0.416000 0.017200 0.021900
0 0.847700 0.442500 0.017200 0.020000
0 0.953700 0.908700 0.016200 0.020800
0 0.178000 0.508400 0.013500 0.024800
0 0.182400 0.452900 0.016100 0.021700
0 0.316000 0.154500 0.014600 0.022600
0 0.781800 0.906600 0.015700 0.022800
0 0.503800 0.783800 0.017700 0.021000
0 0.755600 0.091000 0.016000 0.023300
0 0.765800 0.758200 0.016600 0.021500
0 0.956300 0.109000 0.017800 0.020600
0 0.491500 0.165700 0.017800 0.021700
0 0.053700 0.732000 0.013600 0.021200
0 0.759800 0.493700 0.015800 0.025300
0 0.568800 0.907600 0.017100 0.023800
0 0.282200 0.633200 0.015000 0.023700
0 0.252400 0.304700 0.016300 0.022400
0 0.271900 0.843600 0.016300 0.019200
0 0.282600 0.617700 0.012800 0.022900
0 0.518800 0.382300 0.016200 0.023800
0 0.033900 0.642300 0.018200 0.019900
0 0.294200 0.309200 0.016300 0.021500
0 0.159600 0.091700 0.014600 0.022600
0 0.792600 0.046300 0.018200 0.021000
0 0.732000 0.070800 0.016800 0.020800
0 0.834400 0.258900 0.016000 0.019900
0 0.681500 0.706100 0.016900 0.022400
0 0.018200 0.445700 0.015300 0.021400
0 0.371300 0.844300 0.016100 0.019200
0 0.255700 0.221200 0.017300 0.022100
0 0.517700 0.628900 0.015800 0.022100
0 0.196500 0.509400 0.015500 0.019500
0 0.191400 0.154800 0.013800 0.023700
0 0.755700 0.894800 0.013800 0.023100
0 0.216000 0.782900 0.016200 0.020700
0 0.157500 0.319100 0.015800 0.021300
0 0.693000 0.483200 0.015700 0.020700
0 0.892100 0.390000 0.016800 0.020800
0 0.740800 0.703000 0.017600 0.022200
0 0.545400 0.605600 0.015500 0.021300
0 0.042300 0.340900 0.019000 0.021000
0 0.203100 0.433000 0.014200 0.022100
0 0.296000 0.860800 0.016500 0.019200
0 0.217600 0.291500 0.016300 0.020000
0 0.495200 0.555300 0.014700 0.023600
0 0.508100 0.044100 0.016400 0.020600
0 0.871600 0.544900 0.017500 0.020900
0 0.668600 0.504400 0.016100 0.022200
0 0.731900 0.619300 0.016100 0.023200
0 0.034500 0.584400 0.018100 0.021500
0 0.416500 0.692900 0.015100 0.024400
0 0.381700 0.140800 0.013600 0.020700
0 0.169200 0.304900 0.016500 0.022100
0 0.942900 0.479000 0.014400 0.024700
0 0.592900 0.817300 0.018900 0.020200
0 0.659000 0.358000 0.015600 0.022400
0 0.319800 0.706600 0.015200 0.025100
0 0.522900 0.768000 0.016200 0.023600
0 0.647000 0.907400 0.016700 0.022900
0 0.805400 0.818500 0.013400 0.024200
0 0.904300 0.766400 0.014700 0.024600
0 0.566800 0.364900 0.017300 0.022100
0 0.105900 0.243200 0.015200 0.023000
0 0.271600 0.143600 0.016100 0.023900
0 0.304100 0.884600 0.017900 0.020500
0 0.221300 0.678000 0.015200 0.020800
0 0.497700 0.622300 0.017600 0.018700
0 0.870600 0.407900 0.018400 0.021700
0 0.569700 0.193100 0.015000 0.022100
0 0.440600 0.884000 0.013600 0.024400
0 0.758400 0.795800 0.015700 0.024700
0 0.217000 0.716600 0.015400 0.018100
0 0.154500 0.159800 0.015900 0.019400
0 0.132100 0.777900 0.017000 0.021400
0 0.934700 0.290700 0.016000 0.023600
0 0.552800 0.420400 0.014700 0.025200
0 0.879300 0.803300 0.014500 0.022100
0 0.816800 0.203700 0.014800 0.027500
0 0.716000 0.656300 0.013500 0.026000
0 0.181700 0.740700 0.017400 0.022300
0 0.365600 0.789900 0.017200 0.020000
0 0.358300 0.657800 0.014500 0.022700
0 0.491000 0.358900 0.017200 0.021000
0 0.769700 0.685100 0.015800 0.021100
0 0.702200 0.142100 0.016900 0.022100
0 0.322900 0.415500 0.015900 0.021800
0 0.241000 0.120700 0.014500 0.027100
0 0.578600 0.769100 0.014800 0.024400
0 0.859800 0.554700 0.016500 0.021300
0 0.194700 0.708800 0.015400 0.022300
0 0.743900 0.929000 0.012100 0.025600
0 0.231900 0.240700 0.016300 0.022000
0 0.827200 0.465700 0.016300 0.023600
0 0.052200 0.381800 0.016300 0.023800
0 0.214200 0.634400 0.015700 0.021300
0 0.418500 0.280100 0.015300 0.022500
0 0.455900 0.696300 0.014900 0.028100
0 0.483900 0.670800 0.015600 0.025200
0 0.781200 0.367400 0.016300 0.021500
0 0.256900 0.528200 0.014500 0.023500
0 0.690500 0.506900 0.015700 0.020600
0 0.229600 0.216500 0.016300 0.021600
0 0.852000 0.494600 0.016900 0.019100
0 0.797800 0.857300 0.012300 0.028800
0 0.135900 0.942400 0.016000 0.023800
0 0.164800 0.382600 0.016600 0.020700
0 0.031400 0.530900 0.015700 0.022800
0 0.032300 0.090300 0.016800 0.022800
0 0.053700 0.207100 0.014000 0.025200
0 0.530600 0.205200 0.015700 0.021600
0 0.344100 0.306300 0.014100 0.023400
0 0.020100 0.816300 0.017500 0.022800
0 0.506100 0.532700 0.014100 0.024900
0 0.485400 0.035100 0.015500 0.020300
0 0.464700 0.066100 0.016700 0.021000
0 0.902700 0.405800 0.016300 0.022800
0 0.745100 0.122200 0.014700 0.023500
0 0.160900 0.240400 0.014700 0.024600
0 0.843800 0.108000 0.015500 0.026400
0 0.417700 0.435800 0.015100 0.025200
0 0.613700 0.329600 0.014200 0.024200
0 0.959600 0.510500 0.015200 0.023100
0 0.458100 0.914800 0.014600 0.022700
0 0.222600 0.741800 0.017000 0.019900
0 0.016200 0.627200 0.017000 0.021700
0 0.233500 0.434700 0.015600 0.022900
0 0.622300 0.277200 0.016800 0.020400
0 0.209600 0.416500 0.014300 0.023200
0 0.827300 0.418500 0.018300 0.019600
0 0.781000 0.258300 0.014600 0.023300
0 0.095800 0.914600 0.016600 0.021000
0 0.565900 0.420600 0.012200 0.029800
0 0.502000 0.633900 0.017100 0.019600
0 0.680000 0.940800 0.017500 0.023000
0 0.764500 0.707000 0.015500 0.022200
0 0.253700 0.020800 0.015300 0.023100
0 0.783200 0.456500 0.015500 0.023800
0 0.984900 0.056100 0.014900 0.023000
0 0.205400 0.490800 0.013800 0.021800
0 0.709200 0.158600 0.013500 0.028000
0 0.442700 0.084800 0.016700 0.020700
0 0.626300 0.603600 0.015100 0.022900
0 0.235400 0.370200 0.017300 0.019200
0 0.869600 0.269400 0.012800 0.026900
0 0.396400 0.319400 0.016200 0.020400
0 0.347200 0.419800 0.014600 0.025300
0 0.478600 0.865100 0.015200 0.023400
0 0.632100 0.547400 0.014700 0.025000
0 0.594900 0.632900 0.013300 0.027600
0 0.465800 0.972000 0.013800 0.026200
0 0.790800 0.616200 0.015100 0.023200
0 0.355500 0.515400 0.015400 0.024600
0 0.072400 0.982400 0.017400 0.021700
0 0.252200 0.465700 0.014500 0.023600
0 0.131600 0.279400 0.014500 0.027600
0 0.847300 0.843500 0.015600 0.025200
0 0.268900 0.202100 0.016400 0.022200
0 0.972600 0.905800 0.016500 0.023200
0 0.669000 0.016600 0.015000 0.024800
0 0.792600 0.632400 0.013900 0.022800
0 0.183200 0.767700 0.018300 0.019500
0 0.433000 0.571200 0.014500 0.023600
0 0.927400 0.572600 0.014100 0.027300
0 0.418700 0.471100 0.011200 0.031500
0 0.459200 0.566000 0.013000 0.028100
0 0.706100 0.428700 0.013900 0.021800
0 0.414200 0.630000 0.017000 0.022000
0 0.517900 0.116000 0.013900 0.025900
0 0.380700 0.447800 0.014400 0.026500
0 0.880000 0.090500 0.014300 0.024200
0 0.044300 0.609400 0.017200 0.021900
0 0.183700 0.842100 0.014100 0.022500
0 0.056900 0.422800 0.016400 0.022100
0 0.735600 0.532500 0.015000 0.025400
0 0.156000 0.757000 0.015200 0.024000
0 0.793200 0.494500 0.015700 0.023000
0 0.168300 0.053700 0.017700 0.022200
0 0.339700 0.080400 0.013100 0.023000
0 0.259400 0.979800 0.015500 0.019700
0 0.578500 0.143400 0.012300 0.027500
0 0.354100 0.273100 0.016800 0.022800
0 0.182000 0.896900 0.012200 0.027800
0 0.683500 0.845100 0.011600 0.028700
0 0.515100 0.308300 0.013500 0.024400
0 0.355600 0.185700 0.013700 0.023100
0 0.959200 0.331100 0.012500 0.023300
0 0.657800 0.258100 0.013100 0.029900
0 0.952800 0.490500 0.015200 0.023500
0 0.635500 0.147800 0.015800 0.023200
0 0.033400 0.747900 0.014700 0.022100
0 0.393900 0.908900 0.014600 0.024300
0 0.356300 0.067400 0.013300 0.021200
0 0.020800 0.293200 0.019100 0.019300
0 0.751600 0.590200 0.016600 0.021700
0 0.266600 0.373100 0.017700 0.019700
0 0.760700 0.371300 0.014300 0.029000
0 0.068700 0.610400 0.018800 0.020600
0 0.585600 0.192100 0.012500 0.028200
0 0.568400 0.239700 0.014000 0.023400
0 0.246900 0.590800 0.015600 0.025500
0 0.935300 0.033200 0.013300 0.025200
0 0.556600 0.491300 0.015100 0.027000
0 0.326100 0.140800 0.012700 0.022400
0 0.467900 0.385600 0.016300 0.022600
0 0.403500 0.857000 0.014000 0.022600
0 0.693900 0.343900 0.016400 0.022500
0 0.256100 0.876400 0.016400 0.022400
0 0.626300 0.382900 0.015000 0.024000
0 0.531000 0.046100 0.016400 0.021700
0 0.470200 0.090300 0.016100 0.022200
0 0.840200 0.818600 0.011300 0.031300
0 0.845100 0.397700 0.016000 0.022400
0 0.442500 0.505700 0.014500 0.019800
0 0.418700 0.039300 0.013500 0.023900
0 0.252600 0.482300 0.014800 0.022500
0 0.498400 0.105700 0.016200 0.020500
0 0.980000 0.722600 0.014600 0.025300
0 0.356800 0.965500 0.013700 0.020900
0 0.120400 0.102000 0.016100 0.023200
0 0.634600 0.202800 0.015000 0.023400
0 0.760800 0.610200 0.015700 0.023100
0 0.569500 0.289500 0.015800 0.022000
0 0.839500 0.366500 0.014800 0.024400
0 0.652800 0.396900 0.012000 0.027800
0 0.676300 0.322300 0.015000 0.021400
0 0.019700 0.176800 0.014900 0.024700
0 0.095900 0.682300 0.010600 0.032600
0 0.483900 0.189300 0.016900 0.020200
0 0.189300 0.083100 0.014400 0.022400
0 0.110400 0.680700 0.015300 0.021800
0 0.420500 0.560000 0.014900 0.022700
0 0.140000 0.484000 0.016100 0.020500
0 0.598700 0.604200 0.014400 0.024700
0 0.343100 0.896700 0.013600 0.024500
0 0.558700 0.965900 0.018100 0.021800
0 0.355100 0.904400 0.013100 0.027400
0 0.576400 0.303300 0.016300 0.020000
0 0.616100 0.489800 0.016500 0.026400
0 0.279700 0.715000 0.015500 0.025800
0 0.510800 0.205400 0.015700 0.021500
0 0.566600 0.757800 0.013000 0.029500
0 0.958800 0.443800 0.013200 0.029300
0 0.006900 0.807500 0.013700 0.023000
0 0.939300 0.140500 0.017000 0.022600
0 0.805600 0.239600 0.013900 0.022900
0 0.005900 0.680700 0.011300 0.032000
0 0.247900 0.732600 0.016500 0.018700
0 0.515600 0.866800 0.012300 0.032300
0 0.871400 0.640300 0.011700 0.027800
0 0.286300 0.244000 0.017500 0.021100
0 0.201800 0.035400 0.015300 0.023000
0 0.489800 0.253100 0.011500 0.027400
0 0.113900 0.952600 0.016000 0.021600
0 0.136200 0.372200 0.014400 0.026000
0 0.801200 0.092800 0.013200 0.026400
0 0.909300 0.867900 0.017000 0.023300
0 0.904700 0.729300 0.011700 0.030800
0 0.703900 0.440100 0.014900 0.020700
0 0.373300 0.696200 0.014300 0.019100
0 0.383400 0.785600 0.014700 0.023100
0 0.848500 0.639600 0.017000 0.021300
0 0.368500 0.073000 0.013900 0.020600
0 0.614800 0.259900 0.016500 0.021800
0 0.373400 0.034900 0.015000 0.022200
0 0.353200 0.291200 0.013900 0.023400
0 0.622500 0.352300 0.015000 0.024900
0 0.229100 0.601900 0.017400 0.021500
0 0.639700 0.405800 0.014300 0.026700
0 0.791400 0.076600 0.015600 0.021500
0 0.207200 0.692200 0.015600 0.019500
0 0.497000 0.908500 0.012300 0.032700
0 0.015400 0.889900 0.014600 0.027100
0 0.673600 0.209900 0.016400 0.021600
0 0.823400 0.757200 0.015700 0.021200
0 0.448300 0.869200 0.015100 0.022200
0 0.230800 0.623400 0.016700 0.020900
0 0.311000 0.339200 0.015400 0.023900
0 0.226100 0.046200 0.014500 0.021600
0 0.102100 0.189900 0.015700 0.022400
0 0.969000 0.315000 0.015200 0.024100
0 0.345000 0.758800 0.015700 0.020900
0 0.292900 0.939700 0.014200 0.022900
0 0.827300 0.561300 0.017700 0.022100
0 0.229500 0.160500 0.013500 0.024500
0 0.047500 0.140100 0.015800 0.022000
0 0.677000 0.115500 0.013200 0.024500
0 0.182000 0.639500 0.014500 0.020000
0 0.621300 0.856000 0.014900 0.020800
0 0.064200 0.402600 0.017100 0.023300
0 0.617600 0.152200 0.015800 0.022700
0 0.426200 0.620100 0.015900 0.022900
0 0.848700 0.607300 0.017500 0.020500
0 0.338500 0.821000 0.016200 0.021100
0 0.104100 0.298000 0.015100 0.022000
0 0.533300 0.577600 0.012100 0.032400
0 0.326500 0.839300 0.015300 0.020800
0 0.196600 0.277400 0.017700 0.020600
0 0.352800 0.759300 0.016200 0.021100
0 0.144900 0.423400 0.015000 0.021900
0 0.985400 0.627500 0.016400 0.021300
0 0.915800 0.635800 0.015800 0.025200
0 0.638900 0.222200 0.014600 0.026700
0 0.284600 0.539800 0.011700 0.027800
0 0.724000 0.505800 0.014300 0.022600
0 0.354200 0.255100 0.016000 0.024000
0 0.978500 0.659900 0.017800 0.021800
0 0.792800 0.672600 0.015700 0.023600
0 0.731500 0.195200 0.012700 0.022900
0 0.623600 0.184900 0.017700 0.023600
0 0.552000 0.623200 0.015700 0.022700
0 0.198600 0.332200 0.016000 0.018700
0 0.922700 0.334700 0.013000 0.025000
0 0.068100 0.897200 0.013400 0.031000
0 0.206700 0.723000 0.016900 0.019600
0 0.531100 0.333900 0.012900 0.027400
0 0.642900 0.520300 0.012800 0.031500
0 0.039200 0.677500 0.016000 0.022200
0 0.769700 0.185300 0.015700 0.022200
0 0.138800 0.865300 0.012000 0.030400
0 0.914600 0.835200 0.015900 0.026600
0 0.083100 0.607700 0.016000 0.022000
0 0.495100 0.426200 0.015100 0.021600
0 0.473300 0.047800 0.013700 0.022400
0 0.679300 0.889100 0.014600 0.023500
0 0.847700 0.327600 0.012600 0.024500
0 0.606200 0.972900 0.016300 0.019900
0 0.345600 0.959700 0.013200 0.019500
0 0.360300 0.339000 0.013900 0.026500
0 0.823400 0.802500 0.013500 0.023200
0 0.819000 0.123600 0.015300 0.022900
0 0.379100 0.901800 0.014900 0.021600
0 0.703800 0.378500 0.012100 0.027300
0 0.502900 0.354300 0.014500 0.024800
0 0.192900 0.477400 0.014500 0.024500
0 0.476400 0.630700 0.017500 0.021200
0 0.097100 0.538700 0.017900 0.020800
0 0.556100 0.811300 0.016200 0.021900
0 0.993500 0.170000 0.011100 0.028200
0 0.880800 0.822800 0.013400 0.025200
0 0.970500 0.221400 0.012100 0.031700
0 0.905100 0.214700 0.014900 0.024200
0 0.986300 0.554900 0.015600 0.024400
0 0.433700 0.676400 0.017500 0.021700
0 0.754200 0.304500 0.013000 0.020000
0 0.228000 0.702300 0.014100 0.023000
0 0.049400 0.441600 0.013800 0.024300
0 0.769000 0.747400 0.014700 0.021800
0 0.342000 0.435100 0.015000 0.022800
0 0.436400 0.634700 0.015700 0.021800
0 0.156400 0.272100 0.015500 0.024400
0 0.448800 0.610900 0.015100 0.022900
0 0.809100 0.873400 0.015900 0.023200
0 0.171500 0.917700 0.013700 0.026200
0 0.201700 0.181500 0.015700 0.022700
0 0.148500 0.017000 0.019000 0.022400
0 0.051000 0.592800 0.016600 0.020300
0 0.161100 0.539100 0.016000 0.022000
0 0.638700 0.746600 0.016000 0.023700
0 0.532300 0.939600 0.014600 0.025000
0 0.389500 0.309700 0.016300 0.020300
0 0.838900 0.985600 0.016400 0.019900
0 0.826000 0.708200 0.012500 0.032000
0 0.625900 0.132300 0.015000 0.023200
0 0.158900 0.585700 0.017100 0.021300
0 0.208800 0.979500 0.016800 0.024000
0 0.716900 0.369700 0.015000 0.024000
0 0.563500 0.140000 0.014200 0.022500
0 0.835700 0.284200 0.014200 0.021100
0 0.949100 0.316900 0.011300 0.033100
0 0.669600 0.852500 0.012600 0.028400
0 0.729000 0.739900 0.014900 0.025700
0 0.913200 0.233900 0.013600 0.026300
0 0.311300 0.054600 0.010900 0.034000
0 0.066000 0.935000 0.016000 0.022200
0 0.640600 0.339300 0.015000 0.022800
0 0.961200 0.083000 0.016300 0.020600
0 0.511500 0.017200 0.015100 0.023700
0 0.609400 0.955300 0.015100 0.020400
0 0.653600 0.521600 0.014100 0.027500
0 0.711300 0.705600 0.015200 0.025000
0 0.502100 0.346000 0.016200 0.023300
0 0.252800 0.504200 0.013600 0.022700
0 0.278200 0.448300 0.014000 0.027400
0 0.579400 0.353400 0.013200 0.023200
0 0.268800 0.553100 0.012000 0.030300
0 0.217400 0.113800 0.015000 0.019700
0 0.867500 0.164400 0.014900 0.024000
0 0.098400 0.464500 0.012900 0.029200
0 0.848400 0.542900 0.015300 0.020200
0 0.648800 0.810700 0.012600 0.031400
0 0.445800 0.285100 0.013100 0.031000
0 0.760300 0.979300 0.014800 0.020900
0 0.385100 0.806000 0.014100 0.020000
0 0.109500 0.836200 0.016400 0.024500
0 0.623700 0.058300 0.017200 0.018200
0 0.404700 0.890000 0.014000 0.023100
0 0.215000 0.889700 0.015400 0.023800
0 0.981400 0.854200 0.013900 0.031900
0 0.209600 0.897500 0.014800 0.026300
0 0.767600 0.439400 0.014300 0.024100
0 0.463700 0.214000 0.016500 0.020400
0 0.813300 0.072100 0.017000 0.023500
0 0.628500 0.035500 0.016300 0.020500
0 0.680600 0.264200 0.013500 0.028300
0 0.390600 0.376600 0.015200 0.025000
0 0.069700 0.939400 0.014000 0.023900
0 0.622900 0.672900 0.015200 0.026400
0 0.576900 0.118500 0.014700 0.022200
0 0.798000 0.901600 0.014500 0.026000
0 0.191400 0.297100 0.014200 0.023500
0 0.618900 0.939300 0.014000 0.029500
0 0.885900 0.957700 0.017600 0.023900
0 0.338700 0.914200 0.014100 0.021800
0 0.717800 0.989100 0.013200 0.020000
0 0.275900 0.058200 0.014700 0.027400
0 0.736500 0.222700 0.012900 0.024800
0 0.022656 0.043056 0.014062 0.022222
0 0.026563 0.018750 0.014062 0.020833
0 0.036328 0.029861 0.013281 0.020833
0 0.064062 0.022917 0.015625 0.018056
0 0.062500 0.163889 0.017188 0.022222
0 0.092578 0.064583 0.016406 0.023611
0 0.106641 0.088889 0.011719 0.022222
0 0.106250 0.110417 0.014062 0.023611
0 0.134375 0.218056 0.012500 0.027778
0 0.144531 0.252778 0.017188 0.022222
0 0.039453 0.363889 0.016406 0.025000
0 0.125391 0.496528 0.016406 0.023611
0 0.034375 0.959722 0.012500 0.030556
0 0.199219 0.575694 0.018750 0.023611
0 0.117969 0.479167 0.014062 0.022222
0 0.196875 0.376389 0.018750 0.025000
0 0.317969 0.381250 0.014062 0.020833
0 0.322656 0.395833 0.017188 0.019444
0 0.309766 0.393056 0.016406 0.022222
0 0.320312 0.047917 0.015625 0.023611
0 0.423828 0.190972 0.016406 0.023611
0 0.429688 0.150694 0.015625 0.023611
0 0.449609 0.136111 0.013281 0.027778
0 0.425391 0.016667 0.011719 0.027778
0 0.436328 0.013194 0.010156 0.020833
0 0.513281 0.074306 0.010937 0.029167
0 0.509375 0.091667 0.012500 0.027778
0 0.413281 0.778472 0.017188 0.023611
0 0.487109 0.648611 0.013281 0.019444
0 0.535547 0.688889 0.013281 0.027778
0 0.576172 0.808333 0.013281 0.022222
0 0.644922 0.961111 0.017969 0.022222
0 0.623438 0.467361 0.015625 0.023611
0 0.702344 0.497917 0.010937 0.026389
0 0.739453 0.804861 0.011719 0.034722
0 0.802344 0.539583 0.010937 0.029167
0 0.735156 0.444444 0.015625 0.022222
0 0.818359 0.100000 0.014844 0.025000
0 0.895703 0.223611 0.010156 0.030556
0 0.885156 0.238194 0.017188 0.023611
0 0.354297 0.494444 0.011719 0.022222
0 0.354297 0.481944 0.010156 0.027778
0 0.439844 0.562500 0.010937 0.030556
0 0.383984 0.125694 0.011719 0.026389
0 0.529688 0.025694 0.014062 0.018056
0 0.543359 0.406944 0.014844 0.025000
0 0.789844 0.773611 0.014062 0.027778
0 0.840234 0.872222 0.010156 0.030556
0 0.910937 0.693056 0.014062 0.022222
0 0.939062 0.700000 0.012500 0.027778
0 0.956250 0.661806 0.012500 0.034722
0 0.889844 0.612500 0.015625 0.022222
0 0.893359 0.572917 0.011719 0.029167
0 0.911719 0.597917 0.012500 0.029167
0 0.725391 0.720833 0.016406 0.025000
0 0.683594 0.587500 0.012500 0.025000
0 0.675781 0.577083 0.012500 0.023611
0 0.674219 0.559722 0.015625 0.022222
0 0.987891 0.513194 0.013281 0.031944
0 0.971094 0.407639 0.014062 0.018056
0 0.960547 0.395139 0.013281 0.018056
0 0.949609 0.400000 0.008594 0.027778
0 0.937891 0.402083 0.008594 0.026389
0 0.933203 0.390278 0.014844 0.027778
0 0.957031 0.253472 0.012500 0.029167
0 0.983984 0.239583 0.011719 0.031944
0 0.980469 0.153472 0.014062 0.020833
0 0.991016 0.145833 0.011719 0.022222
0 0.983594 0.094444 0.015625 0.022222
0 0.979297 0.106944 0.016406 0.019444
0 0.925000 0.047917 0.014062 0.023611
0 0.905469 0.048611 0.017188 0.022222
0 0.993750 0.352083 0.010937 0.023611
0 0.420703 0.884722 0.014844 0.019444
0 0.407031 0.972222 0.014062 0.016667
0 0.401953 0.983333 0.014844 0.016667
0 0.852344 0.957639 0.012500 0.031944
0 0.839063 0.950694 0.017188 0.018056
