0 0.770800 0.608000 0.016300 0.020800
0 0.458600 0.055000 0.015100 0.022900
0 0.755100 0.341400 0.014100 0.022400
0 0.654000 0.471100 0.017300 0.020900
0 0.566800 0.342700 0.014800 0.020800
0 0.846300 0.209400 0.018100 0.021200
0 0.832800 0.820800 0.016700 0.022400
0 0.081600 0.365500 0.017000 0.021900
0 0.067000 0.632200 0.014800 0.023700
0 0.868900 0.183700 0.017100 0.022800
0 0.029900 0.780100 0.017000 0.022100
0 0.290600 0.207400 0.017100 0.020100
0 0.703100 0.934200 0.017600 0.020700
0 0.519300 0.683400 0.015700 0.021700
0 0.219000 0.207400 0.014100 0.023000
0 0.847300 0.670600 0.016000 0.021700
0 0.696600 0.570700 0.016700 0.021400
0 0.595900 0.929400 0.018300 0.022300
0 0.470600 0.607500 0.014800 0.020300
0 0.521800 0.608400 0.013500 0.023900
0 0.520300 0.859800 0.014700 0.020000
0 0.356400 0.481400 0.015800 0.021000
0 0.378300 0.459500 0.016000 0.022500
0 0.052800 0.569200 0.014900 0.021700
0 0.795800 0.515800 0.016100 0.020600
0 0.370600 0.353100 0.016000 0.019300
0 0.145300 0.358900 0.017100 0.020900
0 0.181800 0.891500 0.015200 0.021600
0 0.277700 0.153700 0.017200 0.021100
0 0.307400 0.857100 0.015900 0.021600
0 0.453600 0.344500 0.015400 0.023200
0 0.928700 0.492200 0.018200 0.021900
0 0.179300 0.330000 0.017200 0.020000
0 0.093300 0.669300 0.014200 0.021200
0 0.109100 0.359500 0.017200 0.022700
0 0.146200 0.629500 0.015400 0.021600
0 0.653400 0.258200 0.015900 0.021000
0 0.646700 0.417200 0.015600 0.020000
0 0.459500 0.091000 0.014500 0.023100
0 0.697500 0.894500 0.015500 0.021300
0 0.397100 0.720200 0.016200 0.020800
0 0.405400 0.790000 0.015800 0.022400
0 0.432300 0.235100 0.014400 0.023200
0 0.766800 0.355000 0.013500 0.024200
0 0.617200 0.107100 0.018000 0.021200
0 0.233100 0.332800 0.016900 0.022300
0 0.631100 0.390200 0.014100 0.022500
0 0.770700 0.864900 0.015200 0.020300
0 0.944000 0.222700 0.018500 0.021000
0 0.860100 0.670500 0.014100 0.026200
0 0.552100 0.739800 0.017100 0.019600
0 0.384400 0.531400 0.018600 0.020500
0 0.177600 0.802000 0.015800 0.021000
0 0.528800 0.917500 0.014900 0.023700
0 0.295800 0.269300 0.016700 0.023000
0 0.845100 0.770700 0.016100 0.026600
0 0.269700 0.209000 0.017600 0.022600
0 0.745200 0.027300 0.015900 0.021600
0 0.257500 0.608700 0.014400 0.027100
0 0.396900 0.941700 0.018400 0.019800
0 0.691400 0.402900 0.015200 0.020400
0 0.407700 0.208200 0.016400 0.024100
0 0.767100 0.393900 0.014900 0.023600
0 0.741500 0.791600 0.016000 0.023200
0 0.305900 0.540300 0.015100 0.024000
0 0.214100 0.743000 0.013800 0.017700
0 0.052300 0.832700 0.014300 0.025000
0 0.566900 0.834900 0.016900 0.021900
0 0.916400 0.303000 0.016200 0.021600
0 0.619700 0.531500 0.016400 0.021900
0 0.908700 0.717500 0.013200 0.025300
0 0.582400 0.641100 0.016100 0.021400
0 0.643300 0.521200 0.017400 0.022700
0 0.508500 0.183500 0.015900 0.021600
0 0.059500 0.141400 0.015000 0.025300
0 0.543800 0.244200 0.016000 0.025100
0 0.602100 0.847200 0.015600 0.021700
0 0.022000 0.404700 0.017700 0.021000
0 0.631300 0.146500 0.016600 0.025000
0 0.956900 0.146700 0.016700 0.019300
0 0.671300 0.477500 0.016100 0.024300
0 0.039700 0.339700 0.017000 0.021800
0 0.260200 0.691700 0.015800 0.023100
0 0.719200 0.980100 0.015500 0.021000
0 0.858100 0.455200 0.015700 0.022500
0 0.567400 0.630100 0.015200 0.022000
0 0.605200 0.582100 0.016800 0.024900
0 0.493300 0.654300 0.015400 0.022100
0 0.435900 0.766400 0.015500 0.021500
0 0.302600 0.720900 0.017400 0.022500
0 0.155600 0.905400 0.014800 0.022800
0 0.090800 0.746700 0.015000 0.023700
0 0.596200 0.294800 0.015600 0.021600
0 0.132100 0.395000 0.016300 0.025200
0 0.748300 0.543400 0.015600 0.023200
0 0.808000 0.581600 0.014900 0.021000
0 0.258100 0.494400 0.015500 0.024100
0 0.720900 0.044400 0.015700 0.024200
0 0.569700 0.719000 0.017500 0.020300
0 0.572400 0.280700 0.014600 0.024000
0 0.628400 0.333000 0.013100 0.026700
0 0.310500 0.470600 0.017300 0.020600
0 0.340600 0.447000 0.015900 0.021200
0 0.443900 0.827200 0.015800 0.020600
0 0.007500 0.493100 0.016200 0.021300
0 0.394200 0.983100 0.016700 0.019900
0 0.655000 0.944700 0.016200 0.023800
0 0.034300 0.069500 0.016900 0.024000
0 0.529500 0.666300 0.016800 0.021500
0 0.357400 0.265800 0.014000 0.025600
0 0.284900 0.570700 0.013900 0.026800
0 0.528800 0.172600 0.015000 0.024200
0 0.554000 0.908900 0.014100 0.022300
0 0.026800 0.746300 0.015300 0.024400
0 0.685900 0.455400 0.016100 0.023300
0 0.465500 0.192900 0.017000 0.022300
0 0.885000 0.522400 0.014300 0.024000
0 0.066800 0.853700 0.012900 0.025900
0 0.644500 0.303800 0.014600 0.025900
0 0.181800 0.258000 0.015500 0.021000
0 0.406700 0.542400 0.017300 0.021200
0 0.696400 0.597500 0.016500 0.024300
0 0.669500 0.635200 0.017300 0.023100
0 0.167000 0.428200 0.016400 0.022600
0 0.369900 0.042000 0.012400 0.029000
0 0.440300 0.270500 0.014500 0.021000
0 0.443600 0.545300 0.016000 0.024300
0 0.815300 0.355800 0.017100 0.024600
0 0.708600 0.742800 0.015600 0.023600
0 0.279400 0.466100 0.014700 0.023900
0 0.041000 0.279700 0.013000 0.025800
0 0.366600 0.832500 0.013400 0.023200
0 0.879800 0.597200 0.017400 0.023300
0 0.583800 0.278000 0.014900 0.022000
0 0.478600 0.758200 0.017000 0.022300
0 0.504500 0.169100 0.016100 0.021200
0 0.940600 0.029900 0.015900 0.021300
0 0.003300 0.421700 0.007500 0.023000
0 0.245300 0.132100 0.015800 0.023700
0 0.730800 0.154100 0.012900 0.027700
0 0.289400 0.409400 0.016700 0.021800
0 0.809300 0.093200 0.014500 0.019900
0 0.865100 0.471700 0.016000 0.023700
0 0.367700 0.304400 0.014500 0.023400
0 0.494300 0.613800 0.014400 0.021600
0 0.252200 0.105000 0.015700 0.023900
0 0.731400 0.871400 0.012800 0.021800
0 0.666200 0.746600 0.015800 0.022200
0 0.135800 0.030200 0.017100 0.022900
0 0.582400 0.391600 0.013700 0.025800
0 0.945100 0.464700 0.018300 0.019700
0 0.409700 0.523000 0.018000 0.024300
0 0.707000 0.179100 0.012700 0.026500
0 0.039700 0.680900 0.013900 0.025500
0 0.052900 0.042100 0.016900 0.021800
0 0.402200 0.707800 0.016200 0.022500
0 0.647400 0.860600 0.014500 0.018300
0 0.791000 0.983300 0.018100 0.020800
0 0.644700 0.668100 0.015800 0.023100
0 0.155100 0.144400 0.011800 0.030600
0 0.497400 0.510300 0.014600 0.021700
0 0.256400 0.559500 0.016500 0.021200
0 0.989700 0.969900 0.010700 0.031200
0 0.272500 0.102900 0.014800 0.023800
0 0.069700 0.464800 0.015700 0.023100
0 0.364000 0.755000 0.013000 0.028200
0 0.570500 0.783000 0.015100 0.020000
0 0.228400 0.017600 0.017700 0.020400
0 0.621900 0.183900 0.013700 0.024600
0 0.471100 0.233600 0.015400 0.024000
0 0.173600 0.221900 0.014500 0.022600
0 0.296000 0.072700 0.016200 0.021400
0 0.032000 0.654000 0.014600 0.026500
0 0.120000 0.179200 0.014800 0.023900
0 0.265400 0.366900 0.019600 0.020600
0 0.302700 0.130300 0.011600 0.027200
0 0.453700 0.694100 0.012300 0.029000
0 0.971600 0.696700 0.018200 0.021300
0 0.271000 0.385200 0.016800 0.023600
0 0.446000 0.783100 0.015900 0.021900
0 0.554400 0.114500 0.018000 0.020800
0 0.289300 0.356600 0.018500 0.021700
0 0.388700 0.805400 0.014200 0.023800
0 0.582000 0.898000 0.015500 0.021900
0 0.908900 0.868200 0.016200 0.026800
0 0.848100 0.846400 0.015900 0.022700
0 0.847500 0.818000 0.013600 0.026200
0 0.719300 0.664500 0.013800 0.024700
0 0.214000 0.821000 0.012700 0.027400
0 0.107700 0.160400 0.017300 0.021000
0 0.555500 0.042600 0.014400 0.023700
0 0.465100 0.281200 0.014700 0.023300
0 0.541300 0.417500 0.012200 0.031200
0 0.483700 0.788600 0.016300 0.020900
0 0.989400 0.458200 0.013300 0.029100
0 0.622700 0.169300 0.016300 0.020900
0 0.786100 0.556600 0.014400 0.022100
0 0.217200 0.553400 0.014300 0.023600
0 0.169300 0.948600 0.014400 0.021500
0 0.158100 0.640200 0.013300 0.024300
0 0.102600 0.897300 0.014300 0.022500
0 0.758800 0.789300 0.015300 0.022600
0 0.932900 0.160400 0.016400 0.023000
0 0.153600 0.433100 0.015800 0.024600
0 0.767700 0.216300 0.012700 0.028400
0 0.466400 0.527700 0.015400 0.022000
0 0.238800 0.532900 0.013300 0.026400
0 0.034600 0.832600 0.015000 0.025000
0 0.728800 0.291400 0.012800 0.028700
0 0.814200 0.646900 0.015200 0.023700
0 0.952700 0.683900 0.014900 0.022100
0 0.265700 0.286100 0.015800 0.022500
0 0.865300 0.578800 0.014600 0.027200
0 0.114000 0.058500 0.016000 0.022400
0 0.043200 0.356100 0.015600 0.023500
0 0.673700 0.904600 0.018300 0.020300
0 0.186100 0.509200 0.014600 0.020700
0 0.341500 0.382100 0.012300 0.024600
0 0.569300 0.806200 0.014500 0.022700
0 0.469600 0.144000 0.012500 0.031100
0 0.010300 0.205500 0.019900 0.021600
0 0.353300 0.922000 0.016400 0.017700
0 0.260300 0.846800 0.015700 0.021200
0 0.222900 0.472200 0.013100 0.031600
0 0.351600 0.730600 0.012600 0.028900
0 0.764000 0.690000 0.016300 0.021300
0 0.618300 0.959500 0.017200 0.022900
0 0.220900 0.790500 0.012000 0.030900
0 0.495900 0.132700 0.011800 0.031900
0 0.079200 0.947000 0.015700 0.024700
0 0.672800 0.083600 0.013200 0.031200
0 0.807000 0.767700 0.014000 0.025100
0 0.821700 0.419600 0.015900 0.026200
0 0.159100 0.022900 0.016400 0.023900
0 0.426400 0.902900 0.016500 0.021500
0 0.454900 0.647400 0.013400 0.026000
0 0.480200 0.510900 0.015500 0.021300
0 0.672200 0.183500 0.013000 0.025400
0 0.130100 0.817500 0.012200 0.021500
0 0.267900 0.539500 0.015700 0.023900
0 0.233900 0.730100 0.011400 0.018200
0 0.902100 0.385300 0.016900 0.019600
0 0.085600 0.484700 0.015700 0.024100
0 0.322700 0.189200 0.017500 0.020100
0 0.372900 0.371900 0.015200 0.021100
0 0.941800 0.345200 0.015000 0.023400
0 0.628600 0.235500 0.016000 0.021000
0 0.964800 0.197600 0.020100 0.020300
0 0.041300 0.422900 0.014500 0.021500
0 0.589400 0.455700 0.011700 0.023000
0 0.773100 0.242800 0.015900 0.021700
0 0.534400 0.017500 0.014800 0.027500
0 0.657200 0.755800 0.014800 0.022900
0 0.194800 0.076800 0.014600 0.023900
0 0.508200 0.407600 0.014700 0.024700
0 0.823700 0.472500 0.015600 0.023200
0 0.618600 0.584800 0.016900 0.024400
0 0.793900 0.801700 0.015900 0.022100
0 0.698900 0.504500 0.014700 0.025200
0 0.640300 0.696100 0.013400 0.024300
0 0.552300 0.819500 0.015000 0.021400
0 0.251300 0.978500 0.017700 0.020300
0 0.467400 0.179000 0.018000 0.020900
0 0.390900 0.315600 0.013800 0.027200
0 0.303100 0.983100 0.017100 0.022100
0 0.726200 0.730400 0.017900 0.021700
0 0.947200 0.160100 0.017000 0.022200
0 0.811000 0.822700 0.016300 0.022700
0 0.127200 0.681400 0.012200 0.021400
0 0.870400 0.084700 0.012600 0.031500
0 0.440500 0.203400 0.017300 0.019900
0 0.842400 0.608500 0.012600 0.031000
0 0.596700 0.326500 0.015200 0.023600
0 0.284800 0.239900 0.015500 0.021700
0 0.092900 0.177400 0.015400 0.025400
0 0.084400 0.507700 0.013100 0.026600
0 0.002500 0.440600 0.006200 0.017000
0 0.427800 0.827300 0.016400 0.019600
0 0.566700 0.858900 0.016100 0.021700
0 0.355000 0.810500 0.011900 0.023700
0 0.927800 0.690500 0.014300 0.025100
0 0.172700 0.692300 0.015000 0.022200
0 0.189300 0.180800 0.015400 0.021300
0 0.264300 0.317300 0.017200 0.019900
0 0.006900 0.515500 0.013100 0.025400
0 0.401400 0.883900 0.016000 0.022400
0 0.560200 0.076700 0.015200 0.021500
0 0.747100 0.715300 0.019200 0.021500
0 0.885200 0.152700 0.018400 0.022200
0 0.089200 0.685500 0.015600 0.020600
0 0.595000 0.160000 0.017000 0.021500
0 0.341200 0.305900 0.013200 0.023400
0 0.430800 0.564000 0.014600 0.022100
0 0.551300 0.266300 0.017200 0.022400
0 0.507700 0.981000 0.015000 0.025100
0 0.805500 0.252000 0.015400 0.025000
0 0.585000 0.135300 0.017100 0.022000
0 0.147900 0.559200 0.015500 0.025900
0 0.554600 0.727900 0.016900 0.019100
0 0.144800 0.390700 0.015900 0.020000
0 0.676600 0.384400 0.014900 0.023100
0 0.722500 0.217300 0.014000 0.024500
0 0.695500 0.817100 0.011800 0.032600
0 0.015000 0.711400 0.018500 0.019900
0 0.008900 0.185700 0.019500 0.021600
0 0.588700 0.957600 0.014900 0.024900
0 0.958500 0.696700 0.016900 0.022500
0 0.446600 0.164200 0.017700 0.022400
0 0.932100 0.020100 0.013400 0.029100
0 0.314500 0.398200 0.016500 0.022800
0 0.005500 0.758300 0.011200 0.021600
0 0.103100 0.741900 0.010900 0.031500
0 0.785400 0.477000 0.014000 0.026800
0 0.084000 0.872900 0.011400 0.020100
0 0.377500 0.377500 0.015000 0.021900
0 0.780200 0.133700 0.015000 0.025500
0 0.160200 0.872400 0.012900 0.022900
0 0.332200 0.946700 0.019800 0.019400
0 0.671100 0.723400 0.017200 0.020700
0 0.346200 0.214700 0.014000 0.028600
0 0.760500 0.302000 0.013300 0.027700
0 0.838400 0.042300 0.013700 0.023700
0 0.376700 0.310300 0.015200 0.023400
0 0.248300 0.451800 0.016200 0.022300
0 0.907900 0.021900 0.013500 0.028100
0 0.431600 0.645800 0.012100 0.034000
0 0.386300 0.359600 0.014500 0.022100
0 0.424100 0.067400 0.013900 0.024500
0 0.578800 0.444000 0.010100 0.030500
0 0.956500 0.471300 0.018200 0.023200
0 0.143700 0.285300 0.013300 0.027600
0 0.835100 0.885000 0.017300 0.024000
0 0.567800 0.927200 0.015400 0.021900
0 0.169100 0.681100 0.013000 0.024100
0 0.607500 0.371800 0.014400 0.021200
0 0.135000 0.322600 0.014500 0.021400
0 0.216700 0.961000 0.013900 0.020600
0 0.123800 0.263800 0.015500 0.020800
0 0.867800 0.297700 0.015700 0.021000
0 0.928200 0.335800 0.016200 0.022300
0 0.079400 0.183600 0.015800 0.024400
0 0.317000 0.085400 0.014300 0.027100
0 0.007400 0.259500 0.012800 0.027000
0 0.156200 0.352400 0.016400 0.020000
0 0.021000 0.852600 0.013900 0.029600
0 0.519100 0.395300 0.013100 0.023700
0 0.826300 0.984200 0.015300 0.022400
0 0.531600 0.046900 0.011900 0.033000
0 0.254900 0.859500 0.015600 0.022500
0 0.563400 0.056700 0.014800 0.023600
0 0.776100 0.308500 0.015500 0.023500
0 0.917400 0.834500 0.015200 0.026400
0 0.146400 0.069500 0.011800 0.031900
0 0.590800 0.972000 0.014900 0.024500
0 0.044100 0.126700 0.015200 0.025600
0 0.938900 0.354600 0.015400 0.021600
0 0.706100 0.773700 0.017200 0.021500
0 0.252600 0.016300 0.013000 0.026200
0 0.494300 0.218900 0.015500 0.022300
0 0.089600 0.504400 0.012400 0.027500
0 0.533900 0.285100 0.016100 0.022200
0 0.977000 0.722300 0.017600 0.021500
0 0.003400 0.534500 0.007300 0.021200
0 0.459600 0.014900 0.014500 0.026500
0 0.810200 0.882800 0.017200 0.022800
0 0.763800 0.848200 0.014000 0.021800
0 0.889100 0.664800 0.015000 0.025100
0 0.181100 0.272300 0.015600 0.020700
0 0.488500 0.676800 0.016000 0.019100
0 0.504500 0.326000 0.015500 0.023300
0 0.819600 0.206500 0.015800 0.020400
0 0.113300 0.795900 0.011700 0.023800
0 0.976200 0.597800 0.017100 0.024400
0 0.743800 0.971000 0.016200 0.019300
0 0.227000 0.586000 0.015500 0.024500
0 0.313800 0.041700 0.013500 0.024100
0 0.755900 0.097900 0.014700 0.027800
0 0.677500 0.943500 0.015700 0.022000
0 0.015100 0.170900 0.021300 0.023200
0 0.334100 0.959500 0.020600 0.019600
0 0.972000 0.219300 0.019400 0.022500
0 0.968700 0.364800 0.016000 0.024700
0 0.769100 0.889100 0.013900 0.025600
0 0.183100 0.345300 0.012300 0.026100
0 0.138400 0.959400 0.014700 0.021500
0 0.793800 0.503100 0.015900 0.020000
0 0.748700 0.477400 0.017500 0.021300
0 0.941400 0.651700 0.012900 0.027700
0 0.619000 0.377500 0.014100 0.022900
0 0.781200 0.264600 0.013800 0.027000
0 0.993700 0.654500 0.008500 0.029900
0 0.902600 0.702900 0.014700 0.021700
0 0.250900 0.385000 0.015200 0.025900
0 0.616300 0.097800 0.016600 0.018800
0 0.810300 0.570500 0.016500 0.020900
0 0.022300 0.630600 0.012100 0.033700
0 0.118300 0.614000 0.014300 0.023900
0 0.515400 0.235500 0.013700 0.027800
0 0.798300 0.686000 0.013000 0.027700
0 0.288600 0.918000 0.018200 0.021800
0 0.246900 0.626800 0.012900 0.025600
0 0.682300 0.051300 0.014800 0.026900
0 0.052000 0.178000 0.017100 0.021000
0 0.632600 0.727300 0.014300 0.028200
0 0.886200 0.373800 0.015900 0.019600
0 0.427000 0.803400 0.017100 0.020800
0 0.986100 0.579200 0.014900 0.029400
0 0.423700 0.294200 0.014900 0.024500
0 0.107800 0.822900 0.012600 0.023900
0 0.013700 0.793200 0.018700 0.021300
0 0.657900 0.365000 0.015400 0.022800
0 0.163700 0.979700 0.016500 0.019700
0 0.202200 0.645200 0.012900 0.024700
0 0.004700 0.685400 0.010000 0.023800
0 0.647500 0.398000 0.013800 0.021400
0 0.569600 0.951600 0.013700 0.025600
0 0.736500 0.627800 0.017200 0.022700
0 0.761300 0.968800 0.016800 0.020800
0 0.772300 0.344800 0.013600 0.024500
0 0.027344 0.251389 0.017188 0.025000
0 0.087500 0.220139 0.015625 0.023611
0 0.138281 0.147222 0.015625 0.030556
0 0.146875 0.475000 0.012500 0.027778
0 0.190625 0.450000 0.010937 0.033333
0 0.189063 0.639583 0.010937 0.023611
0 0.200391 0.347222 0.013281 0.025000
0 0.232031 0.361111 0.014062 0.019444
0 0.041406 0.094444 0.012500 0.022222
0 0.287109 0.659722 0.011719 0.030556
0 0.287109 0.758333 0.010156 0.027778
0 0.305469 0.775000 0.012500 0.027778
0 0.328125 0.735417 0.012500 0.026389
0 0.349219 0.616667 0.012500 0.025000
0 0.333203 0.487500 0.014844 0.027778
0 0.400000 0.423611 0.012500 0.027778
0 0.292578 0.285417 0.011719 0.026389
0 0.372266 0.253472 0.013281 0.034722
0 0.432422 0.711806 0.013281 0.031944
0 0.345313 0.684028 0.015625 0.023611
0 0.330859 0.694444 0.016406 0.025000
0 0.332812 0.679167 0.015625 0.025000
0 0.350391 0.940278 0.013281 0.022222
0 0.526172 0.211111 0.011719 0.030556
0 0.489453 0.088194 0.013281 0.020833
0 0.477344 0.087500 0.012500 0.025000
0 0.480859 0.011806 0.014844 0.020833
0 0.487891 0.021528 0.016406 0.018056
0 0.487500 0.036806 0.012500 0.023611
0 0.582812 0.243056 0.014062 0.022222
0 0.233594 0.652778 0.012500 0.022222
0 0.244531 0.660417 0.015625 0.026389
0 0.228906 0.671528 0.012500 0.029167
0 0.200781 0.588889 0.012500 0.025000
0 0.590625 0.724306 0.010937 0.029167
0 0.559375 0.586111 0.010937 0.027778
0 0.548047 0.609028 0.010156 0.029167
0 0.602734 0.549306 0.013281 0.029167
0 0.621875 0.702778 0.015625 0.025000
0 0.607422 0.692361 0.011719 0.031944
0 0.628125 0.952778 0.018750 0.019444
0 0.626562 0.939583 0.017188 0.023611
0 0.676953 0.873611 0.016406 0.027778
0 0.686328 0.786111 0.014844 0.030556
0 0.610156 0.288194 0.012500 0.023611
0 0.613281 0.309722 0.009375 0.027778
0 0.600391 0.273611 0.013281 0.027778
0 0.674219 0.353472 0.017188 0.023611
0 0.705078 0.468056 0.017969 0.022222
0 0.748828 0.911806 0.014844 0.029167
0 0.730078 0.503472 0.011719 0.029167
0 0.725391 0.488194 0.013281 0.026389
0 0.757812 0.424306 0.014062 0.026389
0 0.687109 0.320139 0.013281 0.029167
0 0.694531 0.376389 0.012500 0.022222
0 0.655078 0.140278 0.014844 0.022222
0 0.663672 0.123611 0.013281 0.022222
0 0.642969 0.103472 0.015625 0.023611
0 0.636719 0.115972 0.014062 0.023611
0 0.637500 0.032639 0.012500 0.029167
0 0.736719 0.125694 0.014062 0.029167
0 0.751953 0.136806 0.014844 0.029167
0 0.771484 0.118750 0.013281 0.026389
0 0.775391 0.792361 0.011719 0.029167
0 0.806250 0.078472 0.010937 0.037500
0 0.891797 0.073611 0.014844 0.027778
0 0.903125 0.081944 0.014062 0.025000
0 0.962109 0.032639 0.017969 0.026389
0 0.984766 0.059722 0.017969 0.025000
0 0.951172 0.075000 0.019531 0.025000
0 0.987109 0.148611 0.014844 0.027778
0 0.958984 0.325694 0.016406 0.026389
0 0.989062 0.350694 0.010937 0.034722
0 0.975000 0.389583 0.018750 0.026389
0 0.986328 0.422222 0.019531 0.025000
0 0.981641 0.272222 0.011719 0.025000
0 0.867578 0.502778 0.013281 0.025000
0 0.900781 0.643750 0.018750 0.023611
0 0.807031 0.849306 0.014062 0.031944
0 0.610156 0.347917 0.012500 0.029167
0 0.936328 0.386806 0.014844 0.023611
0 0.992188 0.271528 0.012500 0.026389
0 0.837500 0.150694 0.017188 0.020833
0 0.826172 0.136806 0.019531 0.020833
0 0.987500 0.107639 0.012500 0.031944
0 0.987109 0.507639 0.011719 0.031944
0 0.986328 0.919444 0.013281 0.030556
0 0.774609 0.677083 0.013281 0.026389
0 0.919141 0.186111 0.014844 0.022222
0 0.836719 0.115278 0.010937 0.025000
0 0.711328 0.384722 0.011719 0.019444
0 0.733984 0.402778 0.011719 0.022222
0 0.034766 0.601389 0.011719 0.030556
0 0.820312 0.376389 0.018750 0.022222
0 0.787891 0.386806 0.014844 0.026389
0 0.261719 0.120833 0.012500 0.027778
0 0.230078 0.078472 0.013281 0.029167
0 0.973047 0.339583 0.014844 0.029167
0 0.037500 0.047917 0.015625 0.020833
0 0.250000 0.322222 0.015625 0.022222
0 0.232812 0.289583 0.009375 0.029167
0 0.056250 0.966667 0.015625 0.022222
0 0.841406 0.951389 0.015625 0.022222
0 0.850781 0.963889 0.012500 0.025000
