0 0.444600 0.542400 0.014000 0.019700
0 0.183600 0.903800 0.015000 0.020700
0 0.708100 0.932400 0.016900 0.021300
0 0.417200 0.929500 0.017900 0.018700
0 0.681400 0.669700 0.016500 0.020300
0 0.131900 0.570800 0.017000 0.022100
0 0.251900 0.803900 0.015700 0.022100
0 0.633500 0.283000 0.015100 0.023000
0 0.556300 0.128900 0.015400 0.020900
0 0.592400 0.833000 0.014600 0.024900
0 0.770200 0.443300 0.015900 0.021400
0 0.894800 0.259000 0.015700 0.019600
0 0.507000 0.457600 0.016600 0.024000
0 0.095700 0.055500 0.018200 0.018900
0 0.271600 0.104900 0.016300 0.020700
0 0.394300 0.466500 0.016700 0.021400
0 0.757500 0.431600 0.016400 0.020300
0 0.891000 0.054600 0.017000 0.021400
0 0.804200 0.741500 0.015500 0.022600
0 0.303500 0.666600 0.016100 0.022900
0 0.930400 0.233900 0.017200 0.021600
0 0.304100 0.382700 0.015700 0.021300
0 0.003000 0.791400 0.008400 0.021800
0 0.590200 0.508500 0.016600 0.020300
0 0.094700 0.094600 0.015400 0.024000
0 0.529800 0.771600 0.015600 0.022500
0 0.143100 0.521700 0.017600 0.022100
0 0.767200 0.183300 0.015800 0.023500
0 0.356900 0.854000 0.015100 0.022500
0 0.305600 0.068000 0.015800 0.022800
0 0.294400 0.606400 0.016400 0.021700
0 0.654800 0.156900 0.018900 0.022600
0 0.579400 0.892400 0.015300 0.023300
0 0.480000 0.677900 0.017000 0.020500
0 0.106600 0.494400 0.017400 0.021600
0 0.206000 0.791200 0.014800 0.021900
0 0.829600 0.265800 0.015800 0.021200
0 0.115900 0.669800 0.016600 0.020800
0 0.169300 0.868600 0.015400 0.021400
0 0.169500 0.777900 0.014400 0.022800
0 0.566600 0.517400 0.016700 0.021800
0 0.205900 0.156300 0.014600 0.021600
0 0.409100 0.621900 0.015200 0.023900
0 0.269800 0.070200 0.015200 0.025100
0 0.657800 0.758700 0.013900 0.021400
0 0.620000 0.608000 0.017700 0.021900
0 0.766800 0.291300 0.014400 0.024600
0 0.119000 0.121000 0.015900 0.020200
0 0.706400 0.696900 0.015300 0.021800
0 0.531100 0.395000 0.016500 0.022100
0 0.591500 0.370000 0.016100 0.023800
0 0.354200 0.380600 0.014300 0.023900
0 0.215500 0.468400 0.015600 0.024200
0 0.569100 0.705400 0.016700 0.024600
0 0.495000 0.491300 0.016200 0.021300
0 0.770000 0.632000 0.016800 0.019000
0 0.792400 0.953100 0.015300 0.020700
0 0.633900 0.171300 0.015200 0.022800
0 0.694200 0.969200 0.016200 0.021200
0 0.707500 0.431300 0.015000 0.022000
0 0.901900 0.593500 0.017600 0.021800
0 0.323300 0.707600 0.014500 0.023100
0 0.267600 0.228300 0.015100 0.023100
0 0.735000 0.793200 0.015500 0.022000
0 0.809000 0.655800 0.015400 0.023900
0 0.258600 0.583300 0.017100 0.022400
0 0.330100 0.409200 0.015300 0.022900
0 0.857100 0.642800 0.016000 0.021700
0 0.334000 0.144600 0.015500 0.021400
0 0.718500 0.069200 0.015300 0.021700
0 0.752700 0.295800 0.015300 0.026700
0 0.531400 0.583200 0.014300 0.025200
0 0.393500 0.869400 0.015300 0.024200
0 0.744400 0.091700 0.015200 0.024300
0 0.120200 0.467900 0.016800 0.021400
0 0.948500 0.770500 0.011600 0.025400
0 0.545100 0.307100 0.016900 0.021600
0 0.281400 0.133000 0.014300 0.023900
0 0.079100 0.446900 0.016500 0.022800
0 0.628300 0.978500 0.018100 0.021400
0 0.343900 0.409300 0.015400 0.024000
0 0.681800 0.468400 0.016700 0.022300
0 0.481700 0.441600 0.015400 0.024700
0 0.365400 0.190700 0.016000 0.022200
0 0.239500 0.105000 0.016400 0.021900
0 0.952500 0.544400 0.014900 0.023400
0 0.682900 0.405500 0.012900 0.029000
0 0.065900 0.855700 0.015900 0.020700
0 0.380000 0.920800 0.016300 0.020800
0 0.647600 0.604000 0.018900 0.021900
0 0.696600 0.882700 0.014400 0.024400
0 0.083800 0.817800 0.013700 0.021900
0 0.319800 0.092500 0.014000 0.023700
0 0.510200 0.905600 0.014300 0.021700
0 0.484700 0.090200 0.015100 0.021300
0 0.753100 0.066600 0.016500 0.021000
0 0.790800 0.603200 0.017800 0.021100
0 0.383400 0.445700 0.016100 0.020900
0 0.940600 0.469800 0.017700 0.022000
0 0.402500 0.447300 0.015200 0.020800
0 0.710900 0.166500 0.014800 0.025800
0 0.594500 0.095300 0.015600 0.023400
0 0.343600 0.843900 0.015100 0.020600
0 0.684800 0.718400 0.014300 0.021800
0 0.056700 0.221400 0.015600 0.022500
0 0.469700 0.631000 0.015100 0.023500
0 0.609600 0.152900 0.018300 0.020400
0 0.818800 0.207800 0.014200 0.023200
0 0.181700 0.782800 0.014700 0.021200
0 0.045000 0.360200 0.015500 0.024000
0 0.615700 0.633000 0.017100 0.021500
0 0.701600 0.840700 0.015500 0.021500
0 0.716900 0.609300 0.017500 0.021800
0 0.369400 0.542600 0.016100 0.021000
0 0.083400 0.617300 0.014100 0.029300
0 0.226300 0.769500 0.012900 0.025300
0 0.880300 0.346400 0.014100 0.026800
0 0.759400 0.691900 0.015900 0.025800
0 0.407100 0.378300 0.015900 0.020700
0 0.570900 0.267300 0.017000 0.024600
0 0.251700 0.271400 0.016100 0.022500
0 0.304800 0.139100 0.016500 0.019600
0 0.477300 0.066900 0.015700 0.021900
0 0.653100 0.280100 0.014800 0.023300
0 0.531200 0.906900 0.014300 0.023100
0 0.957700 0.605100 0.016200 0.021000
0 0.139000 0.790000 0.015500 0.022600
0 0.469100 0.831400 0.014800 0.027000
0 0.008000 0.132700 0.015400 0.024900
0 0.235000 0.909000 0.014300 0.025900
0 0.582900 0.182800 0.015000 0.022400
0 0.292400 0.268500 0.014500 0.021900
0 0.989300 0.469600 0.013100 0.025300
0 0.257100 0.519400 0.017000 0.021800
0 0.547000 0.656800 0.016500 0.022700
0 0.278400 0.443600 0.016300 0.022200
0 0.592100 0.741200 0.013700 0.025100
0 0.704100 0.758600 0.011600 0.021900
0 0.710200 0.970000 0.015000 0.024700
0 0.669300 0.380500 0.015200 0.026900
0 0.410000 0.433700 0.016700 0.020900
0 0.197200 0.559500 0.014600 0.022500
0 0.443300 0.446700 0.016500 0.023600
0 0.932100 0.764300 0.015300 0.021400
0 0.945900 0.140300 0.015700 0.022500
0 0.656700 0.314700 0.014000 0.023100
0 0.007000 0.432400 0.014500 0.023300
0 0.480600 0.645900 0.015800 0.023300
0 0.445900 0.068900 0.013600 0.027800
0 0.423300 0.880900 0.015400 0.022300
0 0.282400 0.417100 0.015500 0.020300
0 0.796300 0.556500 0.016000 0.026700
0 0.345300 0.792700 0.015600 0.022000
0 0.815800 0.356000 0.017000 0.022200
0 0.709900 0.381700 0.014900 0.022800
0 0.646600 0.777200 0.014500 0.022100
0 0.091700 0.460000 0.017000 0.020700
0 0.069300 0.344600 0.013300 0.027100
0 0.896800 0.307800 0.014200 0.026100
0 0.404200 0.795500 0.016600 0.021100
0 0.065300 0.196800 0.016000 0.023600
0 0.444100 0.615400 0.016100 0.022600
0 0.114300 0.042400 0.017900 0.019600
0 0.804000 0.414300 0.017000 0.020300
0 0.529600 0.970300 0.015200 0.020900
0 0.881800 0.295200 0.014400 0.020400
0 0.135500 0.156300 0.017500 0.020900
0 0.085800 0.321800 0.015600 0.019000
0 0.616000 0.741000 0.015500 0.020900
0 0.595700 0.070900 0.015200 0.023000
0 0.785600 0.742800 0.015300 0.021900
0 0.968500 0.885300 0.016900 0.019900
0 0.651900 0.183000 0.015100 0.025600
0 0.741800 0.383400 0.014400 0.027200
0 0.668200 0.797500 0.014200 0.022400
0 0.343700 0.772800 0.015800 0.022100
0 0.176800 0.194100 0.014800 0.022600
0 0.557000 0.339900 0.017200 0.022400
0 0.242100 0.203000 0.015800 0.026000
0 0.143300 0.222100 0.013800 0.023600
0 0.469200 0.191400 0.013900 0.027500
0 0.865100 0.732500 0.012900 0.027500
0 0.744700 0.565200 0.017000 0.023000
0 0.291900 0.517900 0.014100 0.028000
0 0.907100 0.055600 0.016000 0.019000
0 0.278900 0.341200 0.014800 0.021800
0 0.396700 0.765100 0.016700 0.022100
0 0.955800 0.183300 0.016900 0.020700
0 0.734900 0.244800 0.016300 0.021500
0 0.701800 0.817100 0.016000 0.021800
0 0.190100 0.620500 0.011800 0.029100
0 0.797200 0.658400 0.015900 0.022800
0 0.346900 0.614600 0.015400 0.022200
0 0.418400 0.808700 0.015300 0.021900
0 0.454200 0.295800 0.012500 0.030900
0 0.077100 0.545400 0.015900 0.023300
0 0.954200 0.330700 0.018000 0.020800
0 0.358900 0.320100 0.013400 0.025400
0 0.044100 0.876800 0.015300 0.020700
0 0.491600 0.747500 0.016900 0.023200
0 0.719100 0.202100 0.016200 0.023800
0 0.017800 0.408800 0.015800 0.023500
0 0.398100 0.084700 0.013400 0.028900
0 0.718300 0.584800 0.015400 0.021700
0 0.471500 0.953800 0.015700 0.023100
0 0.056000 0.953600 0.015100 0.026400
0 0.907100 0.504400 0.014000 0.029200
0 0.696100 0.258000 0.015400 0.019600
0 0.635800 0.056800 0.013300 0.028500
0 0.555200 0.539800 0.015600 0.023800
0 0.727200 0.332000 0.011400 0.026800
0 0.282400 0.896600 0.013700 0.021200
0 0.069500 0.980500 0.019000 0.024100
0 0.004800 0.179600 0.012200 0.026300
0 0.306900 0.501600 0.016300 0.022200
0 0.707200 0.328200 0.015600 0.021100
0 0.498300 0.626900 0.016100 0.021900
0 0.819400 0.790500 0.013600 0.024600
0 0.544400 0.027900 0.013400 0.026600
0 0.726800 0.127800 0.014000 0.027000
0 0.632400 0.444900 0.016100 0.025700
0 0.780700 0.271000 0.014600 0.025600
0 0.009100 0.719800 0.015600 0.022100
0 0.220600 0.414000 0.017000 0.022000
0 0.360700 0.891300 0.017000 0.019500
0 0.723600 0.841200 0.015200 0.020600
0 0.520500 0.361200 0.016900 0.020400
0 0.418500 0.716600 0.014300 0.025600
0 0.916300 0.266200 0.012600 0.026900
0 0.246100 0.415600 0.016300 0.024900
0 0.242000 0.320700 0.018000 0.023900
0 0.266800 0.890200 0.014900 0.020800
0 0.823200 0.022100 0.014200 0.028300
0 0.916200 0.708500 0.016800 0.021500
0 0.156300 0.339600 0.016600 0.024000
0 0.534900 0.556800 0.012800 0.027200
0 0.279000 0.943300 0.011500 0.030800
0 0.126500 0.530200 0.017600 0.022300
0 0.953700 0.677000 0.014500 0.023000
0 0.307700 0.272600 0.013400 0.021300
0 0.248000 0.564400 0.015300 0.023500
0 0.571600 0.332600 0.015100 0.024200
0 0.646200 0.214500 0.015000 0.021700
0 0.593400 0.448300 0.014400 0.023400
0 0.883400 0.559500 0.017600 0.025800
0 0.748400 0.321000 0.014900 0.022600
0 0.009300 0.853900 0.018200 0.023200
0 0.959000 0.589500 0.016700 0.022900
0 0.790600 0.269900 0.013500 0.025900
0 0.919700 0.390600 0.011900 0.025400
0 0.442200 0.303500 0.015500 0.023400
0 0.230900 0.284500 0.016800 0.022300
0 0.509800 0.846100 0.015200 0.021000
0 0.946800 0.803800 0.014200 0.023000
0 0.723200 0.442600 0.016600 0.021000
0 0.982100 0.279900 0.016600 0.019900
0 0.260800 0.904200 0.011600 0.029300
0 0.151100 0.608100 0.014500 0.022700
0 0.346600 0.347900 0.013500 0.024700
0 0.847000 0.845300 0.015700 0.026400
0 0.879200 0.277600 0.015100 0.021200
0 0.609500 0.723800 0.018400 0.020200
0 0.726600 0.604400 0.016300 0.023300
0 0.659100 0.809400 0.012600 0.024800
0 0.026100 0.605900 0.018200 0.022100
0 0.414700 0.131000 0.012500 0.031300
0 0.723500 0.879100 0.017200 0.020000
0 0.932100 0.260300 0.013600 0.025100
0 0.327600 0.685300 0.015400 0.025000
0 0.648600 0.953200 0.014800 0.027000
0 0.534400 0.098600 0.015300 0.022600
0 0.966300 0.535600 0.013900 0.021300
0 0.692400 0.030900 0.012900 0.031900
0 0.036200 0.627900 0.015000 0.025600
0 0.944600 0.179900 0.015800 0.021400
0 0.565700 0.959800 0.016600 0.023500
0 0.082400 0.221700 0.014600 0.022800
0 0.820000 0.333400 0.018400 0.020900
0 0.109400 0.389300 0.013100 0.024800
0 0.922100 0.602600 0.017300 0.021300
0 0.829700 0.331700 0.016800 0.020900
0 0.673500 0.230300 0.016300 0.022100
0 0.664100 0.585100 0.018300 0.022200
0 0.751700 0.018400 0.013700 0.026600
0 0.017400 0.440900 0.016800 0.023400
0 0.953000 0.947600 0.013700 0.026400
0 0.269100 0.273100 0.015500 0.024300
0 0.316600 0.053600 0.014800 0.026400
0 0.876300 0.160200 0.015400 0.022000
0 0.869000 0.510000 0.016300 0.026600
0 0.355000 0.753800 0.015900 0.025300
0 0.249100 0.495600 0.014000 0.028300
0 0.483700 0.921300 0.010400 0.026200
0 0.828600 0.352900 0.016100 0.022900
0 0.784900 0.173000 0.014900 0.024100
0 0.944100 0.209900 0.013400 0.022100
0 0.855000 0.564700 0.017900 0.020400
0 0.556200 0.772800 0.010200 0.026800
0 0.204500 0.511000 0.015800 0.021500
0 0.077000 0.184400 0.016100 0.023800
0 0.798900 0.695300 0.013000 0.029800
0 0.015600 0.771100 0.018400 0.023600
0 0.358700 0.671000 0.012400 0.031700
0 0.527300 0.820700 0.012400 0.024800
0 0.885400 0.667500 0.012400 0.025600
0 0.022500 0.805500 0.013900 0.025100
0 0.118100 0.728900 0.013400 0.025900
0 0.388700 0.706300 0.014500 0.022100
0 0.152700 0.783100 0.015100 0.023800
0 0.754900 0.515700 0.013700 0.028500
0 0.556000 0.894200 0.015600 0.020400
0 0.345400 0.547800 0.014300 0.024900
0 0.089800 0.480600 0.017500 0.019400
0 0.877600 0.395900 0.015200 0.022100
0 0.603100 0.764300 0.014300 0.022600
0 0.809500 0.915800 0.015000 0.025500
0 0.858000 0.226400 0.015400 0.023300
0 0.292700 0.485800 0.016500 0.022700
0 0.517500 0.657000 0.016200 0.021800
0 0.433300 0.592200 0.014100 0.023000
0 0.215800 0.742400 0.011900 0.027600
0 0.567800 0.119900 0.015600 0.021200
0 0.811200 0.430000 0.017800 0.019000
0 0.325900 0.590600 0.012700 0.027100
0 0.427400 0.239700 0.016700 0.029300
0 0.280700 0.376500 0.015300 0.020900
0 0.681900 0.585300 0.014800 0.026600
0 0.217000 0.243500 0.011500 0.034400
0 0.648500 0.742600 0.014500 0.019600
0 0.893900 0.357800 0.015100 0.020900
0 0.044200 0.723300 0.014500 0.025500
0 0.061000 0.172100 0.016300 0.019500
0 0.094900 0.378100 0.014700 0.022300
0 0.719800 0.901800 0.015600 0.022400
0 0.384100 0.171500 0.014500 0.024300
0 0.732700 0.705700 0.011600 0.033100
0 0.790900 0.127500 0.015200 0.025400
0 0.704400 0.123300 0.015800 0.022500
0 0.389900 0.172500 0.013300 0.024000
0 0.431100 0.141800 0.013300 0.032100
0 0.239500 0.817100 0.013900 0.025300
0 0.607900 0.631300 0.015900 0.021300
0 0.595100 0.415700 0.012300 0.030800
0 0.498800 0.983800 0.013100 0.023500
0 0.989800 0.490600 0.010200 0.028700
0 0.359700 0.027600 0.011500 0.026600
0 0.059700 0.416600 0.014100 0.023700
0 0.761300 0.908300 0.014600 0.021000
0 0.577900 0.022400 0.015000 0.025300
0 0.311000 0.202100 0.018100 0.018000
0 0.808500 0.158800 0.016800 0.020800
0 0.376000 0.604200 0.013200 0.025800
0 0.968100 0.335700 0.015300 0.023600
0 0.353900 0.523800 0.016300 0.021200
0 0.972000 0.969500 0.017600 0.021800
0 0.213600 0.872100 0.013100 0.026500
0 0.596000 0.126200 0.016900 0.022400
0 0.810600 0.084300 0.013600 0.031600
0 0.766100 0.452800 0.015400 0.022100
0 0.098800 0.231900 0.017400 0.020800
0 0.404200 0.914000 0.014700 0.021000
0 0.235800 0.538900 0.016900 0.020800
0 0.935300 0.684300 0.013000 0.029500
0 0.944300 0.229000 0.013900 0.022700
0 0.757900 0.254300 0.017100 0.022000
0 0.253700 0.735900 0.014800 0.024800
0 0.071900 0.751600 0.015500 0.024600
0 0.802200 0.146800 0.016400 0.020900
0 0.423700 0.306500 0.015300 0.024900
0 0.304800 0.701800 0.014500 0.023100
0 0.234500 0.626600 0.015200 0.020300
0 0.651500 0.884900 0.014000 0.022400
0 0.498500 0.658000 0.015300 0.022500
0 0.910900 0.435300 0.015200 0.022300
0 0.527700 0.939800 0.014700 0.024300
0 0.063900 0.618100 0.013100 0.026600
0 0.910300 0.709600 0.015700 0.020800
0 0.228900 0.499000 0.017700 0.021300
0 0.240200 0.436400 0.019000 0.020700
0 0.004800 0.966000 0.009300 0.023100
0 0.708800 0.410500 0.013800 0.023000
0 0.485700 0.152200 0.014600 0.025000
0 0.660400 0.485000 0.018000 0.022000
0 0.676000 0.359400 0.015100 0.021600
0 0.761100 0.644300 0.017100 0.020000
0 0.743000 0.939100 0.014400 0.024400
0 0.364800 0.617500 0.015400 0.022200
0 0.507700 0.980000 0.012300 0.022500
0 0.618900 0.936300 0.014700 0.023400
0 0.506500 0.189900 0.014200 0.020700
0 0.193200 0.754100 0.013300 0.026200
0 0.331600 0.439900 0.017600 0.022100
0 0.058500 0.577700 0.015600 0.027800
0 0.704400 0.452500 0.012400 0.028900
0 0.413400 0.602700 0.013100 0.025700
0 0.015200 0.477400 0.018900 0.024800
0 0.203800 0.735600 0.012500 0.023700
0 0.401300 0.176900 0.011300 0.025900
0 0.209700 0.196800 0.013600 0.023900
0 0.020000 0.985600 0.013400 0.024400
0 0.390300 0.148600 0.014800 0.025800
0 0.061300 0.455100 0.017900 0.021100
0 0.697700 0.933600 0.016500 0.022300
0 0.039700 0.264300 0.015000 0.024300
0 0.840000 0.819600 0.012200 0.030500
0 0.623300 0.098500 0.018000 0.021700
0 0.090600 0.785800 0.013900 0.024200
0 0.948200 0.170900 0.018400 0.019500
0 0.173600 0.906300 0.014800 0.020900
0 0.356000 0.744700 0.015600 0.023100
0 0.196400 0.160100 0.015100 0.024000
0 0.092900 0.040500 0.016900 0.018800
0 0.590500 0.615200 0.017100 0.021600
0 0.054000 0.572500 0.013500 0.028900
0 0.110400 0.160800 0.018200 0.021000
0 0.864100 0.122800 0.016400 0.023800
0 0.497700 0.183900 0.015700 0.020900
0 0.818400 0.145700 0.015000 0.023300
0 0.013500 0.197600 0.017400 0.025400
0 0.639800 0.890700 0.013200 0.025000
0 0.765800 0.253600 0.016100 0.021600
0 0.854600 0.830400 0.015200 0.027600
0 0.444600 0.401500 0.015400 0.023200
0 0.084100 0.208400 0.015200 0.021200
0 0.865300 0.553200 0.017900 0.023600
0 0.260900 0.372700 0.014400 0.021100
0 0.372700 0.326500 0.015100 0.023100
0 0.506700 0.181400 0.014100 0.021700
0 0.584400 0.051300 0.016500 0.021900
0 0.540300 0.668400 0.016300 0.025600
0 0.956100 0.735100 0.013000 0.027300
0 0.242400 0.701600 0.014500 0.022400
0 0.591400 0.861000 0.014100 0.023500
0 0.645100 0.029600 0.013600 0.026300
0 0.930400 0.201700 0.016200 0.022300
0 0.542800 0.639400 0.014900 0.025300
0 0.527800 0.010900 0.012500 0.019300
0 0.149300 0.872600 0.014700 0.024800
0 0.870200 0.396100 0.013900 0.027700
0 0.122100 0.740800 0.013500 0.021900
0 0.754800 0.930900 0.014700 0.021600
0 0.046100 0.071200 0.015900 0.023500
0 0.491700 0.376600 0.012400 0.028400
0 0.630600 0.474000 0.016500 0.021800
0 0.297000 0.403400 0.015700 0.020500
0 0.097500 0.748600 0.011200 0.029100
0 0.942300 0.541600 0.013800 0.024700
0 0.110547 0.027778 0.011719 0.027778
0 0.180859 0.058333 0.013281 0.033333
0 0.231641 0.011806 0.017969 0.020833
0 0.244141 0.029167 0.013281 0.025000
0 0.026172 0.289583 0.011719 0.031944
0 0.069141 0.244444 0.017969 0.022222
0 0.123438 0.251389 0.015625 0.025000
0 0.051172 0.435417 0.013281 0.020833
0 0.033984 0.456944 0.013281 0.022222
0 0.037500 0.475694 0.014062 0.026389
0 0.130078 0.388194 0.011719 0.034722
0 0.074609 0.836111 0.016406 0.022222
0 0.175000 0.495139 0.010937 0.031944
0 0.183203 0.570833 0.013281 0.022222
0 0.269531 0.123611 0.009375 0.027778
0 0.287500 0.111111 0.015625 0.025000
0 0.332422 0.011806 0.016406 0.020833
0 0.366406 0.089583 0.014062 0.026389
0 0.375000 0.238889 0.012500 0.027778
0 0.357422 0.270139 0.013281 0.029167
0 0.367188 0.345139 0.017188 0.018056
0 0.319922 0.987500 0.017969 0.019444
0 0.360938 0.976389 0.017188 0.019444
0 0.314063 0.824306 0.015625 0.020833
0 0.335547 0.821528 0.010156 0.029167
0 0.309766 0.800694 0.016406 0.026389
0 0.326953 0.798611 0.013281 0.019444
0 0.287109 0.397222 0.013281 0.022222
0 0.255078 0.405556 0.014844 0.022222
0 0.480859 0.300000 0.011719 0.033333
0 0.405859 0.511806 0.011719 0.029167
0 0.524609 0.799306 0.014844 0.023611
0 0.484375 0.602083 0.010937 0.029167
0 0.556641 0.410417 0.014844 0.023611
0 0.552734 0.427083 0.010156 0.023611
0 0.593750 0.277778 0.014062 0.022222
0 0.599609 0.188194 0.011719 0.031944
0 0.612891 0.426389 0.014844 0.025000
0 0.687500 0.175694 0.010937 0.034722
0 0.702734 0.313889 0.014844 0.019444
0 0.694141 0.397917 0.013281 0.020833
0 0.694531 0.381250 0.010937 0.023611
0 0.698828 0.611806 0.016406 0.020833
0 0.543359 0.591667 0.011719 0.027778
0 0.717969 0.825694 0.014062 0.029167
0 0.753516 0.867361 0.014844 0.026389
0 0.790625 0.810417 0.012500 0.026389
0 0.785547 0.876389 0.014844 0.025000
0 0.817969 0.824306 0.012500 0.031944
0 0.834375 0.790278 0.010937 0.036111
0 0.914062 0.895833 0.017188 0.025000
0 0.916406 0.871528 0.015625 0.023611
0 0.991797 0.843750 0.014844 0.026389
0 0.840234 0.874306 0.011719 0.034722
0 0.862500 0.686806 0.010937 0.029167
0 0.936328 0.647222 0.014844 0.030556
0 0.845312 0.513889 0.015625 0.025000
0 0.884766 0.499306 0.011719 0.029167
0 0.880078 0.536806 0.014844 0.023611
0 0.921484 0.486806 0.011719 0.026389
0 0.992188 0.438889 0.010937 0.022222
0 0.971094 0.250694 0.015625 0.029167
0 0.990234 0.150000 0.014844 0.025000
0 0.968750 0.037500 0.014062 0.027778
0 0.987109 0.115278 0.010156 0.025000
0 0.979297 0.178472 0.013281 0.023611
0 0.962891 0.012500 0.017969 0.019444
0 0.018359 0.704167 0.013281 0.022222
0 0.062891 0.400000 0.014844 0.022222
0 0.779297 0.639583 0.014844 0.020833
0 0.782031 0.093750 0.010937 0.031944
0 0.842188 0.115972 0.012500 0.031944
0 0.175781 0.675694 0.010937 0.031944
0 0.150000 0.456250 0.009375 0.029167
0 0.155469 0.463194 0.007812 0.029167
0 0.839063 0.949306 0.014062 0.018056
0 0.846875 0.963889 0.010937 0.033333
0 0.889063 0.945139 0.014062 0.018056
0 0.991406 0.374306 0.012500 0.018056
0 0.994531 0.364583 0.009375 0.020833
