0 0.606900 0.271300 0.016600 0.022000
0 0.796300 0.495900 0.015700 0.021100
0 0.670800 0.303400 0.014400 0.023800
0 0.281800 0.115900 0.012400 0.023600
0 0.682300 0.366600 0.015800 0.021000
0 0.446500 0.780400 0.015800 0.022000
0 0.431600 0.318500 0.015300 0.021000
0 0.910000 0.268900 0.015700 0.020400
0 0.280700 0.608400 0.017600 0.019900
0 0.768300 0.679100 0.014900 0.020800
0 0.254800 0.245200 0.016100 0.025100
0 0.941900 0.157000 0.016700 0.021100
0 0.004000 0.570500 0.009600 0.020700
0 0.531300 0.643600 0.015900 0.022600
0 0.906400 0.758700 0.014200 0.022800
0 0.746100 0.258900 0.016200 0.022300
0 0.859500 0.690300 0.015700 0.020100
0 0.281900 0.831800 0.014900 0.019600
0 0.094900 0.471900 0.017600 0.021400
0 0.779900 0.853800 0.013900 0.025500
0 0.029900 0.677600 0.016300 0.020100
0 0.695800 0.641700 0.015100 0.023600
0 0.257400 0.165200 0.014000 0.022100
0 0.926900 0.641400 0.016300 0.021800
0 0.281100 0.921600 0.015500 0.021400
0 0.195600 0.795100 0.014800 0.020200
0 0.716100 0.470200 0.017300 0.022100
0 0.368400 0.343600 0.016000 0.020900
0 0.443900 0.393600 0.016000 0.020800
0 0.968800 0.582400 0.016800 0.022100
0 0.616300 0.807200 0.014400 0.026200
0 0.418500 0.070500 0.014400 0.022300
0 0.045900 0.297300 0.014400 0.020700
0 0.617900 0.243800 0.015800 0.025000
0 0.847100 0.671000 0.015800 0.022600
0 0.655600 0.809000 0.016300 0.022400
0 0.140200 0.746100 0.015300 0.023000
0 0.492100 0.908100 0.015300 0.021900
0 0.268600 0.171000 0.015800 0.020400
0 0.190200 0.281500 0.017800 0.021400
0 0.107200 0.608100 0.017900 0.019900
0 0.081800 0.379200 0.014300 0.023700
0 0.857300 0.241800 0.015000 0.023500
0 0.235000 0.180800 0.013600 0.023300
0 0.384000 0.829200 0.018700 0.020700
0 0.892000 0.247600 0.015900 0.020200
0 0.918700 0.102500 0.017100 0.021700
0 0.621200 0.083200 0.014400 0.023300
0 0.355000 0.721100 0.014900 0.022400
0 0.681800 0.592100 0.014400 0.022200
0 0.490900 0.271400 0.014400 0.024800
0 0.109800 0.192400 0.015000 0.020900
0 0.246100 0.794400 0.015200 0.020400
0 0.142500 0.616200 0.016500 0.021900
0 0.367500 0.291500 0.014000 0.026200
0 0.322100 0.884000 0.014800 0.023600
0 0.315200 0.389400 0.015900 0.022400
0 0.255000 0.554300 0.016300 0.022200
0 0.610500 0.097100 0.015200 0.024200
0 0.403900 0.804700 0.017400 0.021300
0 0.783900 0.477900 0.016400 0.020800
0 0.494300 0.319200 0.014100 0.023700
0 0.520700 0.941800 0.015600 0.020700
0 0.682700 0.306300 0.013000 0.028200
0 0.095800 0.496900 0.017100 0.021600
0 0.668200 0.333800 0.014800 0.025000
0 0.903400 0.442100 0.015100 0.023900
0 0.265400 0.409400 0.015900 0.021300
0 0.340200 0.783300 0.015500 0.021700
0 0.922100 0.280700 0.015800 0.021400
0 0.930500 0.166500 0.015700 0.022100
0 0.943600 0.273100 0.016300 0.022300
0 0.222600 0.635400 0.015500 0.021400
0 0.740600 0.841200 0.016600 0.019900
0 0.717500 0.909600 0.015200 0.023600
0 0.966700 0.194800 0.016200 0.020700
0 0.281600 0.672300 0.018300 0.021600
0 0.093400 0.429500 0.015000 0.025000
0 0.896600 0.621900 0.017700 0.020800
0 0.693800 0.602500 0.015100 0.022700
0 0.991200 0.244200 0.013100 0.022100
0 0.092000 0.559300 0.015400 0.022000
0 0.603500 0.346300 0.013900 0.023600
0 0.093800 0.320800 0.013800 0.021300
0 0.193300 0.509200 0.015700 0.020000
0 0.678200 0.417400 0.018200 0.020800
0 0.894500 0.264300 0.015400 0.018800
0 0.240800 0.381800 0.014800 0.024300
0 0.282600 0.956300 0.016000 0.020800
0 0.577100 0.706700 0.014600 0.024200
0 0.241500 0.706700 0.014500 0.020900
0 0.053900 0.042500 0.014100 0.023800
0 0.341500 0.247000 0.015400 0.023600
0 0.171800 0.804600 0.014800 0.020300
0 0.535000 0.934700 0.017100 0.019500
0 0.481600 0.470500 0.015700 0.022100
0 0.097100 0.254600 0.016800 0.023000
0 0.531300 0.843300 0.014700 0.021900
0 0.120400 0.266200 0.017100 0.022700
0 0.391800 0.405800 0.014900 0.022900
0 0.414000 0.170900 0.014900 0.026100
0 0.654900 0.680100 0.014900 0.022800
0 0.752400 0.227900 0.016800 0.022900
0 0.507900 0.146200 0.014600 0.025600
0 0.381300 0.195700 0.016200 0.020500
0 0.871100 0.067100 0.015500 0.020800
0 0.371300 0.043900 0.014500 0.022300
0 0.022800 0.210100 0.019900 0.020900
0 0.918500 0.593000 0.016900 0.022500
0 0.732400 0.570400 0.015400 0.023500
0 0.852400 0.169700 0.016900 0.022400
0 0.284700 0.847100 0.015500 0.018500
0 0.577800 0.643800 0.016700 0.022000
0 0.730000 0.940700 0.014800 0.024000
0 0.297800 0.284700 0.014900 0.025000
0 0.305500 0.164900 0.014000 0.020900
0 0.254200 0.066000 0.015600 0.022500
0 0.042900 0.429600 0.014900 0.026100
0 0.332500 0.352800 0.015700 0.022900
0 0.103000 0.579700 0.017000 0.021600
0 0.405000 0.054000 0.014000 0.024200
0 0.617700 0.396300 0.015400 0.023900
0 0.894500 0.180900 0.011500 0.026700
0 0.004600 0.079300 0.010500 0.021000
0 0.545900 0.548000 0.016500 0.021000
0 0.472700 0.672500 0.017100 0.023700
0 0.942300 0.316800 0.015800 0.021900
0 0.544100 0.531300 0.016800 0.022000
0 0.070100 0.915100 0.017200 0.021600
0 0.279000 0.892500 0.015500 0.020200
0 0.298500 0.429400 0.015100 0.026300
0 0.626200 0.803900 0.014100 0.023100
0 0.732700 0.372100 0.016100 0.022900
0 0.947000 0.555300 0.015100 0.025800
0 0.978200 0.406100 0.017400 0.023700
0 0.695200 0.145800 0.015700 0.020900
0 0.190600 0.119200 0.016200 0.022000
0 0.514200 0.242500 0.015000 0.023900
0 0.534700 0.379100 0.013600 0.025000
0 0.796600 0.332700 0.016400 0.020500
0 0.440700 0.219500 0.017100 0.020600
0 0.789700 0.717000 0.015800 0.021900
0 0.527400 0.659900 0.016300 0.023300
0 0.477600 0.108900 0.012500 0.027700
0 0.198300 0.540700 0.016300 0.021600
0 0.927600 0.553400 0.016700 0.023100
0 0.619000 0.046200 0.013100 0.026600
0 0.097900 0.743200 0.016500 0.021700
0 0.906600 0.953700 0.016100 0.021100
0 0.223000 0.333400 0.016200 0.022200
0 0.039200 0.365800 0.015300 0.024300
0 0.685500 0.191200 0.015500 0.022300
0 0.157100 0.905300 0.014600 0.025600
0 0.870300 0.022100 0.014000 0.027700
0 0.746400 0.142300 0.013700 0.026500
0 0.827200 0.034600 0.016500 0.021000
0 0.959900 0.129700 0.015800 0.023100
0 0.533300 0.809000 0.016600 0.022000
0 0.265100 0.381100 0.016900 0.022000
0 0.659100 0.659400 0.015000 0.026500
0 0.934400 0.959800 0.017300 0.022500
0 0.793600 0.533400 0.014200 0.026900
0 0.173600 0.165400 0.014400 0.023400
0 0.554200 0.321400 0.014300 0.022400
0 0.090000 0.395700 0.015100 0.023300
0 0.779000 0.614200 0.015700 0.021700
0 0.493200 0.827600 0.013700 0.024800
0 0.778900 0.933600 0.017700 0.022100
0 0.593800 0.857300 0.015300 0.023800
0 0.403000 0.017000 0.014100 0.025600
0 0.967200 0.670500 0.014200 0.027500
0 0.793300 0.072400 0.016900 0.021100
0 0.605100 0.320300 0.014100 0.022100
0 0.421000 0.405100 0.013400 0.024700
0 0.681400 0.979700 0.015600 0.021000
0 0.797400 0.765900 0.016400 0.021800
0 0.470000 0.959800 0.015600 0.023500
0 0.318000 0.345900 0.014100 0.026000
0 0.701600 0.440400 0.017400 0.021200
0 0.319500 0.059600 0.015900 0.021200
0 0.771000 0.532500 0.015300 0.025600
0 0.697600 0.465200 0.013800 0.024800
0 0.647300 0.156900 0.015600 0.025500
0 0.755400 0.401900 0.016000 0.021300
0 0.172400 0.020100 0.015400 0.022000
0 0.626700 0.933100 0.012300 0.028600
0 0.905100 0.676400 0.016000 0.021300
0 0.781500 0.252700 0.016600 0.022100
0 0.894900 0.347400 0.014600 0.021600
0 0.923600 0.777800 0.015300 0.023300
0 0.380200 0.039100 0.014800 0.021000
0 0.110000 0.708100 0.014100 0.025300
0 0.006000 0.379800 0.012200 0.025800
0 0.751800 0.529600 0.015800 0.026100
0 0.241900 0.652200 0.017500 0.021500
0 0.031500 0.429700 0.013700 0.027400
0 0.433100 0.239300 0.016400 0.019800
0 0.295100 0.893100 0.012100 0.027400
0 0.695100 0.156600 0.015100 0.020100
0 0.454100 0.214900 0.016200 0.020600
0 0.991100 0.433100 0.009500 0.031500
0 0.966200 0.389800 0.018300 0.021000
0 0.254400 0.329200 0.012800 0.028600
0 0.130200 0.448300 0.015200 0.022600
0 0.251900 0.533300 0.016100 0.022800
0 0.305700 0.214300 0.014300 0.020300
0 0.279500 0.497200 0.012900 0.029700
0 0.438800 0.116400 0.013500 0.026900
0 0.894500 0.571200 0.013400 0.028600
0 0.503700 0.944900 0.013300 0.025300
0 0.094800 0.132600 0.014900 0.022200
0 0.782400 0.180500 0.012700 0.020900
0 0.495900 0.486000 0.016400 0.020300
0 0.913900 0.482500 0.015900 0.024700
0 0.157900 0.316200 0.016600 0.020400
0 0.701200 0.704100 0.016200 0.021000
0 0.007400 0.148100 0.015700 0.021000
0 0.555100 0.215000 0.014700 0.025600
0 0.643100 0.485400 0.014000 0.023100
0 0.518800 0.627600 0.016700 0.022200
0 0.571300 0.526800 0.016800 0.024100
0 0.828600 0.126400 0.018000 0.019900
0 0.429700 0.758900 0.015200 0.021100
0 0.235400 0.215600 0.016000 0.021400
0 0.240400 0.018800 0.016600 0.023700
0 0.844900 0.818200 0.012400 0.025900
0 0.935200 0.921200 0.014000 0.029000
0 0.764100 0.597900 0.016300 0.022400
0 0.527800 0.307700 0.013300 0.021900
0 0.615700 0.583800 0.015200 0.024000
0 0.463700 0.772300 0.014600 0.024800
0 0.920100 0.429700 0.016400 0.023700
0 0.910500 0.405300 0.015800 0.023800
0 0.110900 0.085900 0.014300 0.022000
0 0.885900 0.118400 0.017600 0.023000
0 0.655300 0.377500 0.012700 0.023600
0 0.169100 0.072000 0.012200 0.029200
0 0.353500 0.676200 0.017000 0.019600
0 0.063900 0.097000 0.014200 0.026400
0 0.477300 0.264300 0.016100 0.021800
0 0.402700 0.714800 0.015700 0.022900
0 0.955900 0.218700 0.013600 0.028700
0 0.120300 0.920800 0.011900 0.027300
0 0.189000 0.305000 0.016100 0.024100
0 0.454200 0.552800 0.017200 0.023700
0 0.814500 0.344500 0.014000 0.027100
0 0.123600 0.391100 0.013700 0.023100
0 0.760600 0.617600 0.015700 0.021200
0 0.502000 0.706700 0.014900 0.022800
0 0.654800 0.453100 0.013000 0.025700
0 0.644000 0.240600 0.016000 0.022300
0 0.161000 0.610800 0.015800 0.021200
0 0.684400 0.165900 0.014200 0.021800
0 0.610500 0.614100 0.017000 0.020200
0 0.751700 0.185700 0.013500 0.017700
0 0.559600 0.152400 0.013300 0.025500
0 0.088900 0.092700 0.014500 0.025500
0 0.261000 0.906700 0.011600 0.028800
0 0.385200 0.735300 0.015900 0.024100
0 0.624000 0.668900 0.013000 0.027300
0 0.883500 0.371700 0.015600 0.023800
0 0.826600 0.858700 0.017200 0.023000
0 0.604400 0.689400 0.016000 0.021400
0 0.839600 0.796800 0.014900 0.021800
0 0.758500 0.630900 0.015200 0.022700
0 0.590900 0.767600 0.013500 0.027600
0 0.139700 0.065200 0.015900 0.021100
0 0.407200 0.682200 0.015800 0.021000
0 0.697200 0.528100 0.014300 0.021400
0 0.414300 0.502700 0.016300 0.021300
0 0.026600 0.543900 0.013900 0.024800
0 0.486100 0.018400 0.014400 0.023800
0 0.628300 0.317400 0.014100 0.022100
0 0.596700 0.239900 0.015500 0.023100
0 0.676900 0.910800 0.015300 0.023900
0 0.291200 0.773500 0.017000 0.021800
0 0.551400 0.377900 0.013600 0.023700
0 0.441500 0.454700 0.013000 0.031100
0 0.504600 0.342700 0.012200 0.032700
0 0.189300 0.839500 0.015800 0.020000
0 0.108900 0.626900 0.012700 0.022700
0 0.590200 0.102000 0.016200 0.021200
0 0.244400 0.510500 0.015900 0.025700
0 0.641700 0.672700 0.015900 0.023000
0 0.014200 0.083200 0.015600 0.024100
0 0.805500 0.131400 0.011700 0.032100
0 0.055300 0.676200 0.014900 0.022000
0 0.598100 0.270200 0.016200 0.022100
0 0.715300 0.626900 0.014800 0.021700
0 0.264100 0.678500 0.013800 0.027900
0 0.218300 0.267400 0.017500 0.022100
0 0.740100 0.818000 0.018100 0.021000
0 0.791600 0.684500 0.012000 0.025200
0 0.028500 0.530400 0.015200 0.021700
0 0.879900 0.497900 0.015500 0.023600
0 0.769400 0.640200 0.014400 0.024000
0 0.719800 0.402200 0.015600 0.023900
0 0.407100 0.847100 0.015500 0.025400
0 0.398400 0.254800 0.011800 0.033200
0 0.345400 0.477200 0.014300 0.026100
0 0.911500 0.803900 0.014600 0.023600
0 0.340400 0.564500 0.012100 0.022800
0 0.280500 0.352900 0.015100 0.023000
0 0.792400 0.818100 0.011300 0.029100
0 0.184900 0.576300 0.015600 0.020300
0 0.840400 0.202200 0.014200 0.024600
0 0.956500 0.172900 0.016400 0.023600
0 0.184600 0.698400 0.014300 0.023300
0 0.342200 0.341300 0.015000 0.020200
0 0.266700 0.103200 0.013600 0.025400
0 0.154500 0.139700 0.015700 0.023500
0 0.588300 0.821300 0.014900 0.025100
0 0.536300 0.281200 0.013200 0.024200
0 0.435100 0.052900 0.015100 0.020300
0 0.204000 0.648600 0.015400 0.023800
0 0.626800 0.896800 0.016000 0.026500
0 0.126800 0.697600 0.014400 0.023100
0 0.664600 0.365000 0.013500 0.023600
0 0.651400 0.906900 0.015000 0.023600
0 0.852700 0.423700 0.015200 0.021300
0 0.038900 0.653500 0.017200 0.020900
0 0.348600 0.890900 0.016700 0.022600
0 0.235900 0.534600 0.015800 0.022400
0 0.298200 0.398000 0.016700 0.022000
0 0.938800 0.434100 0.011800 0.032700
0 0.611500 0.731000 0.015100 0.025500
0 0.442200 0.709900 0.013000 0.028800
0 0.030000 0.901900 0.016200 0.024900
0 0.673300 0.464600 0.016000 0.021500
0 0.117500 0.526100 0.016300 0.023700
0 0.490600 0.423800 0.016100 0.022300
0 0.713300 0.215800 0.011600 0.027600
0 0.111300 0.105200 0.015900 0.020700
0 0.943900 0.060800 0.015500 0.023700
0 0.269100 0.714600 0.011800 0.027800
0 0.683600 0.772400 0.017800 0.021800
0 0.950800 0.409600 0.015800 0.024200
0 0.979800 0.527900 0.018500 0.023500
0 0.015300 0.271500 0.011500 0.025400
0 0.978400 0.783700 0.015700 0.029800
0 0.256900 0.723600 0.013500 0.022800
0 0.028700 0.064200 0.014300 0.025300
0 0.252000 0.773100 0.013900 0.024700
0 0.298100 0.078600 0.012000 0.029300
0 0.895700 0.366300 0.015200 0.022300
0 0.402000 0.498100 0.017500 0.020000
0 0.131200 0.759500 0.014700 0.019500
0 0.917200 0.015700 0.015800 0.023900
0 0.423900 0.223200 0.015700 0.020500
0 0.234500 0.719600 0.014400 0.022600
0 0.310900 0.739900 0.014800 0.024200
0 0.027000 0.630600 0.016800 0.020400
0 0.761700 0.132100 0.015500 0.024900
0 0.848200 0.842400 0.016000 0.023700
0 0.697100 0.391100 0.015800 0.021500
0 0.126600 0.342600 0.015900 0.020700
0 0.068800 0.401600 0.014000 0.026200
0 0.981100 0.621200 0.013400 0.031200
0 0.241400 0.282600 0.015200 0.022900
0 0.884200 0.726800 0.013300 0.026500
0 0.603300 0.177400 0.012900 0.026500
0 0.890000 0.766000 0.012100 0.021700
0 0.447900 0.177500 0.014500 0.025600
0 0.617900 0.173000 0.013700 0.025000
0 0.546700 0.714500 0.015000 0.024400
0 0.938500 0.369500 0.015500 0.024500
0 0.590800 0.121000 0.014300 0.023700
0 0.151500 0.714400 0.016200 0.020300
0 0.991200 0.259800 0.010600 0.026300
0 0.142200 0.228000 0.011700 0.032500
0 0.823000 0.488700 0.016800 0.022000
0 0.691000 0.555800 0.010200 0.032100
0 0.069300 0.302400 0.015400 0.021800
0 0.335800 0.797700 0.016300 0.019700
0 0.985000 0.207600 0.016200 0.022200
0 0.544300 0.048700 0.015700 0.022500
0 0.993300 0.591200 0.009700 0.023600
0 0.011300 0.665200 0.015200 0.025400
0 0.476900 0.135300 0.013500 0.027600
0 0.357200 0.514900 0.017600 0.020400
0 0.028300 0.519200 0.014200 0.021400
0 0.361100 0.547400 0.012900 0.026700
0 0.245300 0.167100 0.014400 0.019600
0 0.502300 0.076500 0.016100 0.023500
0 0.120500 0.048500 0.014400 0.023800
0 0.342200 0.215700 0.012900 0.027100
0 0.851400 0.031100 0.016800 0.020100
0 0.267300 0.122100 0.014200 0.023400
0 0.483300 0.801500 0.017900 0.020500
0 0.884600 0.516000 0.016100 0.021000
0 0.693100 0.215700 0.010500 0.033800
0 0.864300 0.178900 0.015500 0.020100
0 0.098600 0.120200 0.016200 0.020900
0 0.411500 0.103500 0.012100 0.027200
0 0.827100 0.223400 0.014500 0.023700
0 0.903700 0.076500 0.015200 0.024400
0 0.311300 0.642300 0.018200 0.020400
0 0.490100 0.777800 0.013500 0.022400
0 0.211600 0.592900 0.015700 0.022800
0 0.498700 0.559900 0.017700 0.022300
0 0.202300 0.173600 0.014200 0.022000
0 0.921600 0.048400 0.015200 0.022400
0 0.789900 0.796800 0.014500 0.020300
0 0.784500 0.069700 0.015900 0.019500
0 0.878200 0.760700 0.014100 0.021700
0 0.599000 0.929400 0.016000 0.020900
0 0.051000 0.817900 0.016500 0.025900
0 0.658600 0.788900 0.017800 0.021700
0 0.988700 0.745800 0.013500 0.026600
0 0.123000 0.570000 0.015700 0.022900
0 0.189600 0.020100 0.014300 0.019800
0 0.820700 0.427000 0.013200 0.023100
0 0.458700 0.711100 0.016400 0.021900
0 0.468700 0.698400 0.015600 0.021800
0 0.948700 0.609500 0.014900 0.025600
0 0.838200 0.345100 0.011700 0.026600
0 0.109400 0.566000 0.015400 0.021800
0 0.291900 0.915400 0.013200 0.020500
0 0.058400 0.073000 0.014900 0.022400
0 0.963600 0.440500 0.017300 0.021500
0 0.051100 0.316700 0.016100 0.019200
0 0.753200 0.723300 0.013100 0.026700
0 0.967600 0.714800 0.015600 0.025600
0 0.764400 0.936200 0.016400 0.023800
0 0.798600 0.377500 0.014000 0.022800
0 0.543900 0.379400 0.014100 0.023000
0 0.566600 0.588700 0.016200 0.020200
0 0.480000 0.228400 0.011500 0.033600
0 0.443700 0.136100 0.015100 0.024400
0 0.157800 0.847700 0.015000 0.026200
0 0.290300 0.588500 0.017800 0.021800
0 0.821100 0.670500 0.013700 0.022500
0 0.251000 0.290300 0.016300 0.022300
0 0.401000 0.472400 0.013500 0.027400
0 0.345600 0.904600 0.016300 0.020100
0 0.220400 0.277400 0.017200 0.020800
0 0.628900 0.290400 0.014500 0.025200
0 0.839600 0.372400 0.012900 0.027100
0 0.621300 0.315500 0.013600 0.022800
0 0.286400 0.369200 0.017400 0.020800
0 0.176000 0.434100 0.014400 0.027200
0 0.792200 0.188600 0.012900 0.021700
0 0.061400 0.601900 0.017400 0.020400
0 0.595500 0.847900 0.016400 0.021400
0 0.495900 0.798700 0.017900 0.020500
0 0.591500 0.186100 0.015300 0.022300
0 0.211700 0.503400 0.014000 0.024500
0 0.943800 0.309200 0.016300 0.021200
0 0.007031 0.125000 0.014062 0.027778
0 0.101953 0.045833 0.014844 0.027778
0 0.211719 0.125694 0.012500 0.029167
0 0.150391 0.338194 0.014844 0.026389
0 0.008984 0.484722 0.014844 0.033333
0 0.056641 0.507639 0.013281 0.026389
0 0.165234 0.199306 0.011719 0.031944
0 0.205859 0.050694 0.016406 0.026389
0 0.299219 0.050694 0.015625 0.029167
0 0.280078 0.303472 0.011719 0.029167
0 0.282031 0.425694 0.015625 0.023611
0 0.305078 0.461111 0.013281 0.033333
0 0.340625 0.437500 0.012500 0.033333
0 0.275000 0.439583 0.014062 0.029167
0 0.203125 0.691667 0.017188 0.025000
0 0.212109 0.732639 0.011719 0.031944
0 0.185937 0.749306 0.010937 0.031944
0 0.053516 0.963194 0.016406 0.023611
0 0.335938 0.978472 0.014062 0.023611
0 0.344922 0.935417 0.011719 0.029167
0 0.232031 0.963889 0.012500 0.027778
0 0.224219 0.949306 0.015625 0.023611
0 0.223828 0.928472 0.014844 0.023611
0 0.369922 0.663194 0.013281 0.023611
0 0.388281 0.668750 0.015625 0.023611
0 0.401563 0.598611 0.012500 0.033333
0 0.398047 0.614583 0.013281 0.026389
0 0.308203 0.102083 0.011719 0.029167
0 0.437109 0.775000 0.011719 0.025000
0 0.422266 0.093056 0.011719 0.033333
0 0.466016 0.361806 0.013281 0.026389
0 0.453906 0.358333 0.012500 0.022222
0 0.587891 0.949306 0.017969 0.023611
0 0.602734 0.798611 0.011719 0.027778
0 0.624609 0.699306 0.013281 0.026389
0 0.627734 0.573611 0.010156 0.030556
0 0.613672 0.514583 0.014844 0.023611
0 0.600781 0.498611 0.010937 0.025000
0 0.600000 0.513889 0.012500 0.025000
0 0.560938 0.289583 0.015625 0.023611
0 0.585156 0.160417 0.015625 0.026389
0 0.578516 0.237500 0.013281 0.025000
0 0.505859 0.011806 0.016406 0.023611
0 0.623047 0.014583 0.013281 0.023611
0 0.659766 0.231944 0.011719 0.025000
0 0.652734 0.225694 0.011719 0.031944
0 0.712109 0.559722 0.014844 0.025000
0 0.698438 0.797917 0.015625 0.026389
0 0.911328 0.870833 0.017969 0.025000
0 0.983984 0.959028 0.011719 0.031944
0 0.827734 0.895139 0.013281 0.026389
0 0.835547 0.885417 0.013281 0.029167
0 0.804688 0.964583 0.017188 0.020833
0 0.798828 0.976389 0.014844 0.019444
0 0.983984 0.822917 0.014844 0.029167
0 0.950000 0.687500 0.015625 0.030556
0 0.888672 0.638889 0.013281 0.025000
0 0.874609 0.647222 0.014844 0.027778
0 0.912109 0.527083 0.014844 0.029167
0 0.986719 0.498611 0.014062 0.025000
0 0.986719 0.471528 0.014062 0.029167
0 0.878906 0.477083 0.012500 0.023611
0 0.871094 0.475000 0.012500 0.030556
0 0.925000 0.325000 0.015625 0.027778
0 0.812891 0.300694 0.011719 0.034722
0 0.883594 0.303472 0.014062 0.020833
0 0.875000 0.209028 0.010937 0.034722
0 0.885938 0.162500 0.017188 0.025000
0 0.898828 0.537500 0.011719 0.027778
0 0.012891 0.845833 0.013281 0.022222
0 0.006250 0.852778 0.012500 0.030556
0 0.782812 0.339583 0.014062 0.023611
0 0.757422 0.299306 0.013281 0.023611
0 0.212891 0.982639 0.014844 0.026389
0 0.232812 0.033333 0.009375 0.027778
0 0.245312 0.040972 0.012500 0.020833
0 0.686328 0.501389 0.011719 0.022222
0 0.709375 0.356250 0.017188 0.023611
0 0.705469 0.366667 0.018750 0.019444
0 0.511328 0.051389 0.011719 0.027778
0 0.853125 0.959028 0.014062 0.029167
0 0.839844 0.950694 0.015625 0.018056
0 0.764844 0.983333 0.012500 0.025000
0 0.888281 0.948611 0.015625 0.022222
