0 0.082400 0.930500 0.015500 0.020400
0 0.521900 0.945600 0.018400 0.020200
0 0.433500 0.496800 0.017200 0.022500
0 0.318500 0.242400 0.013500 0.024900
0 0.857900 0.733800 0.015700 0.022200
0 0.759300 0.466000 0.017200 0.020200
0 0.532300 0.927800 0.017000 0.022300
0 0.555100 0.054400 0.016100 0.024000
0 0.169600 0.191700 0.017400 0.019400
0 0.959100 0.207800 0.017000 0.023600
0 0.228700 0.403700 0.016100 0.021900
0 0.159400 0.668400 0.016100 0.023800
0 0.078200 0.393400 0.016100 0.021700
0 0.404900 0.814700 0.016200 0.019600
0 0.678800 0.454300 0.015500 0.021400
0 0.856800 0.181300 0.015700 0.024200
0 0.157600 0.632900 0.015400 0.021500
0 0.820400 0.696400 0.018600 0.020600
0 0.308400 0.282000 0.014000 0.022000
0 0.047700 0.895100 0.017000 0.022700
0 0.119000 0.366000 0.018300 0.021100
0 0.403600 0.141100 0.013700 0.020100
0 0.329700 0.808000 0.015300 0.020800
0 0.807200 0.682400 0.016700 0.021200
0 0.141700 0.615300 0.015500 0.020900
0 0.841900 0.817400 0.013700 0.027600
0 0.493000 0.528900 0.015400 0.020900
0 0.064500 0.370300 0.014600 0.025300
0 0.047800 0.341600 0.015800 0.022200
0 0.481400 0.668900 0.014400 0.022600
0 0.164700 0.791700 0.016700 0.022600
0 0.519200 0.893800 0.016900 0.022000
0 0.844100 0.594900 0.015100 0.020400
0 0.941300 0.916200 0.016300 0.022500
0 0.944700 0.754400 0.015500 0.023100
0 0.608300 0.169300 0.014000 0.025100
0 0.934300 0.541700 0.017600 0.022800
0 0.430600 0.756400 0.017700 0.022600
0 0.717400 0.742400 0.016300 0.021800
0 0.719300 0.327300 0.015300 0.022000
0 0.141400 0.332100 0.016400 0.021000
0 0.556600 0.217200 0.017200 0.019000
0 0.522100 0.746600 0.015300 0.020900
0 0.260000 0.369800 0.017200 0.020000
0 0.029100 0.869800 0.017200 0.022700
0 0.019800 0.043000 0.016900 0.023500
0 0.015600 0.154600 0.017100 0.021600
0 0.457600 0.981000 0.016100 0.021200
0 0.965500 0.643600 0.016300 0.021900
0 0.293700 0.046200 0.015600 0.024400
0 0.968900 0.604100 0.015900 0.019800
0 0.543100 0.528000 0.015500 0.023000
0 0.930100 0.240200 0.016000 0.024500
0 0.190100 0.381800 0.015900 0.022200
0 0.268300 0.220200 0.014200 0.024400
0 0.572500 0.032100 0.016100 0.024500
0 0.222000 0.220300 0.015400 0.022200
0 0.030900 0.107600 0.014600 0.021400
0 0.526800 0.342300 0.017700 0.022100
0 0.545900 0.573100 0.016000 0.021800
0 0.510600 0.256600 0.013300 0.023700
0 0.192900 0.802700 0.016200 0.020000
0 0.404000 0.240500 0.016400 0.020500
0 0.268700 0.156300 0.015100 0.021200
0 0.456500 0.920800 0.015800 0.020200
0 0.743200 0.705200 0.018100 0.020500
0 0.047000 0.684000 0.015400 0.025400
0 0.423000 0.195700 0.014500 0.021500
0 0.281200 0.458500 0.014600 0.025500
0 0.441400 0.416200 0.015600 0.021800
0 0.447300 0.691800 0.016600 0.022100
0 0.154700 0.579500 0.017200 0.021600
0 0.867100 0.731500 0.012300 0.024900
0 0.769600 0.790400 0.015700 0.025000
0 0.628800 0.919500 0.014400 0.024900
0 0.096500 0.522100 0.016700 0.023100
0 0.570600 0.818700 0.017000 0.020100
0 0.920800 0.418400 0.016700 0.021000
0 0.909200 0.390800 0.016800 0.021600
0 0.216900 0.616600 0.017600 0.021800
0 0.919000 0.442400 0.017100 0.021000
0 0.210400 0.859100 0.016400 0.020600
0 0.970500 0.218700 0.017900 0.024300
0 0.047900 0.440200 0.017600 0.019800
0 0.196100 0.971600 0.016700 0.019600
0 0.477500 0.030900 0.017200 0.022300
0 0.565600 0.840900 0.017700 0.019400
0 0.752200 0.145800 0.015100 0.022200
0 0.205000 0.659400 0.015200 0.023700
0 0.514900 0.718700 0.015600 0.022200
0 0.445000 0.435100 0.015700 0.023100
0 0.331600 0.711000 0.015100 0.021900
0 0.393000 0.802500 0.014800 0.022400
0 0.481300 0.953800 0.018300 0.021200
0 0.154200 0.269500 0.011700 0.023800
0 0.921400 0.207700 0.015900 0.025000
0 0.348300 0.805800 0.016700 0.022100
0 0.565800 0.546300 0.016100 0.023400
0 0.894200 0.617700 0.015500 0.017500
0 0.695300 0.083500 0.015200 0.022500
0 0.372700 0.356200 0.015700 0.021100
0 0.371900 0.377000 0.016900 0.021400
0 0.023000 0.216400 0.018500 0.022700
0 0.079400 0.732400 0.015400 0.020600
0 0.897800 0.745200 0.015300 0.024600
0 0.107900 0.084200 0.014500 0.024300
0 0.934000 0.822300 0.014700 0.026800
0 0.078700 0.080500 0.014900 0.024600
0 0.395800 0.409900 0.016200 0.026000
0 0.780200 0.503700 0.013800 0.025600
0 0.677100 0.881500 0.017400 0.022800
0 0.192100 0.028600 0.013500 0.021600
0 0.164300 0.842700 0.015500 0.020500
0 0.059200 0.770700 0.015800 0.023800
0 0.371300 0.580700 0.016200 0.021600
0 0.422700 0.221200 0.016900 0.020100
0 0.360400 0.094700 0.014000 0.020300
0 0.022300 0.553100 0.016200 0.023500
0 0.243200 0.354500 0.015300 0.023400
0 0.604900 0.318200 0.014500 0.024800
0 0.055600 0.252400 0.018000 0.024000
0 0.683000 0.755300 0.015300 0.024000
0 0.868300 0.332800 0.014900 0.027600
0 0.372600 0.605100 0.016100 0.023200
0 0.634900 0.506800 0.018700 0.021500
0 0.315800 0.729200 0.014000 0.019600
0 0.283500 0.627100 0.015200 0.022600
0 0.368400 0.223300 0.017700 0.021500
0 0.756900 0.689400 0.016900 0.021000
0 0.594700 0.370100 0.019000 0.020600
0 0.117400 0.307300 0.013900 0.026400
0 0.160700 0.134800 0.016100 0.019500
0 0.255900 0.391000 0.015500 0.022200
0 0.283700 0.189900 0.015800 0.021000
0 0.517000 0.221900 0.014800 0.023300
0 0.697900 0.406400 0.015500 0.021800
0 0.632700 0.369700 0.013600 0.026800
0 0.244600 0.956700 0.014500 0.023600
0 0.573100 0.281400 0.016100 0.020000
0 0.853500 0.469100 0.020100 0.019300
0 0.601600 0.708900 0.015600 0.025700
0 0.194500 0.095700 0.016600 0.020100
0 0.456900 0.577900 0.016900 0.022900
0 0.729500 0.203600 0.013600 0.026200
0 0.503000 0.927200 0.018800 0.020500
0 0.022400 0.121300 0.016500 0.021800
0 0.270000 0.615600 0.016100 0.021000
0 0.694600 0.067200 0.016900 0.021000
0 0.593800 0.566700 0.016700 0.023300
0 0.171400 0.240200 0.017700 0.020300
0 0.884100 0.451800 0.017500 0.020600
0 0.231600 0.181600 0.012700 0.026100
0 0.243900 0.618400 0.014600 0.026100
0 0.421300 0.268500 0.013100 0.023300
0 0.718300 0.191100 0.014800 0.022400
0 0.554400 0.316200 0.015200 0.023200
0 0.421900 0.556200 0.017000 0.021500
0 0.878100 0.433600 0.017300 0.019700
0 0.418800 0.121700 0.012000 0.024900
0 0.397200 0.533600 0.014700 0.025800
0 0.290200 0.341700 0.014800 0.021900
0 0.945100 0.654600 0.014300 0.026400
0 0.966500 0.959400 0.019600 0.020600
0 0.823000 0.434900 0.017200 0.021600
0 0.803500 0.767300 0.014600 0.025700
0 0.795900 0.828900 0.012100 0.027200
0 0.059800 0.396100 0.016100 0.024100
0 0.259300 0.935300 0.015600 0.023100
0 0.182200 0.945600 0.015700 0.023100
0 0.272800 0.478000 0.012500 0.025300
0 0.120900 0.146900 0.015800 0.024000
0 0.406100 0.103500 0.012600 0.022800
0 0.577900 0.872800 0.018100 0.020900
0 0.095900 0.065700 0.017000 0.021200
0 0.653700 0.543500 0.016300 0.021600
0 0.335400 0.465300 0.015000 0.023500
0 0.583200 0.669000 0.015100 0.022500
0 0.679900 0.551500 0.016300 0.021100
0 0.742600 0.218900 0.014900 0.026800
0 0.944700 0.246300 0.013900 0.029000
0 0.104600 0.779200 0.014700 0.023200
0 0.329500 0.454900 0.015100 0.023000
0 0.134200 0.142200 0.016100 0.023000
0 0.246700 0.146500 0.012600 0.027200
0 0.334400 0.369100 0.016500 0.020000
0 0.544000 0.235100 0.015600 0.020900
0 0.618300 0.359000 0.014400 0.022900
0 0.219300 0.170800 0.016200 0.018800
0 0.864200 0.557700 0.015900 0.022000
0 0.189500 0.731400 0.014600 0.027500
0 0.968100 0.709000 0.017200 0.020900
0 0.510700 0.484600 0.016500 0.021100
0 0.381100 0.060900 0.016100 0.021000
0 0.029300 0.444100 0.018100 0.019900
0 0.658700 0.421600 0.013700 0.021000
0 0.284900 0.140500 0.014300 0.021300
0 0.101700 0.590000 0.014400 0.026000
0 0.372900 0.554600 0.013800 0.025300
0 0.141200 0.520800 0.013500 0.028300
0 0.173500 0.917900 0.015800 0.022800
0 0.094700 0.789400 0.014800 0.022500
0 0.514500 0.279500 0.016100 0.019700
0 0.820400 0.660500 0.016300 0.023300
0 0.839500 0.417200 0.017500 0.021000
0 0.977700 0.744100 0.016800 0.022700
0 0.653000 0.157600 0.012100 0.028900
0 0.332400 0.889400 0.014500 0.021000
0 0.772600 0.140300 0.015400 0.021400
0 0.172100 0.089500 0.014100 0.022600
0 0.211200 0.391900 0.012800 0.027500
0 0.671000 0.022200 0.016800 0.024700
0 0.403200 0.946900 0.016800 0.023000
0 0.101400 0.732800 0.012400 0.028800
0 0.564600 0.456500 0.012800 0.026100
0 0.584400 0.606000 0.014800 0.024300
0 0.008900 0.894500 0.014700 0.028700
0 0.893000 0.054400 0.017300 0.021900
0 0.619000 0.016100 0.014600 0.027000
0 0.983100 0.620000 0.016200 0.022200
0 0.834400 0.752900 0.016000 0.020900
0 0.295400 0.609500 0.012000 0.026900
0 0.791900 0.427500 0.017500 0.021900
0 0.905300 0.810600 0.014400 0.022000
0 0.679900 0.795100 0.016100 0.020800
0 0.630400 0.707600 0.014600 0.025900
0 0.456700 0.179000 0.015700 0.021100
0 0.645300 0.033500 0.015300 0.022900
0 0.094200 0.427100 0.014400 0.025300
0 0.828500 0.139600 0.017700 0.021500
0 0.382100 0.310100 0.014000 0.028500
0 0.801500 0.204800 0.014900 0.022600
0 0.880200 0.053600 0.018500 0.021200
0 0.214300 0.968900 0.015800 0.020700
0 0.539800 0.759300 0.013800 0.027900
0 0.110500 0.404800 0.018100 0.020500
0 0.205800 0.421500 0.014400 0.023800
0 0.142600 0.231600 0.013900 0.025000
0 0.184900 0.597900 0.017300 0.023800
0 0.142900 0.446900 0.016200 0.026700
0 0.021700 0.434100 0.018700 0.021300
0 0.849100 0.370100 0.013600 0.027700
0 0.156100 0.609000 0.015500 0.021800
0 0.236400 0.691900 0.013000 0.024400
0 0.227100 0.636000 0.017500 0.021600
0 0.202800 0.702600 0.015900 0.020900
0 0.516100 0.196900 0.015200 0.022900
0 0.758100 0.033300 0.014000 0.026500
0 0.242400 0.891000 0.012700 0.027700
0 0.665400 0.553700 0.017100 0.020300
0 0.255100 0.510900 0.016300 0.023300
0 0.430800 0.266700 0.014800 0.025000
0 0.290100 0.222400 0.015500 0.021000
0 0.027300 0.089900 0.013200 0.025600
0 0.257900 0.291300 0.014000 0.021000
0 0.983600 0.055400 0.016300 0.024000
0 0.529100 0.247600 0.014900 0.022100
0 0.042000 0.721700 0.014900 0.026900
0 0.113500 0.691800 0.012500 0.028300
0 0.507000 0.178300 0.015200 0.024400
0 0.239700 0.940700 0.016400 0.021000
0 0.983300 0.719400 0.017500 0.021800
0 0.972100 0.177300 0.014700 0.023100
0 0.809800 0.608100 0.014600 0.022600
0 0.139000 0.382300 0.017500 0.022200
0 0.606900 0.507600 0.017300 0.024100
0 0.754700 0.908400 0.015000 0.021300
0 0.091700 0.360300 0.015500 0.022500
0 0.432500 0.905500 0.015100 0.020200
0 0.664300 0.591100 0.018400 0.019100
0 0.826300 0.167500 0.014800 0.026500
0 0.716100 0.609400 0.012900 0.022800
0 0.991500 0.817000 0.012300 0.021600
0 0.327000 0.382900 0.015600 0.020900
0 0.871900 0.159700 0.015800 0.023500
0 0.697100 0.641300 0.014400 0.018600
0 0.779700 0.632400 0.014900 0.021900
0 0.134300 0.276600 0.013400 0.019600
0 0.459800 0.805100 0.015300 0.021300
0 0.119700 0.564000 0.015400 0.022900
0 0.795200 0.723300 0.017300 0.022700
0 0.663800 0.717900 0.017100 0.019800
0 0.443200 0.101700 0.014000 0.023400
0 0.784400 0.169500 0.015500 0.023700
0 0.910200 0.866100 0.017200 0.023900
0 0.704800 0.939800 0.013600 0.025700
0 0.226400 0.030100 0.017100 0.021100
0 0.734800 0.945500 0.014900 0.025500
0 0.571800 0.856800 0.017800 0.019300
0 0.851600 0.690000 0.017500 0.019200
0 0.075900 0.132500 0.014000 0.025200
0 0.179400 0.622600 0.015000 0.025100
0 0.635500 0.895000 0.016400 0.023600
0 0.483100 0.430900 0.013100 0.030100
0 0.792400 0.703800 0.017300 0.021400
0 0.815300 0.339500 0.017500 0.023300
0 0.147300 0.315000 0.014500 0.022200
0 0.117400 0.340700 0.017500 0.022400
0 0.153600 0.247600 0.014600 0.019800
0 0.310900 0.681700 0.014700 0.020900
0 0.371400 0.681800 0.015000 0.022200
0 0.674000 0.305300 0.011900 0.030000
0 0.889800 0.801900 0.014600 0.021000
0 0.055900 0.815300 0.011800 0.030700
0 0.202600 0.358900 0.017900 0.019000
0 0.335700 0.489800 0.016300 0.022300
0 0.573600 0.168500 0.017200 0.021000
0 0.753400 0.280200 0.010500 0.033800
0 0.373700 0.280700 0.012100 0.033500
0 0.352600 0.016500 0.011200 0.028800
0 0.185500 0.343500 0.018800 0.019900
0 0.370200 0.083500 0.014600 0.019200
0 0.927100 0.955000 0.019200 0.020400
0 0.948000 0.816500 0.014000 0.027400
0 0.345500 0.603300 0.012700 0.032300
0 0.385500 0.785800 0.015100 0.023000
0 0.678400 0.210300 0.016100 0.022200
0 0.134000 0.240200 0.015000 0.021600
0 0.303700 0.727800 0.012000 0.024500
0 0.591400 0.477800 0.016200 0.026800
0 0.705600 0.241500 0.011500 0.033300
0 0.757400 0.431500 0.016200 0.021100
0 0.744700 0.659900 0.014300 0.026900
0 0.793500 0.377700 0.013300 0.026000
0 0.578700 0.347200 0.016100 0.026400
0 0.697900 0.689700 0.014100 0.020700
0 0.301600 0.240300 0.016000 0.019600
0 0.755300 0.829300 0.011900 0.034000
0 0.142500 0.815300 0.011400 0.030100
0 0.533600 0.076800 0.013300 0.028700
0 0.973700 0.414800 0.018500 0.021900
0 0.351500 0.983200 0.014100 0.019800
0 0.778400 0.580800 0.013700 0.023500
0 0.373400 0.769600 0.014600 0.026500
0 0.899200 0.359200 0.012500 0.029000
0 0.340400 0.140700 0.012800 0.018000
0 0.582800 0.923600 0.015300 0.023100
0 0.754900 0.019300 0.014500 0.024800
0 0.292200 0.477800 0.014200 0.025100
0 0.267800 0.498300 0.014400 0.022700
0 0.460600 0.409300 0.014900 0.023000
0 0.702700 0.307200 0.012800 0.022700
0 0.394200 0.222800 0.017100 0.019100
0 0.885100 0.404500 0.015700 0.023900
0 0.276800 0.917800 0.013600 0.023300
0 0.048900 0.514800 0.015700 0.021800
0 0.798600 0.097400 0.016400 0.023100
0 0.840700 0.986200 0.016200 0.020000
0 0.881900 0.501500 0.017800 0.020800
0 0.336100 0.765100 0.014700 0.023200
0 0.929400 0.057700 0.013200 0.020000
0 0.764400 0.715700 0.018900 0.019100
0 0.729600 0.661100 0.016100 0.021600
0 0.741000 0.469500 0.016100 0.019200
0 0.607600 0.280700 0.016500 0.017900
0 0.845100 0.847200 0.016300 0.026700
0 0.609500 0.235400 0.013000 0.021500
0 0.698600 0.426300 0.017700 0.018700
0 0.793100 0.548900 0.015300 0.021400
0 0.414300 0.877000 0.015200 0.020900
0 0.914800 0.247400 0.013900 0.028200
0 0.823200 0.285800 0.014400 0.020800
0 0.765300 0.421300 0.014800 0.025900
0 0.920900 0.713800 0.015200 0.021900
0 0.865300 0.071300 0.016500 0.021800
0 0.081700 0.614400 0.013100 0.021500
0 0.303100 0.797800 0.015600 0.019400
0 0.964100 0.623400 0.016300 0.022500
0 0.889400 0.333800 0.015600 0.023400
0 0.611100 0.428000 0.016600 0.021500
0 0.021500 0.615700 0.012000 0.032600
0 0.205300 0.877700 0.015500 0.021300
0 0.181100 0.364100 0.016200 0.021300
0 0.968300 0.372800 0.011500 0.029700
0 0.691100 0.451700 0.014700 0.022800
0 0.225800 0.867600 0.016500 0.022900
0 0.656700 0.501900 0.015400 0.027000
0 0.603200 0.466000 0.015200 0.024400
0 0.989000 0.890400 0.013500 0.022500
0 0.651200 0.208300 0.016300 0.023200
0 0.052800 0.178000 0.015700 0.024100
0 0.579900 0.722400 0.012900 0.030700
0 0.166300 0.177000 0.017200 0.019500
0 0.515100 0.309600 0.014800 0.022800
0 0.501200 0.060100 0.016800 0.023400
0 0.851800 0.459100 0.019500 0.020200
0 0.226500 0.729400 0.017100 0.020400
0 0.963900 0.073200 0.017800 0.021700
0 0.068700 0.751500 0.016800 0.019900
0 0.314500 0.807900 0.017500 0.019700
0 0.649000 0.347200 0.013900 0.027300
0 0.434500 0.327700 0.010400 0.032400
0 0.591300 0.176600 0.015300 0.021100
0 0.781000 0.372100 0.013300 0.024500
0 0.617200 0.961200 0.016100 0.022900
0 0.461500 0.530900 0.014200 0.026500
0 0.253600 0.835200 0.015100 0.024500
0 0.538800 0.672000 0.017800 0.022800
0 0.214600 0.140300 0.015400 0.021500
0 0.079600 0.335900 0.015200 0.023300
0 0.963500 0.815900 0.014500 0.026700
0 0.836500 0.769500 0.014500 0.020100
0 0.182100 0.027400 0.011700 0.027900
0 0.609800 0.669400 0.017000 0.025100
0 0.184200 0.122800 0.016200 0.019400
0 0.648600 0.876900 0.016500 0.023100
0 0.952000 0.127700 0.013400 0.027900
0 0.726300 0.347600 0.014600 0.021900
0 0.305300 0.223700 0.015600 0.020100
0 0.888500 0.171800 0.014600 0.023600
0 0.088600 0.710300 0.014300 0.024000
0 0.834400 0.877000 0.016800 0.023400
0 0.423400 0.691100 0.017900 0.021900
0 0.876100 0.519200 0.018100 0.021600
0 0.110800 0.185800 0.013800 0.028100
0 0.067300 0.032300 0.014300 0.022500
0 0.836000 0.570800 0.015800 0.020300
0 0.189000 0.214900 0.014400 0.022400
0 0.393000 0.494600 0.013100 0.030800
0 0.729200 0.864200 0.013600 0.026300
0 0.926200 0.019900 0.014900 0.022800
0 0.426400 0.015700 0.015100 0.025100
0 0.620500 0.289800 0.014800 0.020100
0 0.946600 0.452100 0.012100 0.029300
0 0.673400 0.791600 0.015500 0.021500
0 0.525800 0.045600 0.015300 0.023900
0 0.922400 0.551300 0.017500 0.020400
0 0.263500 0.770600 0.016400 0.021300
0 0.779700 0.160000 0.015100 0.022400
0 0.530500 0.521300 0.013100 0.032100
0 0.564900 0.943000 0.018600 0.020400
0 0.891700 0.633900 0.016100 0.016400
0 0.993100 0.018000 0.011300 0.025100
0 0.079000 0.173400 0.013900 0.025100
0 0.807800 0.835600 0.016600 0.021300
0 0.033300 0.030900 0.017800 0.021600
0 0.009700 0.133900 0.015500 0.021700
0 0.783900 0.677600 0.017100 0.023400
0 0.211300 0.339200 0.016500 0.020900
0 0.012109 0.188889 0.011719 0.027778
0 0.053906 0.038194 0.014062 0.026389
0 0.071484 0.549306 0.013281 0.023611
0 0.062500 0.533333 0.010937 0.027778
0 0.208984 0.472917 0.011719 0.034722
0 0.207031 0.812500 0.014062 0.022222
0 0.217578 0.713194 0.011719 0.029167
0 0.198828 0.620139 0.013281 0.026389
0 0.249219 0.590278 0.014062 0.027778
0 0.239453 0.711806 0.014844 0.020833
0 0.319922 0.825694 0.013281 0.029167
0 0.287891 0.842361 0.011719 0.023611
0 0.283594 0.853472 0.015625 0.023611
0 0.362500 0.888194 0.012500 0.023611
0 0.362109 0.489583 0.013281 0.031944
0 0.327734 0.335417 0.011719 0.026389
0 0.287109 0.072917 0.011719 0.029167
0 0.300391 0.201389 0.013281 0.022222
0 0.443359 0.122222 0.011719 0.030556
0 0.337500 0.543056 0.014062 0.022222
0 0.475391 0.776389 0.013281 0.027778
0 0.478516 0.697917 0.011719 0.023611
0 0.500781 0.647917 0.012500 0.029167
0 0.538281 0.956944 0.015625 0.022222
0 0.592969 0.911806 0.014062 0.029167
0 0.586719 0.799306 0.015625 0.023611
0 0.573438 0.525000 0.018750 0.022222
0 0.600000 0.341667 0.015625 0.022222
0 0.595703 0.156944 0.017969 0.022222
0 0.637891 0.608333 0.013281 0.030556
0 0.680859 0.961111 0.014844 0.025000
0 0.724219 0.763194 0.015625 0.029167
0 0.650391 0.950000 0.013281 0.033333
0 0.563281 0.391667 0.014062 0.022222
0 0.498828 0.317361 0.014844 0.023611
0 0.324219 0.084722 0.015625 0.027778
0 0.146484 0.012500 0.014844 0.022222
0 0.057813 0.126389 0.015625 0.022222
0 0.048828 0.095833 0.013281 0.019444
0 0.446094 0.190972 0.010937 0.026389
0 0.379297 0.234028 0.013281 0.020833
0 0.592969 0.595833 0.012500 0.027778
0 0.660156 0.120833 0.012500 0.027778
0 0.651172 0.125000 0.013281 0.025000
0 0.680859 0.264583 0.011719 0.034722
0 0.664844 0.382639 0.015625 0.023611
0 0.701172 0.487500 0.016406 0.025000
0 0.762500 0.611111 0.015625 0.022222
0 0.765234 0.388889 0.011719 0.030556
0 0.823047 0.062500 0.013281 0.019444
0 0.975391 0.125694 0.017969 0.026389
0 0.986719 0.179167 0.014062 0.025000
0 0.977734 0.304167 0.011719 0.030556
0 0.911719 0.475694 0.014062 0.031944
0 0.934766 0.429861 0.011719 0.029167
0 0.945703 0.400694 0.010156 0.026389
0 0.933984 0.397222 0.010156 0.025000
0 0.852734 0.396528 0.016406 0.023611
0 0.928516 0.700000 0.011719 0.025000
0 0.985937 0.651389 0.018750 0.025000
0 0.495703 0.627083 0.017969 0.018056
0 0.487500 0.619444 0.018750 0.019444
0 0.421875 0.472917 0.009375 0.023611
0 0.415625 0.475694 0.009375 0.029167
0 0.595703 0.511806 0.016406 0.023611
0 0.603906 0.550694 0.012500 0.029167
0 0.611719 0.565972 0.015625 0.020833
0 0.834375 0.447222 0.015625 0.019444
0 0.892187 0.191667 0.014062 0.022222
0 0.987500 0.919444 0.014062 0.019444
0 0.947266 0.962500 0.010156 0.022222
0 0.951953 0.968750 0.010156 0.020833
0 0.987500 0.152778 0.014062 0.019444
0 0.838281 0.104167 0.015625 0.025000
0 0.832031 0.109028 0.014062 0.023611
0 0.489062 0.027778 0.014062 0.019444
0 0.307422 0.011111 0.014844 0.016667
0 0.296094 0.021528 0.014062 0.018056
0 0.393359 0.012500 0.013281 0.019444
0 0.080078 0.011111 0.013281 0.016667
0 0.013281 0.955556 0.014062 0.025000
0 0.240625 0.402778 0.014062 0.022222
0 0.508984 0.162500 0.011719 0.025000
0 0.632422 0.731250 0.010156 0.031944
0 0.713672 0.684028 0.014844 0.018056
0 0.680078 0.645833 0.013281 0.019444
0 0.943359 0.524306 0.013281 0.023611
0 0.916797 0.379167 0.013281 0.027778
0 0.972656 0.549306 0.014062 0.023611
0 0.986328 0.547917 0.011719 0.026389
0 0.915625 0.083333 0.012500 0.022222
0 0.908984 0.071528 0.013281 0.023611
0 0.685938 0.183333 0.010937 0.027778
0 0.330078 0.029861 0.013281 0.023611
0 0.857813 0.100694 0.014062 0.018056
0 0.860156 0.109722 0.017188 0.022222
0 0.864062 0.182639 0.012500 0.029167
0 0.990625 0.290278 0.012500 0.027778
0 0.809766 0.625694 0.010156 0.026389
0 0.894141 0.902083 0.014844 0.029167
0 0.854688 0.939583 0.017188 0.026389
0 0.850781 0.957639 0.012500 0.026389
0 0.840625 0.948611 0.020312 0.022222
