0 0.204800 0.717800 0.015800 0.020500
0 0.894500 0.741500 0.015500 0.023700
0 0.196900 0.491000 0.015600 0.021000
0 0.868400 0.932000 0.015900 0.021600
0 0.444500 0.118400 0.018100 0.020900
0 0.705700 0.847100 0.017700 0.020000
0 0.469600 0.132000 0.014300 0.020700
0 0.132400 0.793800 0.018400 0.022300
0 0.815200 0.458600 0.017900 0.022700
0 0.805500 0.519700 0.016100 0.019100
0 0.735300 0.866000 0.017100 0.021300
0 0.065000 0.767100 0.016200 0.021400
0 0.090100 0.866600 0.017500 0.024300
0 0.118800 0.608900 0.016500 0.019200
0 0.702900 0.156500 0.016800 0.019700
0 0.718800 0.869100 0.017300 0.021600
0 0.406700 0.531900 0.014100 0.022700
0 0.078400 0.216300 0.016400 0.022800
0 0.654700 0.228700 0.017100 0.020000
0 0.197900 0.407500 0.016200 0.021300
0 0.384300 0.094000 0.015700 0.026800
0 0.296100 0.692700 0.016200 0.022300
0 0.167600 0.157900 0.016400 0.023700
0 0.446900 0.568800 0.014000 0.024500
0 0.934500 0.768900 0.014200 0.024000
0 0.516400 0.540900 0.015900 0.023400
0 0.569400 0.269700 0.017800 0.019300
0 0.645100 0.020500 0.014800 0.023600
0 0.244300 0.640600 0.015800 0.019900
0 0.146500 0.767300 0.019400 0.021600
0 0.741300 0.628600 0.016200 0.021600
0 0.795800 0.892900 0.015100 0.022600
0 0.741500 0.107400 0.011900 0.023200
0 0.869100 0.752100 0.016600 0.021200
0 0.757400 0.669400 0.015200 0.024200
0 0.054200 0.783700 0.015400 0.023300
0 0.342100 0.958700 0.013900 0.023900
0 0.509900 0.078300 0.016700 0.022200
0 0.828300 0.304700 0.017100 0.020500
0 0.057300 0.514800 0.017600 0.019800
0 0.940400 0.114400 0.018300 0.020800
0 0.281800 0.864600 0.017200 0.022400
0 0.851600 0.079500 0.014200 0.026300
0 0.815100 0.958900 0.018400 0.021600
0 0.820800 0.184100 0.014000 0.024400
0 0.307800 0.597000 0.014700 0.022900
0 0.668200 0.597200 0.015900 0.023600
0 0.905100 0.357400 0.016300 0.024500
0 0.130000 0.320900 0.017800 0.023000
0 0.782600 0.173000 0.016000 0.021400
0 0.109200 0.222300 0.013900 0.025800
0 0.630500 0.941000 0.015100 0.025500
0 0.220900 0.046300 0.016600 0.023500
0 0.496300 0.827000 0.016700 0.023500
0 0.828500 0.941500 0.017100 0.022400
0 0.903900 0.557000 0.019100 0.022100
0 0.209900 0.078100 0.015600 0.023000
0 0.029800 0.447700 0.015700 0.019700
0 0.736100 0.592700 0.016500 0.020700
0 0.147200 0.367800 0.016900 0.021600
0 0.589600 0.053200 0.014000 0.023700
0 0.546000 0.959200 0.015100 0.023700
0 0.005200 0.978800 0.011300 0.022000
0 0.760200 0.029900 0.018300 0.020800
0 0.455900 0.420600 0.014000 0.026800
0 0.473100 0.817300 0.016200 0.023100
0 0.177500 0.755700 0.018500 0.021900
0 0.718100 0.789800 0.016100 0.022400
0 0.241300 0.943500 0.017500 0.021400
0 0.465200 0.858400 0.017300 0.022000
0 0.189000 0.357100 0.015900 0.022200
0 0.584900 0.902400 0.014000 0.026800
0 0.460600 0.505800 0.013300 0.024700
0 0.215200 0.172200 0.014600 0.025100
0 0.606000 0.265800 0.016000 0.021000
0 0.068100 0.744300 0.013800 0.024100
0 0.514900 0.517600 0.015500 0.026000
0 0.560000 0.928000 0.014200 0.025800
0 0.416400 0.302100 0.017700 0.022900
0 0.815900 0.528500 0.017600 0.018500
0 0.046700 0.205800 0.017200 0.021600
0 0.709200 0.539900 0.014700 0.028800
0 0.211100 0.234700 0.015400 0.026600
0 0.314300 0.318400 0.015900 0.024500
0 0.192300 0.657800 0.016100 0.019100
0 0.669700 0.566800 0.013700 0.028700
0 0.889300 0.705000 0.013200 0.025400
0 0.039500 0.822600 0.018200 0.021000
0 0.048500 0.967300 0.015000 0.022300
0 0.315100 0.433500 0.017900 0.024900
0 0.371600 0.735400 0.014300 0.027900
0 0.401900 0.946800 0.014500 0.027200
0 0.286100 0.903400 0.016000 0.024200
0 0.027600 0.208000 0.018000 0.023400
0 0.060900 0.930900 0.014500 0.028200
0 0.660300 0.219900 0.015800 0.021500
0 0.247100 0.972200 0.016100 0.024000
0 0.519000 0.766000 0.013400 0.027800
0 0.572600 0.335600 0.017300 0.022700
0 0.305400 0.730200 0.013200 0.028600
0 0.203300 0.659100 0.015200 0.018800
0 0.768200 0.141600 0.014200 0.025500
0 0.551900 0.596500 0.019000 0.021900
0 0.968500 0.641400 0.020400 0.022500
0 0.588600 0.519300 0.014600 0.025200
0 0.740000 0.032600 0.016500 0.022700
0 0.040000 0.946000 0.016000 0.023100
0 0.215700 0.658400 0.015400 0.017700
0 0.654600 0.355000 0.014200 0.021600
0 0.167600 0.277300 0.014200 0.026000
0 0.569300 0.416400 0.013000 0.031300
0 0.685000 0.856800 0.020300 0.019400
0 0.660900 0.309200 0.016900 0.019600
0 0.480000 0.530100 0.014100 0.027800
0 0.508500 0.952700 0.012500 0.021000
0 0.607800 0.514700 0.016200 0.024600
0 0.568700 0.597300 0.017400 0.023000
0 0.578000 0.898100 0.013600 0.025300
0 0.309500 0.577000 0.013700 0.022600
0 0.585400 0.858600 0.014000 0.027600
0 0.526900 0.939600 0.014900 0.021700
0 0.168500 0.945300 0.016400 0.022700
0 0.556100 0.717400 0.014000 0.025700
0 0.645700 0.679700 0.013600 0.027000
0 0.008500 0.085500 0.012700 0.021600
0 0.371400 0.093300 0.014800 0.022800
0 0.839600 0.176600 0.016100 0.021600
0 0.023700 0.682100 0.014300 0.027900
0 0.048700 0.119400 0.014600 0.025500
0 0.106000 0.354200 0.013800 0.026400
0 0.954100 0.801900 0.013900 0.019800
0 0.938900 0.666600 0.015200 0.023400
0 0.955900 0.015600 0.017300 0.023600
0 0.920200 0.842600 0.015600 0.022400
0 0.308800 0.146300 0.017600 0.018500
0 0.622900 0.222600 0.013300 0.029300
0 0.615700 0.127500 0.014500 0.027900
0 0.218900 0.720000 0.015700 0.018800
0 0.297600 0.216800 0.012100 0.032000
0 0.685200 0.069100 0.011400 0.018100
0 0.714900 0.966300 0.020000 0.023800
0 0.646500 0.644100 0.011700 0.033400
0 0.592100 0.497800 0.012600 0.026400
0 0.143800 0.778200 0.019100 0.019900
0 0.749000 0.605200 0.015100 0.022000
0 0.007000 0.670100 0.013100 0.022900
0 0.354800 0.631100 0.011200 0.033500
0 0.721700 0.323200 0.017100 0.021500
0 0.679300 0.816600 0.016900 0.025500
0 0.192100 0.859600 0.012800 0.030800
0 0.769200 0.613900 0.015800 0.022400
0 0.831000 0.636400 0.015400 0.023300
0 0.948700 0.242300 0.012300 0.031400
0 0.804700 0.859700 0.011100 0.034300
0 0.647000 0.945800 0.012000 0.031200
0 0.738500 0.129400 0.015700 0.019600
0 0.070900 0.115100 0.013200 0.025900
0 0.266300 0.338700 0.017600 0.020700
0 0.360100 0.035500 0.012800 0.023900
0 0.861600 0.526400 0.017600 0.020400
0 0.171300 0.031500 0.013400 0.032900
0 0.484500 0.383300 0.014200 0.023700
0 0.219000 0.197900 0.015100 0.026300
0 0.048200 0.839700 0.017600 0.024900
0 0.393000 0.063600 0.016000 0.021300
0 0.463600 0.159600 0.012700 0.018700
0 0.763700 0.818900 0.015800 0.020700
0 0.673100 0.939400 0.016500 0.027900
0 0.318000 0.589600 0.012900 0.022600
0 0.090400 0.689900 0.012600 0.029300
0 0.369700 0.072400 0.015800 0.020100
0 0.043100 0.730200 0.012700 0.028000
0 0.397300 0.590100 0.009800 0.024200
0 0.616400 0.095100 0.013400 0.023300
0 0.863500 0.106900 0.012700 0.031800
0 0.270900 0.540000 0.015600 0.023400
0 0.901300 0.634000 0.014800 0.023300
0 0.844400 0.735800 0.016000 0.020600
0 0.651400 0.577000 0.014900 0.026500
0 0.136400 0.383800 0.014600 0.022500
0 0.431200 0.240600 0.013300 0.022500
0 0.783600 0.536000 0.014200 0.021200
0 0.611200 0.573500 0.018000 0.021600
0 0.622900 0.183600 0.014600 0.020600
0 0.265000 0.186100 0.015200 0.020300
0 0.514100 0.935600 0.014100 0.021100
0 0.055600 0.684600 0.012300 0.030600
0 0.888800 0.028000 0.017300 0.023200
0 0.211700 0.469300 0.013000 0.027400
0 0.490800 0.415100 0.010400 0.030200
0 0.031900 0.014700 0.015200 0.022700
0 0.064300 0.353200 0.012200 0.031900
0 0.210600 0.427200 0.016500 0.023800
0 0.844900 0.484600 0.016900 0.026700
0 0.579900 0.371800 0.014900 0.026600
0 0.891600 0.823600 0.015400 0.021700
0 0.781900 0.823000 0.011200 0.023600
0 0.454100 0.120700 0.017300 0.019900
0 0.832500 0.739600 0.016500 0.018200
0 0.492000 0.447400 0.011800 0.031100
0 0.161500 0.617100 0.017000 0.020900
0 0.957600 0.790900 0.012800 0.022900
0 0.545100 0.148200 0.014700 0.022000
0 0.082800 0.345300 0.016300 0.021300
0 0.422800 0.196200 0.015000 0.020900
0 0.008300 0.302300 0.011800 0.029100
0 0.908200 0.257300 0.014600 0.023600
0 0.617300 0.477700 0.013200 0.034000
0 0.060800 0.529800 0.016500 0.019400
0 0.813400 0.154100 0.014900 0.021100
0 0.892800 0.420100 0.015400 0.022000
0 0.977200 0.333500 0.012700 0.032300
0 0.983200 0.364300 0.016300 0.023900
0 0.771300 0.836100 0.015500 0.018300
0 0.827300 0.676700 0.016300 0.020400
0 0.878600 0.173200 0.014600 0.027500
0 0.693000 0.614200 0.014200 0.023900
0 0.581800 0.678100 0.016500 0.024200
0 0.461400 0.064900 0.012500 0.030200
0 0.356200 0.189400 0.014800 0.026300
0 0.838500 0.521000 0.016200 0.022700
0 0.323400 0.873500 0.012900 0.028800
0 0.990600 0.776700 0.011200 0.026400
0 0.808200 0.048900 0.015100 0.022500
0 0.179800 0.636400 0.015900 0.020400
0 0.688900 0.633500 0.013800 0.025300
0 0.189800 0.306500 0.018000 0.019500
0 0.889400 0.859200 0.014600 0.023600
0 0.925900 0.845900 0.016100 0.021300
0 0.940100 0.646900 0.014100 0.020600
0 0.260900 0.876300 0.015200 0.025900
0 0.416600 0.276700 0.015300 0.026800
0 0.051700 0.660900 0.013000 0.023300
0 0.433700 0.526700 0.012600 0.029000
0 0.578600 0.964300 0.014600 0.022500
0 0.950600 0.477600 0.014800 0.026400
0 0.920100 0.898500 0.011700 0.027100
0 0.960300 0.951600 0.014800 0.027200
0 0.073828 0.287500 0.017969 0.022222
0 0.146484 0.510417 0.011719 0.029167
0 0.106250 0.842361 0.012500 0.029167
0 0.116406 0.898611 0.012500 0.033333
0 0.212500 0.762500 0.014062 0.027778
0 0.374609 0.646528 0.014844 0.029167
0 0.442578 0.553472 0.016406 0.023611
0 0.701172 0.972917 0.011719 0.020833
0 0.711719 0.983333 0.015625 0.016667
0 0.764453 0.648611 0.013281 0.027778
0 0.949219 0.360417 0.015625 0.026389
0 0.925000 0.247917 0.015625 0.034722
0 0.932031 0.174306 0.017188 0.031944
0 0.787891 0.021528 0.013281 0.029167
0 0.599219 0.036111 0.014062 0.033333
0 0.508984 0.150694 0.013281 0.031944
0 0.424219 0.020139 0.018750 0.023611
0 0.400391 0.322917 0.011719 0.031944
0 0.330078 0.213194 0.014844 0.034722
0 0.296484 0.261111 0.016406 0.033333
0 0.295312 0.313194 0.017188 0.023611
0 0.167187 0.490278 0.015625 0.025000
0 0.375781 0.016667 0.014062 0.027778
0 0.981250 0.503472 0.015625 0.023611
0 0.227344 0.575694 0.015625 0.023611
0 0.683594 0.013889 0.015625 0.013889
