0 0.354400 0.441100 0.015300 0.023200
0 0.320700 0.283700 0.017500 0.022300
0 0.866000 0.443800 0.016700 0.022100
0 0.333700 0.368400 0.014700 0.025300
0 0.568900 0.183000 0.015700 0.021600
0 0.416500 0.483100 0.015300 0.023100
0 0.553800 0.194300 0.015600 0.021300
0 0.119000 0.177700 0.016500 0.021200
0 0.332500 0.615400 0.015300 0.022700
0 0.080400 0.031300 0.014800 0.021100
0 0.257300 0.381100 0.017400 0.022700
0 0.605900 0.193500 0.017500 0.020100
0 0.940200 0.092800 0.017700 0.020500
0 0.072700 0.905900 0.017300 0.021100
0 0.206000 0.257800 0.016600 0.022900
0 0.255900 0.428600 0.017200 0.021200
0 0.760000 0.867900 0.016400 0.023700
0 0.534600 0.454800 0.017800 0.020200
0 0.832000 0.744500 0.014500 0.023100
0 0.622300 0.168100 0.015100 0.021200
0 0.403300 0.143900 0.013000 0.026500
0 0.190900 0.619600 0.016300 0.023200
0 0.594200 0.130700 0.014900 0.022500
0 0.647700 0.256100 0.018500 0.021600
0 0.543600 0.503000 0.014200 0.024600
0 0.954300 0.894700 0.017000 0.022700
0 0.791400 0.131700 0.016000 0.021700
0 0.507500 0.072200 0.016400 0.023800
0 0.122300 0.590700 0.017300 0.022800
0 0.390400 0.253900 0.016100 0.023400
0 0.622200 0.068000 0.016900 0.023400
0 0.610400 0.284400 0.019000 0.021800
0 0.020700 0.528700 0.016300 0.024900
0 0.280600 0.533600 0.015200 0.018700
0 0.777700 0.556800 0.015400 0.023200
0 0.009900 0.242300 0.017600 0.023500
0 0.296900 0.444900 0.017800 0.021400
0 0.784800 0.165800 0.016300 0.021800
0 0.827900 0.618900 0.018800 0.022300
0 0.153200 0.643300 0.017600 0.025400
0 0.135600 0.842000 0.017300 0.022600
0 0.171900 0.715500 0.018100 0.020400
0 0.867900 0.232000 0.016800 0.027100
0 0.153300 0.479700 0.016600 0.024300
0 0.178000 0.267000 0.015300 0.025400
0 0.080900 0.797900 0.016900 0.023400
0 0.155100 0.215500 0.016500 0.023100
0 0.234100 0.869700 0.017100 0.025600
0 0.018500 0.869800 0.019000 0.024100
0 0.840200 0.045600 0.018200 0.022200
0 0.606600 0.855500 0.017200 0.024000
0 0.010900 0.441400 0.018700 0.020800
0 0.106100 0.340100 0.014700 0.022400
0 0.068900 0.258300 0.018300 0.020500
0 0.555300 0.415100 0.014400 0.024900
0 0.047400 0.591800 0.016300 0.024200
0 0.494400 0.458100 0.016100 0.023900
0 0.051700 0.618300 0.016400 0.021800
0 0.571800 0.944100 0.014700 0.026700
0 0.218000 0.558900 0.015700 0.020300
0 0.456300 0.831000 0.017700 0.023300
0 0.627300 0.214300 0.016800 0.022400
0 0.260700 0.566500 0.017100 0.020300
0 0.744200 0.539700 0.016200 0.022000
0 0.354800 0.579200 0.015500 0.025300
0 0.493400 0.394200 0.016500 0.020600
0 0.659200 0.605400 0.016000 0.023500
0 0.830400 0.142800 0.014900 0.025000
0 0.509800 0.708100 0.014700 0.023900
0 0.757800 0.227700 0.015700 0.023400
0 0.540000 0.029000 0.019300 0.022900
0 0.465900 0.282900 0.015600 0.026000
0 0.257900 0.406100 0.016100 0.021500
0 0.346700 0.733100 0.014100 0.024200
0 0.392400 0.026800 0.018700 0.021200
0 0.228800 0.935200 0.017500 0.023700
0 0.706700 0.652500 0.014000 0.024900
0 0.453500 0.619600 0.018300 0.022200
0 0.680900 0.617900 0.013500 0.028100
0 0.116300 0.672100 0.017300 0.019800
0 0.752800 0.707800 0.013500 0.028100
0 0.522900 0.639300 0.018200 0.022700
0 0.606900 0.967900 0.016000 0.026900
0 0.592700 0.096900 0.014800 0.026500
0 0.042800 0.290100 0.019200 0.018600
0 0.871100 0.834300 0.014200 0.026300
0 0.685800 0.854200 0.015100 0.024500
0 0.659300 0.928200 0.014500 0.023400
0 0.816200 0.770200 0.012400 0.029500
0 0.626900 0.268100 0.020000 0.020000
0 0.077900 0.767700 0.015800 0.025500
0 0.867500 0.059900 0.015200 0.025500
0 0.141600 0.431300 0.013400 0.026700
0 0.803800 0.902100 0.017400 0.023500
0 0.492800 0.034200 0.015400 0.027200
0 0.939300 0.893100 0.017600 0.024200
0 0.045800 0.740500 0.015500 0.025900
0 0.729900 0.630300 0.014000 0.021300
0 0.007700 0.266300 0.014500 0.026900
0 0.048700 0.117800 0.014600 0.024000
0 0.770300 0.115200 0.016200 0.023200
0 0.692000 0.689300 0.016800 0.022000
0 0.140100 0.465300 0.016000 0.026500
0 0.185700 0.169100 0.015300 0.026700
0 0.383800 0.667200 0.012200 0.030200
0 0.245800 0.223600 0.016900 0.022700
0 0.902400 0.080400 0.015700 0.018600
0 0.797400 0.602700 0.017500 0.024300
0 0.508200 0.018000 0.014900 0.028100
0 0.205000 0.092500 0.013000 0.029000
0 0.282400 0.611000 0.016500 0.021100
0 0.847000 0.752600 0.014500 0.024500
0 0.288800 0.590600 0.016800 0.021400
0 0.441500 0.126400 0.015500 0.020300
0 0.570200 0.452400 0.014400 0.025100
0 0.720700 0.202400 0.014400 0.026400
0 0.810300 0.483800 0.017000 0.023900
0 0.534500 0.864500 0.016100 0.024000
0 0.307200 0.214300 0.014100 0.021600
0 0.391300 0.708500 0.013000 0.030200
0 0.327000 0.802900 0.017900 0.024100
0 0.653600 0.547200 0.013000 0.028800
0 0.955800 0.434900 0.015900 0.025900
0 0.202000 0.147800 0.017700 0.023700
0 0.164400 0.404100 0.014500 0.023500
0 0.306700 0.834700 0.013800 0.030000
0 0.205500 0.535400 0.014000 0.023100
0 0.176300 0.757500 0.018500 0.018900
0 0.035700 0.434900 0.018700 0.021500
0 0.773300 0.441000 0.015200 0.024600
0 0.201300 0.908400 0.012400 0.032200
0 0.019700 0.341600 0.012700 0.031700
0 0.763700 0.840900 0.016800 0.022000
0 0.220200 0.083800 0.012100 0.034000
0 0.182500 0.384200 0.013300 0.028800
0 0.698600 0.021600 0.016000 0.026100
0 0.701500 0.969100 0.014200 0.024400
0 0.710800 0.554700 0.014100 0.027900
0 0.691500 0.902600 0.012200 0.028400
0 0.219200 0.639600 0.012500 0.028200
0 0.288700 0.283200 0.014200 0.028800
0 0.709300 0.676400 0.016300 0.021800
0 0.257600 0.629300 0.015800 0.023400
0 0.722700 0.744100 0.012800 0.033000
0 0.534700 0.373000 0.017100 0.022800
0 0.409300 0.021000 0.014800 0.028300
0 0.553800 0.482700 0.016100 0.022600
0 0.982300 0.833200 0.016800 0.022100
0 0.063700 0.585100 0.016200 0.025600
0 0.676600 0.904400 0.015600 0.023000
0 0.176100 0.954200 0.015200 0.025100
0 0.468900 0.015100 0.013400 0.027900
0 0.082900 0.251900 0.016300 0.020800
0 0.832600 0.346000 0.017500 0.024500
0 0.894700 0.494500 0.018400 0.020000
0 0.376400 0.290300 0.018400 0.022000
0 0.217700 0.764300 0.017700 0.024500
0 0.561100 0.577800 0.017200 0.024700
0 0.835400 0.529200 0.016500 0.018600
0 0.878100 0.873000 0.012700 0.026700
0 0.778000 0.190000 0.012900 0.027500
0 0.240200 0.811100 0.018000 0.023100
0 0.326100 0.671500 0.014400 0.025300
0 0.477100 0.565300 0.015700 0.023500
0 0.983800 0.340100 0.015100 0.025600
0 0.892400 0.886000 0.014400 0.025000
0 0.077700 0.851300 0.018200 0.022000
0 0.671300 0.697700 0.014100 0.028100
0 0.639100 0.171200 0.017300 0.021600
0 0.818200 0.639500 0.015400 0.027000
0 0.490300 0.984100 0.016500 0.024000
0 0.065600 0.983000 0.015800 0.026900
0 0.613400 0.529700 0.012000 0.033300
0 0.516400 0.860900 0.017500 0.023900
0 0.085800 0.823000 0.017500 0.022700
0 0.467800 0.589300 0.017200 0.024200
0 0.726100 0.160100 0.011600 0.030400
0 0.260300 0.641800 0.014900 0.022400
0 0.127100 0.951400 0.017400 0.022400
0 0.113500 0.466200 0.017900 0.023900
0 0.750900 0.108200 0.011300 0.035000
0 0.486400 0.321800 0.015400 0.026800
0 0.328500 0.020000 0.016000 0.024400
0 0.497300 0.435700 0.016900 0.023300
0 0.157000 0.302000 0.014900 0.018600
0 0.534700 0.397000 0.015300 0.023500
0 0.751300 0.969700 0.015500 0.020200
0 0.159700 0.128500 0.015800 0.020800
0 0.590000 0.673800 0.016700 0.027900
0 0.111400 0.606900 0.016400 0.021400
0 0.390600 0.483900 0.018000 0.021200
0 0.864700 0.772700 0.014800 0.020500
0 0.672300 0.935600 0.013700 0.027500
0 0.128300 0.402300 0.014700 0.023800
0 0.366400 0.183000 0.016400 0.020600
0 0.090000 0.038900 0.015400 0.019800
0 0.016400 0.813900 0.016900 0.023200
0 0.054500 0.278900 0.014700 0.018600
0 0.756700 0.610400 0.014000 0.028300
0 0.736700 0.906200 0.012600 0.030400
0 0.143200 0.698100 0.012600 0.027200
0 0.610500 0.840800 0.017600 0.024800
0 0.961300 0.297500 0.012100 0.033300
0 0.676900 0.723200 0.014800 0.026100
0 0.524500 0.484500 0.012100 0.025900
0 0.396000 0.634700 0.016700 0.021400
0 0.317187 0.010417 0.017188 0.018056
0 0.312109 0.270139 0.013281 0.029167
0 0.362109 0.941667 0.016406 0.030556
0 0.188281 0.656944 0.015625 0.022222
0 0.570703 0.815278 0.011719 0.036111
0 0.532422 0.945833 0.013281 0.025000
0 0.532422 0.914583 0.011719 0.034722
0 0.912109 0.786806 0.014844 0.029167
0 0.980469 0.427083 0.014062 0.023611
0 0.970703 0.433333 0.014844 0.025000
0 0.962500 0.088889 0.018750 0.027778
0 0.949609 0.015278 0.019531 0.016667
0 0.800391 0.118056 0.013281 0.030556
0 0.598047 0.836111 0.014844 0.036111
0 0.471094 0.472222 0.015625 0.036111
0 0.512500 0.201389 0.014062 0.036111
0 0.864453 0.863194 0.011719 0.029167
0 0.920703 0.954167 0.016406 0.027778
0 0.991016 0.886806 0.014844 0.034722
0 0.989844 0.287500 0.015625 0.027778
0 0.980078 0.095833 0.014844 0.027778
0 0.982422 0.025000 0.011719 0.033333
0 0.971875 0.029861 0.015625 0.031944
0 0.202734 0.854167 0.010156 0.027778
0 0.196875 0.863889 0.010937 0.025000
0 0.028125 0.602083 0.014062 0.026389
0 0.370703 0.036111 0.017969 0.025000
0 0.804688 0.983333 0.018750 0.022222
0 0.907031 0.678472 0.015625 0.029167
0 0.909375 0.613194 0.015625 0.026389
0 0.298828 0.476389 0.011719 0.027778
0 0.433984 0.147917 0.014844 0.020833
0 0.375391 0.929861 0.011719 0.031944
0 0.860156 0.182639 0.010937 0.026389
0 0.854297 0.189583 0.013281 0.023611
0 0.347266 0.027083 0.011719 0.031944
0 0.550000 0.266667 0.015625 0.033333
0 0.362109 0.385417 0.013281 0.029167
0 0.322266 0.361806 0.010156 0.026389
0 0.315625 0.352083 0.010937 0.026389
0 0.347266 0.987500 0.019531 0.019444
0 0.675000 0.815972 0.012500 0.029167
0 0.669531 0.835417 0.012500 0.034722
0 0.698438 0.981944 0.017188 0.019444
0 0.713281 0.979861 0.012500 0.020833
0 0.869531 0.896528 0.015625 0.018056
0 0.825000 0.365278 0.020312 0.027778
0 0.604688 0.075694 0.015625 0.023611
0 0.836719 0.447222 0.015625 0.025000
