0 0.442300 0.541800 0.015100 0.021800
0 0.906400 0.820000 0.016700 0.020700
0 0.666900 0.240000 0.016600 0.023000
0 0.121100 0.903400 0.017900 0.020900
0 0.345900 0.619800 0.016500 0.024000
0 0.432500 0.282800 0.015300 0.026300
0 0.378300 0.065800 0.015200 0.022300
0 0.266100 0.232900 0.015400 0.023100
0 0.158100 0.766300 0.016200 0.021500
0 0.509200 0.120700 0.015400 0.023100
0 0.705500 0.633400 0.013300 0.023500
0 0.222400 0.220800 0.015300 0.024500
0 0.203100 0.705600 0.014800 0.019400
0 0.931000 0.130400 0.016200 0.023100
0 0.878600 0.680700 0.014600 0.024500
0 0.927300 0.729600 0.015700 0.023500
0 0.952200 0.666800 0.014300 0.024500
0 0.216100 0.631000 0.016500 0.022800
0 0.715700 0.853600 0.018800 0.021700
0 0.804100 0.453700 0.016900 0.024900
0 0.073000 0.514600 0.018500 0.021500
0 0.160100 0.782200 0.017100 0.021600
0 0.583800 0.316500 0.015400 0.024600
0 0.740600 0.945300 0.016000 0.020800
0 0.642600 0.541600 0.016600 0.021300
0 0.945300 0.742200 0.013200 0.025900
0 0.340900 0.432800 0.015500 0.023400
0 0.732600 0.869000 0.019000 0.020500
0 0.206200 0.421500 0.014700 0.024500
0 0.656900 0.869600 0.016000 0.021200
0 0.128800 0.879000 0.019100 0.022600
0 0.458900 0.573000 0.015300 0.021400
0 0.231500 0.191500 0.014300 0.021600
0 0.491800 0.935600 0.016900 0.021100
0 0.234800 0.043100 0.018200 0.020700
0 0.041400 0.216200 0.016600 0.023200
0 0.022800 0.929200 0.017400 0.023100
0 0.008200 0.771900 0.014500 0.022300
0 0.070000 0.183400 0.016200 0.025700
0 0.746200 0.569300 0.014700 0.025500
0 0.143100 0.772600 0.016900 0.018600
0 0.633700 0.068100 0.016300 0.024700
0 0.458200 0.790600 0.017700 0.025500
0 0.202200 0.745000 0.015400 0.024000
0 0.016000 0.321700 0.014900 0.027500
0 0.766400 0.196400 0.014800 0.023700
0 0.845000 0.632800 0.016100 0.024300
0 0.826800 0.167200 0.017300 0.022300
0 0.445000 0.077800 0.017200 0.020600
0 0.247300 0.335100 0.018500 0.023600
0 0.069700 0.960200 0.016400 0.023000
0 0.105200 0.314600 0.015000 0.023300
0 0.614400 0.134100 0.014900 0.024900
0 0.608500 0.922200 0.015400 0.025400
0 0.807900 0.896600 0.017200 0.022900
0 0.421800 0.581800 0.016500 0.024300
0 0.743500 0.783400 0.015000 0.024400
0 0.043900 0.668300 0.014800 0.026300
0 0.580800 0.602200 0.018800 0.022600
0 0.041800 0.783800 0.012500 0.024600
0 0.318500 0.190900 0.015800 0.026300
0 0.510800 0.840900 0.016500 0.021100
0 0.754600 0.030700 0.018400 0.024300
0 0.215400 0.816100 0.015200 0.025400
0 0.882000 0.743600 0.016400 0.023200
0 0.723200 0.069300 0.011600 0.025700
0 0.989200 0.053600 0.012600 0.027800
0 0.718100 0.333400 0.016500 0.024500
0 0.859400 0.068400 0.014100 0.026500
0 0.589700 0.882000 0.014700 0.025400
0 0.696700 0.531100 0.015500 0.026800
0 0.693000 0.810800 0.018200 0.024800
0 0.854400 0.541500 0.019200 0.023900
0 0.127000 0.408000 0.014900 0.026400
0 0.219800 0.181000 0.013400 0.027200
0 0.779000 0.119100 0.015100 0.026700
0 0.797200 0.764300 0.016900 0.022600
0 0.217600 0.264900 0.015900 0.018900
0 0.653900 0.606000 0.014400 0.024400
0 0.727300 0.605200 0.014000 0.023300
0 0.592800 0.982500 0.015500 0.023300
0 0.417100 0.127900 0.017200 0.020700
0 0.672000 0.332400 0.015500 0.027600
0 0.271700 0.922400 0.016000 0.022600
0 0.878700 0.970900 0.016500 0.022400
0 0.443900 0.406200 0.015800 0.023500
0 0.752400 0.121000 0.017100 0.023600
0 0.621500 0.459200 0.015100 0.024200
0 0.365300 0.041100 0.014000 0.023000
0 0.357800 0.084500 0.015600 0.025900
0 0.064800 0.704500 0.013500 0.028500
0 0.967000 0.027200 0.018500 0.021000
0 0.218500 0.709600 0.013000 0.019300
0 0.294700 0.314300 0.017800 0.023400
0 0.048300 0.117800 0.013800 0.024500
0 0.090200 0.759500 0.016600 0.023200
0 0.798000 0.059100 0.017300 0.023700
0 0.008900 0.959500 0.016500 0.023200
0 0.272300 0.946600 0.017100 0.021900
0 0.644900 0.920100 0.014400 0.026600
0 0.156000 0.145900 0.018000 0.025900
0 0.131500 0.598000 0.016300 0.023600
0 0.195200 0.827900 0.013200 0.026100
0 0.545900 0.551700 0.015400 0.021600
0 0.181100 0.053600 0.016900 0.024400
0 0.143000 0.406200 0.013800 0.027100
0 0.944400 0.828700 0.015900 0.023400
0 0.380900 0.179900 0.016300 0.021100
0 0.431000 0.240100 0.013400 0.021100
0 0.309600 0.556000 0.012500 0.031800
0 0.521500 0.529800 0.013200 0.027700
0 0.101900 0.292700 0.015100 0.023500
0 0.172400 0.653000 0.015900 0.022000
0 0.443100 0.102400 0.017400 0.022300
0 0.073000 0.872200 0.016700 0.021100
0 0.273000 0.982000 0.017700 0.021800
0 0.264800 0.591400 0.017500 0.021900
0 0.193000 0.378400 0.012500 0.026100
0 0.521800 0.783100 0.012600 0.029900
0 0.477900 0.015900 0.016700 0.022300
0 0.416000 0.205200 0.016300 0.022500
0 0.052800 0.783100 0.012800 0.024500
0 0.790400 0.042000 0.017600 0.021900
0 0.580400 0.456200 0.014800 0.023800
0 0.101400 0.269800 0.012500 0.030500
0 0.182500 0.378700 0.011900 0.031200
0 0.930900 0.690200 0.015000 0.026600
0 0.045800 0.910400 0.016100 0.024700
0 0.105900 0.396200 0.011800 0.023900
0 0.301200 0.881800 0.015800 0.023000
0 0.542200 0.611400 0.018700 0.018900
0 0.931800 0.360900 0.015200 0.022400
0 0.641900 0.026600 0.016000 0.021200
0 0.564400 0.939100 0.016400 0.021900
0 0.226700 0.698100 0.012700 0.020400
0 0.970100 0.456000 0.013200 0.025300
0 0.918300 0.230800 0.013200 0.032900
0 0.617800 0.839500 0.015000 0.020000
0 0.877700 0.159100 0.013900 0.029500
0 0.760500 0.873100 0.019800 0.021800
0 0.802000 0.842000 0.012300 0.032500
0 0.055400 0.070200 0.013200 0.030100
0 0.573400 0.267800 0.018300 0.020900
0 0.028800 0.022000 0.016600 0.024900
0 0.851500 0.479500 0.018400 0.024100
0 0.304700 0.582800 0.012400 0.031200
0 0.163900 0.341200 0.015000 0.021900
0 0.795300 0.958500 0.018400 0.020900
0 0.576300 0.345500 0.013200 0.026800
0 0.205200 0.258900 0.014200 0.019800
0 0.511200 0.081100 0.015100 0.022700
0 0.021900 0.814000 0.015100 0.022200
0 0.593100 0.628200 0.011800 0.032000
0 0.626300 0.115200 0.015800 0.022700
0 0.135100 0.494100 0.012600 0.021600
0 0.860500 0.178000 0.016700 0.023300
0 0.039900 0.827800 0.011600 0.030800
0 0.785600 0.823600 0.017400 0.020300
0 0.857700 0.397900 0.015800 0.024100
0 0.479200 0.618200 0.016000 0.017500
0 0.441400 0.026200 0.017100 0.020500
0 0.020700 0.706000 0.013200 0.030700
0 0.252100 0.983600 0.014700 0.027000
0 0.457600 0.515300 0.013100 0.024400
0 0.701900 0.979000 0.015900 0.020200
0 0.066900 0.860000 0.014900 0.020900
0 0.418200 0.193100 0.018500 0.021400
0 0.285400 0.191800 0.012000 0.034200
0 0.008600 0.145000 0.016400 0.025200
0 0.973600 0.760200 0.017700 0.022300
0 0.979200 0.353800 0.014000 0.028900
0 0.517200 0.477700 0.012600 0.027400
0 0.657500 0.439100 0.017700 0.024100
0 0.839500 0.509200 0.018200 0.022100
0 0.326700 0.719200 0.017700 0.023800
0 0.818400 0.148300 0.013100 0.028000
0 0.840300 0.707900 0.014900 0.022100
0 0.209900 0.477200 0.014700 0.021600
0 0.843500 0.910600 0.015600 0.024900
0 0.581500 0.923000 0.013400 0.028900
0 0.148800 0.298200 0.015000 0.022300
0 0.629300 0.576200 0.016500 0.022000
0 0.501400 0.472300 0.011600 0.032800
0 0.076900 0.631900 0.015200 0.019600
0 0.764300 0.622400 0.013100 0.027600
0 0.835000 0.716600 0.015200 0.021400
0 0.881000 0.914500 0.014100 0.025800
0 0.686300 0.609400 0.011800 0.025900
0 0.621300 0.293300 0.016200 0.023500
0 0.969900 0.389000 0.013900 0.026600
0 0.915700 0.619900 0.019400 0.020000
0 0.064000 0.377700 0.012400 0.026500
0 0.036500 0.956100 0.017500 0.022000
0 0.265700 0.898100 0.013100 0.028600
0 0.619300 0.832100 0.014400 0.020300
0 0.973800 0.333900 0.017900 0.022400
0 0.079100 0.084600 0.011900 0.033300
0 0.616900 0.020400 0.016800 0.020900
0 0.670000 0.918300 0.011700 0.035100
0 0.342600 0.080900 0.012300 0.032900
0 0.694400 0.072900 0.010900 0.020700
0 0.534100 0.163900 0.015700 0.020100
0 0.458200 0.817500 0.012600 0.033800
0 0.418800 0.252900 0.011300 0.032900
0 0.564800 0.397900 0.013300 0.026400
0 0.613900 0.197500 0.013900 0.029400
0 0.486000 0.709700 0.010100 0.021800
0 0.123500 0.017100 0.016400 0.025500
0 0.394500 0.352400 0.011800 0.033700
0 0.984200 0.119700 0.021300 0.021000
0 0.898600 0.020200 0.017000 0.024300
0 0.841700 0.955800 0.014600 0.018400
0 0.161200 0.365400 0.016300 0.021000
0 0.734400 0.194300 0.014900 0.018900
0 0.777600 0.784100 0.012300 0.024600
0 0.361600 0.628300 0.011400 0.033500
0 0.194400 0.936300 0.016200 0.022300
0 0.688500 0.593100 0.015400 0.021700
0 0.014300 0.023900 0.019300 0.022700
0 0.955400 0.210600 0.012100 0.033500
0 0.151600 0.801300 0.017300 0.021600
0 0.407900 0.916900 0.011800 0.035300
0 0.726000 0.969300 0.017200 0.019800
0 0.907300 0.876300 0.015800 0.024100
0 0.223400 0.498000 0.015900 0.024100
0 0.920300 0.810900 0.014000 0.023900
0 0.635700 0.279600 0.017800 0.021200
0 0.965400 0.973300 0.016400 0.025800
0 0.873700 0.391400 0.017200 0.020900
0 0.931600 0.521100 0.017500 0.026200
0 0.398700 0.264800 0.014700 0.028300
0 0.288800 0.032900 0.014900 0.024000
0 0.708400 0.064300 0.013300 0.019800
0 0.098800 0.198000 0.015200 0.024500
0 0.021875 0.450000 0.018750 0.025000
0 0.024219 0.537500 0.020312 0.022222
0 0.150391 0.477083 0.011719 0.034722
0 0.160547 0.672917 0.013281 0.029167
0 0.348047 0.650000 0.014844 0.036111
0 0.291016 0.588194 0.014844 0.026389
0 0.147656 0.963194 0.012500 0.029167
0 0.360938 0.743750 0.015625 0.031944
0 0.331641 0.925694 0.013281 0.034722
0 0.537891 0.960417 0.017969 0.029167
0 0.550781 0.736111 0.014062 0.038889
0 0.641016 0.647222 0.011719 0.038889
0 0.731641 0.647917 0.014844 0.029167
0 0.936719 0.858333 0.014062 0.036111
0 0.598828 0.538194 0.014844 0.029167
0 0.847266 0.297222 0.016406 0.030556
0 0.854297 0.049306 0.014844 0.029167
0 0.593750 0.024306 0.012500 0.031944
0 0.598047 0.013194 0.016406 0.020833
0 0.375000 0.025000 0.012500 0.033333
0 0.289844 0.924306 0.017188 0.026389
0 0.272266 0.272222 0.013281 0.033333
0 0.753906 0.606250 0.012500 0.023611
0 0.755859 0.588194 0.011719 0.037500
0 0.985937 0.640972 0.017188 0.029167
