0 0.004700 0.106600 0.009000 0.022200
0 0.196100 0.605300 0.015400 0.020700
0 0.043200 0.416000 0.015300 0.020200
0 0.807200 0.521800 0.017700 0.018900
0 0.519400 0.145500 0.017000 0.022000
0 0.493000 0.419200 0.017000 0.023800
0 0.605900 0.215400 0.015800 0.022100
0 0.146600 0.654900 0.015500 0.022700
0 0.896800 0.443300 0.017100 0.023100
0 0.845700 0.757200 0.017800 0.021700
0 0.859900 0.159900 0.017100 0.021800
0 0.229700 0.066400 0.015000 0.023400
0 0.918700 0.491600 0.019500 0.021400
0 0.244800 0.358300 0.016300 0.021900
0 0.644900 0.154900 0.016300 0.022000
0 0.747700 0.641000 0.017600 0.022600
0 0.016600 0.553000 0.021500 0.020400
0 0.642700 0.830700 0.015200 0.026200
0 0.280800 0.291800 0.016100 0.021500
0 0.395800 0.780800 0.016100 0.024000
0 0.208800 0.121300 0.015300 0.024100
0 0.276900 0.208200 0.016100 0.023300
0 0.802400 0.115500 0.015800 0.023700
0 0.495200 0.067500 0.015100 0.023400
0 0.934100 0.730600 0.016700 0.024200
0 0.055200 0.080400 0.015000 0.022600
0 0.201600 0.928300 0.017000 0.021000
0 0.103600 0.845600 0.016300 0.025700
0 0.157800 0.704100 0.017500 0.019800
0 0.314000 0.640200 0.017500 0.021400
0 0.622100 0.659000 0.018500 0.024500
0 0.309400 0.391500 0.017400 0.023500
0 0.378100 0.822000 0.018800 0.021600
0 0.370000 0.715400 0.014900 0.028000
0 0.156300 0.582900 0.014700 0.024200
0 0.881600 0.381200 0.016100 0.025300
0 0.090300 0.407200 0.018000 0.018700
0 0.767300 0.553700 0.015900 0.023900
0 0.203500 0.426800 0.016600 0.023000
0 0.358700 0.595900 0.015300 0.025400
0 0.572900 0.143600 0.015700 0.023400
0 0.156200 0.480000 0.016800 0.026300
0 0.806400 0.554400 0.015500 0.024200
0 0.959800 0.733800 0.014600 0.026200
0 0.571900 0.978800 0.015200 0.023000
0 0.789200 0.791500 0.018200 0.019200
0 0.355500 0.277600 0.017000 0.023100
0 0.280500 0.444800 0.016200 0.024200
0 0.572400 0.556000 0.015800 0.023200
0 0.681400 0.247700 0.017100 0.025500
0 0.353600 0.855200 0.016200 0.024300
0 0.231300 0.790700 0.014600 0.024400
0 0.844500 0.252200 0.014800 0.027900
0 0.101100 0.566800 0.016000 0.023300
0 0.481300 0.042300 0.013700 0.025400
0 0.228000 0.191000 0.012000 0.027200
0 0.205100 0.946100 0.014700 0.023000
0 0.048700 0.117100 0.015100 0.022500
0 0.595600 0.116600 0.015400 0.026900
0 0.854400 0.422100 0.015000 0.026600
0 0.004500 0.408800 0.010200 0.024600
0 0.126700 0.823000 0.016900 0.024300
0 0.218300 0.981000 0.015800 0.024400
0 0.723500 0.733600 0.016100 0.025900
0 0.466400 0.321500 0.013600 0.029000
0 0.877200 0.958000 0.017600 0.019200
0 0.702600 0.732100 0.016600 0.022500
0 0.622800 0.133300 0.015200 0.026400
0 0.156300 0.302500 0.014300 0.024900
0 0.196400 0.667400 0.017200 0.021100
0 0.786100 0.508500 0.013200 0.024800
0 0.745700 0.152900 0.016500 0.021900
0 0.555500 0.820000 0.014300 0.029400
0 0.857800 0.071600 0.012400 0.029500
0 0.159900 0.971900 0.019500 0.022300
0 0.046600 0.785700 0.019300 0.023400
0 0.244000 0.039600 0.015200 0.024000
0 0.491900 0.042500 0.013200 0.023500
0 0.956900 0.080300 0.012900 0.029300
0 0.584500 0.810300 0.013900 0.024300
0 0.577200 0.533800 0.014400 0.020700
0 0.517700 0.464100 0.015600 0.023800
0 0.245600 0.719000 0.013000 0.028400
0 0.867400 0.634200 0.016600 0.026800
0 0.832000 0.868700 0.012400 0.022900
0 0.684000 0.958800 0.016300 0.025300
0 0.316200 0.416400 0.012700 0.027700
0 0.856100 0.097400 0.014500 0.023700
0 0.292600 0.427800 0.015700 0.024600
0 0.738900 0.093400 0.015500 0.020700
0 0.739400 0.190600 0.015000 0.025500
0 0.589300 0.745700 0.015100 0.027700
0 0.763900 0.517000 0.016400 0.022300
0 0.845400 0.157300 0.014000 0.026000
0 0.415400 0.556700 0.016500 0.024700
0 0.547700 0.897800 0.016500 0.024300
0 0.719500 0.940200 0.016200 0.026600
0 0.217500 0.735300 0.019000 0.021200
0 0.552100 0.743500 0.015500 0.022600
0 0.194900 0.751900 0.017300 0.021200
0 0.015700 0.696800 0.016000 0.023500
0 0.008200 0.767800 0.017400 0.021000
0 0.873200 0.607900 0.016800 0.024200
0 0.635500 0.057800 0.016900 0.018500
0 0.361200 0.507000 0.018300 0.023700
0 0.014100 0.745900 0.017900 0.021800
0 0.214400 0.908900 0.014000 0.029900
0 0.942700 0.845200 0.014200 0.030300
0 0.552300 0.464200 0.015300 0.022700
0 0.468500 0.423400 0.016000 0.023500
0 0.796000 0.231900 0.016000 0.025400
0 0.259400 0.035100 0.016900 0.022300
0 0.545400 0.297000 0.015100 0.024500
0 0.005500 0.807300 0.012600 0.019300
0 0.217100 0.105600 0.012000 0.031300
0 0.250900 0.602900 0.016600 0.022000
0 0.891100 0.015900 0.016300 0.023400
0 0.072400 0.658800 0.015800 0.023300
0 0.695800 0.857000 0.011600 0.032500
0 0.651100 0.728500 0.013000 0.029900
0 0.467500 0.645000 0.013500 0.022600
0 0.823000 0.807200 0.016200 0.017600
0 0.426200 0.971100 0.017000 0.023900
0 0.410600 0.693800 0.013300 0.028100
0 0.213800 0.777900 0.016600 0.021200
0 0.189400 0.117100 0.016100 0.025800
0 0.073800 0.933700 0.016600 0.022200
0 0.505900 0.665400 0.013100 0.027400
0 0.352000 0.534000 0.018200 0.021400
0 0.151800 0.726800 0.019100 0.018600
0 0.359000 0.889300 0.016700 0.024000
0 0.893700 0.947700 0.016500 0.022100
0 0.076200 0.317800 0.015500 0.024200
0 0.122400 0.235200 0.013400 0.026400
0 0.864000 0.909300 0.015800 0.023700
0 0.020800 0.229200 0.014900 0.030000
0 0.036200 0.203200 0.017600 0.023500
0 0.746400 0.831500 0.012000 0.033300
0 0.560100 0.885500 0.014800 0.024800
0 0.822700 0.926500 0.016900 0.021200
0 0.054700 0.547100 0.016500 0.020400
0 0.722300 0.654100 0.016100 0.022200
0 0.385100 0.173300 0.016300 0.021000
0 0.078400 0.534200 0.012900 0.032600
0 0.478100 0.521300 0.013500 0.029900
0 0.692800 0.939200 0.017200 0.023000
0 0.514600 0.359000 0.019200 0.020800
0 0.572000 0.307900 0.012100 0.030800
0 0.026600 0.116800 0.018800 0.021500
0 0.294900 0.952800 0.017700 0.021900
0 0.786300 0.927000 0.017500 0.022200
0 0.283300 0.956900 0.017400 0.022000
0 0.354100 0.359400 0.012800 0.025300
0 0.528700 0.940500 0.013100 0.029700
0 0.461100 0.659000 0.014400 0.021700
0 0.672800 0.889700 0.014600 0.026600
0 0.651200 0.134600 0.015500 0.019700
0 0.863500 0.818900 0.016600 0.022100
0 0.335500 0.535400 0.021400 0.022100
0 0.969000 0.061300 0.020000 0.020200
0 0.485400 0.932900 0.015100 0.021600
0 0.320300 0.596900 0.015900 0.020100
0 0.811300 0.460300 0.016900 0.019100
0 0.283700 0.227000 0.013800 0.026000
0 0.879600 0.901400 0.015200 0.021400
0 0.645600 0.866200 0.013400 0.030100
0 0.498300 0.672800 0.012600 0.023900
0 0.483600 0.458000 0.017300 0.022000
0 0.661000 0.879200 0.013100 0.033900
0 0.277300 0.052300 0.011700 0.028900
0 0.030800 0.423600 0.016000 0.021200
0 0.495000 0.939300 0.016200 0.021300
0 0.731100 0.685300 0.017500 0.023900
0 0.191300 0.622800 0.013400 0.022700
0 0.396200 0.451300 0.016700 0.022300
0 0.623300 0.976900 0.014000 0.022300
0 0.765900 0.914100 0.014700 0.024100
0 0.680500 0.664300 0.014100 0.030200
0 0.546300 0.118500 0.015900 0.022100
0 0.882800 0.039400 0.015100 0.024100
0 0.811600 0.189400 0.014500 0.024100
0 0.085600 0.977400 0.015700 0.021100
0 0.285900 0.347900 0.015400 0.021600
0 0.857300 0.344200 0.021100 0.017000
0 0.984700 0.466400 0.013300 0.029300
0 0.911400 0.861300 0.017200 0.022700
0 0.226200 0.235500 0.016000 0.024500
0 0.363700 0.036300 0.019000 0.022200
0 0.624100 0.560600 0.013800 0.026000
0 0.505600 0.404200 0.017400 0.022600
0 0.163700 0.794600 0.013100 0.030900
0 0.069700 0.873800 0.017300 0.024200
0 0.344800 0.368100 0.014100 0.023000
0 0.589600 0.334600 0.017900 0.020800
0 0.538500 0.631200 0.016500 0.026600
0 0.442700 0.983500 0.012500 0.025000
0 0.418800 0.697100 0.014600 0.022300
0 0.992800 0.329100 0.009900 0.030000
0 0.621300 0.742200 0.017100 0.029100
0 0.477800 0.127400 0.017100 0.017100
0 0.844600 0.865300 0.013100 0.020200
0 0.329000 0.435000 0.014600 0.027000
0 0.547500 0.090000 0.015900 0.022400
0 0.443400 0.872500 0.011800 0.035800
0 0.098438 0.217361 0.010937 0.037500
0 0.061719 0.376389 0.015625 0.025000
0 0.312500 0.777083 0.010937 0.031944
0 0.569922 0.031944 0.011719 0.038889
0 0.357031 0.425000 0.015625 0.038889
0 0.204297 0.475694 0.014844 0.031944
0 0.143750 0.563889 0.015625 0.025000
0 0.329688 0.915972 0.015625 0.023611
0 0.587891 0.905556 0.011719 0.033333
0 0.735156 0.850694 0.012500 0.026389
0 0.830469 0.973611 0.012500 0.030556
0 0.816016 0.714583 0.011719 0.031944
0 0.987500 0.813194 0.012500 0.040278
0 0.737500 0.607639 0.017188 0.029167
0 0.926562 0.225694 0.018750 0.031944
0 0.763672 0.153472 0.013281 0.031944
0 0.525391 0.559028 0.014844 0.031944
0 0.599219 0.288889 0.014062 0.030556
0 0.571094 0.127778 0.014062 0.022222
0 0.628125 0.025694 0.014062 0.029167
0 0.719922 0.802778 0.013281 0.030556
0 0.694922 0.756250 0.011719 0.034722
0 0.948438 0.909028 0.015625 0.023611
0 0.947656 0.928472 0.015625 0.023611
0 0.755469 0.979167 0.017188 0.022222
0 0.830078 0.118750 0.014844 0.026389
0 0.818750 0.135417 0.014062 0.023611
0 0.383984 0.424306 0.013281 0.029167
0 0.371875 0.429167 0.012500 0.027778
0 0.188281 0.389583 0.018750 0.029167
0 0.126172 0.714583 0.017969 0.023611
0 0.043359 0.454167 0.019531 0.022222
0 0.033594 0.463889 0.017188 0.016667
0 0.149219 0.211806 0.017188 0.018056
0 0.554297 0.855556 0.011719 0.030556
0 0.712500 0.493056 0.014062 0.038889
0 0.762109 0.450000 0.016406 0.030556
0 0.515234 0.268750 0.013281 0.026389
0 0.521094 0.301389 0.015625 0.022222
0 0.982813 0.749306 0.010937 0.031944
0 0.742969 0.679861 0.015625 0.023611
0 0.742578 0.701389 0.014844 0.022222
0 0.842578 0.956250 0.014844 0.023611
0 0.191406 0.823611 0.012500 0.025000
0 0.290234 0.322917 0.011719 0.031944
0 0.246094 0.298611 0.014062 0.019444
0 0.237109 0.311111 0.013281 0.025000
0 0.366016 0.229861 0.014844 0.034722
0 0.035547 0.159722 0.013281 0.025000
0 0.038672 0.142361 0.013281 0.029167
0 0.026953 0.778472 0.010156 0.031944
0 0.061719 0.010417 0.015625 0.018056
0 0.935938 0.676389 0.014062 0.019444
0 0.431250 0.149306 0.015625 0.018056
