0 0.318000 0.391000 0.016100 0.020700
0 0.505200 0.070200 0.014100 0.021100
0 0.218700 0.780600 0.017100 0.022000
0 0.791600 0.921300 0.017000 0.023600
0 0.709200 0.704700 0.016600 0.023100
0 0.258800 0.607400 0.016300 0.021300
0 0.820800 0.466300 0.015000 0.021100
0 0.367000 0.222200 0.018200 0.022000
0 0.871600 0.908700 0.017000 0.021600
0 0.508000 0.142300 0.016500 0.018600
0 0.055000 0.791500 0.021000 0.020200
0 0.176700 0.140700 0.014500 0.023900
0 0.695800 0.945600 0.016300 0.023500
0 0.346700 0.284300 0.017200 0.022600
0 0.219200 0.429000 0.016800 0.022100
0 0.193100 0.755400 0.018300 0.020600
0 0.915100 0.491200 0.020200 0.021400
0 0.580300 0.107000 0.017300 0.021700
0 0.004900 0.529500 0.009800 0.022000
0 0.231800 0.782400 0.015900 0.024600
0 0.027600 0.557600 0.018900 0.021200
0 0.858900 0.780400 0.016500 0.021900
0 0.042500 0.421300 0.014900 0.021700
0 0.482200 0.084100 0.018000 0.023100
0 0.870300 0.829300 0.015500 0.023500
0 0.369100 0.866700 0.016000 0.021800
0 0.607500 0.333700 0.018000 0.023400
0 0.008200 0.391700 0.015000 0.025100
0 0.283200 0.368300 0.015500 0.024100
0 0.791400 0.220700 0.015600 0.024100
0 0.231300 0.357700 0.016800 0.021600
0 0.579400 0.130800 0.015900 0.023700
0 0.360000 0.821900 0.019100 0.021800
0 0.090000 0.570900 0.019500 0.021900
0 0.506700 0.366900 0.015700 0.023200
0 0.367800 0.031900 0.017700 0.022500
0 0.754800 0.157200 0.014900 0.020500
0 0.634900 0.515700 0.016700 0.024500
0 0.343000 0.547300 0.017400 0.021200
0 0.108000 0.717500 0.016000 0.022900
0 0.354000 0.603800 0.016500 0.022300
0 0.477100 0.428300 0.017600 0.023300
0 0.194700 0.609400 0.016800 0.020000
0 0.272000 0.028200 0.015400 0.022500
0 0.406600 0.781700 0.014700 0.026900
0 0.082600 0.321600 0.015700 0.023500
0 0.692500 0.778900 0.013300 0.020500
0 0.522800 0.419100 0.019300 0.021400
0 0.360600 0.905600 0.016300 0.022200
0 0.620500 0.553500 0.014100 0.026500
0 0.760300 0.522500 0.015900 0.025400
0 0.026400 0.428400 0.015900 0.020400
0 0.501300 0.681000 0.014400 0.024700
0 0.270600 0.217200 0.015200 0.024700
0 0.157800 0.727300 0.018900 0.019000
0 0.885600 0.607500 0.013900 0.019900
0 0.730600 0.694500 0.016300 0.023300
0 0.646200 0.880900 0.015400 0.025800
0 0.854900 0.640100 0.013500 0.025100
0 0.854300 0.429200 0.015000 0.024700
0 0.172600 0.418600 0.018500 0.020500
0 0.733900 0.629300 0.017400 0.024600
0 0.510300 0.457600 0.020100 0.021500
0 0.097200 0.847400 0.018100 0.025400
0 0.569400 0.559700 0.015600 0.024100
0 0.097600 0.434300 0.014500 0.023300
0 0.659200 0.870400 0.015600 0.023200
0 0.369600 0.417300 0.016700 0.024000
0 0.630100 0.542500 0.013100 0.024800
0 0.558100 0.833600 0.014700 0.027500
0 0.156500 0.808600 0.016600 0.021200
0 0.785900 0.807300 0.015500 0.023500
0 0.966900 0.068400 0.019700 0.020500
0 0.207800 0.222300 0.015100 0.023700
0 0.233700 0.047600 0.014300 0.026900
0 0.358500 0.435300 0.016300 0.024100
0 0.894000 0.959600 0.015500 0.022400
0 0.819000 0.940500 0.016100 0.024600
0 0.529000 0.546700 0.015300 0.026700
0 0.569000 0.972000 0.017500 0.023300
0 0.759100 0.141000 0.013600 0.025000
0 0.290000 0.290400 0.016300 0.022600
0 0.593800 0.771700 0.016100 0.027200
0 0.603900 0.277400 0.016100 0.022100
0 0.682800 0.653500 0.014100 0.029300
0 0.670200 0.868400 0.016100 0.021400
0 0.428300 0.570800 0.019700 0.025100
0 0.509600 0.392100 0.017500 0.020700
0 0.078800 0.977600 0.016200 0.021800
0 0.482900 0.464400 0.016800 0.022000
0 0.281600 0.040300 0.012200 0.026000
0 0.157400 0.651900 0.017000 0.019800
0 0.715400 0.508500 0.015200 0.027400
0 0.431300 0.982900 0.016700 0.024000
0 0.029100 0.210600 0.015700 0.022700
0 0.731800 0.727500 0.015700 0.023800
0 0.744500 0.677400 0.017800 0.022500
0 0.864500 0.378000 0.019100 0.020700
0 0.548200 0.239900 0.017700 0.019900
0 0.859600 0.085300 0.016500 0.023100
0 0.129600 0.222600 0.014500 0.025700
0 0.747900 0.841300 0.012900 0.030700
0 0.401300 0.459000 0.017200 0.025500
0 0.326200 0.656400 0.017800 0.020500
0 0.477800 0.123000 0.016300 0.017900
0 0.819300 0.722400 0.013300 0.029600
0 0.682700 0.945300 0.015300 0.024700
0 0.216600 0.897200 0.016000 0.027200
0 0.901500 0.044800 0.017000 0.021300
0 0.818600 0.177200 0.016000 0.022100
0 0.090900 0.647200 0.018300 0.021000
0 0.596300 0.173000 0.020100 0.021200
0 0.695700 0.869100 0.012700 0.031700
0 0.716100 0.771000 0.011400 0.024600
0 0.015000 0.114400 0.017800 0.020800
0 0.048700 0.117400 0.014400 0.023400
0 0.204900 0.114900 0.014300 0.027100
0 0.477300 0.555800 0.014000 0.025900
0 0.766000 0.928800 0.014800 0.025700
0 0.366700 0.702600 0.014700 0.027600
0 0.009800 0.895500 0.014400 0.028500
0 0.804900 0.408900 0.017800 0.023400
0 0.160900 0.293600 0.013500 0.029100
0 0.654500 0.226500 0.021300 0.021300
0 0.035000 0.247700 0.016600 0.021500
0 0.735100 0.701900 0.014600 0.024000
0 0.348000 0.507700 0.018300 0.023000
0 0.054600 0.883400 0.017900 0.026800
0 0.541000 0.717200 0.013700 0.029600
0 0.284300 0.241600 0.013400 0.028000
0 0.506300 0.656800 0.011200 0.033000
0 0.643300 0.164400 0.017600 0.021400
0 0.553300 0.872100 0.016400 0.024300
0 0.547800 0.295000 0.018300 0.020500
0 0.831000 0.796900 0.016300 0.023300
0 0.359100 0.252400 0.015300 0.025700
0 0.876200 0.891200 0.015700 0.019900
0 0.458900 0.635300 0.012900 0.028900
0 0.611200 0.215800 0.018500 0.020100
0 0.981900 0.321300 0.014500 0.026300
0 0.077100 0.385400 0.016100 0.020600
0 0.507700 0.302300 0.016900 0.023900
0 0.186000 0.653400 0.017200 0.020200
0 0.613600 0.658200 0.018200 0.024100
0 0.335300 0.427200 0.015100 0.022300
0 0.625900 0.142600 0.015900 0.023000
0 0.794200 0.514900 0.016800 0.020700
0 0.660300 0.727100 0.013800 0.027900
0 0.217300 0.116300 0.013600 0.029400
0 0.559600 0.134700 0.014900 0.026400
0 0.926000 0.741000 0.016200 0.024700
0 0.224200 0.207000 0.014700 0.026800
0 0.494200 0.040500 0.013200 0.021700
0 0.602000 0.126800 0.017300 0.022900
0 0.801200 0.126700 0.016100 0.023700
0 0.203400 0.940600 0.014300 0.025900
0 0.207600 0.927800 0.016600 0.024400
0 0.744100 0.447300 0.015300 0.024800
0 0.889800 0.448100 0.016400 0.025900
0 0.835200 0.841400 0.012100 0.033800
0 0.569200 0.021700 0.012400 0.033300
0 0.684800 0.231800 0.016700 0.021300
0 0.702300 0.768600 0.012500 0.022100
0 0.798800 0.564300 0.015400 0.023100
0 0.579300 0.289800 0.014200 0.027900
0 0.963900 0.720400 0.015000 0.026000
0 0.565200 0.528100 0.015500 0.020400
0 0.020000 0.401900 0.015800 0.022400
0 0.146600 0.709300 0.017300 0.019700
0 0.501300 0.430900 0.018600 0.020700
0 0.468300 0.314800 0.012800 0.028400
0 0.959900 0.947200 0.018700 0.021200
0 0.059700 0.476700 0.015800 0.020100
0 0.673700 0.253500 0.019700 0.020400
0 0.023700 0.753200 0.019500 0.020800
0 0.306800 0.602900 0.016100 0.022300
0 0.009500 0.768200 0.017900 0.019900
0 0.151000 0.970800 0.017800 0.023400
0 0.828800 0.983300 0.014000 0.024900
0 0.982500 0.831400 0.014800 0.029000
0 0.548600 0.622300 0.013900 0.026400
0 0.569200 0.823500 0.015700 0.023400
0 0.405200 0.697500 0.013300 0.028800
0 0.173500 0.859500 0.019100 0.018400
0 0.339000 0.517300 0.019800 0.021200
0 0.865000 0.352300 0.024500 0.017500
0 0.911200 0.239900 0.016200 0.023400
0 0.068800 0.132000 0.017300 0.018800
0 0.855600 0.061200 0.017100 0.022000
0 0.628100 0.982800 0.015200 0.025300
0 0.848400 0.234800 0.013000 0.029600
0 0.219700 0.304100 0.016600 0.018700
0 0.217400 0.298100 0.016900 0.018400
0 0.117900 0.823100 0.017200 0.024700
0 0.343100 0.390000 0.016300 0.021300
0 0.177100 0.584300 0.016000 0.023300
0 0.486300 0.033800 0.014500 0.024200
0 0.981700 0.733800 0.014200 0.027000
0 0.311600 0.791200 0.013500 0.028200
0 0.932100 0.867900 0.014500 0.030800
0 0.842100 0.683200 0.016800 0.021000
0 0.678200 0.784300 0.011000 0.022600
0 0.345500 0.935000 0.018800 0.021600
0 0.279400 0.471000 0.012600 0.028400
0 0.635700 0.838800 0.016200 0.022700
0 0.145400 0.597500 0.014200 0.030100
0 0.046600 0.059600 0.013400 0.020900
0 0.204300 0.596800 0.015400 0.019800
0 0.855400 0.122800 0.016900 0.020200
0 0.080600 0.951700 0.016500 0.021900
0 0.918800 0.860900 0.016300 0.025500
0 0.089062 0.243750 0.014062 0.034722
0 0.150391 0.469444 0.014844 0.030556
0 0.443359 0.860417 0.013281 0.026389
0 0.535547 0.961111 0.013281 0.033333
0 0.590625 0.920833 0.010937 0.033333
0 0.669531 0.900000 0.010937 0.033333
0 0.715625 0.948611 0.014062 0.030556
0 0.737109 0.864583 0.011719 0.031944
0 0.557422 0.462500 0.016406 0.022222
0 0.737500 0.187500 0.015625 0.027778
0 0.748047 0.100000 0.017969 0.025000
0 0.947656 0.062500 0.012500 0.030556
0 0.076563 0.547917 0.010937 0.031944
0 0.073047 0.563889 0.016406 0.022222
0 0.252734 0.697222 0.011719 0.030556
0 0.606250 0.735417 0.015625 0.018056
0 0.052344 0.187500 0.012500 0.019444
0 0.061328 0.179861 0.014844 0.020833
0 0.187891 0.459722 0.011719 0.027778
0 0.273828 0.297917 0.013281 0.020833
0 0.309375 0.413194 0.015625 0.018056
0 0.285937 0.409722 0.014062 0.025000
0 0.296875 0.402083 0.015625 0.029167
0 0.326562 0.536111 0.014062 0.022222
0 0.176563 0.631944 0.009375 0.030556
0 0.005078 0.681944 0.010156 0.038889
0 0.980859 0.975694 0.011719 0.018056
0 0.989062 0.959028 0.014062 0.020833
0 0.991797 0.478472 0.010156 0.037500
0 0.775391 0.533333 0.011719 0.027778
0 0.466406 0.947222 0.015625 0.019444
0 0.533203 0.875694 0.011719 0.020833
0 0.601172 0.027083 0.016406 0.020833
0 0.621484 0.024306 0.017969 0.026389
0 0.217969 0.093056 0.017188 0.022222
0 0.391016 0.170833 0.016406 0.027778
0 0.510156 0.251389 0.012500 0.027778
0 0.644141 0.139583 0.016406 0.023611
0 0.635156 0.013194 0.014062 0.026389
0 0.842188 0.163194 0.014062 0.020833
0 0.846484 0.165278 0.011719 0.027778
0 0.549609 0.082639 0.016406 0.023611
0 0.562891 0.084028 0.016406 0.026389
0 0.556250 0.884028 0.012500 0.029167
0 0.738281 0.648611 0.018750 0.025000
0 0.927344 0.679167 0.015625 0.022222
