0 0.117800 0.319800 0.015900 0.023900
0 0.745900 0.657900 0.017200 0.021500
0 0.857700 0.531300 0.017100 0.022800
0 0.504600 0.833300 0.016100 0.024400
0 0.519000 0.495500 0.013900 0.024600
0 0.284000 0.242500 0.014500 0.022900
0 0.373100 0.044600 0.015000 0.021100
0 0.308100 0.706600 0.016000 0.019600
0 0.856600 0.496000 0.018300 0.024700
0 0.620200 0.578800 0.017100 0.021300
0 0.656700 0.592100 0.015100 0.023300
0 0.090600 0.210000 0.017300 0.022500
0 0.760100 0.603300 0.015400 0.022700
0 0.642000 0.433400 0.014900 0.025300
0 0.457300 0.604000 0.014100 0.020400
0 0.097700 0.619100 0.016200 0.019200
0 0.217000 0.491200 0.016500 0.019400
0 0.852800 0.181100 0.017100 0.021400
0 0.818600 0.755700 0.014400 0.023600
0 0.727800 0.955000 0.020000 0.021400
0 0.168000 0.760400 0.017100 0.021700
0 0.547400 0.606400 0.018900 0.022300
0 0.314900 0.721600 0.015600 0.021200
0 0.081100 0.869300 0.016700 0.024400
0 0.291800 0.869900 0.017000 0.023800
0 0.832800 0.923300 0.018200 0.017800
0 0.053300 0.919900 0.016300 0.024700
0 0.147500 0.609800 0.016900 0.021800
0 0.567900 0.407500 0.013400 0.027200
0 0.178600 0.356100 0.016400 0.022900
0 0.116500 0.382100 0.016600 0.021800
0 0.465500 0.804600 0.017800 0.024100
0 0.031600 0.818300 0.015200 0.020600
0 0.877300 0.745900 0.014500 0.023300
0 0.745700 0.122000 0.015400 0.023900
0 0.618800 0.933800 0.017300 0.023300
0 0.547000 0.941000 0.015400 0.024200
0 0.803100 0.054100 0.016200 0.023700
0 0.058500 0.192600 0.015000 0.023500
0 0.619800 0.529300 0.015300 0.022500
0 0.143100 0.795300 0.016700 0.022300
0 0.003400 0.967300 0.008800 0.020700
0 0.414900 0.558100 0.017000 0.022500
0 0.728700 0.783700 0.016900 0.022900
0 0.645300 0.568000 0.015100 0.022900
0 0.308300 0.902900 0.014900 0.024100
0 0.385400 0.065400 0.016300 0.021400
0 0.228300 0.042900 0.016500 0.022600
0 0.621000 0.121400 0.016400 0.026700
0 0.189800 0.392000 0.016200 0.023000
0 0.508600 0.933600 0.016000 0.024600
0 0.898200 0.818100 0.015600 0.023800
0 0.718100 0.165800 0.015200 0.021300
0 0.007900 0.027800 0.016700 0.023300
0 0.918000 0.355800 0.016700 0.025700
0 0.914800 0.730200 0.015100 0.023700
0 0.219900 0.439300 0.014900 0.023000
0 0.470700 0.553000 0.015800 0.022700
0 0.452200 0.072500 0.017600 0.023000
0 0.208900 0.732700 0.017200 0.023100
0 0.196500 0.467800 0.014900 0.023400
0 0.865200 0.392500 0.016000 0.024900
0 0.854200 0.403600 0.015000 0.024100
0 0.140100 0.392000 0.014800 0.025200
0 0.729800 0.591100 0.015500 0.022800
0 0.006200 0.107500 0.011700 0.021500
0 0.364900 0.090100 0.016400 0.023200
0 0.170900 0.647700 0.015400 0.022600
0 0.055200 0.947700 0.018000 0.024700
0 0.157300 0.290300 0.015700 0.024500
0 0.809000 0.454800 0.019300 0.023300
0 0.021300 0.692900 0.015200 0.024500
0 0.328200 0.434300 0.016300 0.023800
0 0.433300 0.022300 0.018400 0.024000
0 0.702600 0.618200 0.014300 0.026100
0 0.042300 0.772800 0.015800 0.018300
0 0.506700 0.134800 0.015300 0.022600
0 0.043300 0.535000 0.017300 0.021400
0 0.578100 0.357100 0.013000 0.030200
0 0.155600 0.771000 0.016700 0.021400
0 0.603500 0.840400 0.017600 0.019500
0 0.607900 0.272700 0.016200 0.020200
0 0.803100 0.519400 0.014100 0.026600
0 0.066200 0.514400 0.016600 0.022100
0 0.146600 0.496000 0.012300 0.027200
0 0.510700 0.079100 0.015800 0.022100
0 0.982200 0.771300 0.016200 0.025200
0 0.291300 0.157200 0.016100 0.020800
0 0.595400 0.528100 0.014300 0.026500
0 0.459300 0.833900 0.016700 0.026400
0 0.042800 0.959800 0.015900 0.025200
0 0.747500 0.032500 0.016900 0.023500
0 0.871200 0.982700 0.015300 0.023900
0 0.817600 0.946900 0.017200 0.020500
0 0.719600 0.327600 0.016000 0.022900
0 0.964600 0.468100 0.020200 0.025500
0 0.643100 0.022300 0.018900 0.023000
0 0.034300 0.210700 0.017700 0.022900
0 0.915400 0.493800 0.019100 0.026400
0 0.352700 0.642000 0.012900 0.031100
0 0.104600 0.243400 0.014200 0.028500
0 0.618700 0.468800 0.012000 0.032200
0 0.620300 0.209100 0.013800 0.031200
0 0.853300 0.918300 0.015900 0.022800
0 0.520700 0.772600 0.013500 0.027400
0 0.964500 0.960200 0.015500 0.023500
0 0.048600 0.118300 0.016200 0.021600
0 0.704100 0.534700 0.015100 0.028500
0 0.667400 0.320300 0.015300 0.025000
0 0.403900 0.932000 0.012000 0.029500
0 0.368000 0.740500 0.015400 0.026600
0 0.454300 0.116000 0.018700 0.021900
0 0.048300 0.057700 0.013500 0.028300
0 0.342300 0.058400 0.013600 0.022100
0 0.576800 0.597400 0.018400 0.021100
0 0.206100 0.289300 0.016100 0.019600
0 0.371800 0.081700 0.015600 0.022700
0 0.895100 0.022700 0.017200 0.025500
0 0.884400 0.689900 0.013800 0.028300
0 0.219000 0.226500 0.015300 0.023400
0 0.309900 0.564900 0.014200 0.025200
0 0.851600 0.064800 0.014800 0.025700
0 0.426400 0.117500 0.017400 0.025500
0 0.677600 0.585500 0.016000 0.023900
0 0.567200 0.267400 0.017200 0.021300
0 0.960600 0.345400 0.016200 0.023700
0 0.557600 0.951700 0.014100 0.023800
0 0.330000 0.710000 0.017500 0.016700
0 0.932700 0.123700 0.018800 0.022900
0 0.295900 0.197700 0.012000 0.026300
0 0.251600 0.571600 0.015700 0.020200
0 0.045400 0.834100 0.013700 0.029200
0 0.204500 0.409400 0.015300 0.024300
0 0.842300 0.696900 0.013800 0.031100
0 0.083000 0.697800 0.013700 0.027000
0 0.803600 0.020900 0.015200 0.027000
0 0.804500 0.964300 0.016400 0.021900
0 0.228500 0.639000 0.017400 0.022800
0 0.459500 0.507400 0.013800 0.026200
0 0.306800 0.590400 0.012500 0.029900
0 0.819700 0.159300 0.014800 0.027000
0 0.192300 0.844800 0.012900 0.030400
0 0.143600 0.769900 0.017200 0.020900
0 0.583400 0.914700 0.014200 0.029600
0 0.256500 0.338700 0.016500 0.023300
0 0.259700 0.938800 0.017400 0.021700
0 0.282500 0.564200 0.015100 0.023400
0 0.977900 0.340900 0.012900 0.029100
0 0.603000 0.854800 0.018800 0.018400
0 0.582400 0.889200 0.015300 0.022800
0 0.913500 0.819600 0.013500 0.026900
0 0.364300 0.639700 0.013300 0.028000
0 0.642500 0.928700 0.015200 0.030700
0 0.536000 0.155200 0.016400 0.019400
0 0.518700 0.972600 0.013800 0.027900
0 0.664000 0.230600 0.016400 0.024800
0 0.061100 0.765000 0.014500 0.022500
0 0.745000 0.614100 0.014800 0.022500
0 0.158900 0.985000 0.014200 0.023200
0 0.671200 0.928000 0.013300 0.033000
0 0.334000 0.602200 0.015300 0.024900
0 0.027800 0.109700 0.017900 0.018500
0 0.621300 0.077200 0.011400 0.029500
0 0.086200 0.288900 0.018300 0.022700
0 0.097200 0.359700 0.015400 0.018000
0 0.847600 0.523200 0.017200 0.021200
0 0.496700 0.459800 0.011900 0.034000
0 0.183300 0.954200 0.016500 0.020700
0 0.926700 0.830700 0.016700 0.022000
0 0.205000 0.443500 0.011900 0.025700
0 0.065000 0.365100 0.012700 0.030700
0 0.577700 0.326600 0.014300 0.026200
0 0.249100 0.978200 0.015900 0.023200
0 0.361200 0.016100 0.011600 0.024200
0 0.459700 0.618700 0.010900 0.019600
0 0.452400 0.411000 0.016100 0.023400
0 0.402900 0.230700 0.017000 0.024700
0 0.961400 0.022000 0.016700 0.025900
0 0.074100 0.097100 0.014000 0.026300
0 0.305800 0.311100 0.017600 0.023400
0 0.956900 0.285400 0.012800 0.018500
0 0.010600 0.308700 0.011500 0.028000
0 0.418500 0.264600 0.013600 0.029900
0 0.227200 0.064300 0.016700 0.021200
0 0.748100 0.586100 0.014000 0.022600
0 0.839000 0.635600 0.017500 0.024200
0 0.914700 0.861000 0.016400 0.023900
0 0.121200 0.889800 0.013700 0.029100
0 0.053700 0.677900 0.011900 0.032600
0 0.418800 0.573100 0.016100 0.020900
0 0.278200 0.911300 0.016400 0.021800
0 0.801400 0.897800 0.016600 0.022100
0 0.683400 0.860600 0.016500 0.019000
0 0.651200 0.622400 0.013800 0.028800
0 0.077200 0.761300 0.016900 0.021600
0 0.426100 0.289500 0.014600 0.026200
0 0.945900 0.766600 0.013800 0.027200
0 0.174000 0.041100 0.012000 0.033800
0 0.183300 0.940200 0.015700 0.022300
0 0.215000 0.789300 0.016400 0.022000
0 0.359100 0.039100 0.014800 0.018800
0 0.769900 0.016200 0.016400 0.023600
0 0.033500 0.764600 0.015300 0.020900
0 0.339900 0.939300 0.013300 0.026000
0 0.618700 0.260300 0.016400 0.021000
0 0.519100 0.527300 0.014300 0.024800
0 0.878400 0.166000 0.012900 0.033300
0 0.928000 0.789000 0.015000 0.024300
0 0.748800 0.871600 0.019400 0.022200
0 0.028700 0.451300 0.015400 0.021600
0 0.108300 0.883900 0.015500 0.026800
0 0.686700 0.616800 0.012100 0.031400
0 0.725900 0.870900 0.018600 0.022500
0 0.770000 0.185900 0.012900 0.030300
0 0.640500 0.665900 0.012000 0.036900
0 0.551600 0.723100 0.012900 0.033800
0 0.163500 0.153400 0.017900 0.024500
0 0.714200 0.971200 0.020600 0.020800
0 0.288281 0.011806 0.015625 0.020833
0 0.325781 0.202083 0.017188 0.031944
0 0.150781 0.352083 0.015625 0.026389
0 0.262500 0.886806 0.012500 0.031944
0 0.700391 0.847917 0.014844 0.023611
0 0.687891 0.812500 0.014844 0.030556
0 0.774219 0.825000 0.017188 0.022222
0 0.803906 0.849306 0.012500 0.031944
0 0.939453 0.872917 0.014844 0.026389
0 0.976172 0.374306 0.014844 0.029167
0 0.953516 0.222917 0.011719 0.031944
0 0.921875 0.236111 0.012500 0.036111
0 0.890625 0.243056 0.017188 0.025000
0 0.925781 0.201389 0.015625 0.027778
0 0.837891 0.301389 0.017969 0.025000
0 0.862500 0.088194 0.017188 0.031944
0 0.774609 0.127778 0.013281 0.033333
0 0.735547 0.086806 0.013281 0.034722
0 0.397266 0.337500 0.011719 0.030556
0 0.204688 0.711806 0.017188 0.020833
0 0.888672 0.884722 0.016406 0.027778
0 0.279687 0.296528 0.017188 0.023611
0 0.936328 0.676389 0.014844 0.030556
0 0.601172 0.025694 0.011719 0.029167
0 0.592578 0.037500 0.013281 0.027778
0 0.221875 0.182639 0.014062 0.026389
0 0.216406 0.188889 0.012500 0.027778
0 0.012891 0.950694 0.014844 0.020833
0 0.372656 0.188194 0.012500 0.026389
0 0.585938 0.476389 0.010937 0.030556
0 0.919922 0.542361 0.016406 0.026389
0 0.908984 0.623611 0.013281 0.025000
0 0.955859 0.648611 0.016406 0.025000
0 0.587500 0.647222 0.017188 0.022222
0 0.439063 0.532639 0.012500 0.031944
0 0.763281 0.634722 0.012500 0.025000
