0 0.556700 0.457700 0.016900 0.021800
0 0.517600 0.866200 0.015800 0.022600
0 0.432800 0.633500 0.015600 0.024000
0 0.847300 0.354700 0.017300 0.024100
0 0.866600 0.193700 0.015200 0.022000
0 0.080400 0.791100 0.016100 0.021800
0 0.397500 0.267000 0.015400 0.024600
0 0.665000 0.942200 0.016200 0.022700
0 0.267500 0.431400 0.016600 0.022300
0 0.090100 0.802800 0.017500 0.021900
0 0.183900 0.259000 0.017400 0.022800
0 0.017500 0.253200 0.018200 0.022000
0 0.382300 0.357500 0.014100 0.021100
0 0.542000 0.369800 0.016400 0.023400
0 0.808300 0.620500 0.019300 0.021300
0 0.383800 0.296100 0.016500 0.021500
0 0.821200 0.709200 0.016000 0.021100
0 0.567900 0.283100 0.017900 0.022900
0 0.491100 0.407200 0.014800 0.024400
0 0.144600 0.642300 0.015500 0.022900
0 0.620800 0.081900 0.016800 0.021600
0 0.554200 0.496500 0.016900 0.022500
0 0.382400 0.183600 0.015000 0.023800
0 0.504000 0.857800 0.016400 0.022700
0 0.369100 0.460000 0.017700 0.022500
0 0.571000 0.521400 0.016500 0.021600
0 0.542000 0.184900 0.015700 0.024400
0 0.418900 0.492100 0.013300 0.026700
0 0.943600 0.422000 0.017200 0.026200
0 0.632900 0.217200 0.016200 0.023500
0 0.497200 0.468300 0.015600 0.024600
0 0.117200 0.593100 0.014900 0.023700
0 0.705300 0.027500 0.015800 0.022600
0 0.695900 0.859200 0.014400 0.024000
0 0.103400 0.172700 0.015800 0.023600
0 0.832700 0.042100 0.016800 0.023800
0 0.483900 0.332300 0.014500 0.028200
0 0.408000 0.030100 0.015300 0.023500
0 0.841500 0.457000 0.016700 0.020400
0 0.957800 0.093800 0.017100 0.021900
0 0.178100 0.714500 0.015300 0.021700
0 0.777600 0.128900 0.015800 0.021300
0 0.118900 0.943500 0.017600 0.021900
0 0.583500 0.680200 0.017700 0.025900
0 0.590300 0.855900 0.015300 0.027500
0 0.642300 0.252800 0.018900 0.021600
0 0.796900 0.173100 0.016300 0.022100
0 0.232900 0.941700 0.017300 0.023400
0 0.705300 0.568000 0.014900 0.025400
0 0.315900 0.790900 0.015100 0.025100
0 0.940600 0.909400 0.015900 0.024800
0 0.571100 0.444700 0.015200 0.021600
0 0.790200 0.135000 0.016300 0.022500
0 0.898400 0.878300 0.018500 0.024300
0 0.128800 0.290100 0.015700 0.022700
0 0.196700 0.268700 0.018200 0.022700
0 0.552300 0.044400 0.016700 0.022800
0 0.560600 0.584500 0.017000 0.024000
0 0.621100 0.860600 0.017900 0.023700
0 0.696100 0.685200 0.017100 0.024200
0 0.783000 0.455900 0.016400 0.023200
0 0.577700 0.192400 0.016600 0.024400
0 0.317900 0.258700 0.014500 0.022400
0 0.466200 0.827600 0.016300 0.023600
0 0.389500 0.654400 0.014000 0.025400
0 0.217300 0.534600 0.018400 0.023300
0 0.040300 0.630900 0.015600 0.027200
0 0.776900 0.565300 0.016200 0.022500
0 0.865300 0.170100 0.014700 0.023200
0 0.868700 0.052800 0.015400 0.023400
0 0.484500 0.555500 0.014500 0.022300
0 0.668100 0.830400 0.014900 0.026200
0 0.027300 0.321100 0.015600 0.025100
0 0.643100 0.180600 0.016900 0.023300
0 0.529700 0.955100 0.014600 0.027000
0 0.210000 0.757900 0.018300 0.022800
0 0.456800 0.272600 0.015300 0.025300
0 0.970000 0.834600 0.019300 0.022900
0 0.358300 0.955500 0.016000 0.025400
0 0.680900 0.808900 0.014200 0.027400
0 0.356600 0.590500 0.014400 0.027100
0 0.320300 0.335000 0.013800 0.024100
0 0.066900 0.970700 0.015500 0.024900
0 0.303700 0.666200 0.017500 0.023200
0 0.735800 0.543200 0.015300 0.022600
0 0.244800 0.369900 0.016000 0.027200
0 0.881200 0.759200 0.015400 0.021600
0 0.621000 0.289200 0.019600 0.022500
0 0.868800 0.854700 0.015300 0.027700
0 0.282300 0.460400 0.017300 0.023600
0 0.240400 0.864200 0.015700 0.025000
0 0.056800 0.296300 0.015100 0.025500
0 0.019000 0.802900 0.018100 0.023400
0 0.303300 0.234200 0.014200 0.021400
0 0.519100 0.422400 0.014900 0.022900
0 0.048600 0.118100 0.014900 0.024500
0 0.857400 0.227100 0.017500 0.026200
0 0.734600 0.920800 0.013600 0.028500
0 0.055100 0.604500 0.015200 0.027100
0 0.421400 0.147000 0.014800 0.024300
0 0.371000 0.357800 0.013900 0.022400
0 0.029000 0.523100 0.017200 0.023500
0 0.202200 0.895600 0.016000 0.025700
0 0.508200 0.183800 0.015700 0.025600
0 0.169000 0.403800 0.014900 0.026000
0 0.239000 0.220000 0.016900 0.025500
0 0.131000 0.616500 0.015300 0.022200
0 0.752000 0.846600 0.015900 0.024300
0 0.206700 0.084400 0.013000 0.031700
0 0.834100 0.127000 0.014300 0.027500
0 0.007700 0.447800 0.015300 0.024600
0 0.679900 0.489700 0.016300 0.021700
0 0.404000 0.134600 0.012900 0.028200
0 0.690700 0.972200 0.014300 0.021100
0 0.008300 0.859400 0.015800 0.028100
0 0.085700 0.757600 0.015900 0.020700
0 0.289500 0.608400 0.016700 0.022300
0 0.807400 0.896800 0.014800 0.028700
0 0.526300 0.634400 0.016600 0.025400
0 0.665200 0.564700 0.017200 0.023200
0 0.516500 0.472500 0.014200 0.026400
0 0.705800 0.640900 0.012500 0.029300
0 0.368500 0.958200 0.016300 0.023400
0 0.386000 0.715200 0.014200 0.029100
0 0.201600 0.634200 0.012200 0.022400
0 0.602100 0.158400 0.014400 0.025400
0 0.767800 0.589600 0.013700 0.025100
0 0.078000 0.826800 0.016300 0.024100
0 0.977700 0.321800 0.015100 0.025000
0 0.613700 0.519000 0.012300 0.029500
0 0.485000 0.435100 0.014800 0.027200
0 0.051100 0.728700 0.014900 0.027000
0 0.395800 0.023700 0.017000 0.022000
0 0.082200 0.889700 0.014800 0.022100
0 0.005600 0.198100 0.012800 0.022100
0 0.570500 0.934500 0.013200 0.032500
0 0.704300 0.977400 0.014500 0.024000
0 0.861300 0.440700 0.016300 0.024100
0 0.099000 0.682000 0.015600 0.021400
0 0.326400 0.614100 0.015900 0.022800
0 0.141900 0.420300 0.010900 0.028400
0 0.084600 0.870800 0.015400 0.020300
0 0.290500 0.503600 0.014600 0.030300
0 0.668700 0.910900 0.015700 0.022300
0 0.471800 0.021500 0.014400 0.029200
0 0.840000 0.489900 0.018000 0.020300
0 0.794200 0.752300 0.014200 0.022300
0 0.726200 0.766500 0.012500 0.033000
0 0.681000 0.948500 0.014900 0.023300
0 0.346800 0.758900 0.011300 0.034100
0 0.972200 0.046800 0.013700 0.027000
0 0.672200 0.685400 0.017800 0.024700
0 0.114300 0.348000 0.014300 0.021700
0 0.393000 0.614900 0.015600 0.024300
0 0.602600 0.851700 0.016500 0.024500
0 0.264900 0.552700 0.019300 0.022300
0 0.747800 0.234900 0.014400 0.025300
0 0.724000 0.153500 0.012400 0.029300
0 0.746200 0.090300 0.013600 0.025100
0 0.798200 0.609400 0.018200 0.019900
0 0.553700 0.260300 0.018600 0.021200
0 0.948700 0.292400 0.013200 0.030600
0 0.513300 0.718900 0.014400 0.025700
0 0.185900 0.627100 0.016600 0.021500
0 0.836400 0.522200 0.017300 0.020600
0 0.501500 0.980500 0.017000 0.021400
0 0.163800 0.222800 0.016800 0.024100
0 0.619200 0.976400 0.016600 0.022500
0 0.469000 0.483800 0.012900 0.026900
0 0.350900 0.058500 0.014200 0.023800
0 0.906300 0.055400 0.013400 0.022700
0 0.035300 0.438600 0.017800 0.022300
0 0.753300 0.617200 0.013700 0.020400
0 0.034400 0.331900 0.014300 0.022400
0 0.844300 0.439400 0.017400 0.021100
0 0.471000 0.572800 0.012400 0.029200
0 0.510700 0.076400 0.016800 0.019700
0 0.085200 0.272200 0.013000 0.030400
0 0.766400 0.876100 0.015800 0.022900
0 0.617800 0.160900 0.015700 0.023800
0 0.669100 0.709500 0.013000 0.031000
0 0.069700 0.851300 0.016200 0.024000
0 0.846000 0.771600 0.013500 0.024500
0 0.426700 0.131500 0.015500 0.021700
0 0.636300 0.057200 0.017500 0.020700
0 0.143900 0.410100 0.014300 0.020600
0 0.333300 0.354200 0.011700 0.033100
0 0.358100 0.985400 0.017000 0.024700
0 0.980900 0.697500 0.018000 0.025500
0 0.901500 0.667800 0.020500 0.021600
0 0.299100 0.218000 0.015500 0.024500
0 0.775800 0.180500 0.014700 0.024500
0 0.726100 0.196200 0.016000 0.024000
0 0.195500 0.661200 0.015900 0.020700
0 0.874000 0.892900 0.016200 0.025200
0 0.154100 0.384100 0.012200 0.024300
0 0.056900 0.985900 0.015800 0.022700
0 0.985000 0.904400 0.013000 0.031700
0 0.986300 0.298000 0.013300 0.026600
0 0.695200 0.889100 0.014200 0.026900
0 0.560900 0.183200 0.014800 0.022200
0 0.244800 0.823500 0.014700 0.027700
0 0.290400 0.294000 0.012600 0.033200
0 0.757300 0.698200 0.012700 0.031600
0 0.808700 0.639800 0.018100 0.021200
0 0.395700 0.972900 0.020800 0.021100
0 0.220313 0.098611 0.012500 0.036111
0 0.005469 0.248611 0.010937 0.036111
0 0.193359 0.156944 0.017969 0.022222
0 0.188281 0.146528 0.012500 0.029167
0 0.248437 0.412500 0.017188 0.025000
0 0.123828 0.469444 0.016406 0.019444
0 0.127344 0.479167 0.020312 0.022222
0 0.171094 0.489583 0.017188 0.023611
0 0.240625 0.588889 0.014062 0.025000
0 0.126172 0.850000 0.017969 0.027778
0 0.499219 0.667361 0.012500 0.034722
0 0.673828 0.605556 0.014844 0.022222
0 0.673437 0.616667 0.014062 0.022222
0 0.912109 0.802083 0.013281 0.029167
0 0.837500 0.752083 0.017188 0.031944
0 0.594531 0.089583 0.014062 0.029167
0 0.512109 0.015972 0.013281 0.018056
0 0.488281 0.027778 0.014062 0.030556
0 0.384375 0.070833 0.014062 0.022222
0 0.781641 0.102083 0.011719 0.029167
0 0.913281 0.983333 0.017188 0.022222
0 0.146094 0.140278 0.014062 0.025000
0 0.080859 0.011806 0.019531 0.023611
0 0.579297 0.576389 0.014844 0.033333
0 0.562500 0.409722 0.015625 0.025000
0 0.638672 0.286111 0.013281 0.019444
0 0.635156 0.272222 0.012500 0.025000
0 0.312109 0.274306 0.014844 0.026389
0 0.304688 0.850694 0.014062 0.029167
0 0.086328 0.032639 0.014844 0.018056
0 0.957812 0.043056 0.012500 0.027778
0 0.977344 0.082639 0.015625 0.023611
0 0.988281 0.100694 0.015625 0.023611
0 0.020312 0.291667 0.017188 0.019444
0 0.042969 0.273611 0.015625 0.019444
0 0.844141 0.886806 0.016406 0.020833
0 0.965625 0.009722 0.020312 0.013889
