0 0.118600 0.496100 0.016300 0.022400
0 0.856200 0.805900 0.016600 0.020600
0 0.394300 0.646100 0.014400 0.020900
0 0.493600 0.852200 0.015800 0.020500
0 0.644200 0.090500 0.015400 0.022600
0 0.505000 0.866800 0.016500 0.020700
0 0.678900 0.693000 0.015300 0.021700
0 0.805800 0.178000 0.014900 0.021500
0 0.478600 0.431300 0.015800 0.026400
0 0.084800 0.695200 0.017500 0.021400
0 0.728100 0.546500 0.015600 0.026200
0 0.184400 0.279100 0.016600 0.021000
0 0.694500 0.629000 0.013000 0.028800
0 0.117400 0.855100 0.017500 0.022900
0 0.631100 0.980700 0.016000 0.022100
0 0.639800 0.854200 0.016300 0.022600
0 0.658000 0.979300 0.016700 0.022700
0 0.382100 0.478600 0.017200 0.022300
0 0.794900 0.144200 0.014400 0.021400
0 0.090700 0.296900 0.016600 0.022800
0 0.034100 0.442700 0.016500 0.021300
0 0.527900 0.182200 0.016800 0.023600
0 0.691000 0.807900 0.016200 0.024200
0 0.804500 0.619800 0.017500 0.023200
0 0.191700 0.253500 0.017200 0.022400
0 0.216800 0.603800 0.015700 0.021100
0 0.673300 0.505600 0.016500 0.025100
0 0.807600 0.321800 0.016500 0.027000
0 0.560100 0.257200 0.019100 0.020400
0 0.859900 0.356200 0.017400 0.022100
0 0.772400 0.881400 0.015200 0.025900
0 0.232300 0.520800 0.017000 0.024600
0 0.478800 0.858200 0.018400 0.021300
0 0.870600 0.192200 0.015600 0.023000
0 0.232800 0.216300 0.017000 0.023500
0 0.644900 0.279600 0.019000 0.019900
0 0.342800 0.080500 0.013400 0.021400
0 0.702600 0.859500 0.017600 0.022400
0 0.560600 0.591300 0.016800 0.023500
0 0.021500 0.244400 0.016500 0.025400
0 0.060500 0.309000 0.013900 0.023700
0 0.854100 0.478600 0.018400 0.019000
0 0.121000 0.356200 0.013800 0.023700
0 0.731400 0.183400 0.015400 0.025700
0 0.844500 0.755600 0.015700 0.022600
0 0.653200 0.056100 0.015200 0.017900
0 0.672600 0.956400 0.017000 0.022000
0 0.841100 0.956300 0.013500 0.016900
0 0.670600 0.578500 0.016000 0.025100
0 0.488800 0.416100 0.014300 0.027800
0 0.423300 0.503200 0.015300 0.025000
0 0.343200 0.791200 0.013000 0.027400
0 0.869600 0.880100 0.013100 0.024900
0 0.401900 0.279600 0.013800 0.024300
0 0.278300 0.433200 0.017300 0.023800
0 0.866100 0.844600 0.014300 0.024800
0 0.603000 0.141300 0.012200 0.027400
0 0.131400 0.652400 0.017200 0.023200
0 0.826600 0.042300 0.016100 0.022700
0 0.578500 0.553500 0.016700 0.020100
0 0.586000 0.204900 0.015800 0.022100
0 0.647700 0.190700 0.016700 0.023400
0 0.482600 0.345500 0.014800 0.022300
0 0.884100 0.509200 0.019900 0.021700
0 0.921900 0.933600 0.015900 0.021900
0 0.742300 0.852800 0.015600 0.024600
0 0.040400 0.318100 0.015000 0.020700
0 0.040800 0.241600 0.017400 0.021700
0 0.867800 0.152600 0.012200 0.027500
0 0.235100 0.416000 0.017800 0.023700
0 0.614600 0.153000 0.014800 0.026500
0 0.481600 0.641700 0.014100 0.022900
0 0.409400 0.143600 0.016600 0.018300
0 0.510400 0.079400 0.014100 0.018900
0 0.201600 0.755200 0.017600 0.021800
0 0.731700 0.934500 0.014300 0.025600
0 0.884900 0.744100 0.016600 0.024300
0 0.004500 0.454800 0.011500 0.024000
0 0.584300 0.872100 0.014300 0.027700
0 0.132400 0.166100 0.014600 0.028200
0 0.597500 0.865500 0.015400 0.024400
0 0.202200 0.677400 0.016900 0.021000
0 0.572900 0.130800 0.014800 0.020300
0 0.789400 0.129500 0.014700 0.021300
0 0.714700 0.030300 0.015900 0.024100
0 0.379200 0.720900 0.014700 0.028500
0 0.010000 0.202500 0.019300 0.021400
0 0.759700 0.571200 0.016400 0.024400
0 0.841000 0.231400 0.017100 0.022400
0 0.234200 0.683400 0.013600 0.023400
0 0.468400 0.980100 0.013600 0.020300
0 0.740400 0.248100 0.016300 0.022800
0 0.053300 0.981800 0.013600 0.024900
0 0.408200 0.602600 0.014800 0.022600
0 0.296500 0.604900 0.017800 0.022000
0 0.077200 0.809300 0.014500 0.025000
0 0.496300 0.040300 0.015000 0.020900
0 0.289300 0.653600 0.017200 0.021400
0 0.210000 0.077500 0.014000 0.029300
0 0.635300 0.245800 0.018900 0.023200
0 0.196100 0.890900 0.013400 0.027000
0 0.876200 0.906200 0.013400 0.025600
0 0.565700 0.497700 0.016200 0.024200
0 0.189000 0.158500 0.015900 0.022800
0 0.560900 0.068000 0.016100 0.021500
0 0.795300 0.471200 0.017400 0.022400
0 0.654000 0.040500 0.015500 0.019900
0 0.501500 0.481600 0.014400 0.025500
0 0.048500 0.118300 0.014700 0.024800
0 0.676800 0.670600 0.014300 0.025300
0 0.417900 0.648000 0.014000 0.020300
0 0.982200 0.304100 0.014700 0.024800
0 0.392300 0.301500 0.014300 0.021900
0 0.535600 0.623100 0.016900 0.023600
0 0.943300 0.278800 0.012700 0.029200
0 0.573400 0.685900 0.017200 0.023900
0 0.664900 0.692100 0.011600 0.030000
0 0.515400 0.730600 0.012700 0.030700
0 0.969500 0.715900 0.016800 0.024800
0 0.731600 0.784800 0.014300 0.028200
0 0.660100 0.929300 0.016400 0.021300
0 0.959900 0.069700 0.014100 0.025800
0 0.472400 0.826400 0.018300 0.022100
0 0.035200 0.521700 0.016800 0.022300
0 0.307900 0.265600 0.014400 0.027000
0 0.910200 0.966700 0.015400 0.025000
0 0.319200 0.614000 0.016900 0.023600
0 0.095100 0.801900 0.016000 0.021600
0 0.701000 0.879100 0.015200 0.025000
0 0.404000 0.021500 0.018200 0.024200
0 0.235900 0.947900 0.017700 0.023800
0 0.105800 0.320200 0.013500 0.023600
0 0.135900 0.472000 0.017100 0.022300
0 0.797900 0.717300 0.014900 0.026900
0 0.217600 0.518400 0.012600 0.032200
0 0.571200 0.402700 0.014700 0.023600
0 0.414500 0.127200 0.017300 0.018500
0 0.406400 0.039900 0.016600 0.023800
0 0.194700 0.127700 0.014700 0.024800
0 0.832300 0.507300 0.017900 0.021400
0 0.790900 0.971000 0.016700 0.020000
0 0.739300 0.071500 0.011200 0.029900
0 0.944400 0.926500 0.016000 0.024100
0 0.572300 0.923000 0.013000 0.027600
0 0.639100 0.221500 0.017500 0.023900
0 0.479900 0.554700 0.014200 0.029200
0 0.331900 0.342600 0.011200 0.034100
0 0.093700 0.018300 0.015100 0.025900
0 0.699000 0.582500 0.015800 0.025200
0 0.396800 0.096900 0.016400 0.021900
0 0.279100 0.632200 0.012700 0.028000
0 0.723800 0.145700 0.011900 0.031500
0 0.186000 0.714300 0.015300 0.021500
0 0.004800 0.910600 0.010200 0.022800
0 0.495000 0.553100 0.014000 0.028400
0 0.183800 0.515900 0.014300 0.021900
0 0.856200 0.434700 0.018700 0.023200
0 0.689700 0.958500 0.017400 0.025900
0 0.126700 0.768500 0.015700 0.018800
0 0.508200 0.442900 0.015300 0.024500
0 0.761500 0.691500 0.013800 0.028400
0 0.027700 0.792500 0.013100 0.032000
0 0.664900 0.228500 0.018100 0.022400
0 0.065300 0.848200 0.016900 0.023000
0 0.318400 0.248200 0.013200 0.022800
0 0.292400 0.530000 0.013100 0.032600
0 0.030400 0.309900 0.015500 0.020300
0 0.114000 0.935000 0.017500 0.025900
0 0.308400 0.772400 0.014100 0.025700
0 0.129000 0.584300 0.013000 0.023100
0 0.123700 0.571800 0.012800 0.024800
0 0.792300 0.618700 0.016700 0.022600
0 0.251300 0.857700 0.016800 0.023300
0 0.810100 0.890100 0.012900 0.027900
0 0.629100 0.297900 0.018500 0.020400
0 0.066800 0.823500 0.016100 0.023200
0 0.507500 0.464600 0.015700 0.022500
0 0.917300 0.028900 0.014700 0.020300
0 0.218700 0.115300 0.012500 0.030600
0 0.004500 0.852500 0.008200 0.026000
0 0.954600 0.101800 0.018400 0.022700
0 0.517500 0.971900 0.011700 0.028500
0 0.001600 0.353400 0.003100 0.018300
0 0.251800 0.573100 0.014800 0.022800
0 0.980300 0.644500 0.012500 0.031100
0 0.142600 0.405500 0.011400 0.035700
0 0.646500 0.685700 0.016400 0.024100
0 0.306400 0.215300 0.013800 0.024500
0 0.263900 0.455700 0.016000 0.022800
0 0.845700 0.720000 0.015700 0.020700
0 0.085600 0.851900 0.016800 0.022300
0 0.848500 0.573000 0.013500 0.018700
0 0.169500 0.238900 0.015600 0.023900
0 0.876000 0.047400 0.015800 0.024300
0 0.848200 0.426600 0.016800 0.022200
0 0.668400 0.823300 0.016400 0.026600
0 0.880000 0.952300 0.015400 0.019200
0 0.821800 0.897600 0.014100 0.022700
0 0.301100 0.864800 0.015300 0.027600
0 0.032100 0.648500 0.016500 0.023800
0 0.970300 0.302600 0.013800 0.026500
0 0.105800 0.764100 0.015100 0.021400
0 0.780900 0.078600 0.011700 0.027700
0 0.611700 0.508900 0.012100 0.031300
0 0.470500 0.034600 0.012700 0.031100
0 0.796600 0.631500 0.017600 0.022200
0 0.769700 0.177100 0.011400 0.032900
0 0.978200 0.065600 0.013200 0.029900
0 0.199200 0.920800 0.015700 0.023800
0 0.666600 0.598100 0.017100 0.025600
0 0.498700 0.172600 0.017000 0.023000
0 0.551600 0.907300 0.016200 0.021500
0 0.864400 0.964000 0.014500 0.019800
0 0.394400 0.181600 0.016300 0.019800
0 0.234600 0.361000 0.017300 0.020000
0 0.381700 0.326800 0.012100 0.026200
0 0.469000 0.015400 0.014500 0.026500
0 0.089000 0.160100 0.015400 0.022700
0 0.067100 0.015800 0.017100 0.024500
0 0.163500 0.356400 0.013200 0.025200
0 0.888700 0.683800 0.015600 0.025200
0 0.703800 0.980500 0.012600 0.029800
0 0.840000 0.732400 0.016800 0.019900
0 0.900700 0.868900 0.012800 0.032300
0 0.286400 0.307600 0.015000 0.025200
0 0.547800 0.364500 0.018500 0.024500
0 0.899000 0.665100 0.014800 0.025100
0 0.205600 0.716500 0.015600 0.019900
0 0.570200 0.464200 0.014900 0.025700
0 0.847500 0.395600 0.021300 0.018500
0 0.290000 0.201200 0.018700 0.020600
0 0.572100 0.439300 0.013400 0.024800
0 0.445700 0.264000 0.015900 0.026100
0 0.163400 0.434600 0.013400 0.030700
0 0.358594 0.600000 0.014062 0.036111
0 0.413281 0.525694 0.015625 0.023611
0 0.053125 0.717361 0.012500 0.037500
0 0.069531 0.959722 0.012500 0.030556
0 0.250781 0.838194 0.015625 0.031944
0 0.304688 0.747917 0.014062 0.029167
0 0.048437 0.625694 0.012500 0.026389
0 0.055469 0.613889 0.014062 0.027778
0 0.984766 0.921528 0.014844 0.034722
0 0.962500 0.824306 0.017188 0.026389
0 0.909375 0.815972 0.014062 0.029167
0 0.938281 0.411111 0.012500 0.038889
0 0.838281 0.113889 0.014062 0.038889
0 0.971094 0.102778 0.015625 0.027778
0 0.596094 0.075000 0.014062 0.033333
0 0.351953 0.966667 0.016406 0.033333
0 0.004688 0.262500 0.009375 0.038889
0 0.467187 0.490278 0.014062 0.030556
0 0.022656 0.271528 0.017188 0.020833
0 0.190234 0.625694 0.010156 0.026389
0 0.185547 0.632639 0.017969 0.023611
0 0.398828 0.123611 0.013281 0.027778
0 0.389453 0.338889 0.016406 0.019444
0 0.726562 0.312500 0.015625 0.022222
