0 0.393800 0.118000 0.014800 0.023300
0 0.195600 0.608200 0.017200 0.018400
0 0.032200 0.444600 0.015700 0.020100
0 0.902700 0.927500 0.016300 0.023200
0 0.708400 0.858000 0.017600 0.019700
0 0.842200 0.956200 0.015500 0.017300
0 0.729300 0.855600 0.018900 0.021400
0 0.404500 0.116400 0.013900 0.022300
0 0.471100 0.429500 0.014600 0.026200
0 0.903100 0.857700 0.017100 0.024600
0 0.031700 0.231100 0.017000 0.023200
0 0.078800 0.708700 0.016200 0.022000
0 0.106600 0.860200 0.016000 0.022100
0 0.397000 0.656100 0.016000 0.021600
0 0.820700 0.042800 0.017300 0.021700
0 0.216700 0.706500 0.014300 0.025800
0 0.128600 0.360200 0.014500 0.023600
0 0.878600 0.040600 0.017200 0.021700
0 0.241300 0.956800 0.016400 0.023300
0 0.121300 0.180700 0.015500 0.022100
0 0.059400 0.232000 0.016100 0.022300
0 0.167700 0.458800 0.015900 0.024200
0 0.015400 0.918200 0.018800 0.021000
0 0.060000 0.321600 0.015400 0.024900
0 0.665800 0.108600 0.015900 0.023100
0 0.193400 0.752800 0.015900 0.023400
0 0.556300 0.352600 0.016100 0.025200
0 0.945100 0.827000 0.016400 0.022800
0 0.192900 0.716200 0.015500 0.022600
0 0.865400 0.906700 0.015900 0.022000
0 0.593300 0.877900 0.014900 0.025200
0 0.168200 0.621600 0.015600 0.020200
0 0.003000 0.456800 0.006200 0.024600
0 0.058600 0.820900 0.016400 0.023900
0 0.659800 0.593700 0.015000 0.026500
0 0.652200 0.290000 0.016700 0.024400
0 0.247900 0.522700 0.016600 0.020700
0 0.958400 0.734900 0.015400 0.023800
0 0.147900 0.478600 0.016400 0.022800
0 0.630100 0.240300 0.015300 0.026400
0 0.556400 0.593000 0.016800 0.020300
0 0.567700 0.694700 0.016400 0.022300
0 0.656700 0.856500 0.017600 0.022100
0 0.232300 0.603600 0.014300 0.022100
0 0.181400 0.160800 0.016700 0.022700
0 0.014500 0.204200 0.019600 0.021700
0 0.058600 0.844900 0.015800 0.024800
0 0.683400 0.952000 0.015500 0.021500
0 0.872400 0.703800 0.019600 0.022300
0 0.296500 0.878300 0.014400 0.027100
0 0.217600 0.358500 0.014900 0.027900
0 0.721900 0.029800 0.016300 0.025300
0 0.115700 0.667700 0.014700 0.023400
0 0.704000 0.631400 0.016900 0.022800
0 0.278300 0.196500 0.013000 0.023500
0 0.666000 0.695200 0.017600 0.022300
0 0.492700 0.865800 0.017100 0.021900
0 0.951500 0.103700 0.016700 0.024500
0 0.504600 0.496300 0.013400 0.024500
0 0.516700 0.744500 0.013800 0.026800
0 0.641200 0.316900 0.016000 0.025000
0 0.681900 0.660000 0.015700 0.024600
0 0.281700 0.320700 0.014600 0.027800
0 0.494500 0.890700 0.016200 0.023700
0 0.841900 0.105300 0.014500 0.026300
0 0.480700 0.359800 0.014100 0.028500
0 0.191400 0.635800 0.015600 0.021200
0 0.171900 0.328000 0.014400 0.023300
0 0.571700 0.431600 0.012500 0.027900
0 0.852600 0.758100 0.017600 0.023100
0 0.097800 0.505400 0.014000 0.022800
0 0.722200 0.547100 0.014700 0.026600
0 0.509300 0.076900 0.016400 0.020000
0 0.216600 0.133500 0.014000 0.027800
0 0.482200 0.847200 0.016500 0.022900
0 0.583700 0.478900 0.017000 0.025400
0 0.402800 0.296300 0.014300 0.022900
0 0.573500 0.072700 0.018200 0.022200
0 0.615200 0.496100 0.012600 0.031400
0 0.004200 0.346700 0.008500 0.025000
0 0.546100 0.610600 0.017000 0.021800
0 0.421000 0.591100 0.016000 0.024700
0 0.051600 0.295700 0.016900 0.024100
0 0.031000 0.655100 0.017300 0.026500
0 0.077900 0.145800 0.015700 0.026300
0 0.223400 0.419400 0.017400 0.023000
0 0.314500 0.610500 0.017600 0.022500
0 0.277700 0.644300 0.014500 0.023400
0 0.745400 0.053400 0.013700 0.028500
0 0.778400 0.615500 0.014600 0.025700
0 0.604300 0.122600 0.015100 0.027900
0 0.502800 0.471900 0.014600 0.022700
0 0.195100 0.246500 0.014000 0.029900
0 0.769600 0.541900 0.013400 0.022900
0 0.590100 0.566100 0.017800 0.022500
0 0.520000 0.170100 0.014100 0.028400
0 0.264900 0.859600 0.014800 0.025200
0 0.770800 0.697700 0.017100 0.023700
0 0.068700 0.953600 0.014300 0.028800
0 0.159800 0.330300 0.013900 0.022000
0 0.582900 0.285100 0.015700 0.027800
0 0.652300 0.202500 0.015300 0.026500
0 0.852300 0.432400 0.016000 0.024200
0 0.331100 0.209900 0.015600 0.023300
0 0.304300 0.756600 0.013100 0.026800
0 0.469600 0.044400 0.012200 0.031300
0 0.153900 0.764800 0.018100 0.019800
0 0.915300 0.945800 0.012300 0.031900
0 0.679600 0.966800 0.015300 0.023200
0 0.809100 0.479400 0.018400 0.019500
0 0.889400 0.733300 0.014700 0.029500
0 0.409100 0.021600 0.018100 0.025500
0 0.864900 0.742200 0.018500 0.023400
0 0.048600 0.118800 0.016300 0.023900
0 0.326600 0.240900 0.011000 0.030900
0 0.194600 0.882400 0.013900 0.029400
0 0.336200 0.822600 0.011800 0.027300
0 0.908300 0.833300 0.014700 0.029700
0 0.811100 0.628500 0.016700 0.023500
0 0.729600 0.946100 0.012900 0.031300
0 0.786000 0.169500 0.015000 0.026900
0 0.690200 0.593600 0.014900 0.024000
0 0.328500 0.332800 0.011400 0.032500
0 0.827400 0.607200 0.015300 0.021600
0 0.578000 0.890000 0.013400 0.026400
0 0.489900 0.547200 0.015400 0.022300
0 0.663900 0.033400 0.015400 0.026000
0 0.671100 0.819700 0.017700 0.027100
0 0.866000 0.940300 0.014600 0.020400
0 0.383100 0.981600 0.017100 0.024400
0 0.078100 0.309900 0.015400 0.020700
0 0.740700 0.257500 0.013000 0.027900
0 0.496100 0.441900 0.013100 0.024300
0 0.052400 0.977700 0.014200 0.026800
0 0.302100 0.597800 0.016100 0.025500
0 0.940500 0.294400 0.014000 0.022300
0 0.172500 0.253500 0.013600 0.029600
0 0.727300 0.319300 0.015900 0.024300
0 0.109900 0.791100 0.015700 0.024700
0 0.008500 0.982500 0.015400 0.019800
0 0.207500 0.690300 0.014900 0.025600
0 0.095100 0.318300 0.013400 0.032300
0 0.780700 0.886400 0.016300 0.021800
0 0.081500 0.827700 0.015100 0.026900
0 0.979100 0.315700 0.014700 0.027900
0 0.814400 0.176300 0.015900 0.023100
0 0.283400 0.432000 0.020100 0.021400
0 0.831300 0.216100 0.015600 0.030800
0 0.790100 0.622200 0.012300 0.024300
0 0.054100 0.630200 0.012600 0.030900
0 0.406400 0.048200 0.014700 0.025800
0 0.111400 0.807900 0.017800 0.021700
0 0.345900 0.978600 0.016900 0.024700
0 0.596200 0.058900 0.011600 0.033300
0 0.311200 0.253300 0.011400 0.031300
0 0.869800 0.361000 0.016300 0.019700
0 0.619300 0.678300 0.018800 0.021700
0 0.055700 0.705700 0.012800 0.032300
0 0.933800 0.265800 0.011400 0.031000
0 0.651300 0.935000 0.017400 0.023700
0 0.294700 0.555100 0.012500 0.034400
0 0.302300 0.296900 0.015700 0.023700
0 0.253800 0.847400 0.013700 0.028200
0 0.573700 0.502100 0.016800 0.023500
0 0.521500 0.976600 0.014700 0.022200
0 0.123500 0.758600 0.017700 0.021100
0 0.871900 0.834400 0.015700 0.025700
0 0.473500 0.618400 0.012100 0.032600
0 0.391500 0.498800 0.017200 0.022000
0 0.803100 0.322600 0.017400 0.029100
0 0.195700 0.110600 0.013900 0.028200
0 0.651800 0.966600 0.017200 0.023200
0 0.957500 0.277100 0.013200 0.026800
0 0.211600 0.068200 0.015800 0.027200
0 0.828500 0.461000 0.018400 0.018800
0 0.489100 0.157400 0.014700 0.025800
0 0.989200 0.940600 0.011000 0.032600
0 0.897200 0.652700 0.014100 0.028900
0 0.802300 0.965300 0.016300 0.018500
0 0.421600 0.548300 0.015300 0.021600
0 0.241900 0.441200 0.019600 0.021100
0 0.936700 0.392900 0.012300 0.033100
0 0.559900 0.138900 0.015400 0.023100
0 0.713600 0.872700 0.017300 0.022400
0 0.376600 0.727300 0.014200 0.030300
0 0.643500 0.223300 0.015700 0.025400
0 0.640000 0.985800 0.018400 0.023700
0 0.227600 0.211000 0.016400 0.025700
0 0.490400 0.427100 0.013500 0.027500
0 0.977200 0.040800 0.014400 0.024600
0 0.178000 0.285900 0.016700 0.025300
0 0.866200 0.822400 0.014300 0.022900
0 0.144300 0.390300 0.010400 0.035100
0 0.892000 0.584500 0.016500 0.026800
0 0.985000 0.606000 0.016700 0.025700
0 0.481300 0.826000 0.016500 0.023600
0 0.675900 0.589600 0.012400 0.023000
0 0.161300 0.644200 0.015900 0.019100
0 0.690700 0.604100 0.013500 0.024400
0 0.733600 0.159900 0.014200 0.029300
0 0.559400 0.964700 0.013900 0.025800
0 0.873400 0.478300 0.017000 0.027300
0 0.042800 0.776600 0.016400 0.022900
0 0.865400 0.135900 0.011800 0.031000
0 0.314600 0.320700 0.013800 0.024500
0 0.571000 0.915000 0.010300 0.030900
0 0.726600 0.136200 0.015700 0.022100
0 0.463400 0.153200 0.013800 0.025800
0 0.809700 0.877400 0.013000 0.030700
0 0.698500 0.798100 0.018700 0.021900
0 0.916100 0.409900 0.013400 0.023300
0 0.357100 0.609400 0.011800 0.036000
0 0.760600 0.565300 0.014300 0.021100
0 0.053000 0.014400 0.017500 0.023900
0 0.042700 0.511600 0.015400 0.021400
0 0.406300 0.173200 0.016500 0.020200
0 0.218750 0.499306 0.012500 0.037500
0 0.424219 0.512500 0.014062 0.025000
0 0.463672 0.500000 0.013281 0.027778
0 0.111328 0.924306 0.013281 0.029167
0 0.212109 0.935417 0.016406 0.026389
0 0.136328 0.561806 0.014844 0.020833
0 0.166797 0.427778 0.016406 0.022222
0 0.588281 0.538889 0.010937 0.030556
0 0.667578 0.525694 0.011719 0.034722
0 0.762109 0.672222 0.011719 0.027778
0 0.736328 0.797917 0.016406 0.029167
0 0.698828 0.961111 0.014844 0.025000
0 0.949609 0.938194 0.013281 0.034722
0 0.873438 0.188194 0.017188 0.029167
0 0.981250 0.098611 0.017188 0.022222
0 0.799609 0.136111 0.016406 0.027778
0 0.780859 0.061806 0.013281 0.031944
0 0.768750 0.164583 0.015625 0.037500
0 0.750391 0.578472 0.019531 0.026389
0 0.657031 0.675000 0.015625 0.033333
0 0.004297 0.277083 0.008594 0.034722
0 0.612500 0.147917 0.012500 0.031944
0 0.503125 0.552083 0.014062 0.023611
0 0.275781 0.661806 0.010937 0.029167
0 0.201953 0.656944 0.011719 0.033333
0 0.333594 0.109722 0.017188 0.022222
0 0.398828 0.320833 0.010156 0.027778
0 0.386719 0.320833 0.010937 0.030556
0 0.398828 0.300694 0.008594 0.043056
0 0.433984 0.257639 0.014844 0.020833
0 0.481641 0.069444 0.011719 0.033333
0 0.464844 0.076389 0.014062 0.025000
0 0.561328 0.260417 0.017969 0.026389
0 0.574219 0.391667 0.014062 0.022222
0 0.005078 0.306944 0.010156 0.022222
0 0.876562 0.511111 0.014062 0.025000
0 0.199219 0.549306 0.010937 0.020833
