0 0.491800 0.404100 0.015400 0.022400
0 0.491600 0.055900 0.014700 0.022000
0 0.794000 0.843300 0.015600 0.019600
0 0.308800 0.559500 0.016100 0.022200
0 0.818700 0.772300 0.015200 0.023200
0 0.780900 0.730000 0.015100 0.021600
0 0.706900 0.183800 0.014200 0.023100
0 0.317700 0.518700 0.015500 0.023000
0 0.445800 0.342000 0.015900 0.021200
0 0.970300 0.770200 0.016100 0.022200
0 0.796400 0.407300 0.015800 0.020700
0 0.544000 0.232500 0.014800 0.021500
0 0.443500 0.183500 0.016900 0.020200
0 0.753500 0.880300 0.014700 0.021200
0 0.471900 0.292000 0.015100 0.022000
0 0.881000 0.409300 0.015700 0.020500
0 0.922500 0.091600 0.015200 0.022200
0 0.230700 0.559800 0.014800 0.020300
0 0.466000 0.170200 0.014500 0.023100
0 0.722500 0.292200 0.016700 0.019800
0 0.066800 0.607600 0.012900 0.023300
0 0.931900 0.182200 0.015400 0.024500
0 0.258400 0.745700 0.016800 0.021800
0 0.304700 0.244300 0.014400 0.023400
0 0.514700 0.691500 0.016600 0.021600
0 0.555200 0.566800 0.015500 0.024400
0 0.207900 0.204200 0.016400 0.025100
0 0.167900 0.816900 0.015500 0.021800
0 0.930500 0.419800 0.015800 0.020100
0 0.608000 0.356600 0.014400 0.024200
0 0.303100 0.954500 0.015300 0.024200
0 0.891500 0.053600 0.017500 0.019800
0 0.393400 0.304200 0.015600 0.022400
0 0.322200 0.308000 0.017600 0.021800
0 0.780700 0.181300 0.014500 0.027800
0 0.081900 0.520600 0.015300 0.020500
0 0.241800 0.508000 0.012900 0.022600
0 0.460300 0.695200 0.017200 0.020100
0 0.157900 0.721500 0.013200 0.027400
0 0.028300 0.908100 0.014800 0.025200
0 0.409500 0.928200 0.014600 0.022000
0 0.766900 0.743100 0.015100 0.021600
0 0.495100 0.502300 0.016100 0.022700
0 0.970300 0.469100 0.016500 0.023500
0 0.317500 0.170000 0.018200 0.019500
0 0.759000 0.295600 0.015200 0.019100
0 0.967100 0.558600 0.021400 0.018900
0 0.869800 0.280200 0.015200 0.019700
0 0.247000 0.453000 0.015100 0.020500
0 0.829300 0.105700 0.017500 0.022100
0 0.176800 0.657300 0.015100 0.022500
0 0.892600 0.806300 0.014700 0.023700
0 0.385400 0.184500 0.017000 0.022000
0 0.664400 0.102400 0.017200 0.020400
0 0.959500 0.604900 0.014100 0.022500
0 0.947200 0.567900 0.018600 0.018400
0 0.878900 0.082700 0.016300 0.021200
0 0.323100 0.644000 0.014400 0.020200
0 0.947300 0.755500 0.014000 0.025600
0 0.559500 0.240900 0.015600 0.021300
0 0.720000 0.330600 0.016700 0.020300
0 0.696800 0.359100 0.016500 0.022400
0 0.814400 0.554500 0.013300 0.024600
0 0.220300 0.081500 0.016400 0.023700
0 0.770000 0.568500 0.016400 0.022500
0 0.883700 0.733700 0.015600 0.022800
0 0.773300 0.433000 0.015100 0.023500
0 0.194400 0.958900 0.015100 0.021400
0 0.592800 0.321100 0.014600 0.019200
0 0.970300 0.257100 0.019700 0.019400
0 0.259000 0.814900 0.015500 0.021400
0 0.741700 0.753100 0.014400 0.023300
0 0.115300 0.518900 0.015900 0.021500
0 0.897500 0.567200 0.017400 0.020500
0 0.490900 0.419300 0.016700 0.023300
0 0.880200 0.334500 0.014800 0.023200
0 0.907400 0.896700 0.014700 0.023600
0 0.207800 0.845600 0.014300 0.023500
0 0.771600 0.140900 0.015700 0.021600
0 0.303200 0.342500 0.015600 0.021900
0 0.171300 0.896600 0.016200 0.021300
0 0.577800 0.293200 0.017000 0.021200
0 0.294100 0.484600 0.016000 0.023200
0 0.264900 0.764800 0.017000 0.019800
0 0.608200 0.528200 0.013500 0.025800
0 0.416600 0.091200 0.014700 0.023500
0 0.956800 0.053700 0.016600 0.021600
0 0.455300 0.148000 0.016600 0.021200
0 0.243300 0.856800 0.015000 0.024400
0 0.219500 0.804700 0.014300 0.022600
0 0.452600 0.459400 0.017300 0.022700
0 0.720500 0.869000 0.016300 0.022200
0 0.422100 0.620100 0.014900 0.024500
0 0.771300 0.465800 0.015900 0.022400
0 0.959400 0.535000 0.017200 0.022000
0 0.367500 0.865300 0.014600 0.023700
0 0.680300 0.646900 0.014500 0.023800
0 0.741300 0.908700 0.016600 0.020700
0 0.204000 0.557600 0.013000 0.028100
0 0.891500 0.382500 0.015000 0.025100
0 0.954000 0.245600 0.017400 0.021100
0 0.646100 0.257900 0.012200 0.026200
0 0.447000 0.531000 0.015800 0.021600
0 0.915800 0.253600 0.016600 0.022400
0 0.614300 0.643000 0.016900 0.022500
0 0.022600 0.210900 0.018400 0.017800
0 0.627600 0.040000 0.016400 0.022500
0 0.226700 0.346500 0.015000 0.023700
0 0.466800 0.565400 0.017100 0.022500
0 0.456800 0.519800 0.016400 0.021800
0 0.156100 0.535800 0.016200 0.022100
0 0.052000 0.307100 0.013700 0.026300
0 0.108900 0.955700 0.014900 0.021900
0 0.819300 0.808500 0.012400 0.026500
0 0.192600 0.881400 0.015100 0.020700
0 0.154900 0.959400 0.017100 0.021500
0 0.641400 0.107100 0.016300 0.018600
0 0.683300 0.740800 0.013900 0.022400
0 0.801600 0.718300 0.015200 0.021800
0 0.209000 0.934500 0.016700 0.023200
0 0.092100 0.677400 0.014400 0.024200
0 0.933000 0.439700 0.017300 0.021500
0 0.264900 0.055700 0.016300 0.023200
0 0.078400 0.790000 0.016700 0.022500
0 0.226500 0.295900 0.015800 0.021200
0 0.630900 0.322500 0.015100 0.020500
0 0.314600 0.330900 0.017300 0.021200
0 0.555100 0.727400 0.014300 0.022800
0 0.518300 0.110000 0.014400 0.023300
0 0.381300 0.685500 0.015800 0.025800
0 0.418500 0.941400 0.013300 0.024400
0 0.006700 0.492900 0.011900 0.025700
0 0.848400 0.506300 0.015700 0.021000
0 0.714700 0.131700 0.013100 0.027800
0 0.938800 0.691900 0.012300 0.027200
0 0.464000 0.042400 0.016000 0.021900
0 0.529400 0.318200 0.013300 0.026500
0 0.901200 0.242700 0.012500 0.030400
0 0.919000 0.542200 0.017100 0.021200
0 0.008900 0.277500 0.013900 0.022000
0 0.520700 0.521600 0.012900 0.025300
0 0.118800 0.666900 0.014300 0.026700
0 0.359700 0.610000 0.014200 0.024800
0 0.394900 0.940700 0.013700 0.026300
0 0.729500 0.493800 0.013700 0.028300
0 0.190900 0.794500 0.015000 0.024900
0 0.847800 0.928100 0.016000 0.021700
0 0.669900 0.640900 0.013800 0.021600
0 0.921700 0.282400 0.015600 0.022100
0 0.480500 0.046600 0.015400 0.018900
0 0.568200 0.709600 0.013900 0.026100
0 0.021800 0.302600 0.015300 0.022400
0 0.297000 0.227900 0.015400 0.022200
0 0.664400 0.066900 0.015700 0.021100
0 0.316700 0.219100 0.015800 0.023300
0 0.917300 0.854900 0.014200 0.025600
0 0.557500 0.505300 0.013300 0.026700
0 0.580900 0.178800 0.013300 0.026900
0 0.443300 0.520200 0.016000 0.020800
0 0.754700 0.344700 0.012200 0.029300
0 0.960200 0.294200 0.013000 0.027700
0 0.265200 0.697100 0.015000 0.023900
0 0.766600 0.214700 0.015000 0.025100
0 0.517500 0.051900 0.014400 0.021100
0 0.927300 0.318400 0.012300 0.028500
0 0.048400 0.145900 0.016400 0.025100
0 0.004900 0.915600 0.010200 0.026800
0 0.965300 0.371100 0.016100 0.021300
0 0.377700 0.122200 0.017200 0.018500
0 0.968600 0.228800 0.018400 0.020600
0 0.282800 0.654400 0.014100 0.022400
0 0.317400 0.828900 0.014400 0.026000
0 0.922800 0.019500 0.017200 0.023900
0 0.951600 0.391200 0.014800 0.024300
0 0.073400 0.220900 0.017400 0.021600
0 0.832200 0.685100 0.016700 0.020100
0 0.910300 0.684800 0.016700 0.022700
0 0.370600 0.273500 0.015900 0.021700
0 0.426900 0.165400 0.017500 0.020400
0 0.561000 0.427000 0.015400 0.020700
0 0.541300 0.684400 0.014100 0.027000
0 0.020100 0.696900 0.011500 0.028100
0 0.627900 0.121800 0.015900 0.022900
0 0.220400 0.985400 0.015400 0.023100
0 0.942600 0.043600 0.012700 0.028600
0 0.767200 0.282200 0.014200 0.021300
0 0.443300 0.616300 0.014800 0.021300
0 0.296800 0.193800 0.014700 0.026200
0 0.922200 0.233400 0.014500 0.026500
0 0.932200 0.577600 0.016200 0.018600
0 0.301700 0.509800 0.016100 0.021300
0 0.620000 0.545900 0.014500 0.023200
0 0.421900 0.066800 0.014800 0.025300
0 0.843000 0.528100 0.013800 0.026100
0 0.601400 0.841400 0.014900 0.021300
0 0.327600 0.106400 0.013200 0.028500
0 0.158300 0.115700 0.013400 0.025500
0 0.659000 0.207300 0.012200 0.028100
0 0.955600 0.203700 0.016200 0.023700
0 0.726700 0.734300 0.011900 0.029000
0 0.706100 0.020200 0.015300 0.026500
0 0.643300 0.643400 0.013500 0.026400
0 0.676200 0.345700 0.013100 0.027900
0 0.455800 0.920100 0.011100 0.027900
0 0.714100 0.572500 0.015800 0.023600
0 0.460800 0.665300 0.015700 0.023700
0 0.465600 0.255100 0.015700 0.021500
0 0.635400 0.778400 0.012200 0.025800
0 0.910500 0.942200 0.016900 0.018900
0 0.433400 0.906400 0.014600 0.021400
0 0.553100 0.678300 0.011900 0.030100
0 0.080800 0.040700 0.013700 0.025000
0 0.177300 0.090700 0.012500 0.026900
0 0.702300 0.423300 0.015100 0.022000
0 0.264600 0.121500 0.017400 0.021400
0 0.507500 0.264100 0.015700 0.022500
0 0.093500 0.960000 0.013700 0.024900
0 0.060900 0.940700 0.017200 0.021900
0 0.897000 0.154300 0.013100 0.030100
0 0.468900 0.340000 0.016600 0.022600
0 0.757000 0.222800 0.013800 0.026400
0 0.726700 0.440500 0.012800 0.026400
0 0.281300 0.426300 0.015500 0.021400
0 0.927000 0.741600 0.015900 0.021700
0 0.742500 0.584300 0.015500 0.026900
0 0.894100 0.072600 0.015200 0.022400
0 0.816000 0.839300 0.015400 0.019300
0 0.744200 0.251500 0.015700 0.022500
0 0.634600 0.693200 0.012900 0.030600
0 0.793700 0.554100 0.015200 0.022900
0 0.898100 0.652100 0.015400 0.022800
0 0.068600 0.680200 0.013500 0.026600
0 0.515600 0.940100 0.016400 0.019600
0 0.356000 0.576400 0.015700 0.022600
0 0.355000 0.283800 0.012400 0.027400
0 0.315500 0.731500 0.017000 0.022700
0 0.881300 0.714900 0.016000 0.021300
0 0.251800 0.547500 0.012300 0.022900
0 0.727900 0.854300 0.015700 0.024400
0 0.533200 0.045800 0.012000 0.026800
0 0.106100 0.591200 0.015200 0.018800
0 0.161200 0.847100 0.015400 0.021000
0 0.545800 0.252800 0.012400 0.023700
0 0.160200 0.759900 0.013100 0.025200
0 0.239000 0.802500 0.015200 0.020200
0 0.872800 0.139400 0.014500 0.025100
0 0.647500 0.168600 0.012700 0.032200
0 0.866700 0.347800 0.014800 0.023500
0 0.023000 0.827100 0.014400 0.021000
0 0.030300 0.228500 0.013000 0.027700
0 0.897400 0.290500 0.011300 0.026500
0 0.806800 0.277700 0.013300 0.024900
0 0.541300 0.653300 0.014400 0.022700
0 0.594000 0.884000 0.013100 0.027900
0 0.273500 0.539400 0.015800 0.020700
0 0.884800 0.827000 0.014600 0.020700
0 0.210800 0.427100 0.016100 0.021300
0 0.770900 0.297800 0.014000 0.022400
0 0.196100 0.891200 0.016700 0.020200
0 0.154400 0.223300 0.013300 0.024000
0 0.759200 0.139500 0.014400 0.021600
0 0.100900 0.307400 0.013100 0.028000
0 0.770300 0.640600 0.015300 0.024300
0 0.955400 0.266100 0.016600 0.020000
0 0.954700 0.368200 0.014400 0.022000
0 0.981200 0.956400 0.017400 0.020400
0 0.733400 0.405600 0.016600 0.021500
0 0.221700 0.901900 0.016000 0.021500
0 0.373100 0.482000 0.012700 0.034100
0 0.489000 0.129300 0.014000 0.025500
0 0.458500 0.714700 0.019800 0.020100
0 0.408400 0.022900 0.016600 0.024400
0 0.121700 0.197500 0.013800 0.027700
0 0.539500 0.117100 0.015800 0.021600
0 0.693700 0.028000 0.016200 0.022200
0 0.189100 0.407600 0.016200 0.021200
0 0.281400 0.248100 0.015600 0.024400
0 0.722800 0.693900 0.014200 0.024000
0 0.736100 0.147900 0.015500 0.021100
0 0.152200 0.801900 0.016500 0.021800
0 0.385400 0.322000 0.014900 0.025500
0 0.818500 0.661400 0.015000 0.021500
0 0.107600 0.784100 0.014100 0.021900
0 0.730600 0.078400 0.011400 0.032700
0 0.659300 0.381800 0.014100 0.029100
0 0.658800 0.977400 0.013300 0.024500
0 0.193000 0.467400 0.011400 0.032800
0 0.423600 0.796100 0.017800 0.020600
0 0.152200 0.702400 0.012500 0.026700
0 0.209700 0.740200 0.013600 0.030300
0 0.498700 0.941600 0.015300 0.021800
0 0.649300 0.968400 0.013600 0.023100
0 0.586200 0.348500 0.015100 0.021600
0 0.158000 0.914000 0.017500 0.020500
0 0.544700 0.981600 0.013800 0.027100
0 0.844200 0.803500 0.012600 0.021900
0 0.842100 0.621600 0.014300 0.021700
0 0.821100 0.514500 0.012000 0.028500
0 0.131700 0.298900 0.014500 0.021800
0 0.288500 0.978300 0.013300 0.026700
0 0.127400 0.952600 0.015900 0.020300
0 0.964900 0.819200 0.017400 0.021700
0 0.801100 0.164400 0.013900 0.026000
0 0.680900 0.577900 0.012000 0.031300
0 0.252800 0.635400 0.015500 0.023400
0 0.502400 0.976300 0.015800 0.021200
0 0.955000 0.234900 0.017600 0.019000
0 0.336100 0.035200 0.015000 0.024600
0 0.971900 0.044800 0.013300 0.031700
0 0.629500 0.139000 0.016100 0.020700
0 0.448300 0.766400 0.014400 0.028800
0 0.392600 0.810200 0.015900 0.020500
0 0.565200 0.208100 0.015400 0.022800
0 0.544700 0.522900 0.013600 0.025500
0 0.982600 0.490100 0.013900 0.027200
0 0.973600 0.627500 0.016600 0.021400
0 0.503300 0.092500 0.015900 0.020500
0 0.802500 0.678000 0.012000 0.030300
0 0.233500 0.323100 0.015700 0.021600
0 0.158300 0.935700 0.017400 0.021200
0 0.972500 0.590500 0.012100 0.025000
0 0.891800 0.920100 0.012600 0.030400
0 0.993700 0.717800 0.011000 0.025300
0 0.983700 0.744900 0.015600 0.021900
0 0.823700 0.619300 0.017800 0.021400
0 0.286200 0.446900 0.015900 0.021100
0 0.626700 0.557000 0.013600 0.025100
0 0.485400 0.672500 0.012400 0.032700
0 0.388700 0.221800 0.017500 0.020100
0 0.466500 0.203100 0.011300 0.031500
0 0.588700 0.547300 0.012100 0.032600
0 0.468000 0.451200 0.014900 0.022200
0 0.139300 0.236200 0.015300 0.022600
0 0.321400 0.584700 0.011900 0.023800
0 0.793600 0.985800 0.015000 0.021600
0 0.060700 0.641500 0.014100 0.020500
0 0.799000 0.288800 0.014300 0.020000
0 0.049100 0.626600 0.012900 0.026300
0 0.847600 0.463600 0.017000 0.022100
0 0.814900 0.403600 0.015900 0.018800
0 0.923900 0.042400 0.016500 0.025700
0 0.771400 0.672900 0.013900 0.026500
0 0.536200 0.641100 0.015200 0.023400
0 0.847000 0.023400 0.017700 0.024500
0 0.761500 0.897600 0.014100 0.019800
0 0.070100 0.339000 0.016600 0.023000
0 0.670100 0.373100 0.014500 0.022300
0 0.227700 0.096800 0.016300 0.021300
0 0.095700 0.110600 0.014300 0.023900
0 0.183900 0.973300 0.015600 0.021200
0 0.558400 0.198200 0.014800 0.022900
0 0.871100 0.976300 0.015400 0.020600
0 0.622000 0.275900 0.016900 0.020500
0 0.701400 0.277200 0.011700 0.031200
0 0.208700 0.389300 0.012300 0.028200
0 0.144700 0.348200 0.014100 0.024600
0 0.924300 0.665100 0.013000 0.026200
0 0.432300 0.238900 0.016000 0.021100
0 0.745800 0.159900 0.016700 0.021800
0 0.065900 0.076200 0.015200 0.022200
0 0.276500 0.610100 0.015500 0.020400
0 0.966000 0.827000 0.018100 0.019400
0 0.353900 0.711100 0.015500 0.022400
0 0.786600 0.866200 0.014300 0.023500
0 0.858200 0.023000 0.015600 0.027400
0 0.024100 0.421900 0.014500 0.028000
0 0.923300 0.366500 0.015500 0.019100
0 0.736300 0.921900 0.017100 0.022300
0 0.614000 0.297700 0.015700 0.021300
0 0.071100 0.021700 0.013800 0.026500
0 0.726300 0.227600 0.014400 0.022800
0 0.010900 0.059600 0.015800 0.021900
0 0.926300 0.723400 0.015200 0.022200
0 0.426800 0.144600 0.018800 0.019800
0 0.734900 0.297800 0.015400 0.021000
0 0.140100 0.401500 0.018100 0.020000
0 0.807100 0.611500 0.015400 0.024200
0 0.927300 0.278500 0.015000 0.022400
0 0.822700 0.373400 0.014000 0.024500
0 0.318500 0.414300 0.015600 0.025200
0 0.126200 0.935700 0.017700 0.020000
0 0.876300 0.498800 0.016500 0.022900
0 0.578200 0.425900 0.014800 0.021000
0 0.978400 0.707000 0.014400 0.025100
0 0.767000 0.173400 0.015100 0.023300
0 0.886500 0.185000 0.015100 0.022600
0 0.127400 0.977400 0.015600 0.020800
0 0.638500 0.509800 0.012000 0.023900
0 0.451100 0.960800 0.015600 0.020800
0 0.468700 0.757000 0.020300 0.016900
0 0.754000 0.798600 0.014500 0.027200
0 0.838500 0.797900 0.013000 0.022100
0 0.571900 0.278400 0.016000 0.021800
0 0.276200 0.642800 0.013800 0.024600
0 0.410800 0.977500 0.014000 0.023700
0 0.720100 0.243200 0.013000 0.024300
0 0.801000 0.420500 0.014200 0.022800
0 0.061328 0.275000 0.016406 0.019444
0 0.080859 0.300694 0.013281 0.023611
0 0.053516 0.888194 0.013281 0.029167
0 0.072266 0.904861 0.014844 0.031944
0 0.224609 0.276389 0.014844 0.025000
0 0.321875 0.136806 0.014062 0.029167
0 0.301953 0.175694 0.016406 0.023611
0 0.111719 0.012500 0.012500 0.025000
0 0.238281 0.749306 0.014062 0.023611
0 0.395312 0.725000 0.012500 0.033333
0 0.278516 0.468056 0.013281 0.025000
0 0.436719 0.354861 0.010937 0.029167
0 0.463281 0.393056 0.014062 0.033333
0 0.532422 0.378472 0.013281 0.040278
0 0.650391 0.075694 0.016406 0.023611
0 0.758203 0.013194 0.016406 0.023611
0 0.689844 0.259722 0.017188 0.025000
0 0.718750 0.424306 0.015625 0.026389
0 0.863672 0.413194 0.013281 0.029167
0 0.906250 0.489583 0.012500 0.034722
0 0.960938 0.422222 0.017188 0.022222
0 0.983984 0.152083 0.016406 0.029167
0 0.895312 0.102083 0.017188 0.026389
0 0.896094 0.775694 0.012500 0.029167
0 0.686328 0.937500 0.011719 0.033333
0 0.535156 0.240278 0.010937 0.025000
0 0.537891 0.311111 0.013281 0.025000
0 0.598828 0.284722 0.014844 0.022222
0 0.779297 0.484722 0.014844 0.025000
0 0.799609 0.472917 0.011719 0.026389
0 0.535156 0.900000 0.012500 0.022222
0 0.665625 0.777083 0.009375 0.031944
0 0.844531 0.820833 0.009375 0.030556
0 0.970703 0.904861 0.011719 0.023611
0 0.347656 0.917361 0.010937 0.034722
0 0.328906 0.918750 0.010937 0.026389
0 0.319922 0.911806 0.011719 0.023611
0 0.339063 0.912500 0.009375 0.027778
0 0.403125 0.864583 0.014062 0.023611
0 0.391016 0.860417 0.013281 0.026389
0 0.312500 0.849306 0.014062 0.026389
0 0.441016 0.729167 0.016406 0.025000
0 0.429688 0.735417 0.015625 0.026389
0 0.841797 0.677083 0.013281 0.026389
0 0.993359 0.375694 0.011719 0.026389
0 0.175391 0.590972 0.011719 0.026389
0 0.164844 0.586806 0.014062 0.023611
0 0.990625 0.641667 0.010937 0.030556
0 0.939062 0.242361 0.012500 0.034722
0 0.642187 0.124306 0.014062 0.029167
0 0.964844 0.934722 0.010937 0.027778
0 0.961328 0.928472 0.014844 0.020833
0 0.946875 0.890972 0.010937 0.031944
0 0.939062 0.891667 0.014062 0.025000
