0 0.030800 0.395700 0.015500 0.021100
0 0.806400 0.744300 0.013600 0.021500
0 0.792700 0.280300 0.013700 0.023600
0 0.144600 0.904000 0.017500 0.020100
0 0.517100 0.308900 0.015600 0.019300
0 0.507800 0.296900 0.016000 0.017300
0 0.494900 0.653700 0.015100 0.022100
0 0.606500 0.816300 0.015200 0.023100
0 0.041900 0.467000 0.017900 0.018800
0 0.605700 0.196400 0.014600 0.021100
0 0.792000 0.546000 0.016600 0.020700
0 0.040100 0.784500 0.015100 0.022400
0 0.570900 0.202200 0.016500 0.019800
0 0.791700 0.728100 0.014500 0.021600
0 0.633300 0.521100 0.015200 0.024200
0 0.683300 0.117900 0.015900 0.019600
0 0.431000 0.067700 0.015800 0.018300
0 0.252600 0.756300 0.016700 0.020500
0 0.332600 0.403500 0.015700 0.022000
0 0.770600 0.640900 0.015300 0.022100
0 0.297000 0.656900 0.016000 0.021100
0 0.621300 0.471400 0.014900 0.022600
0 0.121300 0.831200 0.015500 0.018600
0 0.041000 0.869300 0.015300 0.021900
0 0.705900 0.322100 0.014300 0.020000
0 0.330900 0.171600 0.013900 0.020500
0 0.915100 0.216200 0.017200 0.021700
0 0.342000 0.542800 0.016100 0.022500
0 0.868700 0.184800 0.016400 0.023300
0 0.430400 0.395800 0.016200 0.021400
0 0.918500 0.494800 0.015500 0.019500
0 0.065800 0.370000 0.016700 0.022300
0 0.943800 0.628100 0.015600 0.021300
0 0.791800 0.931900 0.017000 0.022000
0 0.243500 0.543500 0.014800 0.022300
0 0.956300 0.055900 0.017000 0.020400
0 0.069600 0.484100 0.015300 0.022900
0 0.643300 0.382600 0.016100 0.022000
0 0.171000 0.315700 0.014400 0.021600
0 0.318500 0.218100 0.015700 0.022100
0 0.723000 0.054200 0.016300 0.020400
0 0.895100 0.483700 0.017000 0.021000
0 0.427300 0.165200 0.017000 0.022900
0 0.846100 0.607700 0.016400 0.021100
0 0.204100 0.496000 0.015700 0.023900
0 0.922900 0.067900 0.015500 0.020100
0 0.120700 0.642700 0.014500 0.021300
0 0.414500 0.393900 0.016200 0.022600
0 0.379000 0.859400 0.014800 0.022000
0 0.780400 0.715400 0.014800 0.021600
0 0.466300 0.634600 0.016000 0.020100
0 0.365400 0.229900 0.014300 0.023900
0 0.018200 0.564400 0.017100 0.021600
0 0.321100 0.879700 0.013300 0.024200
0 0.919500 0.559000 0.015200 0.021600
0 0.930100 0.769200 0.014400 0.023600
0 0.340400 0.632500 0.015900 0.020700
0 0.627800 0.207300 0.015400 0.021000
0 0.422600 0.327000 0.017000 0.020000
0 0.457500 0.295400 0.016200 0.021300
0 0.633600 0.832800 0.014500 0.023000
0 0.780700 0.831400 0.014200 0.023300
0 0.155600 0.631500 0.017300 0.021500
0 0.465500 0.407100 0.016500 0.020500
0 0.521600 0.230600 0.015800 0.019500
0 0.485500 0.655500 0.015700 0.019900
0 0.421600 0.893500 0.014500 0.020800
0 0.069600 0.653200 0.015600 0.023700
0 0.066700 0.464800 0.016100 0.020600
0 0.377500 0.832800 0.015600 0.024100
0 0.052000 0.491900 0.017200 0.019400
0 0.906700 0.758700 0.013800 0.023300
0 0.245800 0.192800 0.015300 0.019700
0 0.320100 0.057600 0.016400 0.023200
0 0.397600 0.328800 0.014600 0.021000
0 0.765100 0.903400 0.015900 0.023200
0 0.485100 0.495900 0.017700 0.020400
0 0.802700 0.855000 0.015200 0.022900
0 0.739300 0.679100 0.016300 0.021600
0 0.745700 0.222800 0.016900 0.020500
0 0.127200 0.683000 0.017100 0.020500
0 0.067700 0.895300 0.016200 0.023000
0 0.306600 0.605600 0.016300 0.021800
0 0.333100 0.795300 0.015800 0.021100
0 0.083200 0.860500 0.016700 0.018200
0 0.954800 0.882500 0.015200 0.019500
0 0.754100 0.847500 0.015000 0.022300
0 0.829200 0.105500 0.017200 0.020700
0 0.232900 0.790200 0.014600 0.020300
0 0.668400 0.659400 0.017000 0.020700
0 0.533800 0.893200 0.016200 0.019900
0 0.619900 0.681100 0.013500 0.023600
0 0.852800 0.133300 0.016900 0.021900
0 0.903300 0.372100 0.016000 0.020300
0 0.578400 0.154300 0.017000 0.020300
0 0.014700 0.781400 0.016700 0.023700
0 0.914100 0.679000 0.015000 0.021100
0 0.543300 0.306800 0.013600 0.018400
0 0.528500 0.342100 0.015000 0.022000
0 0.190500 0.584300 0.016600 0.023100
0 0.532700 0.306300 0.012800 0.019500
0 0.859000 0.266600 0.015100 0.025300
0 0.307600 0.478200 0.015400 0.022300
0 0.833900 0.658000 0.014400 0.024400
0 0.204700 0.235400 0.014800 0.018700
0 0.757900 0.731200 0.016700 0.021500
0 0.272800 0.759500 0.016600 0.019700
0 0.079000 0.918100 0.017700 0.020800
0 0.669100 0.743700 0.014500 0.023800
0 0.270600 0.319200 0.012800 0.031500
0 0.491500 0.408600 0.016500 0.022900
0 0.303900 0.355100 0.016400 0.021900
0 0.465800 0.258700 0.015500 0.022500
0 0.891000 0.880300 0.018800 0.020300
0 0.809200 0.307900 0.014800 0.022700
0 0.880400 0.971100 0.017400 0.020500
0 0.005700 0.230600 0.012600 0.022800
0 0.467100 0.489600 0.017000 0.021500
0 0.968900 0.657300 0.017200 0.018700
0 0.121100 0.491300 0.015900 0.020300
0 0.528100 0.454400 0.015300 0.023900
0 0.294200 0.444900 0.013400 0.027800
0 0.247900 0.167700 0.015300 0.021100
0 0.129100 0.670100 0.016300 0.020100
0 0.560700 0.680400 0.015800 0.023400
0 0.251900 0.901800 0.017000 0.022100
0 0.327200 0.931300 0.016600 0.020000
0 0.708500 0.916500 0.012500 0.022100
0 0.621000 0.354800 0.015900 0.022300
0 0.595300 0.355300 0.015600 0.020700
0 0.831800 0.844700 0.015100 0.022200
0 0.402900 0.623500 0.016600 0.022500
0 0.693600 0.968100 0.017200 0.023900
0 0.298100 0.785100 0.017400 0.020100
0 0.544900 0.359900 0.015000 0.023300
0 0.572700 0.218000 0.015700 0.021800
0 0.641600 0.766600 0.012500 0.025200
0 0.784700 0.391600 0.013700 0.021400
0 0.756800 0.177800 0.015000 0.021500
0 0.656800 0.094400 0.012700 0.027800
0 0.970600 0.765700 0.019200 0.020800
0 0.839100 0.631500 0.015700 0.024000
0 0.380500 0.905900 0.013300 0.023100
0 0.544700 0.485500 0.015800 0.022200
0 0.057700 0.430400 0.015000 0.024000
0 0.148000 0.547200 0.014200 0.022300
0 0.756600 0.609700 0.014600 0.022400
0 0.529600 0.032700 0.014500 0.025100
0 0.314500 0.546300 0.017300 0.021700
0 0.847900 0.785500 0.017900 0.020500
0 0.842300 0.056200 0.012300 0.028200
0 0.755000 0.546400 0.012300 0.028000
0 0.944200 0.804600 0.013500 0.025200
0 0.065800 0.334200 0.013800 0.026700
0 0.117800 0.456900 0.013500 0.027700
0 0.491400 0.781500 0.018100 0.019000
0 0.156100 0.503400 0.013900 0.025500
0 0.447100 0.504500 0.016400 0.024700
0 0.684700 0.345200 0.014800 0.019400
0 0.231200 0.403400 0.015100 0.019200
0 0.422200 0.109700 0.014500 0.019200
0 0.341100 0.648100 0.016700 0.018800
0 0.448100 0.583300 0.015600 0.026400
0 0.957300 0.467500 0.016600 0.019800
0 0.717500 0.097300 0.015600 0.022000
0 0.152900 0.740500 0.015400 0.019700
0 0.876700 0.282800 0.017200 0.022200
0 0.894700 0.026800 0.016900 0.022800
0 0.040900 0.948000 0.018200 0.020800
0 0.398000 0.794600 0.017300 0.020100
0 0.602400 0.584600 0.017000 0.023400
0 0.118600 0.578800 0.014800 0.023600
0 0.435900 0.980400 0.014400 0.026700
0 0.310500 0.881400 0.014700 0.023900
0 0.557200 0.807700 0.016200 0.024100
0 0.768200 0.260100 0.014900 0.024800
0 0.305100 0.929700 0.012400 0.028700
0 0.798200 0.081700 0.013900 0.021400
0 0.147200 0.217800 0.016400 0.020100
0 0.591500 0.290300 0.013700 0.024000
0 0.576900 0.491300 0.012300 0.027700
0 0.009100 0.278800 0.013200 0.021400
0 0.966200 0.819300 0.015600 0.022100
0 0.714000 0.619000 0.015800 0.022800
0 0.419500 0.932900 0.013500 0.027000
0 0.830100 0.077300 0.014900 0.022700
0 0.352100 0.957600 0.014900 0.023800
0 0.492500 0.083400 0.011400 0.028900
0 0.220400 0.985400 0.015900 0.022200
0 0.990600 0.392000 0.011200 0.022600
0 0.455100 0.046800 0.016200 0.021600
0 0.007000 0.727400 0.012800 0.023700
0 0.773100 0.689000 0.016000 0.020100
0 0.484800 0.985200 0.014300 0.023600
0 0.619100 0.873800 0.017700 0.019900
0 0.440900 0.683900 0.016300 0.024600
0 0.266400 0.246400 0.015600 0.021100
0 0.194700 0.859700 0.014600 0.023500
0 0.839400 0.684300 0.013600 0.029000
0 0.730500 0.078400 0.012800 0.027000
0 0.951800 0.868100 0.014500 0.021200
0 0.468800 0.926800 0.014400 0.022700
0 0.158100 0.929800 0.014100 0.025400
0 0.808300 0.353000 0.015800 0.022300
0 0.413700 0.127100 0.016200 0.019100
0 0.396700 0.345000 0.015600 0.022600
0 0.818600 0.254700 0.013800 0.025900
0 0.814100 0.039300 0.015400 0.022400
0 0.558900 0.426300 0.015100 0.020000
0 0.031100 0.281800 0.015700 0.020800
0 0.854600 0.839300 0.019300 0.019400
0 0.718100 0.159500 0.016400 0.020000
0 0.771300 0.465700 0.016200 0.022400
0 0.797600 0.292100 0.013300 0.023400
0 0.735700 0.765200 0.013300 0.023100
0 0.984700 0.955000 0.019800 0.018700
0 0.992000 0.854700 0.009900 0.022500
0 0.880800 0.607200 0.014700 0.024900
0 0.607600 0.297700 0.013500 0.025800
0 0.692500 0.320400 0.013000 0.019400
0 0.781900 0.904300 0.012700 0.030300
0 0.382500 0.566000 0.015800 0.022100
0 0.472200 0.239100 0.015500 0.022800
0 0.332800 0.235500 0.016300 0.019100
0 0.768500 0.058600 0.016900 0.020200
0 0.922100 0.422000 0.016800 0.021500
0 0.276800 0.921100 0.015100 0.022300
0 0.817800 0.805300 0.016300 0.020300
0 0.148500 0.915200 0.016100 0.020300
0 0.860500 0.029300 0.014700 0.024900
0 0.319500 0.460400 0.013100 0.024000
0 0.981200 0.567200 0.014300 0.026700
0 0.321900 0.660200 0.015300 0.019800
0 0.823200 0.318500 0.013900 0.022600
0 0.907000 0.867400 0.015100 0.025700
0 0.838700 0.196100 0.012500 0.029500
0 0.182600 0.922700 0.013100 0.029300
0 0.984900 0.471700 0.017800 0.021800
0 0.780200 0.177400 0.013900 0.026300
0 0.519000 0.576400 0.016600 0.021600
0 0.478600 0.878600 0.012900 0.026300
0 0.951700 0.753300 0.012700 0.028700
0 0.497300 0.732500 0.013200 0.028500
0 0.335300 0.294900 0.015000 0.019100
0 0.011100 0.190500 0.016400 0.022900
0 0.042700 0.901800 0.015900 0.020900
0 0.726300 0.645700 0.014600 0.025500
0 0.873600 0.795100 0.016900 0.021800
0 0.169900 0.344500 0.014400 0.022800
0 0.486000 0.390000 0.014900 0.021500
0 0.232500 0.016900 0.016500 0.025100
0 0.244300 0.148200 0.013400 0.023300
0 0.957800 0.423500 0.015400 0.022500
0 0.552000 0.840000 0.014400 0.026100
0 0.361300 0.327000 0.013300 0.027000
0 0.981700 0.530200 0.017800 0.021000
0 0.176100 0.509900 0.013800 0.024300
0 0.423600 0.839500 0.014100 0.022200
0 0.514700 0.502700 0.014500 0.021900
0 0.292900 0.347900 0.015300 0.023600
0 0.703500 0.880700 0.016400 0.018200
0 0.341300 0.114400 0.016500 0.023100
0 0.318800 0.582200 0.015000 0.022200
0 0.166000 0.960800 0.016000 0.024300
0 0.354100 0.530500 0.013100 0.028500
0 0.038900 0.620000 0.013200 0.025400
0 0.131500 0.047800 0.016800 0.023800
0 0.210200 0.623600 0.018500 0.021200
0 0.628000 0.303500 0.012800 0.030300
0 0.109900 0.923200 0.018800 0.020100
0 0.872600 0.883700 0.016900 0.020100
0 0.246600 0.072500 0.016100 0.021900
0 0.498900 0.680300 0.016200 0.021200
0 0.702600 0.864500 0.014800 0.020400
0 0.993100 0.079000 0.011300 0.028000
0 0.738700 0.193100 0.015000 0.022700
0 0.936100 0.345400 0.014600 0.023800
0 0.088700 0.304300 0.012800 0.030500
0 0.880900 0.464100 0.015500 0.020900
0 0.944900 0.358700 0.016500 0.023100
0 0.715100 0.707800 0.013200 0.024300
0 0.303200 0.976900 0.015800 0.020600
0 0.906000 0.254300 0.013100 0.030900
0 0.201600 0.294500 0.016100 0.022000
0 0.758000 0.685200 0.014600 0.022900
0 0.195500 0.452500 0.011900 0.026200
0 0.743700 0.171100 0.015700 0.020200
0 0.141600 0.229100 0.014700 0.024500
0 0.648600 0.139400 0.016200 0.021000
0 0.640000 0.815800 0.013200 0.024900
0 0.982800 0.097800 0.014400 0.026200
0 0.014300 0.820300 0.011600 0.034800
0 0.816500 0.477000 0.013200 0.027000
0 0.004600 0.373500 0.010000 0.020600
0 0.226900 0.583700 0.014900 0.022000
0 0.584500 0.228900 0.015400 0.021500
0 0.814500 0.839100 0.017400 0.018000
0 0.343900 0.048600 0.015300 0.021200
0 0.363600 0.577500 0.016800 0.020300
0 0.545600 0.389300 0.013300 0.025500
0 0.704400 0.360200 0.014400 0.023700
0 0.563900 0.907200 0.018000 0.021000
0 0.301200 0.176800 0.013800 0.022800
0 0.614400 0.752400 0.013500 0.026600
0 0.792100 0.115300 0.011700 0.023400
0 0.179300 0.353400 0.016400 0.019400
0 0.126500 0.805100 0.017400 0.019500
0 0.604900 0.948500 0.014900 0.021000
0 0.967700 0.298300 0.016700 0.022400
0 0.719300 0.720800 0.012600 0.025800
0 0.277600 0.935500 0.016600 0.021700
0 0.967900 0.676700 0.017700 0.020200
0 0.960000 0.457300 0.017000 0.017500
0 0.917400 0.526200 0.016100 0.020400
0 0.782500 0.342100 0.011300 0.031600
0 0.755400 0.652200 0.013200 0.024800
0 0.770600 0.023200 0.014400 0.026400
0 0.295000 0.310100 0.014000 0.024000
0 0.985400 0.723400 0.017100 0.022300
0 0.801300 0.210100 0.015700 0.022000
0 0.461100 0.585000 0.014400 0.025900
0 0.893600 0.785800 0.014600 0.020800
0 0.404000 0.022800 0.016100 0.022900
0 0.832300 0.427000 0.013100 0.027300
0 0.395200 0.122400 0.011500 0.032500
0 0.394000 0.276400 0.015600 0.019900
0 0.095600 0.819600 0.014500 0.019400
0 0.139100 0.610400 0.015900 0.022100
0 0.972800 0.376500 0.015600 0.022700
0 0.261500 0.141900 0.014800 0.023700
0 0.393000 0.979200 0.013200 0.027800
0 0.801600 0.515100 0.015800 0.022200
0 0.794700 0.397500 0.014500 0.021600
0 0.514000 0.452900 0.017300 0.020000
0 0.239000 0.482000 0.014600 0.021400
0 0.800800 0.492000 0.014000 0.024300
0 0.010000 0.248300 0.013800 0.022600
0 0.406500 0.163600 0.016900 0.022600
0 0.601300 0.426800 0.015300 0.020000
0 0.114300 0.288800 0.016600 0.021900
0 0.596800 0.835800 0.016800 0.021400
0 0.073700 0.106200 0.013800 0.022800
0 0.201400 0.790200 0.014800 0.021700
0 0.257900 0.019400 0.018600 0.023000
0 0.684200 0.364000 0.013100 0.023500
0 0.036400 0.577600 0.016000 0.020800
0 0.571800 0.857200 0.015300 0.019600
0 0.661200 0.984500 0.012500 0.025800
0 0.440900 0.101400 0.012900 0.019600
0 0.613700 0.846500 0.016000 0.021500
0 0.369700 0.568400 0.015700 0.020300
0 0.765200 0.854800 0.015100 0.020600
0 0.435500 0.644200 0.015900 0.023100
0 0.607700 0.373200 0.014000 0.023900
0 0.041900 0.348100 0.012900 0.029300
0 0.574000 0.694500 0.013300 0.028100
0 0.544700 0.864200 0.016400 0.021400
0 0.639300 0.948100 0.011900 0.027000
0 0.170700 0.730500 0.014000 0.020200
0 0.858600 0.726700 0.012600 0.030100
0 0.748300 0.888800 0.013800 0.024500
0 0.299100 0.290900 0.013400 0.023800
0 0.396600 0.901100 0.015700 0.020400
0 0.830000 0.382300 0.011100 0.033600
0 0.911500 0.076600 0.015800 0.019600
0 0.682300 0.857800 0.016200 0.022000
0 0.632600 0.335300 0.016200 0.021800
0 0.808100 0.276600 0.013600 0.023500
0 0.049100 0.847600 0.014800 0.023300
0 0.140900 0.847500 0.012700 0.023800
0 0.222100 0.841900 0.016300 0.018000
0 0.982200 0.128500 0.014000 0.028000
0 0.018100 0.973400 0.017200 0.021300
0 0.151500 0.651600 0.015800 0.021500
0 0.131500 0.440600 0.011500 0.032900
0 0.902700 0.684100 0.016000 0.020900
0 0.123500 0.977800 0.016300 0.020200
0 0.684200 0.327600 0.014100 0.020100
0 0.472100 0.726600 0.015300 0.018900
0 0.285900 0.707600 0.019200 0.018400
0 0.040700 0.272200 0.012300 0.028000
0 0.207800 0.926200 0.018300 0.022100
0 0.231200 0.826500 0.016200 0.021200
0 0.710300 0.264400 0.012900 0.031600
0 0.330800 0.776500 0.017100 0.020800
0 0.761200 0.339500 0.016400 0.021100
0 0.901500 0.532600 0.015900 0.021000
0 0.559800 0.339500 0.014300 0.026300
0 0.963600 0.077000 0.016600 0.023300
0 0.161100 0.723500 0.015100 0.017800
0 0.281700 0.660700 0.015200 0.022200
0 0.286600 0.972100 0.014800 0.022800
0 0.211300 0.481400 0.016000 0.023800
0 0.725600 0.597300 0.011900 0.031200
0 0.623500 0.582900 0.015900 0.025500
0 0.819900 0.411100 0.012800 0.024600
0 0.695200 0.123200 0.015700 0.021000
0 0.188700 0.730700 0.014200 0.021200
0 0.982100 0.161100 0.014800 0.024500
0 0.981700 0.364300 0.016900 0.021700
0 0.801400 0.541500 0.015300 0.020900
0 0.509400 0.623900 0.016400 0.021100
0 0.561300 0.021800 0.014400 0.030100
0 0.705400 0.027500 0.012500 0.027500
0 0.432700 0.634500 0.011800 0.029200
0 0.031200 0.264800 0.015300 0.021400
0 0.750700 0.303900 0.013400 0.024800
0 0.454688 0.810417 0.015625 0.026389
0 0.090625 0.601389 0.014062 0.027778
0 0.047266 0.665278 0.013281 0.030556
0 0.214062 0.025000 0.014062 0.022222
0 0.178125 0.157639 0.012500 0.023611
0 0.121484 0.559722 0.014844 0.025000
0 0.273047 0.600694 0.014844 0.023611
0 0.298438 0.413194 0.012500 0.029167
0 0.312891 0.736806 0.014844 0.020833
0 0.363281 0.604167 0.012500 0.025000
0 0.427344 0.528472 0.018750 0.026389
0 0.322266 0.350000 0.011719 0.027778
0 0.439063 0.011806 0.012500 0.020833
0 0.524609 0.130556 0.013281 0.027778
0 0.501953 0.474306 0.016406 0.023611
0 0.508984 0.653472 0.014844 0.026389
0 0.581641 0.618750 0.011719 0.026389
0 0.562891 0.972222 0.011719 0.033333
0 0.331641 0.888194 0.013281 0.023611
0 0.625391 0.698611 0.016406 0.022222
0 0.403516 0.254167 0.010156 0.033333
0 0.415234 0.252083 0.013281 0.029167
0 0.663672 0.590278 0.013281 0.038889
0 0.637500 0.500694 0.010937 0.034722
0 0.653516 0.435417 0.011719 0.031944
0 0.596875 0.277778 0.014062 0.025000
0 0.586719 0.104861 0.014062 0.023611
0 0.572266 0.104167 0.016406 0.022222
0 0.673437 0.017361 0.010937 0.029167
0 0.770312 0.150694 0.017188 0.023611
0 0.712109 0.554167 0.014844 0.025000
0 0.753516 0.775000 0.011719 0.027778
0 0.664453 0.778472 0.011719 0.031944
0 0.788281 0.591667 0.012500 0.030556
0 0.875000 0.940278 0.014062 0.027778
0 0.962500 0.840278 0.012500 0.025000
0 0.849609 0.536806 0.014844 0.023611
0 0.838672 0.550694 0.016406 0.026389
0 0.791797 0.024306 0.011719 0.023611
0 0.936328 0.165278 0.013281 0.030556
0 0.986719 0.054861 0.017188 0.023611
0 0.893750 0.424306 0.015625 0.031944
0 0.926172 0.378472 0.017969 0.020833
0 0.925781 0.363889 0.017188 0.022222
0 0.937500 0.548611 0.012500 0.025000
0 0.923437 0.581250 0.010937 0.023611
0 0.917188 0.599306 0.014062 0.020833
0 0.914062 0.616667 0.009375 0.025000
0 0.905078 0.608333 0.011719 0.025000
0 0.951172 0.982639 0.013281 0.026389
0 0.871094 0.025694 0.012500 0.018056
0 0.990625 0.623611 0.007812 0.025000
