0 0.830700 0.107000 0.014500 0.022900
0 0.355000 0.657500 0.016000 0.022300
0 0.643000 0.333300 0.015600 0.021400
0 0.679000 0.083600 0.015100 0.021000
0 0.454800 0.282600 0.016000 0.020900
0 0.456300 0.333100 0.014700 0.021600
0 0.166000 0.418100 0.015600 0.021700
0 0.755200 0.492000 0.015800 0.020600
0 0.654800 0.095600 0.014900 0.019500
0 0.856600 0.718300 0.015200 0.020800
0 0.804300 0.941400 0.016400 0.020400
0 0.055600 0.756700 0.014700 0.023300
0 0.319400 0.209800 0.016400 0.022100
0 0.431800 0.542100 0.015300 0.022600
0 0.158500 0.342000 0.017800 0.018500
0 0.880800 0.145200 0.015000 0.022800
0 0.679100 0.229100 0.015100 0.022900
0 0.760100 0.157200 0.015800 0.020700
0 0.291300 0.456400 0.014900 0.021000
0 0.605200 0.554500 0.015000 0.021500
0 0.027700 0.783300 0.016900 0.021600
0 0.766000 0.419900 0.015600 0.022200
0 0.718900 0.694700 0.015600 0.021200
0 0.046500 0.796000 0.016400 0.019600
0 0.606800 0.181200 0.015900 0.021100
0 0.197300 0.581200 0.016600 0.021100
0 0.369000 0.197200 0.015800 0.020900
0 0.443900 0.682500 0.014400 0.019700
0 0.597900 0.679500 0.016900 0.021000
0 0.758300 0.629400 0.014900 0.024300
0 0.442100 0.520200 0.015800 0.023600
0 0.520400 0.097000 0.014100 0.023100
0 0.101700 0.842800 0.016600 0.023500
0 0.557000 0.065800 0.014500 0.021900
0 0.814300 0.772300 0.012900 0.022500
0 0.969700 0.608600 0.017500 0.021800
0 0.883200 0.792800 0.013700 0.024200
0 0.778300 0.390600 0.015100 0.020600
0 0.956800 0.109900 0.014000 0.023300
0 0.834100 0.468600 0.015600 0.021300
0 0.142000 0.596600 0.017800 0.019400
0 0.106800 0.756800 0.015100 0.024500
0 0.542200 0.121700 0.015400 0.021200
0 0.872200 0.793900 0.015100 0.020400
0 0.033000 0.417300 0.015900 0.023500
0 0.059800 0.307700 0.016100 0.022500
0 0.553000 0.558200 0.016900 0.020400
0 0.208500 0.108200 0.015900 0.021100
0 0.845600 0.197000 0.015200 0.021700
0 0.155900 0.556100 0.016800 0.020000
0 0.129300 0.290800 0.016700 0.021300
0 0.821900 0.291200 0.014500 0.021400
0 0.980100 0.656000 0.017600 0.024600
0 0.578100 0.518100 0.018200 0.021200
0 0.290600 0.941600 0.016500 0.021400
0 0.067000 0.121900 0.015400 0.019200
0 0.107300 0.944900 0.017100 0.020700
0 0.502000 0.942500 0.016800 0.022100
0 0.577600 0.403200 0.015300 0.022800
0 0.344100 0.853800 0.016800 0.021400
0 0.578800 0.280400 0.013000 0.026700
0 0.415900 0.133300 0.018100 0.020400
0 0.438600 0.241100 0.014600 0.021800
0 0.180000 0.339400 0.017200 0.018800
0 0.318000 0.032300 0.015000 0.021700
0 0.340200 0.606200 0.015800 0.023800
0 0.891300 0.568900 0.016200 0.021100
0 0.003800 0.253600 0.008100 0.016900
0 0.030400 0.141300 0.016200 0.021600
0 0.097900 0.732200 0.015500 0.021100
0 0.459100 0.696400 0.015500 0.020600
0 0.545300 0.160000 0.015900 0.020700
0 0.590300 0.965200 0.016500 0.019200
0 0.901700 0.593300 0.014700 0.021500
0 0.459600 0.477600 0.016500 0.022500
0 0.869000 0.092700 0.014600 0.021300
0 0.916400 0.108700 0.013800 0.022500
0 0.829600 0.303200 0.014300 0.022900
0 0.230900 0.446100 0.014400 0.020800
0 0.640200 0.107000 0.015300 0.018700
0 0.157900 0.583400 0.017600 0.018900
0 0.883700 0.718600 0.017900 0.020400
0 0.642100 0.644700 0.015700 0.022000
0 0.033200 0.927900 0.016300 0.021200
0 0.828600 0.534800 0.017200 0.021800
0 0.672300 0.644200 0.016700 0.022100
0 0.293600 0.028000 0.015100 0.021100
0 0.160700 0.257500 0.015700 0.020000
0 0.478900 0.420000 0.014600 0.021400
0 0.510600 0.446600 0.014600 0.023800
0 0.002700 0.291900 0.005900 0.017700
0 0.545200 0.829600 0.016300 0.020900
0 0.396900 0.505100 0.014400 0.025600
0 0.744500 0.617200 0.015200 0.021900
0 0.478600 0.157800 0.014500 0.021600
0 0.094300 0.628500 0.016700 0.021200
0 0.455400 0.441700 0.015800 0.022200
0 0.656500 0.516100 0.017600 0.021000
0 0.230400 0.503200 0.016100 0.022700
0 0.751600 0.891500 0.016500 0.021300
0 0.783000 0.260600 0.015900 0.023400
0 0.382400 0.308600 0.015300 0.022000
0 0.371600 0.531700 0.016100 0.021800
0 0.044800 0.318000 0.013300 0.025800
0 0.647500 0.081200 0.013600 0.022000
0 0.843600 0.227300 0.016100 0.022300
0 0.148400 0.202900 0.015300 0.020800
0 0.280300 0.872600 0.016000 0.023200
0 0.501500 0.093000 0.014100 0.022800
0 0.966100 0.758500 0.015400 0.024600
0 0.694700 0.167400 0.015300 0.019900
0 0.834200 0.719400 0.014200 0.023700
0 0.134900 0.954300 0.016700 0.021000
0 0.592400 0.128400 0.016100 0.021600
0 0.829700 0.672600 0.016400 0.021100
0 0.165300 0.192000 0.016800 0.021100
0 0.927500 0.560300 0.015800 0.020700
0 0.728200 0.203200 0.016400 0.021200
0 0.240400 0.873000 0.015400 0.021900
0 0.530200 0.234600 0.014600 0.021200
0 0.770200 0.202000 0.016100 0.020900
0 0.578200 0.543200 0.015200 0.022100
0 0.478400 0.366200 0.015400 0.022700
0 0.159500 0.290500 0.016900 0.019200
0 0.135000 0.968300 0.015600 0.019300
0 0.831100 0.781200 0.014000 0.021300
0 0.958700 0.643600 0.016300 0.021600
0 0.254200 0.904000 0.013800 0.026400
0 0.728800 0.295900 0.014400 0.026700
0 0.496400 0.477200 0.015600 0.023000
0 0.618100 0.671700 0.015900 0.023400
0 0.196500 0.980300 0.016500 0.020700
0 0.141100 0.233600 0.013400 0.023300
0 0.498400 0.594900 0.015700 0.021900
0 0.968500 0.026900 0.016900 0.021400
0 0.395500 0.203000 0.014700 0.022300
0 0.339600 0.567500 0.014900 0.024100
0 0.298500 0.782600 0.015600 0.019800
0 0.694700 0.702100 0.016800 0.021700
0 0.341600 0.907800 0.015800 0.023200
0 0.790400 0.644300 0.017300 0.023300
0 0.771600 0.379300 0.014400 0.019800
0 0.696400 0.467500 0.017000 0.019300
0 0.381700 0.793000 0.017400 0.018600
0 0.440000 0.665600 0.013400 0.021200
0 0.129200 0.381100 0.017600 0.019800
0 0.919300 0.741000 0.015100 0.020000
0 0.197400 0.768900 0.013100 0.018300
0 0.504700 0.959900 0.017800 0.022500
0 0.171100 0.445900 0.016600 0.022800
0 0.131900 0.216400 0.014300 0.020700
0 0.871100 0.220500 0.014800 0.022500
0 0.930200 0.601600 0.016500 0.022100
0 0.184600 0.114600 0.017000 0.019400
0 0.805300 0.371900 0.015700 0.023500
0 0.579300 0.972600 0.017400 0.019600
0 0.871900 0.607300 0.013300 0.029400
0 0.321200 0.966500 0.017700 0.019100
0 0.448400 0.259900 0.014400 0.024700
0 0.703700 0.896700 0.014600 0.023800
0 0.853500 0.391000 0.015500 0.018300
0 0.489500 0.441900 0.016000 0.021000
0 0.683100 0.943200 0.016900 0.023600
0 0.153400 0.306900 0.014900 0.023900
0 0.672400 0.115500 0.015400 0.020400
0 0.291200 0.691700 0.017700 0.022200
0 0.745900 0.919100 0.015400 0.027800
0 0.147700 0.783900 0.016300 0.022500
0 0.555100 0.830600 0.012500 0.024300
0 0.853100 0.968100 0.017400 0.019900
0 0.771600 0.465300 0.015000 0.022700
0 0.154600 0.402300 0.015300 0.022100
0 0.252400 0.833400 0.016700 0.023800
0 0.377100 0.928400 0.015500 0.023000
0 0.629300 0.652700 0.015600 0.021900
0 0.954900 0.682100 0.014300 0.025300
0 0.872900 0.441600 0.017500 0.020200
0 0.442700 0.166800 0.014500 0.023500
0 0.257100 0.784300 0.015700 0.022900
0 0.467800 0.076900 0.016600 0.018200
0 0.005700 0.659300 0.011800 0.025100
0 0.685400 0.310500 0.016300 0.022300
0 0.906400 0.610100 0.015600 0.021900
0 0.940100 0.565800 0.016200 0.020800
0 0.621300 0.223200 0.015700 0.022700
0 0.553500 0.770600 0.016100 0.021000
0 0.276600 0.896700 0.014700 0.025500
0 0.110900 0.265200 0.015800 0.024400
0 0.035700 0.398000 0.016500 0.021100
0 0.881000 0.177600 0.016500 0.022700
0 0.861200 0.191400 0.015800 0.023000
0 0.845400 0.384200 0.015600 0.020600
0 0.130200 0.747700 0.013800 0.023800
0 0.770100 0.640600 0.016400 0.023600
0 0.285400 0.543400 0.016100 0.023200
0 0.298200 0.918700 0.014200 0.026700
0 0.021100 0.645500 0.016000 0.018900
0 0.906800 0.096000 0.013200 0.024400
0 0.742700 0.120400 0.013600 0.027100
0 0.913800 0.268000 0.014100 0.028400
0 0.231000 0.058300 0.015100 0.021300
0 0.680100 0.609900 0.014200 0.024800
0 0.597600 0.619600 0.015000 0.026600
0 0.273100 0.390900 0.014200 0.026600
0 0.655600 0.453800 0.017500 0.019500
0 0.555900 0.416000 0.014100 0.027000
0 0.532100 0.770000 0.015600 0.021900
0 0.831100 0.747200 0.015200 0.021300
0 0.785500 0.807700 0.015500 0.020000
0 0.814200 0.353900 0.016000 0.020700
0 0.639900 0.526600 0.017200 0.020600
0 0.391300 0.390600 0.013300 0.026100
0 0.884200 0.510200 0.015800 0.022000
0 0.653500 0.202300 0.016100 0.023100
0 0.926800 0.892200 0.017300 0.022600
0 0.597800 0.947200 0.016900 0.019600
0 0.210600 0.255600 0.015800 0.023900
0 0.843200 0.952800 0.017000 0.021300
0 0.092000 0.935400 0.016100 0.022100
0 0.547200 0.910300 0.019100 0.018900
0 0.018100 0.258100 0.013300 0.023100
0 0.772400 0.221700 0.015100 0.026300
0 0.709100 0.815400 0.015100 0.022400
0 0.854100 0.556800 0.014300 0.024700
0 0.896100 0.369500 0.014700 0.025700
0 0.939000 0.632200 0.015500 0.022700
0 0.451800 0.592600 0.011700 0.032000
0 0.479400 0.810500 0.015500 0.021700
0 0.818900 0.254000 0.014300 0.023900
0 0.214800 0.373100 0.016500 0.021900
0 0.092800 0.196400 0.013000 0.026200
0 0.503700 0.660500 0.016600 0.021600
0 0.031000 0.110800 0.014700 0.020200
0 0.322000 0.327100 0.017800 0.022500
0 0.494800 0.073100 0.016000 0.019800
0 0.901000 0.178400 0.016200 0.020700
0 0.145200 0.355100 0.017400 0.018000
0 0.295000 0.959000 0.015800 0.024600
0 0.447900 0.957300 0.015300 0.024900
0 0.764300 0.816200 0.015100 0.019100
0 0.418200 0.272000 0.012500 0.023500
0 0.584500 0.248000 0.015800 0.020700
0 0.004100 0.890700 0.008700 0.026100
0 0.438500 0.943200 0.014200 0.025100
0 0.761300 0.092400 0.014800 0.020900
0 0.697000 0.193000 0.015400 0.020000
0 0.598500 0.528200 0.015200 0.021900
0 0.420900 0.459900 0.015600 0.023900
0 0.308900 0.980000 0.017000 0.019700
0 0.664300 0.152500 0.016600 0.020300
0 0.198400 0.914400 0.013600 0.023800
0 0.551900 0.690300 0.013400 0.028100
0 0.468900 0.177300 0.013800 0.021900
0 0.181400 0.285200 0.012100 0.029000
0 0.426300 0.166100 0.016900 0.021400
0 0.618100 0.373500 0.014500 0.022900
0 0.017300 0.177500 0.014300 0.026300
0 0.220600 0.866500 0.010500 0.032200
0 0.926100 0.866100 0.013500 0.023300
0 0.173600 0.834500 0.014800 0.025200
0 0.947600 0.465400 0.014600 0.022900
0 0.702400 0.441300 0.013800 0.019100
0 0.385900 0.854200 0.015400 0.021100
0 0.223100 0.321400 0.015100 0.024400
0 0.923300 0.947000 0.020100 0.018700
0 0.485800 0.355100 0.015400 0.019400
0 0.492700 0.030500 0.012700 0.026400
0 0.943300 0.302400 0.012800 0.026000
0 0.839000 0.452500 0.016400 0.019600
0 0.298700 0.370100 0.016700 0.023000
0 0.188700 0.384700 0.015600 0.020800
0 0.965000 0.142100 0.013000 0.029700
0 0.784600 0.923300 0.016500 0.021800
0 0.723600 0.894200 0.015900 0.021500
0 0.220700 0.985600 0.016200 0.022200
0 0.860400 0.278300 0.013200 0.029300
0 0.017200 0.052600 0.015800 0.024200
0 0.094000 0.422500 0.017500 0.022700
0 0.710400 0.292400 0.017000 0.021900
0 0.685000 0.356600 0.013300 0.021100
0 0.913900 0.784900 0.013800 0.021600
0 0.152900 0.918400 0.012300 0.032400
0 0.788600 0.195800 0.015700 0.021400
0 0.842000 0.351800 0.017000 0.021500
0 0.521300 0.526200 0.016500 0.020500
0 0.940900 0.481600 0.014800 0.021000
0 0.331100 0.845500 0.013500 0.024800
0 0.647700 0.380400 0.011900 0.027200
0 0.406600 0.709400 0.018200 0.021900
0 0.776600 0.828800 0.012500 0.025700
0 0.961400 0.529400 0.018500 0.019100
0 0.843700 0.288800 0.016500 0.022900
0 0.658600 0.548500 0.017300 0.020400
0 0.608600 0.017200 0.018000 0.022300
0 0.244000 0.288900 0.015900 0.021400
0 0.526700 0.690100 0.017400 0.023600
0 0.198300 0.871100 0.012100 0.024000
0 0.964600 0.627500 0.018000 0.020500
0 0.533200 0.564600 0.013600 0.028400
0 0.182000 0.715900 0.012100 0.032900
0 0.094900 0.860000 0.013800 0.026500
0 0.447500 0.052400 0.016600 0.021700
0 0.244600 0.114600 0.013700 0.026000
0 0.134200 0.478400 0.013200 0.030200
0 0.764300 0.733300 0.014800 0.024800
0 0.326400 0.589300 0.014900 0.023600
0 0.981500 0.627800 0.017100 0.023200
0 0.303700 0.670500 0.016600 0.018700
0 0.620400 0.760600 0.015200 0.023700
0 0.663900 0.668800 0.013700 0.029400
0 0.401100 0.918200 0.012000 0.031200
0 0.069000 0.610200 0.015800 0.019900
0 0.159900 0.720100 0.011400 0.033700
0 0.089100 0.172500 0.013500 0.023800
0 0.176800 0.552300 0.013900 0.025300
0 0.323900 0.094100 0.012400 0.029200
0 0.848200 0.408100 0.016100 0.017700
0 0.554700 0.201800 0.014000 0.023500
0 0.410000 0.560800 0.015400 0.022600
0 0.661600 0.030300 0.013600 0.026300
0 0.968100 0.331300 0.012400 0.032900
0 0.453400 0.316000 0.014800 0.022100
0 0.335700 0.139900 0.013800 0.029100
0 0.294700 0.098500 0.015500 0.018500
0 0.306000 0.866600 0.011000 0.033200
0 0.580300 0.173300 0.015100 0.023400
0 0.642700 0.832500 0.010700 0.037300
0 0.650900 0.271900 0.013000 0.030300
0 0.208900 0.883000 0.012600 0.025800
0 0.440000 0.020700 0.017000 0.025800
0 0.825800 0.416000 0.014600 0.022900
0 0.378500 0.339800 0.014600 0.020900
0 0.388900 0.214800 0.013200 0.023000
0 0.424200 0.209600 0.011700 0.026900
0 0.195700 0.481900 0.013900 0.023400
0 0.478800 0.015900 0.011500 0.030700
0 0.443600 0.356800 0.016100 0.020600
0 0.104900 0.039000 0.016800 0.023300
0 0.948000 0.365300 0.015300 0.020500
0 0.093100 0.216400 0.012400 0.023900
0 0.740900 0.452700 0.016600 0.020000
0 0.398500 0.801900 0.017400 0.019300
0 0.708100 0.697100 0.013300 0.025200
0 0.008100 0.279300 0.009300 0.019500
0 0.538900 0.143100 0.015700 0.021700
0 0.981700 0.407200 0.012600 0.025600
0 0.388400 0.596700 0.013100 0.028400
0 0.898300 0.466100 0.017000 0.024300
0 0.942700 0.110800 0.011800 0.027200
0 0.651500 0.426600 0.016300 0.019700
0 0.864000 0.501500 0.017300 0.019900
0 0.161700 0.059700 0.012600 0.028400
0 0.851800 0.659700 0.012900 0.032600
0 0.189400 0.411000 0.015300 0.021400
0 0.788400 0.589500 0.012300 0.030100
0 0.897500 0.052000 0.013500 0.027200
0 0.377200 0.332000 0.013800 0.022800
0 0.628600 0.364200 0.011300 0.026700
0 0.734000 0.689100 0.019200 0.022200
0 0.852600 0.033000 0.016200 0.024600
0 0.840700 0.176400 0.016100 0.022800
0 0.384400 0.840800 0.013000 0.022400
0 0.229700 0.073700 0.016000 0.020000
0 0.213700 0.141000 0.016800 0.021000
0 0.984000 0.577600 0.016100 0.023600
0 0.189100 0.497300 0.015300 0.023000
0 0.976100 0.970900 0.014000 0.029600
0 0.453400 0.701800 0.013700 0.022500
0 0.430000 0.448700 0.015300 0.021500
0 0.181000 0.015500 0.011600 0.029100
0 0.940800 0.726500 0.014600 0.026500
0 0.255200 0.476800 0.014300 0.023900
0 0.014200 0.951700 0.014000 0.024500
0 0.664400 0.759500 0.016400 0.020500
0 0.431000 0.972900 0.016200 0.021600
0 0.302300 0.460900 0.013600 0.023100
0 0.711100 0.859500 0.018500 0.019300
0 0.236600 0.918800 0.011800 0.034400
0 0.442800 0.563800 0.014600 0.025700
0 0.152900 0.167900 0.015300 0.021100
0 0.777600 0.485800 0.016100 0.021200
0 0.491600 0.410600 0.014800 0.021400
0 0.543700 0.210700 0.015200 0.022300
0 0.280100 0.426600 0.012600 0.026100
0 0.441400 0.488600 0.016800 0.020100
0 0.484000 0.405400 0.013900 0.020800
0 0.458900 0.288500 0.016100 0.020400
0 0.653200 0.445400 0.017000 0.019000
0 0.305600 0.014200 0.014000 0.024800
0 0.888800 0.014500 0.014800 0.027200
0 0.884600 0.622900 0.013200 0.030300
0 0.788300 0.822500 0.015200 0.022000
0 0.403900 0.780800 0.018200 0.017600
0 0.697900 0.021200 0.014800 0.022600
0 0.741100 0.148500 0.014600 0.022800
0 0.938500 0.490100 0.015300 0.022500
0 0.804600 0.789100 0.013700 0.021200
0 0.523300 0.301700 0.014200 0.028000
0 0.181600 0.597100 0.014600 0.024500
0 0.626100 0.176100 0.017000 0.020600
0 0.955500 0.980400 0.019000 0.018800
0 0.627700 0.439400 0.017100 0.022900
0 0.954200 0.234800 0.015300 0.027800
0 0.303900 0.301400 0.016100 0.022000
0 0.399100 0.531000 0.015000 0.026100
0 0.092600 0.063900 0.016500 0.019400
0 0.420000 0.898000 0.011600 0.030000
0 0.578400 0.561200 0.017600 0.020600
0 0.096700 0.133800 0.012700 0.019700
0 0.814900 0.839100 0.017700 0.018500
0 0.405700 0.876400 0.014100 0.025400
0 0.033000 0.951100 0.015900 0.021400
0 0.315000 0.473800 0.017600 0.020000
0 0.641900 0.899000 0.017900 0.021100
0 0.688800 0.073400 0.015700 0.020600
0 0.007800 0.270700 0.011200 0.020300
0 0.339800 0.966100 0.016100 0.020800
0 0.136100 0.361200 0.018100 0.018800
0 0.061800 0.584100 0.016500 0.022100
0 0.796500 0.020200 0.011000 0.030300
0 0.024609 0.360417 0.013281 0.029167
0 0.037109 0.495139 0.010156 0.031944
0 0.033203 0.651389 0.010156 0.033333
0 0.076563 0.737500 0.012500 0.033333
0 0.126563 0.895139 0.010937 0.026389
0 0.194922 0.012500 0.014844 0.019444
0 0.269141 0.687500 0.013281 0.038889
0 0.215625 0.566667 0.014062 0.027778
0 0.253125 0.439583 0.010937 0.029167
0 0.276563 0.527083 0.014062 0.026389
0 0.238281 0.324306 0.015625 0.020833
0 0.192188 0.350694 0.015625 0.023611
0 0.361719 0.088889 0.015625 0.022222
0 0.362500 0.024306 0.012500 0.026389
0 0.314844 0.738889 0.014062 0.027778
0 0.356641 0.826389 0.014844 0.027778
0 0.397656 0.023611 0.015625 0.022222
0 0.486328 0.262500 0.014844 0.019444
0 0.510156 0.252778 0.012500 0.030556
0 0.492188 0.111111 0.012500 0.022222
0 0.315234 0.864583 0.013281 0.023611
0 0.325391 0.872917 0.013281 0.020833
0 0.537109 0.357639 0.013281 0.031944
0 0.570312 0.136806 0.012500 0.029167
0 0.609766 0.074306 0.011719 0.023611
0 0.613672 0.034722 0.014844 0.022222
0 0.652734 0.136111 0.011719 0.030556
0 0.637500 0.443750 0.012500 0.023611
0 0.685547 0.876389 0.016406 0.022222
0 0.692969 0.822222 0.010937 0.027778
0 0.778125 0.713194 0.010937 0.034722
0 0.764844 0.562500 0.010937 0.027778
0 0.787109 0.343056 0.010156 0.030556
0 0.740234 0.225694 0.014844 0.023611
0 0.731250 0.226389 0.010937 0.022222
0 0.774609 0.113889 0.011719 0.030556
0 0.775000 0.036806 0.010937 0.029167
0 0.824219 0.227778 0.014062 0.027778
0 0.731641 0.078472 0.010156 0.029167
0 0.726953 0.083333 0.014844 0.022222
0 0.877734 0.050000 0.014844 0.019444
0 0.868359 0.068056 0.013281 0.019444
0 0.988281 0.188889 0.015625 0.027778
0 0.809375 0.437500 0.010937 0.036111
0 0.891797 0.427083 0.011719 0.031944
0 0.965625 0.422222 0.012500 0.033333
0 0.936719 0.836806 0.015625 0.023611
0 0.730859 0.275694 0.014844 0.023611
0 0.412500 0.012500 0.017188 0.019444
0 0.049609 0.738194 0.016406 0.023611
0 0.265625 0.464583 0.012500 0.020833
0 0.807422 0.275000 0.013281 0.027778
0 0.799219 0.288889 0.014062 0.025000
0 0.343359 0.989583 0.017969 0.012500
0 0.699219 0.286806 0.012500 0.029167
0 0.007031 0.831250 0.014062 0.029167
0 0.425000 0.746528 0.012500 0.026389
0 0.675781 0.554861 0.015625 0.031944
0 0.684375 0.561806 0.010937 0.031944
0 0.824219 0.808333 0.009375 0.033333
0 0.814062 0.806250 0.010937 0.037500
