0 0.466800 0.369800 0.014900 0.021900
0 0.445100 0.307600 0.015400 0.020300
0 0.691900 0.807600 0.015900 0.022500
0 0.958900 0.643200 0.016100 0.020000
0 0.479000 0.503400 0.016500 0.022300
0 0.755200 0.119300 0.015800 0.022500
0 0.256200 0.645500 0.015000 0.023300
0 0.446400 0.542900 0.016700 0.021400
0 0.646300 0.405100 0.014500 0.023700
0 0.655000 0.131700 0.014400 0.023000
0 0.133400 0.957800 0.014700 0.024100
0 0.091400 0.519400 0.014700 0.025100
0 0.929900 0.603800 0.015600 0.020500
0 0.454300 0.107500 0.015200 0.022500
0 0.795900 0.043500 0.017600 0.020800
0 0.068500 0.121200 0.016400 0.020400
0 0.818300 0.608100 0.015600 0.022600
0 0.016800 0.442500 0.016100 0.021800
0 0.603700 0.343800 0.015700 0.020800
0 0.504200 0.683000 0.014400 0.022300
0 0.568500 0.518000 0.013700 0.024300
0 0.233300 0.642600 0.015700 0.023600
0 0.731300 0.469000 0.015100 0.021700
0 0.528900 0.717500 0.017100 0.020700
0 0.142100 0.043000 0.015000 0.022100
0 0.282800 0.667200 0.015600 0.022000
0 0.858200 0.064300 0.016000 0.018900
0 0.209300 0.829500 0.014400 0.022300
0 0.733600 0.203000 0.015600 0.021000
0 0.571000 0.844900 0.017800 0.020700
0 0.084500 0.855000 0.017100 0.020500
0 0.082100 0.405300 0.014800 0.021400
0 0.255000 0.559900 0.015600 0.018700
0 0.968300 0.816600 0.016400 0.023000
0 0.945000 0.904500 0.017200 0.020500
0 0.431100 0.522000 0.016300 0.020700
0 0.769300 0.379200 0.015200 0.022700
0 0.244700 0.533100 0.014600 0.022400
0 0.570500 0.094100 0.015300 0.019600
0 0.654200 0.192600 0.016500 0.020700
0 0.107200 0.708000 0.016800 0.021200
0 0.829000 0.105100 0.016300 0.021600
0 0.854900 0.395100 0.015600 0.019900
0 0.308000 0.417200 0.014500 0.025000
0 0.830800 0.370700 0.016300 0.024300
0 0.205900 0.292700 0.017900 0.019300
0 0.370500 0.570000 0.014800 0.021900
0 0.547700 0.218200 0.013400 0.022500
0 0.020600 0.295300 0.016400 0.021700
0 0.142700 0.410400 0.014700 0.023500
0 0.441100 0.719900 0.016000 0.018500
0 0.547100 0.657100 0.014700 0.023800
0 0.105700 0.921900 0.015300 0.023800
0 0.169900 0.070500 0.014400 0.022300
0 0.605600 0.440200 0.015200 0.022400
0 0.818200 0.759900 0.014900 0.021300
0 0.403400 0.430900 0.015400 0.022800
0 0.719000 0.683100 0.015800 0.022600
0 0.282300 0.427900 0.019900 0.021000
0 0.621400 0.357000 0.017800 0.020600
0 0.469500 0.668000 0.014500 0.023700
0 0.427100 0.066200 0.014300 0.024300
0 0.433500 0.116500 0.015600 0.022800
0 0.077600 0.929900 0.016500 0.020400
0 0.184800 0.128300 0.015600 0.020400
0 0.129000 0.265900 0.016700 0.022000
0 0.407700 0.346000 0.015000 0.023900
0 0.067500 0.069900 0.016500 0.023900
0 0.333200 0.640100 0.016500 0.020700
0 0.784100 0.067300 0.012900 0.023400
0 0.742800 0.908500 0.016000 0.021100
0 0.217400 0.279500 0.017600 0.019500
0 0.719200 0.756600 0.014100 0.023600
0 0.477000 0.041200 0.016000 0.022700
0 0.470300 0.222300 0.015200 0.022500
0 0.123100 0.741700 0.016900 0.021000
0 0.956300 0.891800 0.016200 0.022200
0 0.496900 0.466900 0.015000 0.022600
0 0.821700 0.531800 0.015400 0.021700
0 0.769500 0.352900 0.016500 0.022700
0 0.291500 0.971400 0.013600 0.023700
0 0.508800 0.945200 0.016600 0.021500
0 0.844500 0.869500 0.016100 0.021400
0 0.828800 0.184500 0.016500 0.022200
0 0.506700 0.320400 0.013800 0.021600
0 0.656900 0.331900 0.014900 0.021100
0 0.428400 0.165200 0.015800 0.020300
0 0.127700 0.334400 0.016300 0.023100
0 0.089400 0.167600 0.013700 0.021600
0 0.630700 0.067800 0.016200 0.022200
0 0.852700 0.332600 0.017200 0.022400
0 0.721900 0.809700 0.014300 0.026100
0 0.867200 0.729800 0.016100 0.023500
0 0.904000 0.217100 0.016100 0.020800
0 0.118900 0.372000 0.014000 0.025400
0 0.378700 0.497300 0.014200 0.023600
0 0.506100 0.653400 0.014500 0.024400
0 0.059800 0.418100 0.016000 0.020300
0 0.120900 0.418600 0.014500 0.022100
0 0.196900 0.207500 0.014000 0.023100
0 0.382800 0.182500 0.016300 0.020400
0 0.460200 0.054400 0.014600 0.022400
0 0.380400 0.648100 0.018100 0.020700
0 0.445400 0.742800 0.013800 0.023300
0 0.731400 0.496300 0.014400 0.023500
0 0.723000 0.593000 0.015700 0.021300
0 0.693300 0.531400 0.014800 0.021200
0 0.481700 0.608400 0.014800 0.024500
0 0.198400 0.108200 0.014500 0.020600
0 0.060100 0.293300 0.015400 0.022800
0 0.148300 0.320300 0.017500 0.019900
0 0.496000 0.778700 0.016500 0.019600
0 0.431600 0.366000 0.016100 0.021700
0 0.765500 0.093600 0.013200 0.027000
0 0.306600 0.657600 0.016500 0.019200
0 0.523600 0.095600 0.014500 0.023800
0 0.252500 0.208100 0.017200 0.021900
0 0.809900 0.816900 0.014700 0.020900
0 0.179300 0.504500 0.013900 0.027100
0 0.782200 0.159400 0.014600 0.021900
0 0.642800 0.515800 0.013700 0.025600
0 0.103600 0.256400 0.014800 0.026900
0 0.354800 0.356000 0.013300 0.028000
0 0.928200 0.321200 0.016800 0.019200
0 0.918300 0.594400 0.014800 0.019900
0 0.751500 0.704900 0.016500 0.022700
0 0.509500 0.339900 0.015300 0.020000
0 0.271000 0.029200 0.012000 0.026600
0 0.308300 0.972600 0.015000 0.021200
0 0.833700 0.590200 0.015800 0.021400
0 0.865400 0.506500 0.016000 0.023600
0 0.314600 0.879000 0.016600 0.019200
0 0.542000 0.243300 0.013300 0.021300
0 0.744700 0.296800 0.014500 0.024800
0 0.066000 0.607200 0.015800 0.022400
0 0.907800 0.640400 0.016200 0.022900
0 0.822000 0.333600 0.015300 0.025100
0 0.655600 0.427400 0.014800 0.022800
0 0.304800 0.694800 0.016600 0.020500
0 0.744800 0.565000 0.016300 0.021400
0 0.534500 0.481700 0.014700 0.023000
0 0.967000 0.230500 0.018300 0.022800
0 0.839500 0.792000 0.017700 0.020200
0 0.034300 0.941500 0.014900 0.021900
0 0.464900 0.243600 0.013200 0.024300
0 0.365600 0.259700 0.015700 0.021400
0 0.126400 0.218400 0.013500 0.028400
0 0.558000 0.082900 0.014100 0.022900
0 0.319000 0.245100 0.016400 0.021000
0 0.553900 0.057100 0.015600 0.019600
0 0.742800 0.081500 0.015100 0.025000
0 0.852000 0.195100 0.015300 0.024600
0 0.810200 0.368800 0.017000 0.023000
0 0.731000 0.564500 0.016500 0.020400
0 0.420900 0.155800 0.012900 0.025600
0 0.855500 0.789200 0.016800 0.019900
0 0.183400 0.246500 0.017200 0.023900
0 0.939900 0.279100 0.016400 0.022500
0 0.901800 0.120400 0.016000 0.021700
0 0.956400 0.590900 0.016200 0.021700
0 0.673000 0.629000 0.015700 0.025400
0 0.531600 0.691000 0.015800 0.024100
0 0.526800 0.497100 0.014800 0.022100
0 0.778200 0.534100 0.015600 0.024600
0 0.382800 0.116000 0.015100 0.022900
0 0.280300 0.290800 0.015600 0.024000
0 0.934500 0.521200 0.014200 0.021600
0 0.809600 0.567300 0.016000 0.020600
0 0.364600 0.841300 0.014000 0.025000
0 0.485300 0.384400 0.015800 0.020200
0 0.409600 0.080600 0.014900 0.023000
0 0.419700 0.972800 0.014800 0.021200
0 0.897200 0.922100 0.016400 0.024200
0 0.529100 0.421500 0.014500 0.023700
0 0.880000 0.232100 0.014700 0.025400
0 0.557100 0.415600 0.016200 0.024400
0 0.703300 0.345900 0.014200 0.022000
0 0.972400 0.876900 0.016100 0.023200
0 0.847800 0.091500 0.014800 0.023200
0 0.780600 0.901700 0.014800 0.022400
0 0.958500 0.771000 0.014300 0.030300
0 0.578900 0.190900 0.014600 0.020700
0 0.131500 0.434100 0.013600 0.025000
0 0.655000 0.704500 0.012800 0.027900
0 0.364900 0.590400 0.014200 0.025000
0 0.421400 0.377700 0.016100 0.022100
0 0.834500 0.527600 0.016800 0.019300
0 0.594600 0.064900 0.016200 0.022500
0 0.647500 0.890000 0.016500 0.020500
0 0.614400 0.066000 0.017200 0.022000
0 0.627500 0.667500 0.012700 0.029400
0 0.615700 0.159000 0.012600 0.025300
0 0.447500 0.910300 0.014200 0.019800
0 0.933600 0.357900 0.015600 0.022700
0 0.246900 0.946800 0.015300 0.019200
0 0.073300 0.704800 0.017400 0.020400
0 0.895400 0.147000 0.013600 0.031000
0 0.815200 0.731200 0.012500 0.030100
0 0.222200 0.704400 0.015500 0.023800
0 0.220100 0.985400 0.015800 0.021400
0 0.969900 0.318000 0.016300 0.022400
0 0.226600 0.581500 0.013100 0.027300
0 0.168100 0.978300 0.014500 0.022100
0 0.776700 0.041500 0.012900 0.027400
0 0.505300 0.165900 0.013500 0.026700
0 0.519800 0.903500 0.021000 0.018000
0 0.604700 0.815200 0.015100 0.023200
0 0.835500 0.832600 0.017700 0.020500
0 0.311000 0.372700 0.013000 0.027100
0 0.708700 0.597000 0.014100 0.022400
0 0.441700 0.628800 0.013700 0.026700
0 0.523400 0.529800 0.015000 0.020500
0 0.352500 0.656800 0.017600 0.019600
0 0.796100 0.481800 0.016200 0.021300
0 0.770100 0.640800 0.014500 0.024300
0 0.778000 0.709600 0.013000 0.028000
0 0.382000 0.953400 0.013600 0.025400
0 0.130300 0.972500 0.015200 0.022700
0 0.303500 0.472800 0.016800 0.021800
0 0.445600 0.432000 0.013400 0.027500
0 0.142900 0.235600 0.016500 0.023000
0 0.706600 0.539200 0.015100 0.021100
0 0.141300 0.659800 0.017400 0.018300
0 0.696400 0.696500 0.011700 0.026200
0 0.481800 0.127700 0.015400 0.021200
0 0.304900 0.870500 0.015800 0.021300
0 0.773400 0.753000 0.015000 0.020500
0 0.943300 0.510300 0.014200 0.021900
0 0.788800 0.365900 0.014800 0.023700
0 0.183200 0.964400 0.015000 0.021500
0 0.033800 0.981500 0.015300 0.022500
0 0.860300 0.807700 0.017700 0.019400
0 0.773800 0.230900 0.015200 0.020300
0 0.655500 0.573100 0.016200 0.022400
0 0.609500 0.757100 0.012700 0.025300
0 0.729800 0.078100 0.012100 0.028400
0 0.193100 0.158700 0.014900 0.022500
0 0.181500 0.581200 0.014600 0.023400
0 0.382000 0.447700 0.015200 0.024100
0 0.243900 0.890600 0.013500 0.027200
0 0.330800 0.830800 0.015000 0.026800
0 0.080700 0.547500 0.013200 0.026200
0 0.771200 0.465300 0.016100 0.023200
0 0.129600 0.102100 0.013600 0.022700
0 0.526900 0.971700 0.015400 0.021700
0 0.808800 0.535000 0.014400 0.025000
0 0.331200 0.952600 0.015200 0.022100
0 0.140200 0.507100 0.012300 0.030500
0 0.731900 0.829500 0.012500 0.028700
0 0.591100 0.645300 0.013000 0.030500
0 0.329800 0.126700 0.014300 0.023100
0 0.210000 0.090200 0.013700 0.024000
0 0.293200 0.841500 0.015500 0.022900
0 0.308100 0.110000 0.011400 0.028500
0 0.454600 0.497200 0.016100 0.023500
0 0.917800 0.814800 0.015100 0.025100
0 0.635600 0.368200 0.014700 0.022500
0 0.469500 0.647000 0.014500 0.020600
0 0.255200 0.122200 0.011200 0.031600
0 0.866100 0.277200 0.012300 0.027300
0 0.689100 0.880900 0.017100 0.020100
0 0.576400 0.392000 0.015800 0.021300
0 0.143700 0.344800 0.011600 0.030300
0 0.307700 0.740600 0.012500 0.026500
0 0.214200 0.803100 0.015800 0.020700
0 0.445600 0.238900 0.015900 0.020700
0 0.835800 0.064900 0.016600 0.019800
0 0.334600 0.047800 0.014300 0.024900
0 0.895600 0.544800 0.013400 0.024800
0 0.889000 0.783600 0.016200 0.021400
0 0.698800 0.143100 0.013800 0.025700
0 0.573900 0.557000 0.014500 0.022100
0 0.798600 0.391600 0.014000 0.026800
0 0.538700 0.067800 0.013600 0.024200
0 0.910300 0.372100 0.016000 0.021500
0 0.698300 0.642400 0.018100 0.020300
0 0.973900 0.369700 0.012100 0.032300
0 0.627800 0.919100 0.013200 0.031400
0 0.523900 0.756800 0.013200 0.028500
0 0.698200 0.193100 0.016300 0.020800
0 0.567700 0.528100 0.013700 0.020100
0 0.359900 0.628000 0.016400 0.021300
0 0.640500 0.021200 0.011400 0.032300
0 0.435700 0.446100 0.013200 0.027500
0 0.298900 0.947500 0.012300 0.025100
0 0.810900 0.889700 0.012600 0.025600
0 0.135200 0.892900 0.013200 0.032300
0 0.691700 0.493600 0.012500 0.031100
0 0.807900 0.277200 0.013700 0.024800
0 0.264800 0.234600 0.016800 0.019600
0 0.616300 0.659600 0.012600 0.024000
0 0.556300 0.313900 0.014400 0.024100
0 0.364300 0.720400 0.018900 0.021100
0 0.259100 0.577300 0.013900 0.019300
0 0.103800 0.389700 0.013400 0.025900
0 0.571500 0.628300 0.013100 0.022600
0 0.276300 0.307100 0.016900 0.022200
0 0.836400 0.554900 0.015100 0.021700
0 0.654300 0.448100 0.015600 0.021700
0 0.946800 0.177900 0.011100 0.030900
0 0.190100 0.310300 0.018400 0.019000
0 0.784200 0.244800 0.014700 0.019400
0 0.054500 0.077700 0.016300 0.023400
0 0.633200 0.289100 0.014300 0.025000
0 0.135700 0.708200 0.017600 0.020900
0 0.360500 0.508700 0.015900 0.022900
0 0.811200 0.173100 0.017200 0.021100
0 0.926600 0.023000 0.018900 0.023400
0 0.330400 0.741400 0.017400 0.021500
0 0.406600 0.315500 0.011100 0.031700
0 0.950900 0.145300 0.012400 0.029700
0 0.135100 0.139200 0.016700 0.019300
0 0.413900 0.410200 0.016100 0.021300
0 0.483300 0.914500 0.014400 0.025600
0 0.881000 0.639000 0.015200 0.021900
0 0.277200 0.852400 0.016600 0.023300
0 0.993800 0.808000 0.010500 0.023400
0 0.761100 0.167100 0.011300 0.032000
0 0.601200 0.535200 0.014800 0.024400
0 0.611500 0.684700 0.012900 0.028900
0 0.411300 0.884200 0.014800 0.023600
0 0.342400 0.860200 0.019300 0.019900
0 0.944200 0.485200 0.014500 0.024300
0 0.295200 0.576100 0.016000 0.020200
0 0.326200 0.076700 0.011900 0.026200
0 0.074100 0.342000 0.012200 0.031800
0 0.294000 0.871800 0.015400 0.025900
0 0.384700 0.923100 0.012100 0.026100
0 0.661600 0.290300 0.012800 0.024900
0 0.790900 0.239800 0.014800 0.021800
0 0.088600 0.922700 0.016900 0.020400
0 0.907500 0.598000 0.017100 0.021500
0 0.983600 0.934000 0.014000 0.030800
0 0.118000 0.141400 0.013000 0.019600
0 0.285100 0.469500 0.016500 0.024000
0 0.038900 0.610500 0.016600 0.022900
0 0.734500 0.448200 0.013700 0.026500
0 0.564200 0.402400 0.016600 0.021900
0 0.401400 0.033100 0.014800 0.023800
0 0.279300 0.203900 0.012200 0.032100
0 0.745200 0.022900 0.014700 0.027500
0 0.717500 0.856300 0.019100 0.017500
0 0.895700 0.702500 0.016600 0.022000
0 0.653700 0.876900 0.015600 0.022400
0 0.010400 0.202800 0.015100 0.026800
0 0.602500 0.151700 0.014600 0.021500
0 0.011000 0.635400 0.009700 0.028300
0 0.038600 0.333700 0.016700 0.023400
0 0.673400 0.439200 0.013900 0.024000
0 0.719500 0.653800 0.016700 0.021300
0 0.610100 0.376100 0.016100 0.023400
0 0.802100 0.672800 0.012400 0.029600
0 0.064100 0.464500 0.015000 0.022000
0 0.528200 0.267200 0.012800 0.019100
0 0.756300 0.815500 0.011500 0.031800
0 0.369300 0.635800 0.016800 0.021400
0 0.955500 0.706900 0.012900 0.029400
0 0.131400 0.801600 0.017800 0.020800
0 0.781900 0.823300 0.013100 0.021800
0 0.798400 0.288900 0.014100 0.020400
0 0.645700 0.293500 0.014300 0.020300
0 0.005700 0.114200 0.011300 0.019700
0 0.782800 0.938800 0.016300 0.021600
0 0.422300 0.796600 0.016800 0.020000
0 0.985700 0.739600 0.014600 0.027000
0 0.815100 0.839200 0.018100 0.018600
0 0.836400 0.984200 0.015400 0.022100
0 0.891600 0.615400 0.014600 0.024400
0 0.848900 0.048700 0.016000 0.020100
0 0.936000 0.466600 0.015900 0.021100
0 0.734400 0.039300 0.014000 0.024100
0 0.164000 0.579000 0.018700 0.019800
0 0.306800 0.086200 0.013900 0.020500
0 0.172400 0.761100 0.015200 0.020400
0 0.673000 0.894500 0.016600 0.020700
0 0.418800 0.359700 0.014700 0.022200
0 0.946600 0.227700 0.017200 0.019000
0 0.716400 0.671000 0.015700 0.023200
0 0.986800 0.883700 0.014000 0.026600
0 0.898100 0.558700 0.016100 0.021600
0 0.282100 0.122300 0.012600 0.028500
0 0.318200 0.773400 0.014000 0.023700
0 0.779600 0.660400 0.014000 0.024400
0 0.976400 0.403200 0.014000 0.030800
0 0.170700 0.018700 0.013600 0.030400
0 0.819300 0.138600 0.015900 0.021900
0 0.861200 0.464700 0.016700 0.021400
0 0.205000 0.860300 0.013000 0.026500
0 0.861600 0.552500 0.016800 0.019800
0 0.818800 0.936200 0.015900 0.022300
0 0.693700 0.588400 0.016400 0.020600
0 0.724000 0.942000 0.016800 0.022500
0 0.829500 0.509700 0.014500 0.023400
0 0.904200 0.188800 0.015300 0.022200
0 0.447400 0.976800 0.014200 0.021500
0 0.311800 0.158900 0.013600 0.021900
0 0.719600 0.974100 0.018200 0.019100
0 0.565600 0.622500 0.011800 0.026400
0 0.019100 0.714500 0.013400 0.025700
0 0.704100 0.795500 0.014600 0.022500
0 0.885600 0.692300 0.017700 0.021100
0 0.576500 0.374000 0.016000 0.022600
0 0.488900 0.602000 0.015100 0.021600
0 0.331400 0.926300 0.014800 0.022300
0 0.493400 0.501500 0.014400 0.026300
0 0.155900 0.822500 0.015000 0.020000
0 0.609900 0.564600 0.017300 0.020900
0 0.501200 0.126800 0.018000 0.020800
0 0.936500 0.689500 0.015600 0.021500
0 0.382500 0.060900 0.015800 0.023600
0 0.928700 0.366800 0.014800 0.023300
0 0.338700 0.251900 0.014000 0.022800
0 0.365500 0.401800 0.011300 0.033400
0 0.175900 0.895900 0.014900 0.027100
0 0.709000 0.328600 0.015100 0.020600
0 0.922400 0.377100 0.015000 0.022400
0 0.947200 0.526900 0.012000 0.023300
0 0.739900 0.189700 0.015000 0.022500
0 0.455600 0.584200 0.014800 0.023000
0 0.466100 0.498500 0.014500 0.023500
0 0.335100 0.222600 0.015400 0.021400
0 0.225700 0.845900 0.012800 0.028900
0 0.671000 0.015200 0.012900 0.027700
0 0.859800 0.877000 0.011800 0.029800
0 0.923000 0.067300 0.010300 0.039100
0 0.054700 0.885900 0.014600 0.028800
0 0.941400 0.714600 0.012500 0.028500
0 0.258500 0.889000 0.014900 0.025900
0 0.051172 0.240278 0.016406 0.030556
0 0.048047 0.374306 0.016406 0.023611
0 0.124609 0.548611 0.014844 0.025000
0 0.186719 0.536111 0.015625 0.019444
0 0.120703 0.674306 0.016406 0.020833
0 0.161719 0.647222 0.012500 0.022222
0 0.154687 0.640278 0.012500 0.022222
0 0.093750 0.095833 0.012500 0.027778
0 0.036328 0.967361 0.016406 0.023611
0 0.008203 0.280556 0.011719 0.027778
0 0.238672 0.961111 0.014844 0.022222
0 0.261719 0.861111 0.012500 0.019444
0 0.283203 0.886806 0.014844 0.020833
0 0.361328 0.783333 0.014844 0.022222
0 0.297266 0.704167 0.014844 0.025000
0 0.220313 0.040972 0.014062 0.023611
0 0.325000 0.170833 0.014062 0.025000
0 0.327734 0.285417 0.010156 0.026389
0 0.330469 0.301389 0.014062 0.022222
0 0.442187 0.675000 0.014062 0.025000
0 0.436719 0.325000 0.015625 0.022222
0 0.463672 0.520833 0.013281 0.019444
0 0.484766 0.722917 0.011719 0.029167
0 0.487500 0.682639 0.014062 0.029167
0 0.393359 0.524306 0.011719 0.034722
0 0.280078 0.702778 0.013281 0.022222
0 0.362109 0.054861 0.011719 0.034722
0 0.467969 0.013889 0.014062 0.016667
0 0.440234 0.157639 0.010156 0.029167
0 0.560938 0.350000 0.012500 0.027778
0 0.588672 0.759028 0.013281 0.029167
0 0.574219 0.761111 0.015625 0.025000
0 0.587891 0.225000 0.011719 0.033333
0 0.586719 0.957639 0.012500 0.029167
0 0.617188 0.981944 0.012500 0.019444
0 0.782422 0.014583 0.013281 0.018056
0 0.835547 0.914583 0.016406 0.023611
0 0.802344 0.722917 0.010937 0.026389
0 0.514063 0.310417 0.012500 0.018056
0 0.733594 0.677083 0.012500 0.020833
0 0.789844 0.627778 0.012500 0.025000
0 0.475391 0.365972 0.011719 0.026389
0 0.987500 0.851389 0.010937 0.027778
0 0.950000 0.655556 0.010937 0.027778
0 0.977734 0.775694 0.011719 0.029167
0 0.972266 0.712500 0.010156 0.027778
0 0.864062 0.608333 0.010937 0.030556
0 0.845703 0.711806 0.011719 0.029167
0 0.841016 0.700694 0.011719 0.026389
0 0.872656 0.608333 0.012500 0.025000
0 0.219141 0.181944 0.014844 0.030556
0 0.558984 0.163194 0.013281 0.020833
0 0.553906 0.154167 0.009375 0.027778
