0 0.406000 0.681100 0.014400 0.020700
0 0.471900 0.067600 0.014700 0.020300
0 0.544900 0.332900 0.015000 0.021800
0 0.084100 0.760100 0.015600 0.019000
0 0.755600 0.854500 0.014400 0.023000
0 0.869100 0.532000 0.016200 0.020300
0 0.709300 0.672000 0.013800 0.023200
0 0.534200 0.144400 0.013500 0.020700
0 0.479700 0.468900 0.015400 0.021400
0 0.054900 0.941900 0.016400 0.018300
0 0.580200 0.279400 0.013600 0.023800
0 0.645500 0.343600 0.016100 0.018800
0 0.080700 0.783700 0.015400 0.021100
0 0.795900 0.231600 0.016600 0.021000
0 0.657300 0.353900 0.015000 0.021400
0 0.293900 0.771100 0.017400 0.021700
0 0.490500 0.403400 0.015200 0.021000
0 0.433500 0.455900 0.012200 0.028400
0 0.441400 0.058900 0.013900 0.021600
0 0.234300 0.531900 0.018700 0.020100
0 0.057300 0.531900 0.017500 0.018700
0 0.691100 0.342000 0.018700 0.020400
0 0.704600 0.859500 0.016800 0.020400
0 0.117700 0.771300 0.015400 0.019900
0 0.543600 0.744300 0.014900 0.019000
0 0.108100 0.635800 0.017500 0.020300
0 0.783800 0.396400 0.014400 0.022500
0 0.919600 0.440700 0.016800 0.021800
0 0.544700 0.283500 0.012900 0.021600
0 0.794100 0.833500 0.015300 0.021100
0 0.734800 0.256200 0.013600 0.022700
0 0.782900 0.885000 0.015500 0.021100
0 0.810200 0.708500 0.015500 0.024100
0 0.577700 0.508900 0.015100 0.022600
0 0.794100 0.732600 0.015500 0.023200
0 0.583100 0.203200 0.016200 0.022200
0 0.441200 0.419100 0.015600 0.023900
0 0.520000 0.642800 0.015800 0.022500
0 0.144200 0.234700 0.017300 0.021300
0 0.103100 0.321900 0.015100 0.021200
0 0.941500 0.355800 0.016400 0.020200
0 0.477100 0.118500 0.015800 0.020500
0 0.170500 0.094900 0.015000 0.022500
0 0.942900 0.215100 0.017000 0.022500
0 0.623200 0.183700 0.015800 0.020200
0 0.818800 0.685600 0.015700 0.023900
0 0.130100 0.333600 0.016100 0.023400
0 0.019000 0.883900 0.016400 0.018800
0 0.784400 0.855900 0.014200 0.021600
0 0.167400 0.716500 0.015700 0.022800
0 0.170400 0.843700 0.016300 0.021900
0 0.030800 0.855400 0.015600 0.023700
0 0.769900 0.193800 0.015400 0.019900
0 0.482900 0.234700 0.014400 0.023200
0 0.829200 0.105100 0.015300 0.021200
0 0.106400 0.109400 0.014600 0.021700
0 0.191900 0.591400 0.019600 0.018900
0 0.740400 0.841000 0.013700 0.024100
0 0.921500 0.396700 0.016100 0.020200
0 0.664500 0.866600 0.014800 0.022600
0 0.820400 0.131700 0.013900 0.022800
0 0.205400 0.080800 0.013700 0.022500
0 0.632800 0.396800 0.015800 0.021300
0 0.169700 0.205400 0.015400 0.022200
0 0.105500 0.490200 0.014500 0.022800
0 0.368300 0.740000 0.016900 0.020000
0 0.934200 0.783800 0.014900 0.022100
0 0.320500 0.277900 0.016000 0.020700
0 0.047600 0.934600 0.016000 0.019100
0 0.695600 0.690100 0.014800 0.023400
0 0.834800 0.304700 0.016900 0.019500
0 0.454900 0.084000 0.014600 0.019300
0 0.381000 0.595300 0.016800 0.019700
0 0.067400 0.360000 0.017900 0.022200
0 0.935700 0.921200 0.013700 0.026000
0 0.319500 0.469400 0.015000 0.019400
0 0.885200 0.558300 0.015700 0.023600
0 0.343000 0.106200 0.015800 0.024300
0 0.389900 0.615700 0.016400 0.020500
0 0.945300 0.115100 0.014100 0.026100
0 0.664000 0.504300 0.015900 0.024400
0 0.815900 0.841300 0.015500 0.019900
0 0.728600 0.327600 0.015700 0.020800
0 0.294400 0.405600 0.014500 0.023000
0 0.448200 0.207700 0.015000 0.024600
0 0.021300 0.481900 0.016200 0.018400
0 0.640800 0.365700 0.016300 0.020300
0 0.195300 0.796800 0.014000 0.021400
0 0.671700 0.309800 0.016700 0.022200
0 0.395200 0.055500 0.015800 0.023200
0 0.427000 0.165600 0.016800 0.024100
0 0.305600 0.593300 0.014000 0.024700
0 0.797000 0.039600 0.015900 0.023100
0 0.534900 0.666600 0.015500 0.019800
0 0.405600 0.282200 0.014100 0.022400
0 0.780200 0.765800 0.013000 0.028600
0 0.927600 0.216500 0.016100 0.024200
0 0.253900 0.622300 0.018200 0.020200
0 0.154600 0.929900 0.015700 0.020300
0 0.342600 0.628000 0.016200 0.022400
0 0.691500 0.833000 0.013500 0.022200
0 0.797900 0.403500 0.015100 0.021700
0 0.496900 0.503800 0.015500 0.023900
0 0.707500 0.209600 0.014600 0.022300
0 0.617600 0.051800 0.015100 0.021400
0 0.897000 0.146700 0.017000 0.022100
0 0.459800 0.068400 0.013900 0.019400
0 0.828700 0.359200 0.013800 0.022800
0 0.529900 0.896700 0.018600 0.021200
0 0.703000 0.631600 0.012600 0.027700
0 0.822400 0.244000 0.014900 0.020800
0 0.336100 0.643300 0.012700 0.023500
0 0.333300 0.892300 0.015900 0.023600
0 0.886200 0.530800 0.015500 0.020400
0 0.254600 0.945100 0.014300 0.023200
0 0.577400 0.731700 0.014200 0.019700
0 0.442000 0.514800 0.016900 0.021400
0 0.319500 0.415900 0.016300 0.021300
0 0.042800 0.528500 0.019300 0.019500
0 0.629300 0.264900 0.013500 0.021900
0 0.232000 0.656700 0.016900 0.020100
0 0.792800 0.208800 0.014900 0.022900
0 0.889800 0.307100 0.015200 0.024600
0 0.770100 0.641300 0.015300 0.025200
0 0.855500 0.360800 0.014600 0.021100
0 0.957000 0.547700 0.017600 0.022500
0 0.418300 0.397500 0.013700 0.020200
0 0.822000 0.153500 0.015600 0.020800
0 0.295600 0.902700 0.016800 0.023600
0 0.081700 0.909100 0.015800 0.022800
0 0.276800 0.455400 0.014200 0.024700
0 0.753100 0.269100 0.013300 0.026400
0 0.354500 0.435400 0.017200 0.021100
0 0.264400 0.173100 0.016400 0.019500
0 0.319600 0.547800 0.014000 0.023500
0 0.634900 0.427600 0.015300 0.024800
0 0.930100 0.634800 0.015800 0.020800
0 0.906900 0.705100 0.014600 0.023400
0 0.804700 0.541200 0.015200 0.024300
0 0.840300 0.958900 0.017500 0.019100
0 0.008100 0.277900 0.012800 0.021500
0 0.391400 0.357200 0.013500 0.021800
0 0.546600 0.456200 0.016700 0.020100
0 0.264900 0.904200 0.014400 0.026400
0 0.022400 0.803800 0.014900 0.019700
0 0.573500 0.418200 0.014600 0.025300
0 0.627400 0.716300 0.014000 0.024400
0 0.797100 0.518500 0.015600 0.023800
0 0.269700 0.647100 0.017700 0.019600
0 0.668200 0.665300 0.014300 0.025400
0 0.946700 0.282900 0.013800 0.029400
0 0.122800 0.927400 0.016000 0.020200
0 0.618100 0.328500 0.014700 0.023900
0 0.090400 0.706200 0.013800 0.019900
0 0.843700 0.096800 0.013400 0.025000
0 0.378400 0.859800 0.015800 0.021800
0 0.294100 0.020400 0.015800 0.025700
0 0.317100 0.889400 0.013700 0.027000
0 0.792300 0.796800 0.013900 0.022800
0 0.679000 0.282200 0.015100 0.019100
0 0.219900 0.945500 0.015200 0.020500
0 0.801700 0.956700 0.015900 0.020800
0 0.152400 0.510300 0.012200 0.028500
0 0.846900 0.295400 0.015300 0.019900
0 0.264900 0.417900 0.013300 0.025400
0 0.517500 0.679100 0.012800 0.026400
0 0.673500 0.571500 0.016900 0.021900
0 0.295500 0.522900 0.015200 0.020500
0 0.428000 0.029900 0.012700 0.025800
0 0.442800 0.647700 0.016300 0.024300
0 0.896800 0.544000 0.017000 0.018700
0 0.979700 0.360100 0.017400 0.021200
0 0.059700 0.840800 0.016600 0.020700
0 0.020600 0.940200 0.012400 0.024800
0 0.723500 0.666400 0.012900 0.025400
0 0.166000 0.628300 0.019900 0.020600
0 0.739600 0.756800 0.013600 0.023500
0 0.240800 0.845600 0.013700 0.027200
0 0.929600 0.552100 0.015900 0.020000
0 0.027600 0.496100 0.018700 0.017900
0 0.823200 0.897800 0.015700 0.021700
0 0.668400 0.941700 0.014600 0.025200
0 0.318600 0.705900 0.016200 0.020600
0 0.778900 0.316200 0.016100 0.021900
0 0.254900 0.776700 0.016100 0.022100
0 0.809200 0.558800 0.013100 0.027300
0 0.139400 0.405200 0.012600 0.029600
0 0.631200 0.322000 0.015000 0.020400
0 0.147900 0.957700 0.016400 0.021500
0 0.706200 0.190300 0.013300 0.022500
0 0.845700 0.659800 0.016200 0.022500
0 0.394800 0.981800 0.013400 0.024500
0 0.295600 0.477700 0.016000 0.022800
0 0.795400 0.684100 0.015100 0.022500
0 0.083200 0.646800 0.014600 0.025700
0 0.252400 0.576900 0.016500 0.021100
0 0.504200 0.355700 0.013500 0.022300
0 0.492800 0.561000 0.017400 0.021400
0 0.792400 0.853800 0.016000 0.019200
0 0.506700 0.866400 0.019300 0.019700
0 0.948300 0.466600 0.015900 0.020700
0 0.116700 0.540600 0.012800 0.025100
0 0.488900 0.919500 0.016300 0.021700
0 0.002400 0.207000 0.006300 0.023300
0 0.617900 0.214400 0.015900 0.020000
0 0.020800 0.745600 0.014500 0.021100
0 0.301800 0.607900 0.015700 0.023700
0 0.773400 0.117200 0.014300 0.021500
0 0.327000 0.768900 0.017500 0.020600
0 0.220300 0.985800 0.016200 0.020300
0 0.009700 0.241100 0.011300 0.028800
0 0.345600 0.477300 0.014100 0.022500
0 0.508800 0.406600 0.013000 0.021300
0 0.618600 0.277800 0.013900 0.021600
0 0.636300 0.960300 0.016900 0.021100
0 0.967200 0.572300 0.015100 0.023900
0 0.659500 0.531700 0.013700 0.027700
0 0.239200 0.793700 0.013200 0.026900
0 0.878600 0.982800 0.016900 0.018900
0 0.792200 0.565900 0.012000 0.030800
0 0.479400 0.873200 0.017000 0.021000
0 0.826500 0.631600 0.012600 0.031000
0 0.004700 0.222600 0.011000 0.020300
0 0.407200 0.241500 0.014600 0.020700
0 0.670500 0.747000 0.013800 0.025900
0 0.785700 0.296800 0.016100 0.020100
0 0.330900 0.745300 0.017800 0.019500
0 0.311300 0.858000 0.013200 0.029200
0 0.123200 0.956300 0.018000 0.019100
0 0.157200 0.801700 0.014600 0.021000
0 0.047900 0.666100 0.015000 0.019500
0 0.367200 0.980800 0.014400 0.022700
0 0.282300 0.517000 0.014600 0.021700
0 0.404800 0.934000 0.011900 0.031900
0 0.151100 0.917100 0.016500 0.020100
0 0.982600 0.633800 0.016600 0.022200
0 0.730400 0.078500 0.012000 0.031100
0 0.192700 0.561000 0.016600 0.022900
0 0.753900 0.502100 0.014100 0.024600
0 0.036400 0.190500 0.014600 0.022300
0 0.484900 0.380100 0.013600 0.022000
0 0.938700 0.482900 0.012500 0.025400
0 0.856800 0.934800 0.015600 0.020400
0 0.135400 0.446300 0.014800 0.021100
0 0.004700 0.459000 0.010900 0.022100
0 0.039100 0.903200 0.015200 0.025100
0 0.101800 0.053600 0.014000 0.023700
0 0.686300 0.269200 0.012500 0.022100
0 0.928600 0.535100 0.017100 0.020000
0 0.852000 0.159100 0.016500 0.019900
0 0.297600 0.163900 0.015500 0.020800
0 0.401800 0.090400 0.012500 0.028000
0 0.141500 0.552800 0.017000 0.018500
0 0.676600 0.905200 0.017500 0.018800
0 0.564200 0.629600 0.014600 0.027100
0 0.232500 0.629900 0.017200 0.020900
0 0.771900 0.465800 0.015200 0.023400
0 0.971100 0.971600 0.019900 0.020500
0 0.556400 0.416900 0.013400 0.022300
0 0.570300 0.607900 0.015200 0.022400
0 0.481900 0.139900 0.014300 0.019000
0 0.608800 0.152600 0.011000 0.028400
0 0.256700 0.445900 0.013400 0.021300
0 0.819600 0.553200 0.011900 0.032900
0 0.216800 0.527300 0.014600 0.023600
0 0.494500 0.385400 0.014700 0.022000
0 0.550800 0.366700 0.014400 0.022900
0 0.017800 0.514400 0.016900 0.019900
0 0.792200 0.776900 0.014600 0.022300
0 0.207800 0.464300 0.014800 0.023300
0 0.711100 0.320900 0.017600 0.020000
0 0.551100 0.622000 0.015200 0.024000
0 0.960900 0.364900 0.015500 0.021700
0 0.592200 0.260300 0.013300 0.023600
0 0.955000 0.309700 0.014800 0.027700
0 0.565300 0.560900 0.017600 0.022400
0 0.430000 0.251700 0.014800 0.022300
0 0.424200 0.455300 0.010700 0.030300
0 0.517700 0.067300 0.013400 0.021300
0 0.853000 0.135200 0.014100 0.024200
0 0.702700 0.810400 0.011200 0.025700
0 0.533400 0.942800 0.012800 0.031700
0 0.694700 0.123300 0.015000 0.020500
0 0.780200 0.035300 0.014200 0.027200
0 0.739400 0.234100 0.015100 0.023000
0 0.889000 0.385700 0.016000 0.020500
0 0.714500 0.098100 0.015900 0.022200
0 0.807300 0.277500 0.015300 0.020600
0 0.893000 0.939700 0.015100 0.018300
0 0.819900 0.016800 0.011700 0.031000
0 0.289200 0.542200 0.016600 0.021400
0 0.313600 0.510400 0.013200 0.023200
0 0.681500 0.116500 0.012300 0.024100
0 0.916000 0.711300 0.015800 0.021000
0 0.145100 0.534900 0.015100 0.021900
0 0.366000 0.813900 0.017900 0.023600
0 0.548800 0.980400 0.014200 0.021700
0 0.822900 0.180200 0.015700 0.023300
0 0.782100 0.961200 0.017300 0.020800
0 0.948700 0.388900 0.016000 0.019000
0 0.897800 0.364500 0.013400 0.023400
0 0.716100 0.545900 0.011900 0.034300
0 0.794100 0.291500 0.014600 0.021100
0 0.302900 0.298400 0.014900 0.024400
0 0.733900 0.973800 0.016500 0.021700
0 0.848500 0.047300 0.015300 0.023800
0 0.615300 0.698500 0.012500 0.025600
0 0.325900 0.105300 0.013800 0.028300
0 0.838800 0.885100 0.015800 0.018900
0 0.603500 0.931400 0.012400 0.030000
0 0.345900 0.341600 0.015300 0.022400
0 0.652700 0.701400 0.015100 0.023700
0 0.739500 0.457300 0.016000 0.025300
0 0.529300 0.034000 0.013100 0.029200
0 0.754700 0.370500 0.011400 0.034700
0 0.408100 0.294000 0.015200 0.019800
0 0.813900 0.289900 0.016600 0.019700
0 0.985600 0.760200 0.018700 0.020900
0 0.590500 0.285400 0.014700 0.024200
0 0.176600 0.601300 0.019600 0.017700
0 0.038400 0.465500 0.017500 0.019800
0 0.159400 0.839500 0.014200 0.022900
0 0.981100 0.830100 0.012600 0.029400
0 0.766700 0.282600 0.015600 0.021300
0 0.585500 0.360400 0.013300 0.025800
0 0.676100 0.841500 0.016600 0.019800
0 0.397200 0.197400 0.016000 0.023800
0 0.515300 0.797000 0.013300 0.020000
0 0.173300 0.038900 0.015100 0.022700
0 0.634300 0.023100 0.016300 0.024600
0 0.971600 0.510700 0.019200 0.019600
0 0.123400 0.623800 0.016600 0.020800
0 0.511100 0.846800 0.019000 0.019100
0 0.331300 0.376200 0.014200 0.023400
0 0.355600 0.545500 0.011600 0.035400
0 0.488300 0.677300 0.012000 0.032400
0 0.451200 0.770000 0.013000 0.028300
0 0.276500 0.798200 0.016800 0.021300
0 0.839100 0.932900 0.018700 0.018200
0 0.836100 0.234900 0.012700 0.021000
0 0.218000 0.961400 0.016800 0.021800
0 0.536400 0.303800 0.011800 0.027900
0 0.019200 0.652300 0.012300 0.029000
0 0.685500 0.965200 0.016500 0.023000
0 0.747100 0.138400 0.016700 0.019500
0 0.938700 0.645000 0.014500 0.020200
0 0.060700 0.718100 0.015000 0.019200
0 0.632100 0.239800 0.014600 0.019800
0 0.956500 0.748000 0.012100 0.032000
0 0.041700 0.976500 0.013700 0.021300
0 0.335700 0.090300 0.014900 0.024200
0 0.936300 0.343600 0.015100 0.020400
0 0.136500 0.164600 0.013300 0.028100
0 0.303400 0.409200 0.014800 0.022200
0 0.960500 0.510200 0.017400 0.018200
0 0.542500 0.498500 0.017100 0.023800
0 0.438700 0.098000 0.016000 0.020800
0 0.026200 0.673300 0.015600 0.020700
0 0.767500 0.272900 0.014600 0.020600
0 0.324100 0.303300 0.015700 0.021900
0 0.165100 0.215900 0.014300 0.025000
0 0.380000 0.089200 0.014800 0.024800
0 0.601000 0.264200 0.013700 0.023100
0 0.125900 0.782600 0.015600 0.020600
0 0.398900 0.635700 0.016400 0.020400
0 0.368200 0.313600 0.014200 0.022800
0 0.073300 0.227200 0.014800 0.021800
0 0.989900 0.354100 0.011800 0.020200
0 0.122000 0.210600 0.015800 0.022400
0 0.926500 0.739200 0.012100 0.030000
0 0.942900 0.523800 0.016700 0.019700
0 0.548500 0.723000 0.013200 0.019700
0 0.492900 0.023400 0.012400 0.026500
0 0.411700 0.309700 0.012800 0.024700
0 0.340300 0.785300 0.018100 0.020700
0 0.489700 0.961400 0.016700 0.020900
0 0.802600 0.251100 0.015800 0.020300
0 0.073700 0.847700 0.014700 0.023900
0 0.211700 0.130400 0.014800 0.020200
0 0.526100 0.255000 0.015300 0.023300
0 0.473900 0.626300 0.014500 0.026100
0 0.409300 0.673400 0.014500 0.021100
0 0.838400 0.501700 0.016600 0.022100
0 0.931200 0.647900 0.015100 0.019700
0 0.751000 0.579000 0.012600 0.035100
0 0.420400 0.536200 0.012800 0.026200
0 0.536100 0.020500 0.013100 0.029900
0 0.318700 0.736600 0.017100 0.018700
0 0.615700 0.203900 0.015000 0.021100
0 0.723600 0.726000 0.014300 0.024100
0 0.051562 0.225694 0.017188 0.026389
0 0.042969 0.397917 0.014062 0.031944
0 0.192578 0.395139 0.013281 0.031944
0 0.107422 0.365278 0.011719 0.027778
0 0.113281 0.377083 0.010937 0.023611
0 0.026953 0.961806 0.011719 0.020833
0 0.148828 0.886806 0.016406 0.023611
0 0.193359 0.749306 0.011719 0.026389
0 0.200781 0.760417 0.014062 0.023611
0 0.267188 0.025000 0.012500 0.033333
0 0.400391 0.033333 0.014844 0.019444
0 0.405469 0.225000 0.012500 0.022222
0 0.394141 0.288889 0.013281 0.025000
0 0.428516 0.488194 0.013281 0.029167
0 0.293359 0.875694 0.016406 0.020833
0 0.337109 0.979167 0.014844 0.022222
0 0.430859 0.862500 0.014844 0.030556
0 0.434766 0.536806 0.011719 0.037500
0 0.512109 0.559722 0.013281 0.022222
0 0.548437 0.796528 0.017188 0.023611
0 0.523828 0.768750 0.011719 0.026389
0 0.564844 0.892361 0.014062 0.020833
0 0.514844 0.438194 0.012500 0.026389
0 0.626172 0.388889 0.016406 0.027778
0 0.614062 0.438194 0.012500 0.031944
0 0.604297 0.340972 0.014844 0.023611
0 0.713672 0.909028 0.014844 0.023611
0 0.631641 0.515278 0.011719 0.030556
0 0.547266 0.388889 0.013281 0.030556
0 0.539844 0.395139 0.010937 0.031944
0 0.677734 0.065278 0.011719 0.033333
0 0.662891 0.145139 0.014844 0.020833
0 0.654297 0.136806 0.014844 0.020833
0 0.656250 0.196528 0.014062 0.023611
0 0.644141 0.197222 0.016406 0.019444
0 0.641406 0.210417 0.015625 0.018056
0 0.662500 0.266667 0.014062 0.022222
0 0.650781 0.269444 0.017188 0.019444
0 0.699609 0.146528 0.011719 0.023611
0 0.701953 0.127778 0.011719 0.022222
0 0.747266 0.209722 0.014844 0.022222
0 0.754687 0.206944 0.014062 0.022222
0 0.805078 0.138889 0.013281 0.033333
0 0.844141 0.011806 0.011719 0.020833
0 0.858594 0.014583 0.012500 0.023611
0 0.862891 0.036806 0.011719 0.023611
0 0.987500 0.206250 0.014062 0.026389
0 0.782422 0.362500 0.011719 0.033333
0 0.837109 0.384722 0.011719 0.027778
0 0.901172 0.451389 0.017969 0.022222
0 0.810547 0.800694 0.010156 0.034722
0 0.696484 0.659028 0.013281 0.026389
0 0.853906 0.621528 0.012500 0.034722
0 0.841797 0.672222 0.013281 0.027778
0 0.936719 0.700000 0.014062 0.030556
0 0.807813 0.872917 0.017188 0.020833
0 0.919531 0.527778 0.010937 0.030556
0 0.989453 0.465972 0.014844 0.023611
0 0.923437 0.370833 0.014062 0.027778
0 0.960156 0.059028 0.015625 0.023611
0 0.948438 0.053472 0.015625 0.023611
0 0.251563 0.551389 0.014062 0.019444
0 0.258984 0.292361 0.011719 0.029167
0 0.240234 0.231250 0.016406 0.023611
0 0.405859 0.959722 0.010156 0.027778
0 0.400391 0.957639 0.010156 0.023611
0 0.633984 0.746528 0.011719 0.029167
0 0.286719 0.071528 0.015625 0.023611
0 0.289844 0.086806 0.015625 0.023611
0 0.891016 0.789583 0.014844 0.020833
0 0.899219 0.798611 0.010937 0.027778
0 0.887500 0.807639 0.010937 0.023611
