0 0.719200 0.168100 0.016700 0.019500
0 0.195100 0.056800 0.015800 0.021500
0 0.144400 0.896300 0.016200 0.023500
0 0.070800 0.406600 0.012600 0.021600
0 0.858500 0.108700 0.016400 0.021100
0 0.172700 0.872300 0.015900 0.021500
0 0.458400 0.084100 0.015800 0.021000
0 0.790100 0.202800 0.015500 0.021500
0 0.719300 0.808200 0.015900 0.019400
0 0.991900 0.808500 0.012900 0.021600
0 0.682700 0.056900 0.016200 0.019800
0 0.628000 0.383000 0.016200 0.019700
0 0.583900 0.094600 0.015000 0.021800
0 0.384400 0.183600 0.018000 0.021800
0 0.580000 0.218300 0.015300 0.023600
0 0.467800 0.154200 0.016200 0.020600
0 0.891700 0.504300 0.014900 0.023800
0 0.918500 0.845900 0.016000 0.022500
0 0.308800 0.057600 0.014400 0.022600
0 0.539400 0.820700 0.014600 0.024500
0 0.828900 0.105100 0.015900 0.020800
0 0.941800 0.671700 0.016200 0.020500
0 0.944800 0.529800 0.013800 0.023300
0 0.603500 0.203000 0.016900 0.020600
0 0.234500 0.242700 0.015100 0.022400
0 0.697700 0.169000 0.015100 0.021400
0 0.890400 0.145500 0.015500 0.021900
0 0.310200 0.509800 0.015700 0.021700
0 0.828000 0.784600 0.014600 0.024600
0 0.222500 0.256700 0.015100 0.023900
0 0.380300 0.869600 0.014600 0.020400
0 0.453600 0.307200 0.013400 0.023700
0 0.204100 0.494200 0.015100 0.024200
0 0.845900 0.817700 0.015400 0.024900
0 0.610100 0.342500 0.015900 0.020400
0 0.878500 0.633700 0.016200 0.020900
0 0.802100 0.855700 0.013700 0.025800
0 0.204500 0.557900 0.015100 0.024200
0 0.479700 0.559200 0.014600 0.024400
0 0.241300 0.335200 0.014600 0.021200
0 0.426800 0.165900 0.017200 0.022100
0 0.795900 0.446300 0.015300 0.022500
0 0.680600 0.558200 0.015500 0.024500
0 0.729500 0.643000 0.015600 0.021500
0 0.520800 0.210700 0.015200 0.022000
0 0.556500 0.632600 0.015000 0.023700
0 0.833000 0.682600 0.016400 0.021900
0 0.283800 0.210000 0.015500 0.021500
0 0.784200 0.081600 0.013700 0.022300
0 0.756100 0.305700 0.015200 0.018200
0 0.005700 0.605700 0.008600 0.018300
0 0.221800 0.971500 0.014800 0.018500
0 0.506900 0.132200 0.016600 0.021900
0 0.109200 0.205400 0.016700 0.020700
0 0.941100 0.614600 0.015800 0.021800
0 0.822300 0.379800 0.014200 0.024300
0 0.076600 0.743800 0.013200 0.022500
0 0.853800 0.142300 0.014900 0.021900
0 0.546800 0.683600 0.016500 0.021200
0 0.031400 0.393400 0.015600 0.020900
0 0.540100 0.533300 0.015400 0.021500
0 0.304600 0.479200 0.014400 0.024500
0 0.882500 0.403900 0.014400 0.022200
0 0.065800 0.540700 0.019600 0.017000
0 0.808400 0.294400 0.014700 0.021700
0 0.279700 0.155000 0.015800 0.020500
0 0.832000 0.135300 0.014600 0.021400
0 0.880900 0.805800 0.016700 0.022600
0 0.347700 0.668700 0.014900 0.021200
0 0.380000 0.969500 0.015200 0.024900
0 0.480800 0.229600 0.015000 0.021900
0 0.081600 0.468900 0.013700 0.020300
0 0.718200 0.280800 0.014600 0.021600
0 0.629800 0.845400 0.016500 0.020600
0 0.753700 0.802300 0.015400 0.021300
0 0.255600 0.921400 0.015400 0.022400
0 0.222000 0.556200 0.016500 0.022600
0 0.095700 0.166700 0.015100 0.021400
0 0.030600 0.378900 0.015700 0.022000
0 0.754800 0.165000 0.015900 0.021300
0 0.169100 0.052500 0.015900 0.019700
0 0.008900 0.278100 0.014700 0.021100
0 0.857400 0.692900 0.015100 0.019900
0 0.716900 0.392100 0.013600 0.017200
0 0.429300 0.127400 0.015000 0.021500
0 0.448300 0.291500 0.015100 0.020800
0 0.431300 0.520000 0.015800 0.023200
0 0.717300 0.831100 0.015400 0.018100
0 0.528600 0.605200 0.012900 0.025600
0 0.015700 0.359900 0.016500 0.020900
0 0.785000 0.421800 0.015600 0.020800
0 0.622200 0.431000 0.016900 0.022000
0 0.626700 0.456200 0.016600 0.022200
0 0.678600 0.177100 0.016700 0.020500
0 0.848100 0.368400 0.014500 0.019700
0 0.481600 0.727800 0.019100 0.021200
0 0.760300 0.070500 0.015100 0.024100
0 0.092500 0.544100 0.017800 0.018300
0 0.571500 0.665000 0.017800 0.020800
0 0.779900 0.447400 0.016400 0.020800
0 0.631100 0.104300 0.013000 0.024700
0 0.446600 0.543500 0.015700 0.020300
0 0.382100 0.628800 0.014500 0.025500
0 0.733100 0.810200 0.016600 0.019000
0 0.694200 0.077600 0.015300 0.021500
0 0.085600 0.770200 0.014600 0.019800
0 0.218100 0.139400 0.015400 0.019900
0 0.056200 0.145600 0.014000 0.022400
0 0.289900 0.906100 0.014900 0.024000
0 0.759400 0.892900 0.013700 0.026100
0 0.239800 0.933100 0.014700 0.023900
0 0.668900 0.672000 0.014700 0.022500
0 0.643600 0.691300 0.016000 0.023300
0 0.154200 0.359600 0.014000 0.024800
0 0.878900 0.766800 0.014400 0.021900
0 0.904400 0.107800 0.014600 0.021100
0 0.855400 0.031800 0.011300 0.031000
0 0.628300 0.265700 0.014800 0.022100
0 0.584600 0.171100 0.013400 0.024300
0 0.193000 0.153400 0.015400 0.022300
0 0.393900 0.146900 0.015600 0.025400
0 0.260100 0.027100 0.016200 0.021900
0 0.808100 0.717200 0.014900 0.024400
0 0.891800 0.110100 0.015800 0.022100
0 0.770600 0.640700 0.015600 0.021800
0 0.870700 0.734800 0.015400 0.020400
0 0.132500 0.734000 0.014300 0.025800
0 0.282500 0.422500 0.014600 0.020400
0 0.456200 0.395300 0.016000 0.023800
0 0.490900 0.596400 0.015900 0.021200
0 0.018100 0.846800 0.013100 0.023600
0 0.465100 0.197100 0.013600 0.021900
0 0.946900 0.321300 0.013900 0.021800
0 0.627000 0.630100 0.014500 0.021500
0 0.734800 0.605600 0.013800 0.025500
0 0.627500 0.652400 0.017200 0.021000
0 0.272900 0.584200 0.016900 0.019700
0 0.756400 0.385700 0.014800 0.020800
0 0.610500 0.394600 0.013700 0.021600
0 0.593100 0.731000 0.014500 0.024800
0 0.176600 0.393400 0.014900 0.023400
0 0.739800 0.264600 0.013700 0.020100
0 0.556600 0.323300 0.015500 0.021700
0 0.779300 0.822300 0.014900 0.024100
0 0.417900 0.148100 0.015700 0.021100
0 0.677600 0.618000 0.014000 0.021700
0 0.678300 0.110300 0.015400 0.021800
0 0.895500 0.134900 0.015300 0.020600
0 0.893500 0.630300 0.012600 0.023700
0 0.351800 0.629900 0.012700 0.020800
0 0.307100 0.323300 0.015300 0.021800
0 0.203600 0.795200 0.016300 0.020500
0 0.864300 0.265900 0.015300 0.021500
0 0.194000 0.833600 0.017200 0.021800
0 0.197400 0.314700 0.014900 0.023100
0 0.907700 0.658600 0.015500 0.021200
0 0.132300 0.655300 0.013600 0.020200
0 0.780000 0.620300 0.015800 0.020800
0 0.572100 0.027900 0.016200 0.025500
0 0.928400 0.609400 0.014100 0.021700
0 0.052700 0.955300 0.014000 0.028900
0 0.728800 0.222900 0.016100 0.019900
0 0.521600 0.367600 0.014600 0.023500
0 0.066900 0.703100 0.014000 0.023900
0 0.292000 0.253900 0.013300 0.025700
0 0.491500 0.408400 0.015100 0.028500
0 0.392300 0.373200 0.014800 0.021100
0 0.434200 0.077700 0.016500 0.021700
0 0.858700 0.597100 0.012200 0.029100
0 0.961400 0.521300 0.013600 0.024800
0 0.756500 0.182300 0.015800 0.019100
0 0.523800 0.167300 0.015000 0.022200
0 0.155500 0.956600 0.014800 0.022100
0 0.406700 0.947200 0.012500 0.022800
0 0.897800 0.272200 0.013000 0.028300
0 0.422200 0.332000 0.013400 0.025600
0 0.172700 0.104600 0.018000 0.019900
0 0.420100 0.616100 0.013800 0.024800
0 0.265500 0.297400 0.013500 0.020700
0 0.460300 0.166000 0.015900 0.020400
0 0.885100 0.709000 0.016900 0.020800
0 0.282800 0.940500 0.015100 0.025700
0 0.810400 0.410000 0.015400 0.023600
0 0.842300 0.947300 0.014600 0.022100
0 0.080200 0.835500 0.014800 0.024300
0 0.842500 0.641500 0.013600 0.027500
0 0.227700 0.620500 0.016700 0.021400
0 0.286100 0.982600 0.014000 0.023400
0 0.095600 0.114900 0.015000 0.021900
0 0.627700 0.556900 0.013000 0.029700
0 0.401900 0.854100 0.012700 0.027400
0 0.504000 0.792800 0.014600 0.025100
0 0.310000 0.727900 0.018800 0.020600
0 0.241200 0.259500 0.013500 0.025100
0 0.333000 0.930800 0.013900 0.023000
0 0.866000 0.755400 0.013500 0.022100
0 0.081400 0.960500 0.015400 0.023400
0 0.057600 0.568700 0.016800 0.020200
0 0.970100 0.605900 0.013300 0.027900
0 0.307200 0.381600 0.012700 0.027800
0 0.743500 0.951300 0.017300 0.021600
0 0.098500 0.146500 0.014400 0.022100
0 0.915100 0.191500 0.012200 0.030800
0 0.644900 0.091200 0.013100 0.026400
0 0.867100 0.068200 0.012000 0.028000
0 0.664700 0.371700 0.018100 0.019700
0 0.881100 0.841100 0.013100 0.026000
0 0.445100 0.435000 0.015500 0.018400
0 0.410100 0.656400 0.013000 0.028700
0 0.818000 0.605900 0.011900 0.033400
0 0.898700 0.819600 0.015700 0.021800
0 0.714000 0.767700 0.015400 0.020200
0 0.438800 0.471700 0.015300 0.022700
0 0.742500 0.653100 0.014300 0.022100
0 0.840800 0.509300 0.015700 0.024000
0 0.623800 0.408900 0.016800 0.019500
0 0.648700 0.333100 0.014000 0.021900
0 0.608400 0.244400 0.013000 0.027200
0 0.431100 0.568300 0.014500 0.020400
0 0.933900 0.322200 0.014500 0.024600
0 0.473200 0.595900 0.017800 0.020500
0 0.566500 0.242600 0.013400 0.031900
0 0.353000 0.451700 0.016400 0.023400
0 0.614200 0.047300 0.014600 0.025700
0 0.109400 0.959800 0.015800 0.023400
0 0.239300 0.734400 0.013500 0.028800
0 0.577500 0.851100 0.019000 0.018300
0 0.757200 0.702400 0.014500 0.020800
0 0.180900 0.423200 0.013600 0.024800
0 0.219900 0.439300 0.013600 0.023500
0 0.884400 0.238900 0.014000 0.022200
0 0.805600 0.339800 0.012100 0.028100
0 0.520500 0.594900 0.012500 0.024000
0 0.770200 0.916500 0.016600 0.020000
0 0.781800 0.234000 0.013400 0.026500
0 0.463700 0.645500 0.016300 0.023100
0 0.082800 0.985200 0.014500 0.021400
0 0.328300 0.859300 0.013200 0.026200
0 0.770200 0.464900 0.015300 0.021900
0 0.225900 0.917000 0.016000 0.023100
0 0.069700 0.672700 0.013900 0.023800
0 0.154400 0.776400 0.016400 0.020200
0 0.064900 0.860100 0.012500 0.028700
0 0.123400 0.440300 0.011700 0.029400
0 0.842900 0.173000 0.015200 0.021400
0 0.126600 0.856100 0.015100 0.020700
0 0.871000 0.778000 0.015200 0.022200
0 0.666600 0.260700 0.016500 0.022600
0 0.748000 0.667600 0.013800 0.020800
0 0.705800 0.560100 0.014600 0.021300
0 0.336300 0.331600 0.016900 0.021200
0 0.629700 0.759900 0.014700 0.018400
0 0.478800 0.285100 0.016200 0.022200
0 0.429600 0.498500 0.016400 0.021200
0 0.326700 0.891000 0.014800 0.023900
0 0.880500 0.859700 0.012200 0.026600
0 0.949000 0.052600 0.013700 0.022400
0 0.773000 0.734700 0.016500 0.018800
0 0.591800 0.064500 0.014800 0.024800
0 0.801300 0.184700 0.016900 0.019600
0 0.826300 0.565400 0.015000 0.022000
0 0.196200 0.082900 0.017700 0.019400
0 0.411000 0.734100 0.017000 0.018500
0 0.414000 0.945000 0.011300 0.026700
0 0.627700 0.502000 0.015000 0.027200
0 0.976900 0.707900 0.013000 0.027400
0 0.510500 0.695700 0.014200 0.019700
0 0.547600 0.714200 0.013500 0.025500
0 0.901300 0.378400 0.013600 0.026200
0 0.852900 0.316300 0.012400 0.031500
0 0.491300 0.776900 0.014600 0.022500
0 0.765200 0.926700 0.016000 0.020100
0 0.307600 0.647800 0.013000 0.030000
0 0.064500 0.597500 0.012300 0.021200
0 0.643100 0.060100 0.015200 0.021900
0 0.985800 0.193900 0.013800 0.026000
0 0.602900 0.970700 0.016400 0.019700
0 0.069100 0.760400 0.014400 0.023200
0 0.653900 0.048300 0.015800 0.023600
0 0.545200 0.393400 0.013200 0.032400
0 0.576400 0.590800 0.014800 0.025800
0 0.650900 0.203400 0.014000 0.025600
0 0.223100 0.467500 0.015100 0.023600
0 0.533600 0.333000 0.011200 0.029900
0 0.873300 0.553600 0.014200 0.024100
0 0.622000 0.322600 0.012600 0.024300
0 0.825800 0.759900 0.013000 0.026200
0 0.079400 0.110800 0.017100 0.021000
0 0.813500 0.128300 0.015200 0.021700
0 0.435100 0.305600 0.015400 0.021900
0 0.448000 0.028000 0.014100 0.022100
0 0.263400 0.697100 0.013200 0.025900
0 0.076800 0.556900 0.019200 0.017000
0 0.230700 0.426900 0.013100 0.023900
0 0.730700 0.078900 0.011700 0.032600
0 0.355000 0.802700 0.012400 0.029700
0 0.840100 0.452600 0.013100 0.028300
0 0.645600 0.015100 0.016200 0.023300
0 0.952800 0.405200 0.014400 0.019300
0 0.464500 0.122500 0.015800 0.023000
0 0.948700 0.417500 0.013300 0.020700
0 0.065800 0.095800 0.016500 0.022900
0 0.334600 0.548700 0.015300 0.020700
0 0.205200 0.289800 0.013400 0.025400
0 0.915200 0.640800 0.016700 0.020600
0 0.121300 0.858100 0.015400 0.018600
0 0.898800 0.847400 0.012200 0.027800
0 0.607600 0.771900 0.014200 0.019600
0 0.645700 0.361300 0.015400 0.020300
0 0.281100 0.357000 0.011000 0.035700
0 0.394400 0.935800 0.011600 0.028600
0 0.971000 0.535100 0.014800 0.024200
0 0.234900 0.598400 0.014400 0.020800
0 0.913800 0.620600 0.014200 0.019700
0 0.136000 0.983200 0.014200 0.021800
0 0.307800 0.976900 0.013000 0.021300
0 0.105400 0.189100 0.017600 0.020900
0 0.510800 0.311100 0.015200 0.020800
0 0.015300 0.465400 0.015700 0.022900
0 0.007300 0.539800 0.012100 0.027400
0 0.956700 0.386200 0.014800 0.020800
0 0.131400 0.523800 0.016300 0.021200
0 0.752900 0.910000 0.016100 0.019000
0 0.811100 0.154800 0.016000 0.020500
0 0.808200 0.276600 0.013800 0.022600
0 0.138500 0.382500 0.015800 0.021600
0 0.501800 0.464900 0.011500 0.029500
0 0.704500 0.189100 0.015600 0.021800
0 0.154000 0.304600 0.011400 0.034700
0 0.454900 0.214200 0.012500 0.027300
0 0.334400 0.060800 0.013900 0.019600
0 0.984100 0.935700 0.018800 0.021600
0 0.457800 0.822900 0.013300 0.028500
0 0.815100 0.839200 0.016400 0.019000
0 0.778300 0.610700 0.015100 0.019800
0 0.315900 0.928600 0.011800 0.027700
0 0.176100 0.573200 0.016800 0.022000
0 0.963900 0.316100 0.018200 0.020300
0 0.263600 0.909300 0.016400 0.021000
0 0.990300 0.722200 0.010200 0.029500
0 0.642900 0.873800 0.017400 0.021800
0 0.947900 0.920700 0.017500 0.023200
0 0.951300 0.235700 0.015800 0.021200
0 0.993000 0.647500 0.011900 0.022800
0 0.976400 0.159900 0.016300 0.024200
0 0.872000 0.984900 0.012500 0.020000
0 0.945000 0.036300 0.015000 0.021100
0 0.063500 0.344900 0.015900 0.020600
0 0.675900 0.069400 0.013700 0.023900
0 0.376300 0.535800 0.017000 0.020500
0 0.901300 0.542400 0.015000 0.022500
0 0.924000 0.758900 0.013400 0.030300
0 0.396000 0.736000 0.016000 0.020600
0 0.220400 0.984500 0.013200 0.020000
0 0.522900 0.626200 0.015000 0.022200
0 0.189500 0.126200 0.016400 0.019500
0 0.714500 0.636100 0.015500 0.021600
0 0.389700 0.764300 0.020400 0.018000
0 0.616400 0.270400 0.015100 0.021500
0 0.797800 0.289000 0.014200 0.018700
0 0.202100 0.084200 0.016900 0.019600
0 0.126000 0.934600 0.017400 0.024100
0 0.089100 0.939600 0.016500 0.023500
0 0.625900 0.034300 0.016000 0.023400
0 0.066500 0.177700 0.012700 0.029400
0 0.841600 0.101200 0.015000 0.021200
0 0.639500 0.560600 0.013200 0.025100
0 0.655600 0.789500 0.012100 0.027000
0 0.978800 0.011000 0.017200 0.018900
0 0.563900 0.826100 0.017200 0.019400
0 0.265300 0.148200 0.010600 0.031700
0 0.785800 0.098500 0.014700 0.020700
0 0.894900 0.560800 0.013100 0.027200
0 0.322100 0.922300 0.012600 0.022900
0 0.727500 0.959500 0.015700 0.024900
0 0.777100 0.014300 0.014900 0.023200
0 0.683200 0.610700 0.013200 0.022900
0 0.345600 0.490000 0.015600 0.019800
0 0.933400 0.971100 0.020200 0.019900
0 0.488600 0.240100 0.014200 0.021600
0 0.074200 0.294600 0.012600 0.033500
0 0.189800 0.952400 0.011800 0.034200
0 0.748000 0.207000 0.015600 0.020400
0 0.454800 0.127300 0.014000 0.022700
0 0.677300 0.251200 0.015300 0.021400
0 0.464400 0.576600 0.016700 0.020400
0 0.242400 0.448100 0.014200 0.026100
0 0.652500 0.298300 0.012100 0.028900
0 0.307300 0.847000 0.012700 0.028200
0 0.701800 0.014700 0.015400 0.023300
0 0.163500 0.891000 0.016100 0.021500
0 0.946500 0.802900 0.017500 0.020900
0 0.401300 0.032800 0.015300 0.024500
0 0.557100 0.111600 0.015500 0.021700
0 0.005469 0.219444 0.010937 0.022222
0 0.016797 0.222222 0.010156 0.016667
0 0.014062 0.231250 0.009375 0.026389
0 0.022266 0.193056 0.011719 0.027778
0 0.040625 0.535417 0.012500 0.020833
0 0.029687 0.522917 0.012500 0.018056
0 0.041797 0.513194 0.011719 0.020833
0 0.018359 0.566667 0.013281 0.016667
0 0.012500 0.681944 0.014062 0.019444
0 0.146094 0.979167 0.010937 0.033333
0 0.146484 0.938889 0.013281 0.022222
0 0.319531 0.868750 0.012500 0.023611
0 0.344922 0.877083 0.010156 0.029167
0 0.296094 0.886806 0.012500 0.023611
0 0.517578 0.890278 0.017969 0.019444
0 0.506641 0.877778 0.011719 0.027778
0 0.251172 0.590278 0.014844 0.027778
0 0.141016 0.408333 0.011719 0.027778
0 0.177734 0.352083 0.011719 0.031944
0 0.367969 0.561111 0.012500 0.027778
0 0.373437 0.559028 0.015625 0.015278
0 0.481641 0.527083 0.010156 0.029167
0 0.396094 0.508333 0.014062 0.022222
0 0.408203 0.495139 0.016406 0.020833
0 0.537500 0.499306 0.014062 0.031944
0 0.425391 0.300000 0.013281 0.025000
0 0.462891 0.260417 0.014844 0.020833
0 0.499609 0.340278 0.016406 0.022222
0 0.514063 0.264583 0.017188 0.023611
0 0.532812 0.150000 0.012500 0.033333
0 0.525781 0.511111 0.009375 0.030556
0 0.518359 0.476389 0.011719 0.030556
0 0.498437 0.575000 0.014062 0.022222
0 0.626172 0.012500 0.016406 0.022222
0 0.783984 0.650000 0.014844 0.033333
0 0.757422 0.011806 0.016406 0.020833
0 0.799609 0.018750 0.011719 0.023611
0 0.811719 0.018750 0.012500 0.026389
0 0.737109 0.202083 0.014844 0.031944
0 0.835156 0.231944 0.012500 0.022222
0 0.828516 0.243750 0.013281 0.023611
0 0.737500 0.009722 0.017188 0.019444
0 0.940234 0.011806 0.013281 0.020833
0 0.937500 0.136111 0.015625 0.027778
0 0.987891 0.290972 0.011719 0.034722
0 0.967969 0.375694 0.012500 0.026389
0 0.935156 0.511806 0.012500 0.029167
0 0.992188 0.570833 0.014062 0.025000
0 0.925000 0.818056 0.014062 0.022222
0 0.944922 0.185417 0.014844 0.023611
0 0.941797 0.190278 0.011719 0.033333
0 0.992188 0.039583 0.014062 0.026389
0 0.977344 0.590972 0.010937 0.029167
0 0.212109 0.750000 0.011719 0.025000
0 0.200000 0.750000 0.012500 0.025000
0 0.450781 0.575694 0.012500 0.023611
