0 0.104000 0.880900 0.015900 0.022500
0 0.607000 0.693500 0.016700 0.021100
0 0.793100 0.145500 0.015300 0.020800
0 0.018300 0.743900 0.016300 0.019500
0 0.940300 0.919500 0.016700 0.022000
0 0.416500 0.879700 0.015700 0.020500
0 0.516900 0.667600 0.015500 0.021100
0 0.802400 0.842000 0.013100 0.025300
0 0.158800 0.919800 0.015900 0.020100
0 0.282600 0.670200 0.016700 0.020200
0 0.469400 0.956000 0.014600 0.021000
0 0.720700 0.116200 0.015500 0.021700
0 0.456900 0.107500 0.015500 0.018600
0 0.319600 0.297500 0.015300 0.020400
0 0.507300 0.180200 0.015600 0.020700
0 0.605800 0.555700 0.015900 0.020900
0 0.881100 0.493800 0.016400 0.018900
0 0.807000 0.158100 0.015500 0.021500
0 0.083700 0.709100 0.016800 0.021700
0 0.991600 0.733200 0.012800 0.019400
0 0.692400 0.892400 0.016400 0.020600
0 0.917200 0.077400 0.017600 0.019700
0 0.189900 0.455300 0.014900 0.021100
0 0.944100 0.089900 0.016800 0.021200
0 0.492700 0.405100 0.016900 0.023400
0 0.731700 0.779800 0.014600 0.023700
0 0.566900 0.381100 0.015400 0.024500
0 0.495900 0.752900 0.017200 0.019700
0 0.766800 0.396600 0.015400 0.020300
0 0.494000 0.544700 0.016200 0.022200
0 0.598300 0.179700 0.017200 0.021100
0 0.082500 0.495500 0.016300 0.022800
0 0.895900 0.709700 0.015100 0.023200
0 0.085200 0.180500 0.015500 0.023100
0 0.321400 0.342400 0.015700 0.022300
0 0.376700 0.658900 0.013400 0.021600
0 0.568100 0.582800 0.015700 0.023300
0 0.818500 0.628200 0.017100 0.022800
0 0.967800 0.779700 0.015400 0.021000
0 0.145100 0.904700 0.014000 0.024600
0 0.717100 0.731400 0.016000 0.021500
0 0.644500 0.758300 0.014200 0.022800
0 0.693400 0.915600 0.018900 0.019200
0 0.777500 0.359400 0.017800 0.020600
0 0.042100 0.217800 0.014800 0.024200
0 0.893900 0.453700 0.014200 0.020200
0 0.765700 0.567100 0.016600 0.023900
0 0.579400 0.093900 0.014500 0.022500
0 0.516300 0.140300 0.016600 0.019500
0 0.946600 0.131400 0.014800 0.020900
0 0.597100 0.243100 0.015200 0.021000
0 0.757700 0.630400 0.015800 0.022100
0 0.831900 0.222400 0.015000 0.023200
0 0.180300 0.244200 0.015500 0.026400
0 0.933500 0.621300 0.014300 0.022600
0 0.296800 0.842700 0.016600 0.020600
0 0.804600 0.878700 0.015000 0.020800
0 0.644000 0.378100 0.016500 0.022300
0 0.829200 0.105500 0.016300 0.020900
0 0.543400 0.029000 0.015100 0.022300
0 0.590700 0.532200 0.016500 0.020600
0 0.655700 0.745500 0.015300 0.022100
0 0.579000 0.293400 0.013600 0.024900
0 0.757300 0.944700 0.015800 0.022100
0 0.866500 0.279900 0.015400 0.023900
0 0.989500 0.879000 0.013500 0.025300
0 0.680400 0.279300 0.014700 0.019900
0 0.827900 0.253000 0.015600 0.022400
0 0.583800 0.318800 0.014000 0.023200
0 0.504200 0.133500 0.016900 0.017300
0 0.493900 0.382400 0.015000 0.022200
0 0.571300 0.782500 0.018000 0.021800
0 0.445000 0.058900 0.017100 0.018700
0 0.033800 0.270000 0.016700 0.021900
0 0.105700 0.541300 0.015500 0.022000
0 0.695300 0.116900 0.014900 0.022000
0 0.242100 0.946800 0.015900 0.021600
0 0.464900 0.046200 0.017700 0.020600
0 0.567700 0.810600 0.017800 0.020800
0 0.006800 0.942600 0.011800 0.017900
0 0.848400 0.409000 0.014000 0.021400
0 0.354700 0.476600 0.016900 0.018200
0 0.108600 0.845900 0.017100 0.020900
0 0.522800 0.757300 0.018700 0.018300
0 0.242000 0.031000 0.014400 0.020700
0 0.794800 0.930600 0.014000 0.023700
0 0.883900 0.640800 0.015800 0.023100
0 0.868900 0.233200 0.014600 0.021100
0 0.458000 0.656800 0.014900 0.023500
0 0.781400 0.715500 0.015900 0.022700
0 0.404200 0.958000 0.015000 0.020700
0 0.297300 0.272600 0.015800 0.020900
0 0.272400 0.829500 0.016900 0.020200
0 0.109300 0.385000 0.015100 0.023300
0 0.257900 0.934600 0.014700 0.020300
0 0.758600 0.045400 0.015100 0.024000
0 0.827800 0.391900 0.016000 0.021200
0 0.385100 0.868200 0.014000 0.022400
0 0.308900 0.569600 0.014600 0.021700
0 0.870300 0.871100 0.015700 0.021100
0 0.872700 0.465700 0.014400 0.021400
0 0.171800 0.485100 0.015300 0.021900
0 0.435200 0.478300 0.015900 0.022700
0 0.016700 0.241500 0.015300 0.024300
0 0.178900 0.918900 0.015900 0.021500
0 0.267800 0.470500 0.015800 0.021500
0 0.697500 0.368000 0.015900 0.024200
0 0.617200 0.816700 0.014800 0.023700
0 0.621500 0.115000 0.016600 0.021100
0 0.764200 0.167700 0.016400 0.021100
0 0.710300 0.152400 0.014500 0.020700
0 0.594700 0.356400 0.016800 0.023400
0 0.533600 0.752700 0.017400 0.018500
0 0.233000 0.765900 0.016300 0.021600
0 0.370400 0.521000 0.017200 0.022200
0 0.842700 0.533300 0.016900 0.019400
0 0.897900 0.658700 0.016400 0.020600
0 0.151900 0.243500 0.017600 0.021500
0 0.507900 0.322300 0.014000 0.020400
0 0.489600 0.077600 0.015700 0.019400
0 0.679200 0.932300 0.016300 0.020000
0 0.485500 0.929400 0.015100 0.021600
0 0.508300 0.206300 0.014900 0.022900
0 0.834600 0.435100 0.016400 0.020000
0 0.536000 0.132600 0.016300 0.020300
0 0.847900 0.571600 0.016000 0.019400
0 0.395900 0.414000 0.016200 0.021900
0 0.576900 0.658600 0.015200 0.025100
0 0.243900 0.728200 0.016900 0.021700
0 0.593600 0.204800 0.015000 0.023200
0 0.815300 0.306600 0.017100 0.019400
0 0.271400 0.416900 0.014800 0.021100
0 0.657300 0.580800 0.014700 0.020900
0 0.839100 0.655700 0.015000 0.022700
0 0.060200 0.628000 0.016300 0.020700
0 0.789800 0.769900 0.015900 0.023000
0 0.935000 0.170000 0.015000 0.024700
0 0.093400 0.267700 0.012900 0.021300
0 0.783300 0.417700 0.016700 0.018900
0 0.293000 0.110200 0.014800 0.020700
0 0.179600 0.057900 0.013100 0.024200
0 0.356900 0.558900 0.014700 0.019800
0 0.918600 0.408500 0.013700 0.020700
0 0.943400 0.434800 0.015400 0.021400
0 0.418800 0.710000 0.016200 0.020000
0 0.519600 0.057300 0.013400 0.021600
0 0.226600 0.093200 0.013100 0.024800
0 0.742200 0.630700 0.015200 0.022400
0 0.731900 0.307200 0.016600 0.023600
0 0.171800 0.829600 0.014100 0.021700
0 0.880700 0.447300 0.012800 0.021700
0 0.027700 0.322100 0.015700 0.019900
0 0.198300 0.054700 0.015700 0.021000
0 0.430900 0.395000 0.013100 0.027500
0 0.844100 0.832500 0.017400 0.020100
0 0.566800 0.397400 0.016600 0.021100
0 0.134200 0.389600 0.015900 0.020800
0 0.903000 0.042500 0.018100 0.019800
0 0.490800 0.132600 0.016600 0.019100
0 0.622200 0.533500 0.016400 0.023000
0 0.179800 0.594100 0.018500 0.021500
0 0.796600 0.783400 0.017800 0.021800
0 0.603000 0.059000 0.013300 0.027600
0 0.394300 0.622400 0.013800 0.022500
0 0.758500 0.766500 0.014400 0.021700
0 0.869100 0.048000 0.015300 0.023100
0 0.822600 0.315100 0.015000 0.020100
0 0.190600 0.256600 0.014500 0.026500
0 0.957200 0.722900 0.013800 0.022300
0 0.021200 0.194400 0.014700 0.027100
0 0.158300 0.439800 0.014900 0.023100
0 0.747400 0.871200 0.017700 0.020900
0 0.271500 0.865500 0.016500 0.022300
0 0.297300 0.432600 0.017000 0.019600
0 0.034300 0.208400 0.014200 0.023000
0 0.491400 0.282700 0.013800 0.024300
0 0.835300 0.321900 0.014400 0.023400
0 0.393400 0.765900 0.017300 0.021100
0 0.633600 0.297100 0.014000 0.022900
0 0.742300 0.239800 0.015700 0.021900
0 0.769700 0.640800 0.015700 0.023300
0 0.635000 0.080400 0.015100 0.025300
0 0.008300 0.277500 0.013700 0.020400
0 0.183900 0.408700 0.013700 0.025800
0 0.910800 0.681900 0.013500 0.027300
0 0.764600 0.827400 0.015200 0.020300
0 0.593700 0.317100 0.013000 0.028800
0 0.471900 0.345100 0.014500 0.026900
0 0.440900 0.507300 0.017200 0.022100
0 0.410200 0.893600 0.014400 0.021400
0 0.964500 0.920800 0.017400 0.022700
0 0.431000 0.502400 0.015700 0.022000
0 0.607500 0.793500 0.015300 0.022600
0 0.616900 0.578100 0.015100 0.023800
0 0.431500 0.178000 0.014500 0.022000
0 0.706200 0.022600 0.015000 0.026000
0 0.756400 0.085800 0.014200 0.022500
0 0.741000 0.733200 0.012500 0.029300
0 0.856000 0.301900 0.015600 0.022300
0 0.364900 0.572200 0.013700 0.023000
0 0.371400 0.847100 0.013800 0.024700
0 0.344100 0.272400 0.014900 0.025500
0 0.307800 0.460300 0.016100 0.021500
0 0.915000 0.133400 0.015600 0.022600
0 0.029300 0.615400 0.014300 0.025300
0 0.042400 0.610200 0.014900 0.022200
0 0.565700 0.283100 0.011600 0.026600
0 0.220600 0.985300 0.015700 0.021800
0 0.902100 0.739900 0.013800 0.024400
0 0.408600 0.654200 0.012400 0.025400
0 0.931500 0.064000 0.017800 0.020500
0 0.498300 0.171600 0.015800 0.018600
0 0.058600 0.709600 0.014400 0.027400
0 0.513800 0.644000 0.016600 0.020700
0 0.706300 0.447800 0.015600 0.022200
0 0.191100 0.977500 0.016400 0.022800
0 0.823100 0.152700 0.015400 0.022100
0 0.517300 0.945000 0.013400 0.029300
0 0.684200 0.021900 0.013900 0.030800
0 0.771300 0.465900 0.015900 0.023500
0 0.414500 0.165300 0.013000 0.026400
0 0.585900 0.609800 0.016800 0.019800
0 0.784400 0.401900 0.015500 0.020900
0 0.376600 0.422900 0.015900 0.021500
0 0.906700 0.521200 0.017300 0.019800
0 0.277400 0.705000 0.016400 0.019500
0 0.746300 0.134800 0.016800 0.020800
0 0.901200 0.908700 0.015600 0.024100
0 0.007300 0.652000 0.014200 0.021400
0 0.398000 0.498300 0.017100 0.021800
0 0.630300 0.765200 0.013000 0.028400
0 0.618100 0.080300 0.013800 0.029500
0 0.539700 0.295800 0.012200 0.028900
0 0.163900 0.329800 0.015700 0.024800
0 0.545100 0.947500 0.014900 0.024800
0 0.123100 0.080900 0.014200 0.022000
0 0.909200 0.942300 0.015100 0.020500
0 0.103300 0.559300 0.013800 0.023500
0 0.282700 0.473300 0.016900 0.021100
0 0.308700 0.166500 0.013400 0.026400
0 0.322900 0.608500 0.012700 0.021800
0 0.304200 0.104400 0.014300 0.024100
0 0.115100 0.694300 0.011500 0.029700
0 0.092900 0.695300 0.016100 0.017900
0 0.717900 0.958400 0.016500 0.023200
0 0.104800 0.660600 0.015700 0.017400
0 0.148300 0.939500 0.018100 0.020900
0 0.051600 0.876700 0.015400 0.021200
0 0.898200 0.590800 0.013400 0.029100
0 0.789600 0.807400 0.015500 0.022100
0 0.927200 0.264100 0.015600 0.022100
0 0.355200 0.784700 0.017600 0.022400
0 0.338800 0.685000 0.015000 0.020300
0 0.351600 0.571800 0.015300 0.021000
0 0.740800 0.547300 0.014400 0.026600
0 0.584100 0.434200 0.019200 0.022900
0 0.856100 0.980900 0.016400 0.021000
0 0.605200 0.722800 0.016100 0.024900
0 0.565600 0.531700 0.013400 0.030100
0 0.138700 0.427000 0.014400 0.025100
0 0.723800 0.172500 0.015600 0.021900
0 0.206400 0.015700 0.015900 0.021300
0 0.194900 0.402400 0.015800 0.024900
0 0.632000 0.585200 0.012300 0.028800
0 0.151500 0.039700 0.015300 0.020700
0 0.557600 0.622300 0.015000 0.024500
0 0.857000 0.966500 0.017800 0.019500
0 0.768800 0.410800 0.016300 0.020500
0 0.107700 0.909000 0.011400 0.031500
0 0.960000 0.206600 0.011500 0.029200
0 0.284400 0.915400 0.012500 0.024300
0 0.934700 0.645100 0.013600 0.027400
0 0.991500 0.440600 0.012300 0.023900
0 0.820500 0.044600 0.011100 0.034100
0 0.654700 0.564200 0.015400 0.021400
0 0.217400 0.690600 0.014800 0.026500
0 0.477100 0.601400 0.015400 0.022000
0 0.009400 0.223400 0.014900 0.021500
0 0.920900 0.773000 0.014500 0.022100
0 0.098200 0.745900 0.015500 0.020800
0 0.717000 0.807000 0.011100 0.032800
0 0.968200 0.351700 0.017300 0.022100
0 0.730300 0.078600 0.011600 0.030800
0 0.529600 0.741300 0.018200 0.020300
0 0.748800 0.753800 0.013300 0.020400
0 0.154100 0.980300 0.013500 0.028600
0 0.820400 0.132500 0.015500 0.022400
0 0.013400 0.695400 0.015600 0.024300
0 0.458600 0.985500 0.014600 0.022400
0 0.521700 0.385500 0.013200 0.026300
0 0.017700 0.328400 0.014400 0.022400
0 0.951200 0.358200 0.012900 0.024100
0 0.926000 0.329400 0.014100 0.025800
0 0.777600 0.335200 0.016000 0.022300
0 0.264600 0.518600 0.018200 0.022700
0 0.893800 0.539500 0.016000 0.020800
0 0.007500 0.855500 0.014600 0.029300
0 0.527700 0.251600 0.013400 0.023600
0 0.095900 0.502400 0.013800 0.026200
0 0.982200 0.846700 0.015200 0.025500
0 0.098000 0.670200 0.016600 0.017700
0 0.826600 0.833300 0.016200 0.018800
0 0.820000 0.852100 0.015700 0.020300
0 0.609100 0.891100 0.011800 0.026400
0 0.146900 0.308800 0.016100 0.023100
0 0.156000 0.911100 0.015800 0.020700
0 0.940000 0.366400 0.011500 0.024700
0 0.142300 0.334800 0.013600 0.023100
0 0.205800 0.752100 0.017300 0.023100
0 0.613800 0.401700 0.015900 0.021800
0 0.992200 0.527500 0.008200 0.030800
0 0.428200 0.165300 0.014800 0.022300
0 0.605300 0.019300 0.014400 0.029600
0 0.665300 0.066000 0.015700 0.026200
0 0.963700 0.641600 0.015000 0.023100
0 0.358600 0.393000 0.014200 0.028400
0 0.141400 0.260300 0.014600 0.023300
0 0.036100 0.917000 0.015800 0.022600
0 0.719800 0.648700 0.016800 0.022800
0 0.057500 0.746100 0.012300 0.032000
0 0.193300 0.641800 0.013900 0.030000
0 0.063700 0.597400 0.014000 0.022600
0 0.270200 0.160100 0.014300 0.026800
0 0.447000 0.810000 0.016300 0.023400
0 0.648500 0.676400 0.016500 0.022100
0 0.929800 0.883600 0.014500 0.021700
0 0.943800 0.752200 0.012900 0.022100
0 0.522200 0.982900 0.013200 0.026600
0 0.448800 0.255300 0.015500 0.021700
0 0.673800 0.552100 0.016400 0.021200
0 0.294300 0.440100 0.015400 0.021100
0 0.010400 0.015700 0.013400 0.025000
0 0.338700 0.756100 0.019100 0.020800
0 0.207900 0.158900 0.011600 0.030100
0 0.982800 0.476800 0.016500 0.022300
0 0.452200 0.123000 0.017000 0.018300
0 0.239100 0.802100 0.018300 0.018600
0 0.810000 0.644200 0.014600 0.021200
0 0.240000 0.047100 0.015600 0.018100
0 0.344900 0.883900 0.014000 0.024900
0 0.122100 0.507200 0.015600 0.019800
0 0.391000 0.952800 0.015700 0.020600
0 0.840200 0.923300 0.012800 0.023900
0 0.181700 0.120800 0.013100 0.026300
0 0.333000 0.163800 0.014600 0.023200
0 0.276100 0.404100 0.016000 0.019900
0 0.954400 0.485900 0.015200 0.023800
0 0.235200 0.077600 0.014400 0.021100
0 0.030000 0.594800 0.012900 0.022900
0 0.989200 0.170000 0.013200 0.024100
0 0.726300 0.478800 0.016100 0.021800
0 0.278300 0.576800 0.012300 0.030000
0 0.739200 0.211400 0.015800 0.022100
0 0.680300 0.604000 0.011900 0.032400
0 0.348800 0.393000 0.012000 0.031500
0 0.278000 0.376200 0.017000 0.020200
0 0.993500 0.153700 0.010600 0.024400
0 0.147400 0.283900 0.015500 0.022300
0 0.985800 0.711200 0.015800 0.019200
0 0.444500 0.459700 0.013000 0.029900
0 0.213500 0.502200 0.014100 0.023400
0 0.235000 0.289400 0.015600 0.026700
0 0.308600 0.048000 0.015300 0.020400
0 0.321000 0.073500 0.016600 0.021500
0 0.533400 0.685700 0.016900 0.023800
0 0.672700 0.713800 0.016800 0.021500
0 0.177800 0.164900 0.013800 0.031300
0 0.414600 0.098700 0.017900 0.020200
0 0.470100 0.277400 0.012900 0.024300
0 0.614800 0.796800 0.017400 0.022300
0 0.463500 0.839400 0.018600 0.021100
0 0.774100 0.310400 0.016500 0.023900
0 0.955000 0.741300 0.014500 0.019500
0 0.833500 0.128800 0.015600 0.022700
0 0.919100 0.807800 0.010600 0.034300
0 0.576100 0.153200 0.015600 0.022900
0 0.154300 0.283700 0.015900 0.021000
0 0.677700 0.909300 0.017000 0.018900
0 0.548600 0.976300 0.014900 0.020600
0 0.627300 0.819200 0.015300 0.021700
0 0.938800 0.542300 0.012400 0.031300
0 0.619000 0.890100 0.010600 0.027300
0 0.797900 0.289200 0.015400 0.019800
0 0.923800 0.367200 0.014000 0.021300
0 0.602900 0.811200 0.016600 0.023100
0 0.909100 0.709400 0.015100 0.021800
0 0.236600 0.146300 0.014500 0.024100
0 0.793000 0.109500 0.013900 0.021300
0 0.843700 0.676800 0.014500 0.025900
0 0.795000 0.188500 0.017200 0.022600
0 0.931800 0.368400 0.012900 0.020900
0 0.858600 0.422700 0.012000 0.023500
0 0.254800 0.448000 0.015300 0.025000
0 0.875900 0.707600 0.012300 0.032700
0 0.919500 0.319000 0.012000 0.028600
0 0.165800 0.272500 0.016100 0.021800
0 0.498200 0.016200 0.012800 0.026500
0 0.006700 0.704900 0.010300 0.020400
0 0.530400 0.847500 0.016100 0.020400
0 0.426200 0.348100 0.013800 0.023800
0 0.776400 0.111200 0.015500 0.020700
0 0.663500 0.658400 0.017500 0.023800
0 0.738500 0.521900 0.016600 0.021500
0 0.986700 0.784900 0.014100 0.020900
0 0.568500 0.269100 0.012700 0.024000
0 0.946900 0.939500 0.017600 0.025000
0 0.249000 0.742800 0.017200 0.021200
0 0.761300 0.784100 0.015400 0.022300
0 0.929900 0.089100 0.016900 0.019300
0 0.466200 0.226000 0.015900 0.021900
0 0.349100 0.142800 0.016200 0.025800
0 0.550900 0.470400 0.016800 0.022100
0 0.101200 0.160700 0.013500 0.031100
0 0.816900 0.846300 0.015300 0.021000
0 0.476300 0.797000 0.018400 0.020500
0 0.460300 0.272200 0.014000 0.023100
0 0.039062 0.037500 0.015625 0.022222
0 0.105078 0.011111 0.013281 0.016667
0 0.050000 0.300694 0.014062 0.020833
0 0.124609 0.340972 0.013281 0.031944
0 0.022656 0.472222 0.012500 0.025000
0 0.014453 0.465278 0.014844 0.019444
0 0.011328 0.443750 0.013281 0.023611
0 0.037891 0.245139 0.016406 0.018056
0 0.130469 0.552083 0.015625 0.018056
0 0.150000 0.638889 0.012500 0.033333
0 0.198437 0.914583 0.014062 0.029167
0 0.097266 0.580556 0.010156 0.027778
0 0.131250 0.988194 0.017188 0.018056
0 0.295703 0.961806 0.013281 0.031944
0 0.301172 0.887500 0.016406 0.022222
0 0.287109 0.887500 0.010156 0.033333
0 0.374609 0.624306 0.016406 0.023611
0 0.336328 0.450000 0.014844 0.022222
0 0.263281 0.071528 0.014062 0.023611
0 0.291016 0.050000 0.013281 0.025000
0 0.400781 0.034722 0.014062 0.025000
0 0.425000 0.304167 0.014062 0.027778
0 0.385547 0.341667 0.013281 0.022222
0 0.382812 0.361111 0.009375 0.019444
0 0.326172 0.883333 0.010156 0.030556
0 0.336719 0.879167 0.009375 0.027778
0 0.485547 0.489583 0.014844 0.023611
0 0.450000 0.153472 0.010937 0.031944
0 0.503906 0.263889 0.012500 0.030556
0 0.985156 0.982639 0.018750 0.026389
0 0.700000 0.798611 0.012500 0.030556
0 0.737109 0.675000 0.017969 0.025000
0 0.614844 0.436111 0.012500 0.027778
0 0.536328 0.594444 0.011719 0.033333
0 0.558984 0.013194 0.014844 0.020833
0 0.650391 0.066667 0.013281 0.027778
0 0.700781 0.206944 0.014062 0.022222
0 0.751953 0.024306 0.011719 0.026389
0 0.787500 0.556944 0.012500 0.027778
0 0.778125 0.450000 0.010937 0.030556
0 0.787891 0.461806 0.013281 0.023611
0 0.810156 0.517361 0.015625 0.018056
0 0.805469 0.527778 0.012500 0.019444
0 0.817578 0.539583 0.011719 0.018056
0 0.858594 0.586111 0.010937 0.027778
0 0.816797 0.284722 0.013281 0.016667
0 0.807813 0.274306 0.010937 0.026389
0 0.886719 0.875000 0.010937 0.025000
0 0.888672 0.512500 0.014844 0.022222
0 0.932422 0.934028 0.014844 0.023611
0 0.985937 0.210417 0.015625 0.026389
0 0.957422 0.012500 0.013281 0.022222
0 0.945312 0.015972 0.014062 0.018056
0 0.849609 0.332639 0.010156 0.029167
0 0.607422 0.954861 0.014844 0.023611
0 0.828125 0.469444 0.014062 0.019444
