0 0.918800 0.545000 0.015500 0.020700
0 0.870000 0.171600 0.015700 0.020400
0 0.470200 0.044600 0.014400 0.023500
0 0.318100 0.132500 0.014700 0.025700
0 0.082300 0.897100 0.014900 0.021100
0 0.320500 0.256000 0.015300 0.021200
0 0.043500 0.954800 0.014900 0.020400
0 0.432000 0.094100 0.016600 0.017800
0 0.305500 0.158400 0.015300 0.021500
0 0.229300 0.532500 0.015100 0.021200
0 0.927500 0.766900 0.016000 0.021400
0 0.070500 0.105000 0.016500 0.021100
0 0.418200 0.957300 0.015500 0.021300
0 0.491000 0.091400 0.014400 0.021200
0 0.732600 0.340200 0.016500 0.020100
0 0.153700 0.868100 0.015400 0.021100
0 0.608300 0.331700 0.014800 0.021200
0 0.329500 0.919300 0.015800 0.022600
0 0.769300 0.208000 0.016900 0.019900
0 0.165700 0.867200 0.015300 0.020400
0 0.456500 0.620900 0.014000 0.024000
0 0.944600 0.681300 0.014800 0.022100
0 0.569200 0.054900 0.017100 0.022300
0 0.456300 0.146400 0.016200 0.022000
0 0.816000 0.256000 0.015100 0.022100
0 0.877400 0.255800 0.014300 0.022900
0 0.005500 0.395400 0.011900 0.019500
0 0.946600 0.392800 0.013400 0.021500
0 0.583500 0.708200 0.016300 0.021000
0 0.866800 0.780600 0.017900 0.021300
0 0.752300 0.317300 0.014500 0.024200
0 0.147800 0.259900 0.016000 0.020700
0 0.779600 0.744000 0.016100 0.019100
0 0.459100 0.592200 0.015600 0.022200
0 0.771100 0.893800 0.013600 0.021100
0 0.654700 0.339400 0.015300 0.021200
0 0.605300 0.766700 0.014800 0.021700
0 0.634800 0.744000 0.016700 0.018800
0 0.307400 0.055000 0.015600 0.022200
0 0.703000 0.778900 0.015000 0.023300
0 0.970900 0.767400 0.017500 0.021500
0 0.756800 0.143400 0.015400 0.022000
0 0.941300 0.502400 0.015200 0.021600
0 0.883800 0.228600 0.015300 0.020100
0 0.347600 0.217900 0.014300 0.021200
0 0.707300 0.659000 0.017400 0.021600
0 0.829200 0.194000 0.011900 0.027300
0 0.696700 0.566600 0.017900 0.021600
0 0.769100 0.346600 0.016100 0.021700
0 0.486100 0.930500 0.015200 0.022300
0 0.122600 0.055700 0.014900 0.022200
0 0.391200 0.820300 0.015600 0.020800
0 0.239700 0.504000 0.015700 0.021000
0 0.172400 0.805000 0.015300 0.020700
0 0.845000 0.929000 0.018500 0.021600
0 0.696600 0.430000 0.016100 0.020800
0 0.667200 0.054400 0.019100 0.019300
0 0.357000 0.047500 0.016000 0.020700
0 0.065900 0.220100 0.015700 0.020900
0 0.268000 0.080300 0.014800 0.024300
0 0.332400 0.456800 0.016900 0.021900
0 0.335600 0.781600 0.015900 0.019100
0 0.426900 0.165400 0.017200 0.022100
0 0.372200 0.704500 0.017200 0.020100
0 0.827800 0.804700 0.016700 0.020300
0 0.660400 0.080500 0.015600 0.022100
0 0.584500 0.339800 0.014800 0.021800
0 0.092600 0.971600 0.017500 0.019100
0 0.618200 0.042500 0.015800 0.023300
0 0.619300 0.755100 0.013100 0.024200
0 0.045000 0.696800 0.015000 0.021500
0 0.844200 0.841000 0.014700 0.022900
0 0.628900 0.492500 0.014200 0.022800
0 0.606200 0.647600 0.015700 0.021300
0 0.627400 0.633000 0.016500 0.020500
0 0.831300 0.576600 0.016800 0.023100
0 0.142400 0.119800 0.013900 0.018400
0 0.481200 0.044400 0.014300 0.021800
0 0.381000 0.189600 0.015000 0.022100
0 0.665100 0.183600 0.017400 0.020600
0 0.771700 0.265800 0.017600 0.021400
0 0.892000 0.647500 0.015700 0.023200
0 0.802800 0.477800 0.014000 0.023100
0 0.770800 0.418900 0.015200 0.021700
0 0.281000 0.343300 0.015200 0.022700
0 0.620100 0.960100 0.016100 0.020100
0 0.872800 0.458600 0.016400 0.023000
0 0.805100 0.279700 0.015000 0.022000
0 0.542700 0.495400 0.016900 0.023200
0 0.372200 0.895200 0.015800 0.020900
0 0.809400 0.333100 0.016600 0.020700
0 0.015200 0.222400 0.017000 0.018100
0 0.279900 0.497600 0.016300 0.020700
0 0.773700 0.627000 0.015000 0.022400
0 0.656700 0.714200 0.017400 0.020600
0 0.341200 0.232300 0.013900 0.023100
0 0.496600 0.060000 0.015300 0.020100
0 0.441900 0.492700 0.014600 0.026800
0 0.781500 0.701700 0.014800 0.021600
0 0.404600 0.317300 0.015900 0.022800
0 0.857800 0.418600 0.014900 0.025200
0 0.171300 0.460200 0.019700 0.021300
0 0.659000 0.209800 0.016400 0.023800
0 0.766600 0.707500 0.012900 0.024400
0 0.093900 0.840500 0.014900 0.021200
0 0.917100 0.457000 0.014800 0.023400
0 0.071900 0.943000 0.013700 0.024100
0 0.778800 0.183300 0.015500 0.022100
0 0.472000 0.709300 0.015400 0.024700
0 0.077400 0.544500 0.018200 0.019500
0 0.722800 0.156800 0.016500 0.022000
0 0.317200 0.917700 0.016100 0.025600
0 0.743200 0.404100 0.015600 0.020200
0 0.147300 0.566500 0.018500 0.019100
0 0.866700 0.041900 0.014000 0.026600
0 0.290700 0.457700 0.017700 0.020200
0 0.991100 0.055900 0.012400 0.022800
0 0.865300 0.891700 0.016900 0.021300
0 0.059000 0.514800 0.016800 0.020000
0 0.105100 0.859000 0.015900 0.019100
0 0.643000 0.110300 0.015900 0.020500
0 0.669900 0.941800 0.017500 0.021900
0 0.217400 0.526800 0.014900 0.020800
0 0.151800 0.432200 0.018200 0.020700
0 0.694600 0.792100 0.015300 0.020600
0 0.582700 0.379900 0.013200 0.023900
0 0.358200 0.692200 0.016500 0.020200
0 0.855700 0.798200 0.016600 0.018900
0 0.489900 0.209800 0.014700 0.022200
0 0.195200 0.770800 0.016900 0.018600
0 0.715200 0.442700 0.013900 0.027000
0 0.781600 0.384500 0.013900 0.028800
0 0.422300 0.039500 0.016200 0.018200
0 0.589500 0.041600 0.016800 0.021900
0 0.076600 0.335000 0.015700 0.021100
0 0.304600 0.931800 0.016300 0.026200
0 0.769000 0.643300 0.013900 0.020800
0 0.241500 0.448100 0.018700 0.019400
0 0.176600 0.969100 0.015300 0.023000
0 0.918400 0.121100 0.012600 0.030000
0 0.084900 0.947800 0.016900 0.019500
0 0.057600 0.846400 0.014700 0.023500
0 0.145400 0.510800 0.015900 0.022100
0 0.964400 0.783200 0.017100 0.022900
0 0.493800 0.410000 0.015100 0.027700
0 0.404700 0.510200 0.014000 0.025900
0 0.466300 0.532900 0.016900 0.022300
0 0.568900 0.239400 0.014600 0.024000
0 0.582600 0.759500 0.014600 0.024500
0 0.441700 0.403300 0.012400 0.027500
0 0.516000 0.371100 0.013000 0.027900
0 0.359200 0.853600 0.014400 0.020900
0 0.842500 0.484900 0.015800 0.025600
0 0.248000 0.839800 0.014100 0.022000
0 0.645100 0.816500 0.013600 0.022600
0 0.409500 0.080600 0.014400 0.020500
0 0.816300 0.839200 0.015900 0.018200
0 0.965900 0.345300 0.013500 0.026200
0 0.194400 0.406100 0.015400 0.024500
0 0.685300 0.757500 0.014500 0.020600
0 0.908500 0.378200 0.014800 0.023400
0 0.839400 0.196600 0.013300 0.019900
0 0.217800 0.983600 0.015300 0.022300
0 0.991600 0.807600 0.010900 0.025600
0 0.004700 0.321800 0.009000 0.027900
0 0.914500 0.860200 0.017300 0.023400
0 0.519400 0.345400 0.012900 0.023900
0 0.280600 0.094000 0.012600 0.027700
0 0.435400 0.957400 0.014700 0.022600
0 0.227000 0.570900 0.014700 0.023600
0 0.866900 0.560900 0.017400 0.021600
0 0.771600 0.465000 0.016400 0.022700
0 0.301300 0.508200 0.014100 0.023900
0 0.080000 0.140700 0.013900 0.027300
0 0.061000 0.865500 0.014900 0.024100
0 0.918200 0.819200 0.016000 0.021600
0 0.071000 0.431800 0.014700 0.017700
0 0.252800 0.543600 0.012700 0.025800
0 0.973100 0.955400 0.019900 0.019400
0 0.685800 0.856800 0.015500 0.023700
0 0.517700 0.052800 0.014900 0.020500
0 0.377500 0.566000 0.014800 0.029200
0 0.972900 0.645000 0.015400 0.023900
0 0.654800 0.689200 0.016200 0.021800
0 0.929800 0.189400 0.015200 0.023000
0 0.464600 0.657100 0.012200 0.028400
0 0.828900 0.933000 0.016900 0.022400
0 0.355600 0.905600 0.015400 0.021200
0 0.836400 0.283300 0.015000 0.023400
0 0.560800 0.095200 0.016100 0.024800
0 0.639400 0.772700 0.015300 0.019200
0 0.341000 0.922300 0.017600 0.021800
0 0.552700 0.246900 0.012100 0.031400
0 0.903400 0.272300 0.012400 0.029000
0 0.830400 0.104600 0.014500 0.020800
0 0.913500 0.093800 0.013000 0.026400
0 0.607000 0.979000 0.013900 0.021100
0 0.992600 0.746200 0.011800 0.026300
0 0.104800 0.665000 0.015600 0.019400
0 0.208600 0.243600 0.016400 0.025200
0 0.618600 0.520000 0.014400 0.021100
0 0.930200 0.214900 0.014300 0.025500
0 0.589100 0.610500 0.016500 0.020700
0 0.540600 0.646400 0.016400 0.021300
0 0.605800 0.418800 0.012800 0.029500
0 0.016000 0.798300 0.019000 0.019900
0 0.389200 0.372600 0.014200 0.025300
0 0.614700 0.246700 0.015000 0.025300
0 0.696100 0.807400 0.013300 0.022800
0 0.338800 0.365600 0.014300 0.022500
0 0.385600 0.079600 0.015800 0.021000
0 0.991100 0.720200 0.009400 0.030700
0 0.515900 0.897100 0.015300 0.025000
0 0.857000 0.815000 0.015100 0.023300
0 0.919400 0.655000 0.012200 0.033000
0 0.978300 0.595000 0.011900 0.028600
0 0.113800 0.984500 0.015600 0.020000
0 0.731800 0.079900 0.014600 0.020100
0 0.590400 0.102500 0.013500 0.021900
0 0.521200 0.323000 0.013600 0.020000
0 0.329200 0.678100 0.012800 0.028300
0 0.053900 0.579600 0.018600 0.018500
0 0.665900 0.382700 0.014700 0.022500
0 0.723300 0.732300 0.012600 0.030800
0 0.673600 0.559200 0.015700 0.025100
0 0.008900 0.277500 0.013300 0.022300
0 0.292800 0.042700 0.013000 0.029600
0 0.558600 0.180100 0.013000 0.031000
0 0.792800 0.439300 0.013600 0.026800
0 0.046600 0.721400 0.011900 0.032800
0 0.567900 0.272900 0.014200 0.025100
0 0.777500 0.110800 0.015600 0.025500
0 0.302300 0.407200 0.012000 0.031900
0 0.165100 0.584000 0.014500 0.023000
0 0.564700 0.373100 0.013700 0.025400
0 0.730600 0.551100 0.014700 0.021600
0 0.334400 0.843800 0.013300 0.029100
0 0.246300 0.080100 0.011100 0.032300
0 0.751300 0.766300 0.015700 0.021300
0 0.161200 0.366600 0.016400 0.023100
0 0.331900 0.429000 0.015600 0.017800
0 0.323000 0.802800 0.015100 0.020600
0 0.065600 0.416600 0.013600 0.018300
0 0.853200 0.310400 0.014600 0.024100
0 0.188600 0.815800 0.014400 0.023800
0 0.979000 0.091200 0.015900 0.024000
0 0.431900 0.604700 0.013600 0.029600
0 0.095400 0.111100 0.016200 0.022100
0 0.009200 0.598300 0.015000 0.022600
0 0.088900 0.856100 0.013600 0.021500
0 0.435000 0.355900 0.015700 0.023100
0 0.880900 0.544300 0.018100 0.021200
0 0.314200 0.089100 0.014200 0.024900
0 0.961100 0.582700 0.014600 0.023200
0 0.815400 0.402900 0.011700 0.029500
0 0.123000 0.270600 0.011400 0.032200
0 0.256500 0.917500 0.013600 0.030100
0 0.036100 0.935400 0.011500 0.029500
0 0.745700 0.180900 0.013300 0.030300
0 0.823200 0.119700 0.014000 0.023800
0 0.894600 0.783800 0.016300 0.021100
0 0.529800 0.760000 0.012900 0.023400
0 0.343100 0.190200 0.013900 0.022500
0 0.471000 0.926200 0.015500 0.020700
0 0.356000 0.298000 0.017000 0.020400
0 0.668200 0.920200 0.012900 0.028900
0 0.029000 0.401400 0.016300 0.020700
0 0.957900 0.616200 0.013900 0.025400
0 0.782100 0.527000 0.012000 0.029100
0 0.733600 0.089000 0.015700 0.020700
0 0.535900 0.818400 0.011400 0.032800
0 0.126200 0.807900 0.013600 0.021400
0 0.047900 0.976900 0.015000 0.021700
0 0.092900 0.456600 0.012600 0.016300
0 0.477800 0.510700 0.017500 0.022900
0 0.035200 0.813800 0.017600 0.020900
0 0.889300 0.532400 0.018500 0.021000
0 0.246800 0.317100 0.014200 0.023200
0 0.033700 0.527000 0.020500 0.018100
0 0.563800 0.917000 0.012100 0.032500
0 0.105400 0.614100 0.015800 0.020400
0 0.347900 0.844800 0.011700 0.027500
0 0.045400 0.584100 0.017400 0.022500
0 0.355300 0.740300 0.017400 0.018800
0 0.439400 0.443500 0.014800 0.024500
0 0.686200 0.683400 0.017200 0.020600
0 0.596800 0.715700 0.012000 0.027800
0 0.608200 0.029800 0.016700 0.023900
0 0.397200 0.128000 0.011600 0.031100
0 0.872600 0.546100 0.017600 0.020700
0 0.523000 0.467300 0.015700 0.024000
0 0.878200 0.126400 0.013800 0.022200
0 0.795600 0.846300 0.010400 0.028100
0 0.917800 0.602400 0.013500 0.030700
0 0.819800 0.138700 0.014700 0.020500
0 0.575700 0.582900 0.013500 0.026400
0 0.410500 0.976800 0.012800 0.024400
0 0.848100 0.769100 0.018300 0.020700
0 0.369300 0.797900 0.014000 0.024100
0 0.488300 0.616400 0.011800 0.030100
0 0.384900 0.323200 0.013300 0.024700
0 0.674000 0.847100 0.014700 0.020400
0 0.191700 0.939000 0.014800 0.022900
0 0.023000 0.348700 0.017000 0.020400
0 0.644100 0.273100 0.014800 0.024900
0 0.949200 0.107100 0.011500 0.032200
0 0.676100 0.347700 0.015900 0.021900
0 0.868300 0.730300 0.012800 0.035300
0 0.618000 0.541000 0.014800 0.023500
0 0.598700 0.321200 0.012900 0.020800
0 0.451400 0.047200 0.015800 0.022200
0 0.023700 0.239900 0.010800 0.029200
0 0.471700 0.539400 0.017200 0.021800
0 0.935900 0.423200 0.015600 0.021400
0 0.985400 0.664400 0.016000 0.025500
0 0.420500 0.513900 0.015600 0.023400
0 0.263700 0.609800 0.015700 0.020200
0 0.406500 0.378000 0.011100 0.033100
0 0.256700 0.314700 0.015200 0.022300
0 0.426200 0.477100 0.012900 0.029000
0 0.696200 0.177600 0.017000 0.023600
0 0.185600 0.051800 0.015200 0.020200
0 0.913800 0.404800 0.014100 0.021700
0 0.611200 0.552200 0.015000 0.022700
0 0.726900 0.915800 0.016800 0.022800
0 0.447800 0.685000 0.013100 0.023000
0 0.399100 0.660300 0.012500 0.029900
0 0.658900 0.489600 0.015500 0.021700
0 0.898900 0.514400 0.016900 0.021700
0 0.244200 0.405200 0.011600 0.034700
0 0.006700 0.047300 0.012300 0.028500
0 0.256600 0.586300 0.014500 0.021900
0 0.838400 0.351500 0.014500 0.023800
0 0.879100 0.672700 0.015000 0.025300
0 0.122100 0.846500 0.015500 0.019500
0 0.961300 0.659900 0.013600 0.025700
0 0.350700 0.640400 0.014200 0.026700
0 0.992300 0.820000 0.009600 0.024300
0 0.589500 0.560200 0.012800 0.024400
0 0.634300 0.268600 0.016700 0.020600
0 0.956500 0.548600 0.014800 0.022900
0 0.007300 0.077200 0.011400 0.024700
0 0.601000 0.114600 0.014600 0.021000
0 0.322100 0.640700 0.014400 0.024700
0 0.352800 0.148500 0.014600 0.025100
0 0.691500 0.756400 0.014800 0.021900
0 0.138700 0.759200 0.014100 0.021300
0 0.883100 0.898200 0.016200 0.023200
0 0.204700 0.161200 0.017300 0.021000
0 0.482100 0.016100 0.014200 0.025400
0 0.036200 0.652100 0.015500 0.024200
0 0.197700 0.985500 0.015700 0.020400
0 0.169500 0.940200 0.014300 0.022400
0 0.748400 0.929700 0.012100 0.029000
0 0.267300 0.978800 0.015000 0.023200
0 0.218500 0.323700 0.014900 0.022000
0 0.113400 0.408600 0.016600 0.020800
0 0.868200 0.913600 0.018700 0.019800
0 0.539200 0.473600 0.014700 0.023200
0 0.834200 0.223100 0.013800 0.027100
0 0.938800 0.523500 0.016100 0.020900
0 0.396200 0.019700 0.015500 0.021900
0 0.671800 0.111200 0.012100 0.028800
0 0.547400 0.611000 0.016400 0.021100
0 0.728700 0.070700 0.014700 0.019800
0 0.724300 0.354500 0.012500 0.025700
0 0.655800 0.385800 0.014900 0.021500
0 0.374100 0.363800 0.013500 0.023100
0 0.103100 0.872000 0.013100 0.021800
0 0.593100 0.564500 0.013700 0.024800
0 0.960400 0.678500 0.011800 0.028600
0 0.401100 0.544000 0.015900 0.021100
0 0.725900 0.060500 0.015900 0.023300
0 0.953600 0.777000 0.015200 0.023100
0 0.109000 0.823100 0.016200 0.018900
0 0.673600 0.272500 0.017000 0.022000
0 0.904900 0.696600 0.012700 0.029500
0 0.844800 0.284900 0.014900 0.023500
0 0.338600 0.760800 0.015900 0.022300
0 0.149609 0.050694 0.011719 0.031944
0 0.276172 0.289583 0.017969 0.023611
0 0.085547 0.395139 0.016406 0.018056
0 0.107813 0.384028 0.017188 0.026389
0 0.094531 0.347222 0.014062 0.033333
0 0.086719 0.675000 0.012500 0.033333
0 0.126172 0.933333 0.016406 0.022222
0 0.111328 0.931944 0.011719 0.022222
0 0.121875 0.921528 0.015625 0.020833
0 0.205859 0.027083 0.011719 0.020833
0 0.197266 0.025694 0.011719 0.023611
0 0.283594 0.009722 0.015625 0.019444
0 0.320312 0.177083 0.017188 0.020833
0 0.357812 0.281250 0.014062 0.018056
0 0.375000 0.437500 0.010937 0.033333
0 0.343750 0.722917 0.015625 0.026389
0 0.359375 0.722917 0.014062 0.020833
0 0.466797 0.947917 0.013281 0.029167
0 0.504297 0.956250 0.013281 0.023611
0 0.494141 0.963889 0.010156 0.030556
0 0.466797 0.763889 0.017969 0.019444
0 0.462500 0.338194 0.015625 0.026389
0 0.500781 0.212500 0.014062 0.030556
0 0.518750 0.199306 0.010937 0.026389
0 0.492188 0.025694 0.015625 0.023611
0 0.389844 0.114583 0.014062 0.023611
0 0.398047 0.030556 0.014844 0.022222
0 0.349609 0.174306 0.014844 0.023611
0 0.532422 0.391667 0.013281 0.033333
0 0.657031 0.738889 0.010937 0.027778
0 0.647266 0.545139 0.011719 0.029167
0 0.651563 0.530556 0.009375 0.033333
0 0.651563 0.163194 0.017188 0.023611
0 0.646094 0.052778 0.014062 0.022222
0 0.636719 0.039583 0.012500 0.026389
0 0.631250 0.063194 0.015625 0.018056
0 0.665234 0.775694 0.010156 0.029167
0 0.825781 0.660417 0.018750 0.026389
0 0.747266 0.501389 0.013281 0.033333
0 0.705859 0.331250 0.014844 0.026389
0 0.774219 0.134722 0.010937 0.033333
0 0.749609 0.363194 0.013281 0.031944
0 0.771875 0.010417 0.017188 0.018056
0 0.862891 0.249306 0.016406 0.023611
0 0.800781 0.313889 0.015625 0.027778
0 0.787891 0.295139 0.011719 0.043056
0 0.752344 0.406250 0.009375 0.037500
0 0.805859 0.387500 0.013281 0.033333
0 0.868359 0.390278 0.014844 0.019444
0 0.882031 0.390278 0.014062 0.019444
0 0.875391 0.373611 0.013281 0.027778
0 0.862500 0.371528 0.010937 0.029167
0 0.976172 0.276389 0.016406 0.033333
0 0.983984 0.425694 0.010156 0.029167
0 0.992578 0.414583 0.013281 0.023611
0 0.950391 0.905556 0.011719 0.025000
0 0.958984 0.921528 0.016406 0.020833
0 0.991016 0.867361 0.016406 0.018056
0 0.987891 0.879167 0.014844 0.019444
0 0.849219 0.886806 0.015625 0.026389
0 0.817187 0.627778 0.012500 0.033333
0 0.757812 0.244444 0.015625 0.022222
0 0.886719 0.841667 0.010937 0.025000
0 0.876172 0.855556 0.011719 0.027778
0 0.923437 0.366667 0.010937 0.027778
