0 0.179700 0.431000 0.014000 0.021700
0 0.570400 0.267100 0.015000 0.021200
0 0.122200 0.216300 0.016300 0.021100
0 0.794700 0.403900 0.016600 0.022300
0 0.242500 0.915500 0.015000 0.021300
0 0.705300 0.669400 0.014500 0.024300
0 0.184300 0.357000 0.015300 0.019800
0 0.169100 0.733400 0.015300 0.019600
0 0.830500 0.104800 0.015000 0.020400
0 0.130600 0.444100 0.014900 0.022500
0 0.896000 0.106700 0.015700 0.021500
0 0.056800 0.630900 0.015600 0.018300
0 0.867300 0.307800 0.016300 0.023100
0 0.716500 0.858300 0.014100 0.022600
0 0.192900 0.165000 0.017100 0.019600
0 0.930800 0.619200 0.016100 0.021300
0 0.746100 0.216700 0.016300 0.020000
0 0.742100 0.081400 0.014900 0.025300
0 0.445300 0.527200 0.014300 0.020300
0 0.895200 0.358200 0.017000 0.021700
0 0.671400 0.418500 0.015900 0.021700
0 0.133000 0.959000 0.016400 0.019000
0 0.709700 0.944100 0.017700 0.020700
0 0.066200 0.767400 0.015300 0.021100
0 0.054900 0.094900 0.015700 0.021600
0 0.234700 0.242100 0.016400 0.022800
0 0.780600 0.782000 0.015300 0.022600
0 0.746300 0.181200 0.015200 0.020200
0 0.195700 0.415400 0.014800 0.022100
0 0.807100 0.609500 0.014100 0.023300
0 0.406700 0.303000 0.017400 0.022300
0 0.704500 0.530700 0.017200 0.020700
0 0.819600 0.317400 0.017700 0.023300
0 0.664700 0.293500 0.015100 0.022500
0 0.557500 0.093100 0.012900 0.024300
0 0.518400 0.447100 0.015700 0.020400
0 0.205200 0.456300 0.015100 0.021500
0 0.706100 0.080000 0.014800 0.022200
0 0.091700 0.931800 0.016600 0.019900
0 0.579100 0.154000 0.015100 0.018600
0 0.428800 0.054100 0.015800 0.020000
0 0.908800 0.564500 0.017100 0.021000
0 0.396200 0.070000 0.012900 0.021000
0 0.243400 0.569700 0.016700 0.020700
0 0.553600 0.241500 0.015800 0.021500
0 0.092100 0.759300 0.014200 0.020700
0 0.429300 0.507600 0.014800 0.023800
0 0.633800 0.928100 0.017400 0.021600
0 0.591600 0.168200 0.015800 0.022400
0 0.268400 0.341100 0.014500 0.025400
0 0.007900 0.247000 0.016500 0.020200
0 0.527400 0.566400 0.016600 0.021600
0 0.178400 0.367000 0.015500 0.017500
0 0.509700 0.359400 0.015500 0.019800
0 0.521300 0.306300 0.015200 0.024500
0 0.153600 0.495100 0.017400 0.021500
0 0.269300 0.767800 0.017100 0.020100
0 0.054900 0.933400 0.016400 0.018700
0 0.128400 0.566500 0.019700 0.018800
0 0.493300 0.528100 0.016500 0.021300
0 0.073000 0.629200 0.015500 0.020400
0 0.034100 0.309100 0.017100 0.022000
0 0.440400 0.245000 0.014500 0.025700
0 0.433700 0.868600 0.013100 0.023300
0 0.355200 0.205000 0.014600 0.024800
0 0.396400 0.155000 0.016500 0.020100
0 0.530500 0.053200 0.014600 0.020800
0 0.796200 0.781700 0.014000 0.024000
0 0.032500 0.256500 0.017200 0.019700
0 0.077400 0.391000 0.014300 0.021300
0 0.767200 0.720400 0.014500 0.026000
0 0.132600 0.293000 0.015100 0.022700
0 0.892500 0.904400 0.014300 0.025800
0 0.942000 0.955300 0.019300 0.020200
0 0.742100 0.689500 0.015900 0.021400
0 0.440500 0.620800 0.014200 0.026400
0 0.633500 0.731300 0.015400 0.024400
0 0.681500 0.431400 0.014500 0.021300
0 0.721800 0.140400 0.015800 0.020100
0 0.651300 0.069900 0.015200 0.019300
0 0.716500 0.281600 0.014000 0.026600
0 0.382500 0.930700 0.014500 0.023500
0 0.316500 0.857700 0.013300 0.023400
0 0.271900 0.083700 0.013100 0.025000
0 0.423400 0.840700 0.016300 0.020700
0 0.447300 0.677700 0.015200 0.024000
0 0.131300 0.335300 0.015500 0.022500
0 0.657100 0.028500 0.015100 0.022800
0 0.229300 0.804100 0.014600 0.022700
0 0.878300 0.591300 0.017600 0.022600
0 0.871100 0.767000 0.016900 0.020600
0 0.901700 0.632000 0.014700 0.024300
0 0.520800 0.084500 0.014900 0.023900
0 0.494400 0.381100 0.015000 0.025500
0 0.865400 0.634600 0.013900 0.025600
0 0.668300 0.741000 0.016300 0.024700
0 0.277400 0.292700 0.016000 0.020800
0 0.764800 0.934100 0.016300 0.020500
0 0.413800 0.859300 0.013800 0.020500
0 0.843000 0.806500 0.015500 0.021200
0 0.247800 0.507900 0.015100 0.020000
0 0.845000 0.408500 0.013800 0.018700
0 0.945900 0.745100 0.015800 0.026300
0 0.822100 0.791100 0.013200 0.023700
0 0.857800 0.130400 0.014400 0.022500
0 0.484600 0.489900 0.015300 0.021500
0 0.576500 0.705400 0.016500 0.021800
0 0.914200 0.832100 0.017000 0.022400
0 0.167100 0.389700 0.013800 0.022200
0 0.115900 0.597200 0.018600 0.020000
0 0.141600 0.258500 0.015000 0.023600
0 0.833700 0.466500 0.012400 0.025600
0 0.183000 0.156600 0.014800 0.025000
0 0.647300 0.120900 0.015200 0.021400
0 0.369700 0.873000 0.015700 0.020900
0 0.856700 0.657000 0.014700 0.024500
0 0.922800 0.173400 0.016000 0.019600
0 0.821800 0.709300 0.016000 0.020800
0 0.360100 0.808700 0.014700 0.022900
0 0.873700 0.433500 0.013700 0.021100
0 0.819100 0.185100 0.014600 0.023400
0 0.685600 0.708700 0.016100 0.022900
0 0.916900 0.489900 0.014600 0.020900
0 0.142600 0.422900 0.013400 0.023200
0 0.893800 0.556800 0.015000 0.020900
0 0.943000 0.684400 0.015700 0.021900
0 0.031100 0.930400 0.017200 0.020800
0 0.769400 0.641200 0.015900 0.021200
0 0.568800 0.743600 0.015600 0.020700
0 0.445100 0.193900 0.012800 0.029800
0 0.170200 0.982000 0.016300 0.020900
0 0.529800 0.472200 0.014600 0.023500
0 0.292300 0.939700 0.016200 0.020400
0 0.197200 0.809300 0.014400 0.021800
0 0.952800 0.640800 0.014900 0.021200
0 0.623100 0.155000 0.014200 0.025600
0 0.060600 0.131800 0.014800 0.019500
0 0.131900 0.946900 0.015800 0.021400
0 0.685500 0.289900 0.015200 0.022800
0 0.580000 0.883400 0.017600 0.020100
0 0.914000 0.392000 0.016500 0.023700
0 0.639500 0.183500 0.015200 0.022100
0 0.867200 0.091200 0.014600 0.021700
0 0.355200 0.865100 0.014200 0.023300
0 0.933500 0.279000 0.015100 0.025000
0 0.455500 0.231200 0.013500 0.024000
0 0.595900 0.210600 0.016300 0.023300
0 0.319400 0.452900 0.016300 0.022100
0 0.697500 0.259000 0.015900 0.020500
0 0.389700 0.479900 0.014100 0.027000
0 0.608400 0.507100 0.014400 0.022900
0 0.660700 0.171700 0.014400 0.024100
0 0.021000 0.241800 0.017100 0.019700
0 0.747300 0.957600 0.015300 0.022500
0 0.534300 0.407600 0.016300 0.021300
0 0.991200 0.541800 0.010000 0.027600
0 0.494500 0.319600 0.016700 0.021400
0 0.713900 0.108600 0.013400 0.024800
0 0.164400 0.856600 0.015300 0.026300
0 0.820700 0.814400 0.017100 0.021600
0 0.246600 0.481100 0.013100 0.025100
0 0.369800 0.166700 0.013700 0.026800
0 0.090300 0.158900 0.011700 0.027700
0 0.485900 0.109200 0.016000 0.022000
0 0.351300 0.540000 0.016200 0.022400
0 0.980800 0.143500 0.016700 0.021700
0 0.264900 0.443000 0.012400 0.029200
0 0.265900 0.365900 0.014300 0.025800
0 0.814800 0.481900 0.013700 0.026900
0 0.021500 0.118800 0.016500 0.022000
0 0.272100 0.277200 0.016200 0.022100
0 0.478900 0.055300 0.013100 0.027200
0 0.492700 0.302800 0.015600 0.021400
0 0.794100 0.559700 0.012500 0.030400
0 0.528300 0.540100 0.016100 0.021400
0 0.854100 0.489800 0.012400 0.025400
0 0.606400 0.540100 0.015300 0.023500
0 0.915700 0.581400 0.017200 0.021300
0 0.817700 0.277800 0.014800 0.022700
0 0.334400 0.783300 0.013600 0.028000
0 0.582500 0.245100 0.013200 0.026200
0 0.310700 0.577200 0.015300 0.018900
0 0.294500 0.017000 0.016400 0.023700
0 0.155800 0.795700 0.013000 0.029200
0 0.264400 0.471600 0.015200 0.024600
0 0.681600 0.639700 0.014000 0.023700
0 0.168500 0.370900 0.014100 0.021500
0 0.470200 0.918200 0.012600 0.027500
0 0.008200 0.216200 0.015500 0.022200
0 0.930800 0.432800 0.012400 0.027300
0 0.719500 0.040600 0.011900 0.029000
0 0.343600 0.134700 0.014800 0.027900
0 0.942600 0.216700 0.014300 0.027500
0 0.104900 0.227900 0.014900 0.021900
0 0.264800 0.057100 0.012000 0.031900
0 0.833000 0.216100 0.013400 0.028000
0 0.183800 0.606700 0.017800 0.022100
0 0.008400 0.122800 0.014800 0.021600
0 0.322700 0.589500 0.016000 0.020600
0 0.990400 0.971800 0.011800 0.029100
0 0.220300 0.985300 0.016600 0.023100
0 0.843800 0.785200 0.015100 0.022600
0 0.156100 0.565300 0.019300 0.020200
0 0.273800 0.532600 0.012200 0.031000
0 0.943600 0.479900 0.014100 0.023300
0 0.642700 0.898400 0.015900 0.021400
0 0.769500 0.855900 0.014700 0.025200
0 0.809200 0.690800 0.016300 0.020100
0 0.243200 0.472400 0.014300 0.023600
0 0.073200 0.335500 0.015300 0.025900
0 0.573300 0.502100 0.016300 0.020300
0 0.057500 0.706600 0.015600 0.020300
0 0.738800 0.404300 0.015200 0.026900
0 0.755400 0.308800 0.012400 0.028300
0 0.872200 0.047900 0.017400 0.021500
0 0.773700 0.365700 0.014300 0.026600
0 0.814000 0.247100 0.014700 0.024900
0 0.967200 0.157300 0.017900 0.020100
0 0.545500 0.131300 0.011600 0.032200
0 0.023100 0.846100 0.013100 0.028600
0 0.539500 0.195800 0.014400 0.024600
0 0.618000 0.402700 0.015400 0.021500
0 0.730000 0.077600 0.013500 0.026700
0 0.697800 0.216200 0.015300 0.020800
0 0.011100 0.267200 0.017000 0.021500
0 0.796000 0.965300 0.016900 0.023000
0 0.371600 0.285900 0.016000 0.023200
0 0.171100 0.965400 0.015200 0.022100
0 0.106400 0.042300 0.011800 0.030100
0 0.164200 0.281700 0.015700 0.022300
0 0.129700 0.627300 0.017300 0.020300
0 0.645700 0.271200 0.013500 0.026500
0 0.640700 0.615800 0.013000 0.030100
0 0.481400 0.917700 0.012800 0.030600
0 0.491500 0.181600 0.013400 0.027400
0 0.469500 0.089300 0.013800 0.023900
0 0.047300 0.359900 0.013000 0.028500
0 0.042900 0.089600 0.015900 0.021400
0 0.566600 0.959800 0.013700 0.022800
0 0.273300 0.896700 0.015300 0.021300
0 0.473400 0.620500 0.013200 0.029700
0 0.831400 0.265500 0.012500 0.028200
0 0.853800 0.020100 0.014400 0.026700
0 0.703500 0.353700 0.013100 0.027700
0 0.851500 0.302000 0.016000 0.023100
0 0.864200 0.445000 0.015100 0.019500
0 0.405500 0.631800 0.012300 0.033300
0 0.244400 0.548400 0.014400 0.023100
0 0.771400 0.465400 0.016900 0.023600
0 0.848500 0.371600 0.015300 0.021200
0 0.556000 0.728800 0.013900 0.026900
0 0.864600 0.366900 0.016000 0.021600
0 0.643100 0.348600 0.014500 0.023100
0 0.820200 0.227300 0.015400 0.023400
0 0.783000 0.706900 0.012700 0.031800
0 0.438500 0.942300 0.013800 0.027700
0 0.507900 0.176600 0.016000 0.022700
0 0.076200 0.408100 0.013800 0.022700
0 0.536000 0.277800 0.016600 0.019500
0 0.476600 0.971900 0.016900 0.020100
0 0.501900 0.976800 0.018000 0.021700
0 0.870600 0.023600 0.016000 0.023700
0 0.507000 0.790300 0.014900 0.024800
0 0.871300 0.209800 0.013900 0.027900
0 0.459700 0.536200 0.014800 0.019800
0 0.047000 0.402700 0.013300 0.027300
0 0.628200 0.416000 0.013600 0.024300
0 0.814600 0.510100 0.014100 0.025800
0 0.426800 0.164800 0.016700 0.022100
0 0.323700 0.869100 0.014100 0.020700
0 0.854100 0.972600 0.015300 0.023600
0 0.628900 0.477600 0.012500 0.025700
0 0.694100 0.653200 0.014000 0.023100
0 0.848700 0.196200 0.014700 0.019700
0 0.231600 0.343300 0.011400 0.034700
0 0.114200 0.165100 0.012800 0.023100
0 0.570100 0.414200 0.015700 0.022400
0 0.308000 0.146500 0.011600 0.033700
0 0.878600 0.119000 0.016200 0.020300
0 0.470700 0.360700 0.013600 0.027600
0 0.294300 0.923600 0.015000 0.019800
0 0.469800 0.528400 0.014700 0.018900
0 0.679500 0.064900 0.012200 0.026900
0 0.046200 0.802300 0.014600 0.024100
0 0.856200 0.190700 0.014500 0.021800
0 0.951200 0.608300 0.017400 0.020100
0 0.827000 0.552400 0.014600 0.023100
0 0.140200 0.355500 0.015900 0.021400
0 0.673400 0.828400 0.014100 0.022500
0 0.982700 0.523400 0.017200 0.022700
0 0.809200 0.015400 0.014900 0.023700
0 0.595800 0.592900 0.012400 0.028600
0 0.583800 0.591200 0.012700 0.031400
0 0.702500 0.773500 0.016800 0.022200
0 0.695100 0.023500 0.014300 0.025500
0 0.507900 0.278700 0.015500 0.021200
0 0.888800 0.168000 0.016500 0.023100
0 0.353400 0.646900 0.011300 0.034300
0 0.729600 0.429200 0.013500 0.026900
0 0.303600 0.914500 0.014400 0.022400
0 0.615800 0.089700 0.013300 0.026000
0 0.667700 0.323500 0.013700 0.025100
0 0.456800 0.251500 0.015000 0.022000
0 0.316800 0.947700 0.016200 0.020000
0 0.530600 0.685200 0.017500 0.021700
0 0.760800 0.272300 0.014800 0.024700
0 0.015600 0.690800 0.011700 0.033900
0 0.753100 0.811100 0.016600 0.022000
0 0.890200 0.039000 0.016700 0.020500
0 0.405400 0.810800 0.016000 0.022300
0 0.401100 0.733100 0.013500 0.023900
0 0.218800 0.877900 0.011700 0.033700
0 0.954000 0.040500 0.011000 0.033700
0 0.985100 0.117400 0.013200 0.030500
0 0.318400 0.027100 0.013100 0.025900
0 0.645400 0.090100 0.013300 0.025400
0 0.551200 0.697600 0.016400 0.021700
0 0.301200 0.220300 0.015900 0.019200
0 0.488800 0.165100 0.015800 0.022500
0 0.531600 0.782600 0.017600 0.019900
0 0.880300 0.647500 0.013100 0.026200
0 0.513600 0.382900 0.015500 0.024500
0 0.033200 0.465500 0.012500 0.031800
0 0.415200 0.584900 0.016300 0.023300
0 0.776000 0.909000 0.015800 0.020200
0 0.424000 0.483500 0.014900 0.022900
0 0.407700 0.360700 0.013600 0.022400
0 0.794200 0.185500 0.014900 0.025500
0 0.138600 0.239500 0.017800 0.020400
0 0.388800 0.289000 0.015100 0.022500
0 0.251500 0.873000 0.012400 0.030700
0 0.530000 0.667900 0.015200 0.023300
0 0.156400 0.098400 0.014400 0.021300
0 0.306100 0.857000 0.010300 0.034700
0 0.775800 0.393500 0.014000 0.026400
0 0.890900 0.123400 0.015700 0.021000
0 0.738900 0.202500 0.016800 0.018800
0 0.136100 0.602300 0.019200 0.019300
0 0.796000 0.281100 0.016900 0.023600
0 0.111500 0.896700 0.012400 0.030200
0 0.972500 0.364900 0.014000 0.029300
0 0.142200 0.784900 0.014100 0.020600
0 0.552700 0.546600 0.014800 0.021100
0 0.306500 0.632500 0.012800 0.025700
0 0.858400 0.420200 0.014000 0.019900
0 0.733800 0.204500 0.016900 0.018500
0 0.854100 0.623600 0.014400 0.024700
0 0.385800 0.109600 0.014200 0.020900
0 0.926400 0.473200 0.015400 0.021800
0 0.282500 0.309000 0.013000 0.027000
0 0.549000 0.957900 0.016400 0.021300
0 0.401500 0.033100 0.016700 0.022300
0 0.703400 0.491700 0.016000 0.022900
0 0.988800 0.790700 0.010000 0.030300
0 0.298300 0.960100 0.016000 0.021400
0 0.415200 0.551600 0.015300 0.024700
0 0.872500 0.752300 0.017000 0.019300
0 0.330400 0.947000 0.015200 0.021900
0 0.279600 0.863800 0.015200 0.023000
0 0.160500 0.889000 0.015000 0.025800
0 0.252400 0.672500 0.015400 0.025000
0 0.948300 0.428900 0.013200 0.027800
0 0.761200 0.898700 0.016700 0.020400
0 0.703800 0.860100 0.012600 0.027000
0 0.181100 0.748300 0.015400 0.024200
0 0.260900 0.158900 0.015500 0.019500
0 0.831900 0.022000 0.014500 0.028600
0 0.146500 0.095000 0.014300 0.021300
0 0.791900 0.272600 0.015200 0.022700
0 0.480200 0.711600 0.015800 0.021900
0 0.626700 0.318800 0.012700 0.031400
0 0.985500 0.017300 0.012500 0.032300
0 0.260100 0.651600 0.015600 0.023100
0 0.305000 0.489400 0.012000 0.031100
0 0.121200 0.714500 0.011700 0.018200
0 0.576300 0.786000 0.015800 0.021800
0 0.755000 0.148700 0.014200 0.021000
0 0.735400 0.485400 0.018200 0.024100
0 0.856400 0.369900 0.016100 0.021000
0 0.888900 0.079200 0.015600 0.021200
0 0.900900 0.459300 0.013700 0.026700
0 0.613400 0.427100 0.015600 0.020700
0 0.761100 0.840800 0.018000 0.020700
0 0.407400 0.748100 0.014200 0.022400
0 0.821400 0.533600 0.013800 0.023500
0 0.814900 0.838700 0.019100 0.018600
0 0.315200 0.773500 0.012300 0.028900
0 0.151600 0.036100 0.014100 0.022400
0 0.461500 0.139300 0.015200 0.023200
0 0.819200 0.218300 0.015900 0.024000
0 0.641700 0.046900 0.016500 0.020500
0 0.664600 0.240000 0.015800 0.022600
0 0.536800 0.392400 0.015000 0.024500
0 0.584800 0.123300 0.011600 0.027900
0 0.026900 0.234700 0.016300 0.020600
0 0.019400 0.772300 0.012000 0.029000
0 0.950800 0.657300 0.015200 0.023200
0 0.753700 0.664200 0.014100 0.025200
0 0.501900 0.151300 0.016100 0.022400
0 0.055700 0.198600 0.013100 0.025000
0 0.404600 0.709900 0.013000 0.026600
0 0.401900 0.876400 0.014200 0.020800
0 0.840000 0.960900 0.013600 0.027500
0 0.680700 0.113600 0.015000 0.023600
0 0.748800 0.727800 0.016600 0.022400
0 0.964200 0.752700 0.017300 0.023500
0 0.514200 0.735900 0.012100 0.029600
0 0.644700 0.023600 0.015500 0.025500
0 0.175000 0.054167 0.010937 0.025000
0 0.207422 0.100000 0.013281 0.033333
0 0.100000 0.376389 0.014062 0.025000
0 0.028516 0.549306 0.013281 0.023611
0 0.031641 0.571528 0.014844 0.023611
0 0.064844 0.786806 0.012500 0.020833
0 0.053125 0.778472 0.012500 0.020833
0 0.124609 0.875000 0.017969 0.022222
0 0.086328 0.909722 0.014844 0.022222
0 0.211328 0.797917 0.010156 0.029167
0 0.231641 0.139583 0.011719 0.023611
0 0.222266 0.132639 0.010156 0.029167
0 0.298047 0.057639 0.011719 0.029167
0 0.289453 0.252778 0.014844 0.022222
0 0.327734 0.976389 0.011719 0.025000
0 0.361719 0.838194 0.010937 0.018056
0 0.376563 0.857639 0.012500 0.023611
0 0.418359 0.972917 0.013281 0.034722
0 0.424219 0.775694 0.009375 0.026389
0 0.454297 0.501389 0.014844 0.022222
0 0.413281 0.323611 0.009375 0.036111
0 0.404687 0.274306 0.014062 0.020833
0 0.428516 0.198611 0.010156 0.030556
0 0.454688 0.163194 0.015625 0.023611
0 0.446484 0.110417 0.010156 0.034722
0 0.468750 0.022222 0.015625 0.019444
0 0.483594 0.019444 0.012500 0.022222
0 0.521875 0.350000 0.014062 0.027778
0 0.539453 0.347222 0.011719 0.025000
0 0.555859 0.013194 0.014844 0.023611
0 0.608594 0.011806 0.015625 0.020833
0 0.637891 0.125694 0.014844 0.026389
0 0.674609 0.156250 0.014844 0.020833
0 0.396094 0.943056 0.012500 0.027778
0 0.447266 0.788889 0.013281 0.022222
0 0.551562 0.525694 0.010937 0.029167
0 0.078125 0.066667 0.012500 0.016667
0 0.427344 0.655556 0.012500 0.022222
0 0.423047 0.661806 0.011719 0.023611
0 0.324609 0.639583 0.014844 0.020833
0 0.330469 0.648611 0.014062 0.025000
0 0.583203 0.230556 0.014844 0.022222
0 0.696484 0.503472 0.014844 0.018056
0 0.651172 0.736806 0.014844 0.023611
0 0.646875 0.803472 0.012500 0.031944
0 0.699609 0.913194 0.014844 0.020833
0 0.885156 0.968750 0.017188 0.023611
0 0.477734 0.415972 0.013281 0.020833
0 0.482812 0.426389 0.010937 0.025000
0 0.723437 0.210417 0.012500 0.026389
0 0.774609 0.025000 0.013281 0.025000
0 0.986719 0.188194 0.014062 0.026389
0 0.955859 0.363889 0.010156 0.030556
0 0.971484 0.449306 0.010156 0.031944
0 0.747266 0.506944 0.011719 0.033333
0 0.759766 0.573611 0.013281 0.019444
0 0.917578 0.738194 0.013281 0.023611
0 0.767578 0.064583 0.011719 0.026389
0 0.775781 0.075694 0.010937 0.023611
0 0.782031 0.084722 0.012500 0.025000
0 0.807031 0.373611 0.014062 0.027778
0 0.812109 0.369444 0.014844 0.022222
0 0.991016 0.659722 0.013281 0.030556
0 0.983203 0.640278 0.013281 0.033333
0 0.933984 0.836806 0.013281 0.034722
0 0.875391 0.923611 0.011719 0.027778
0 0.812109 0.773611 0.011719 0.027778
0 0.244922 0.840972 0.014844 0.023611
