0 0.503300 0.332600 0.012000 0.025400
0 0.431500 0.645100 0.016100 0.023300
0 0.233300 0.292200 0.015000 0.024400
0 0.481300 0.220300 0.014900 0.021500
0 0.884600 0.131000 0.015900 0.023500
0 0.742100 0.203800 0.015400 0.021700
0 0.594700 0.679800 0.016300 0.022000
0 0.121100 0.317200 0.013300 0.024500
0 0.129900 0.777400 0.017600 0.019300
0 0.929800 0.083300 0.013600 0.021600
0 0.503700 0.670600 0.015500 0.021200
0 0.634000 0.430000 0.016100 0.021700
0 0.769200 0.207000 0.015400 0.021100
0 0.570800 0.707800 0.016300 0.023400
0 0.581300 0.309400 0.014800 0.020600
0 0.765900 0.341300 0.016400 0.021600
0 0.281100 0.566800 0.015200 0.022800
0 0.927500 0.414900 0.015900 0.021600
0 0.618800 0.882000 0.017400 0.019100
0 0.921800 0.842700 0.017700 0.020300
0 0.805900 0.233200 0.014800 0.023600
0 0.058300 0.671900 0.016500 0.021500
0 0.871800 0.869500 0.017300 0.018600
0 0.123300 0.846400 0.014700 0.024700
0 0.259000 0.629600 0.017500 0.020400
0 0.367800 0.934700 0.016000 0.020000
0 0.942900 0.594000 0.015400 0.019600
0 0.004900 0.045300 0.008900 0.021600
0 0.041700 0.071200 0.015400 0.023600
0 0.132400 0.341100 0.013900 0.023400
0 0.771600 0.708800 0.015800 0.021100
0 0.918600 0.209600 0.014100 0.024200
0 0.417700 0.855200 0.014200 0.021400
0 0.595900 0.483300 0.013800 0.024800
0 0.829400 0.105300 0.016400 0.020600
0 0.080100 0.234300 0.016300 0.020100
0 0.005000 0.784300 0.009700 0.019900
0 0.154100 0.344400 0.014300 0.025700
0 0.083200 0.632800 0.015800 0.020800
0 0.895100 0.583900 0.015400 0.021600
0 0.715500 0.828500 0.016200 0.019800
0 0.041700 0.406100 0.014500 0.024000
0 0.946600 0.509200 0.016600 0.020200
0 0.757100 0.878500 0.017100 0.020500
0 0.305700 0.269500 0.015200 0.020800
0 0.794300 0.667500 0.015000 0.020700
0 0.283700 0.331500 0.014400 0.021100
0 0.427000 0.165300 0.017000 0.023000
0 0.433200 0.795600 0.016900 0.020900
0 0.742900 0.359500 0.014900 0.023800
0 0.167700 0.498000 0.015600 0.024800
0 0.697300 0.642100 0.016400 0.020400
0 0.177800 0.283700 0.015200 0.025200
0 0.384900 0.696100 0.015800 0.020600
0 0.943800 0.396300 0.016600 0.020500
0 0.864900 0.531900 0.019500 0.020900
0 0.145500 0.857500 0.014300 0.024000
0 0.695800 0.709900 0.015700 0.021300
0 0.953300 0.496700 0.017200 0.019800
0 0.720900 0.534700 0.015900 0.020900
0 0.944800 0.717900 0.015300 0.022900
0 0.952500 0.627000 0.015600 0.021400
0 0.890800 0.378300 0.015900 0.024600
0 0.095400 0.980000 0.015300 0.024200
0 0.531200 0.330500 0.011800 0.029100
0 0.642000 0.041900 0.015600 0.021600
0 0.452300 0.816800 0.015800 0.023600
0 0.055000 0.081200 0.014300 0.022800
0 0.082400 0.360600 0.013600 0.023300
0 0.807100 0.098400 0.015100 0.022600
0 0.372800 0.131800 0.015500 0.025300
0 0.780600 0.620900 0.015400 0.019800
0 0.083600 0.258900 0.015600 0.020400
0 0.966600 0.959000 0.019800 0.019800
0 0.453100 0.559000 0.017400 0.021900
0 0.832900 0.970400 0.016400 0.022600
0 0.668800 0.319600 0.015500 0.022900
0 0.714600 0.332400 0.015000 0.024000
0 0.434500 0.069500 0.018500 0.019500
0 0.634300 0.259000 0.013700 0.020800
0 0.779100 0.801800 0.015400 0.020200
0 0.707900 0.293100 0.014300 0.025300
0 0.555900 0.601900 0.016400 0.019200
0 0.904500 0.604000 0.015400 0.022400
0 0.421900 0.709400 0.017600 0.022300
0 0.691600 0.418500 0.015300 0.025200
0 0.335500 0.456000 0.016800 0.022800
0 0.456600 0.497300 0.017400 0.020800
0 0.530500 0.490200 0.016000 0.022300
0 0.119100 0.960500 0.016400 0.021900
0 0.290500 0.516900 0.011300 0.028600
0 0.854500 0.419900 0.016600 0.022600
0 0.677600 0.058800 0.016100 0.023900
0 0.255900 0.506000 0.014100 0.027300
0 0.890800 0.068400 0.014100 0.023000
0 0.621300 0.860600 0.019000 0.017900
0 0.840200 0.357600 0.015200 0.021900
0 0.703900 0.231100 0.013700 0.023200
0 0.095000 0.370200 0.015400 0.024300
0 0.816700 0.532800 0.015200 0.022600
0 0.160300 0.641900 0.017100 0.020500
0 0.627600 0.907000 0.017300 0.021600
0 0.740700 0.929700 0.015200 0.025000
0 0.841400 0.517400 0.015600 0.023700
0 0.807800 0.198300 0.014300 0.024300
0 0.722300 0.490400 0.013200 0.020800
0 0.146400 0.744000 0.016100 0.019200
0 0.458600 0.366200 0.016500 0.024000
0 0.473400 0.547200 0.018200 0.024300
0 0.383100 0.842600 0.013200 0.024100
0 0.605200 0.028700 0.015700 0.021400
0 0.476700 0.567000 0.016700 0.022300
0 0.818000 0.729700 0.013700 0.023600
0 0.647000 0.860400 0.018600 0.019200
0 0.685900 0.733600 0.015400 0.021800
0 0.647700 0.081200 0.014700 0.024400
0 0.220500 0.754100 0.014100 0.024800
0 0.893600 0.621000 0.016100 0.021500
0 0.304000 0.842800 0.012500 0.029000
0 0.855400 0.707300 0.013900 0.021100
0 0.820700 0.371700 0.016600 0.022500
0 0.770100 0.670700 0.014800 0.022600
0 0.454900 0.417100 0.014200 0.022400
0 0.003100 0.104600 0.007900 0.018400
0 0.405500 0.205400 0.013800 0.027900
0 0.770100 0.260400 0.017100 0.019600
0 0.055900 0.227400 0.016300 0.020200
0 0.009300 0.859400 0.012000 0.023300
0 0.461100 0.790900 0.014700 0.022800
0 0.380000 0.352400 0.016000 0.024100
0 0.160800 0.668100 0.017500 0.020900
0 0.619000 0.702300 0.015100 0.020200
0 0.651600 0.170300 0.014800 0.024100
0 0.326900 0.692900 0.014800 0.022100
0 0.841500 0.173800 0.015500 0.021500
0 0.918300 0.943900 0.020000 0.018100
0 0.496600 0.176700 0.014900 0.020600
0 0.720700 0.192400 0.013800 0.025400
0 0.733500 0.594400 0.013100 0.026500
0 0.903700 0.791600 0.011800 0.030400
0 0.981000 0.557400 0.017000 0.022800
0 0.170700 0.755000 0.016200 0.021100
0 0.672000 0.427000 0.016700 0.021100
0 0.518400 0.129300 0.012200 0.028100
0 0.943900 0.371800 0.014300 0.024000
0 0.239400 0.628000 0.017200 0.020000
0 0.273500 0.191100 0.016300 0.020900
0 0.072900 0.079400 0.014500 0.022300
0 0.498100 0.958100 0.017900 0.021000
0 0.294700 0.282900 0.014500 0.019900
0 0.896100 0.758300 0.012700 0.029600
0 0.842900 0.646200 0.014300 0.027000
0 0.071700 0.243300 0.016700 0.018900
0 0.056500 0.346000 0.014000 0.023500
0 0.933200 0.621600 0.015100 0.021100
0 0.893400 0.265300 0.015400 0.024000
0 0.460400 0.260300 0.015100 0.020400
0 0.897400 0.883700 0.017800 0.019300
0 0.905900 0.302400 0.015000 0.024600
0 0.014200 0.091400 0.013300 0.020300
0 0.720900 0.357100 0.013500 0.022900
0 0.483500 0.940900 0.012600 0.026300
0 0.008700 0.277200 0.013900 0.019700
0 0.841500 0.568700 0.014000 0.021800
0 0.789100 0.045600 0.015600 0.023700
0 0.671600 0.859700 0.015100 0.024700
0 0.295100 0.472800 0.013300 0.025700
0 0.306100 0.978800 0.014200 0.025300
0 0.751700 0.596000 0.013700 0.023400
0 0.871000 0.258700 0.012000 0.028000
0 0.220200 0.985500 0.016500 0.022900
0 0.023400 0.972100 0.017200 0.019400
0 0.535500 0.242600 0.012500 0.029700
0 0.851900 0.035400 0.017400 0.022600
0 0.888800 0.666900 0.014600 0.022000
0 0.008500 0.591300 0.014400 0.025600
0 0.767200 0.385900 0.015500 0.022700
0 0.493400 0.404800 0.012800 0.031100
0 0.098200 0.660200 0.015500 0.021000
0 0.198000 0.681500 0.013400 0.028800
0 0.373400 0.058700 0.017500 0.019700
0 0.692000 0.093400 0.015500 0.021400
0 0.985100 0.666900 0.014400 0.026900
0 0.829600 0.810200 0.014500 0.023500
0 0.583100 0.328600 0.016800 0.020900
0 0.427400 0.366100 0.013000 0.026100
0 0.901500 0.491800 0.017300 0.020500
0 0.346100 0.915500 0.016500 0.023600
0 0.631600 0.477700 0.013800 0.027200
0 0.721500 0.382500 0.013600 0.028700
0 0.770500 0.465200 0.015600 0.022700
0 0.784800 0.791300 0.014900 0.020700
0 0.503000 0.818800 0.019400 0.020300
0 0.543000 0.440200 0.016300 0.023500
0 0.968200 0.691600 0.014100 0.027400
0 0.006800 0.496000 0.011600 0.030200
0 0.931400 0.726600 0.015100 0.019600
0 0.765800 0.091400 0.012100 0.029300
0 0.883800 0.791100 0.014300 0.024700
0 0.776300 0.603500 0.016300 0.019800
0 0.258400 0.214200 0.016700 0.020900
0 0.385200 0.548000 0.016700 0.022100
0 0.730600 0.078300 0.012300 0.029300
0 0.541900 0.352400 0.013400 0.029000
0 0.851400 0.718700 0.014500 0.020500
0 0.985000 0.859200 0.017300 0.023800
0 0.245400 0.042600 0.012300 0.029200
0 0.330900 0.068600 0.015900 0.022100
0 0.615200 0.509100 0.012700 0.032300
0 0.019100 0.419200 0.012600 0.028100
0 0.980600 0.322800 0.017300 0.021500
0 0.119600 0.209800 0.012100 0.028800
0 0.214000 0.908000 0.019600 0.021300
0 0.760200 0.846900 0.016400 0.022200
0 0.481900 0.777600 0.018100 0.019600
0 0.856800 0.872100 0.015900 0.017400
0 0.518800 0.817700 0.013600 0.028100
0 0.941700 0.628400 0.014300 0.022600
0 0.626300 0.677300 0.014600 0.020500
0 0.158900 0.422100 0.012300 0.029200
0 0.899000 0.106500 0.013800 0.025900
0 0.553600 0.015600 0.017700 0.021700
0 0.864200 0.628100 0.017100 0.021700
0 0.483600 0.327600 0.012900 0.025700
0 0.355700 0.233300 0.014500 0.022300
0 0.538600 0.297200 0.012000 0.029300
0 0.589200 0.734600 0.014100 0.022000
0 0.980000 0.618500 0.014300 0.027200
0 0.131100 0.958700 0.014600 0.021900
0 0.645200 0.889900 0.014300 0.025100
0 0.410300 0.939800 0.012800 0.027900
0 0.436400 0.903500 0.015200 0.025200
0 0.514000 0.676300 0.015600 0.019600
0 0.792400 0.648800 0.017100 0.020700
0 0.770000 0.641100 0.016600 0.021700
0 0.567700 0.586300 0.015900 0.022200
0 0.858900 0.935300 0.015800 0.020700
0 0.135900 0.629300 0.018800 0.020300
0 0.270500 0.310000 0.012500 0.028600
0 0.981200 0.896800 0.015400 0.025900
0 0.822100 0.605000 0.013100 0.028900
0 0.084300 0.439900 0.015300 0.020000
0 0.368500 0.377800 0.012200 0.030100
0 0.048800 0.208800 0.015400 0.023000
0 0.108800 0.747500 0.015100 0.021900
0 0.371200 0.852000 0.015800 0.023700
0 0.728400 0.780500 0.011500 0.034500
0 0.340900 0.839900 0.014700 0.025300
0 0.131500 0.864500 0.013700 0.025300
0 0.870800 0.822400 0.011700 0.032200
0 0.980800 0.166500 0.014200 0.027800
0 0.561700 0.296100 0.011000 0.029700
0 0.914700 0.555000 0.016900 0.020700
0 0.572600 0.673200 0.016000 0.021300
0 0.126400 0.807900 0.015300 0.023300
0 0.953200 0.923000 0.019400 0.021300
0 0.198700 0.126800 0.017100 0.022000
0 0.771700 0.489600 0.014500 0.024900
0 0.554900 0.047700 0.014300 0.021900
0 0.829500 0.147800 0.015200 0.024100
0 0.889600 0.019100 0.018400 0.023000
0 0.966600 0.576000 0.016100 0.021100
0 0.271700 0.547700 0.012300 0.022500
0 0.018700 0.247600 0.013500 0.030200
0 0.857600 0.127000 0.014000 0.026200
0 0.131700 0.219400 0.011200 0.033500
0 0.383500 0.219600 0.011100 0.035000
0 0.103200 0.029700 0.013000 0.030500
0 0.593300 0.747200 0.015800 0.021400
0 0.417800 0.035100 0.016100 0.022700
0 0.661200 0.722300 0.012700 0.029500
0 0.347300 0.682200 0.011000 0.035100
0 0.161100 0.203000 0.015000 0.022100
0 0.451700 0.322100 0.015700 0.020900
0 0.501200 0.977700 0.015900 0.021300
0 0.303300 0.696900 0.015000 0.024200
0 0.594100 0.652200 0.013300 0.026800
0 0.448800 0.272400 0.016500 0.020400
0 0.901300 0.047500 0.014700 0.023700
0 0.317000 0.690000 0.014900 0.021200
0 0.211100 0.255200 0.015200 0.025100
0 0.176300 0.033600 0.016200 0.023500
0 0.056000 0.821400 0.013600 0.030400
0 0.986200 0.231000 0.014500 0.026700
0 0.717100 0.266800 0.013800 0.025800
0 0.373000 0.683900 0.016200 0.021100
0 0.036000 0.695300 0.012500 0.026400
0 0.932400 0.102900 0.013200 0.026700
0 0.691900 0.323400 0.012900 0.025400
0 0.814700 0.492600 0.017200 0.021200
0 0.635600 0.660800 0.012600 0.024100
0 0.744000 0.960200 0.016100 0.025900
0 0.290000 0.948200 0.012800 0.024200
0 0.111400 0.310600 0.012500 0.023700
0 0.584400 0.252000 0.015300 0.024300
0 0.877100 0.476700 0.016600 0.023600
0 0.088700 0.822900 0.015900 0.021200
0 0.792200 0.539100 0.014400 0.024100
0 0.640000 0.019500 0.013800 0.026500
0 0.627700 0.745500 0.013700 0.024800
0 0.307800 0.664800 0.015500 0.024100
0 0.663700 0.359000 0.016700 0.023200
0 0.326000 0.519800 0.013400 0.024200
0 0.794200 0.742100 0.014300 0.022600
0 0.004100 0.339300 0.008600 0.021700
0 0.909500 0.884900 0.017800 0.020000
0 0.789900 0.510500 0.015400 0.022200
0 0.803800 0.739500 0.012200 0.027300
0 0.715400 0.292400 0.014000 0.025500
0 0.716800 0.433800 0.012000 0.033800
0 0.402300 0.033800 0.017900 0.022300
0 0.898600 0.473100 0.018100 0.021400
0 0.483500 0.098500 0.016000 0.022500
0 0.116300 0.113900 0.015000 0.022300
0 0.080900 0.385900 0.014400 0.024400
0 0.513600 0.060900 0.015800 0.021800
0 0.018600 0.936600 0.015800 0.021800
0 0.309800 0.189200 0.017700 0.020300
0 0.915500 0.567500 0.016300 0.019400
0 0.346500 0.048000 0.014900 0.020600
0 0.058000 0.363800 0.015400 0.022700
0 0.515900 0.021000 0.019100 0.022400
0 0.466800 0.589200 0.014800 0.025100
0 0.163200 0.331700 0.013100 0.025700
0 0.598600 0.403100 0.011900 0.033700
0 0.988700 0.044100 0.013700 0.022300
0 0.454500 0.589300 0.017000 0.022000
0 0.673700 0.980400 0.016500 0.019900
0 0.631300 0.773600 0.014500 0.021700
0 0.881000 0.713900 0.015500 0.022300
0 0.586100 0.465500 0.015300 0.025300
0 0.334700 0.076800 0.015600 0.022200
0 0.266200 0.102200 0.010700 0.031300
0 0.491800 0.251400 0.014600 0.024000
0 0.730000 0.713600 0.015100 0.022300
0 0.545400 0.089700 0.012700 0.021000
0 0.108400 0.727000 0.012700 0.026200
0 0.019100 0.857200 0.015200 0.025300
0 0.511800 0.340400 0.013700 0.023200
0 0.623800 0.022800 0.015100 0.024600
0 0.265400 0.673800 0.016200 0.022000
0 0.241900 0.363400 0.016500 0.023900
0 0.590600 0.338900 0.016800 0.020900
0 0.765300 0.223300 0.014000 0.025400
0 0.731300 0.497500 0.014500 0.020800
0 0.748400 0.697700 0.015000 0.021500
0 0.338400 0.423600 0.014700 0.023800
0 0.074200 0.209600 0.015800 0.022500
0 0.690400 0.586200 0.016900 0.024000
0 0.985300 0.934600 0.018600 0.021300
0 0.073200 0.034500 0.013800 0.028200
0 0.035600 0.573400 0.017800 0.021800
0 0.499000 0.046800 0.016400 0.023400
0 0.017800 0.847100 0.014200 0.023800
0 0.964400 0.941000 0.019900 0.018100
0 0.006700 0.126500 0.012800 0.021500
0 0.336500 0.758300 0.017900 0.021600
0 0.074300 0.580200 0.014400 0.026400
0 0.124100 0.351800 0.011700 0.028100
0 0.411300 0.695800 0.016400 0.022600
0 0.416700 0.351400 0.015000 0.020700
0 0.130500 0.971900 0.015000 0.023200
0 0.401400 0.286300 0.016200 0.018300
0 0.779400 0.646100 0.016200 0.020000
0 0.959300 0.784900 0.013000 0.031700
0 0.799100 0.288400 0.015900 0.018900
0 0.823500 0.560300 0.014200 0.022100
0 0.414800 0.598400 0.013500 0.028900
0 0.924300 0.645600 0.012800 0.027300
0 0.660700 0.873100 0.018300 0.020100
0 0.628900 0.076500 0.013800 0.022300
0 0.814700 0.838700 0.017600 0.017500
0 0.884900 0.606800 0.014400 0.022900
0 0.453000 0.436000 0.015700 0.023100
0 0.754800 0.702300 0.015700 0.020500
0 0.261500 0.266000 0.015400 0.024500
0 0.914200 0.909200 0.018800 0.019100
0 0.092600 0.286000 0.015200 0.024400
0 0.358300 0.240000 0.015700 0.021000
0 0.761200 0.131300 0.015200 0.022300
0 0.513400 0.409000 0.016500 0.023000
0 0.763400 0.178700 0.014900 0.025100
0 0.169100 0.426500 0.014100 0.026900
0 0.254900 0.423400 0.013900 0.025800
0 0.144922 0.023611 0.013281 0.025000
0 0.087891 0.314583 0.011719 0.029167
0 0.125000 0.653472 0.014062 0.026389
0 0.235156 0.813889 0.012500 0.027778
0 0.221875 0.311806 0.010937 0.023611
0 0.214062 0.311111 0.012500 0.025000
0 0.240234 0.728472 0.011719 0.026389
0 0.192578 0.613889 0.016406 0.019444
0 0.212109 0.541667 0.016406 0.025000
0 0.289062 0.374306 0.014062 0.029167
0 0.126563 0.689583 0.015625 0.018056
0 0.141016 0.921528 0.011719 0.020833
0 0.147656 0.913889 0.012500 0.019444
0 0.264453 0.463194 0.013281 0.023611
0 0.277344 0.136806 0.014062 0.020833
0 0.288281 0.063194 0.014062 0.023611
0 0.313281 0.075694 0.014062 0.023611
0 0.322656 0.102083 0.010937 0.031944
0 0.316406 0.138889 0.014062 0.022222
0 0.299609 0.245833 0.011719 0.036111
0 0.317578 0.269444 0.013281 0.027778
0 0.340625 0.269444 0.015625 0.019444
0 0.333203 0.256250 0.011719 0.023611
0 0.354297 0.059722 0.011719 0.022222
0 0.352344 0.075000 0.014062 0.022222
0 0.333984 0.652778 0.010156 0.027778
0 0.343750 0.892361 0.015625 0.023611
0 0.361719 0.910417 0.012500 0.026389
0 0.300391 0.877083 0.013281 0.029167
0 0.311719 0.879861 0.012500 0.023611
0 0.321875 0.883333 0.014062 0.019444
0 0.491016 0.674306 0.014844 0.026389
0 0.437109 0.213194 0.017969 0.020833
0 0.456250 0.184028 0.012500 0.029167
0 0.555469 0.104167 0.012500 0.022222
0 0.525000 0.202083 0.012500 0.034722
0 0.488672 0.288889 0.013281 0.030556
0 0.530078 0.370139 0.014844 0.023611
0 0.464453 0.436111 0.011719 0.027778
0 0.473828 0.438194 0.014844 0.023611
0 0.525391 0.581944 0.014844 0.022222
0 0.531641 0.596528 0.014844 0.020833
0 0.574219 0.821528 0.012500 0.031944
0 0.588672 0.915972 0.014844 0.026389
0 0.637891 0.625000 0.014844 0.019444
0 0.624609 0.619444 0.013281 0.025000
0 0.637891 0.538889 0.013281 0.030556
0 0.666406 0.778472 0.009375 0.034722
0 0.623047 0.324306 0.017969 0.023611
0 0.619531 0.294444 0.010937 0.025000
0 0.629687 0.303472 0.010937 0.020833
0 0.631641 0.188889 0.014844 0.030556
0 0.657031 0.283333 0.015625 0.025000
0 0.687891 0.347917 0.013281 0.029167
0 0.707031 0.110417 0.012500 0.023611
0 0.711719 0.129861 0.010937 0.026389
0 0.716406 0.115972 0.012500 0.023611
0 0.720703 0.093750 0.010156 0.023611
0 0.710156 0.090972 0.010937 0.026389
0 0.789062 0.088889 0.009375 0.033333
0 0.837891 0.024306 0.016406 0.023611
0 0.835156 0.295833 0.015625 0.022222
0 0.809375 0.274306 0.017188 0.020833
0 0.805469 0.261806 0.014062 0.018056
0 0.805859 0.513889 0.011719 0.022222
0 0.989062 0.452778 0.012500 0.027778
0 0.850000 0.552083 0.014062 0.029167
0 0.830078 0.407639 0.013281 0.026389
0 0.792969 0.015278 0.012500 0.019444
0 0.923047 0.371528 0.011719 0.029167
0 0.993750 0.211111 0.010937 0.030556
0 0.898828 0.661111 0.013281 0.030556
0 0.989062 0.703472 0.015625 0.026389
0 0.964063 0.738194 0.014062 0.031944
0 0.889453 0.934028 0.013281 0.023611
0 0.821875 0.770139 0.014062 0.026389
0 0.814844 0.774306 0.015625 0.026389
0 0.771875 0.831250 0.015625 0.023611
0 0.762891 0.781944 0.014844 0.027778
0 0.701953 0.500000 0.014844 0.022222
0 0.697656 0.490972 0.012500 0.023611
0 0.728906 0.843750 0.015625 0.020833
0 0.814062 0.923611 0.014062 0.027778
0 0.908203 0.354167 0.014844 0.027778
0 0.681641 0.219444 0.016406 0.022222
0 0.691797 0.218056 0.013281 0.019444
0 0.656250 0.336111 0.017188 0.022222
0 0.668750 0.257639 0.017188 0.018056
