0 0.149300 0.404200 0.047100 0.083900
0 0.913700 0.521900 0.050300 0.077300
0 0.680900 0.049200 0.050700 0.081000
0 0.436400 0.517700 0.046300 0.077200
0 0.149000 0.310400 0.064400 0.066200
0 0.749300 0.443900 0.039700 0.117800
0 0.394200 0.504800 0.039500 0.089800
0 0.439300 0.436900 0.044900 0.088500
0 0.089100 0.110600 0.038100 0.102400
0 0.920600 0.696400 0.044800 0.086300
0 0.051300 0.359000 0.051500 0.070400
0 0.685600 0.182100 0.037500 0.104500
0 0.443500 0.921100 0.071600 0.072200
0 0.606100 0.310200 0.057300 0.063800
0 0.940700 0.470000 0.038500 0.082400
0 0.721400 0.349500 0.063200 0.063200
0 0.824200 0.316200 0.051700 0.074300
0 0.832600 0.073200 0.051200 0.078200
0 0.722300 0.794800 0.049700 0.057700
0 0.036400 0.221500 0.032600 0.088600
0 0.598700 0.541800 0.038000 0.104600
0 0.248200 0.812400 0.036900 0.098600
0 0.689800 0.945700 0.052000 0.070000
0 0.855500 0.783000 0.070600 0.062900
0 0.733800 0.892100 0.038200 0.091800
0 0.891900 0.583900 0.066400 0.069200
0 0.049400 0.573200 0.029500 0.105800
0 0.976500 0.916600 0.038400 0.110200
0 0.188600 0.763700 0.062000 0.059300
0 0.234700 0.749900 0.042300 0.091600
0 0.428600 0.149900 0.067800 0.063900
0 0.470500 0.437200 0.038100 0.086200
0 0.381800 0.895600 0.052400 0.091400
0 0.303200 0.136200 0.038700 0.103400
0 0.041406 0.315278 0.060938 0.075000
0 0.144922 0.888889 0.047656 0.091667
0 0.719531 0.972222 0.048437 0.055556
0 0.946875 0.977083 0.050000 0.045833
0 0.978906 0.341667 0.040625 0.080556
0 0.981641 0.179167 0.035156 0.080556
0 0.903516 0.297917 0.041406 0.112500
0 0.871094 0.077083 0.043750 0.093056
0 0.798828 0.280556 0.052344 0.072222
0 0.536719 0.034722 0.045313 0.063889
0 0.536328 0.265972 0.044531 0.090278
0 0.500781 0.406250 0.060938 0.062500
0 0.368359 0.289583 0.050781 0.070833
0 0.343750 0.275000 0.053125 0.083333
0 0.344141 0.414583 0.042969 0.093056
0 0.342187 0.413194 0.048437 0.098611
0 0.480469 0.146528 0.048437 0.087500
0 0.498047 0.096528 0.047656 0.076389
