0 0.149300 0.404200 0.047100 0.083900
0 0.913700 0.521900 0.050300 0.077300
0 0.680900 0.049200 0.050700 0.081000
0 0.436400 0.517700 0.046300 0.077200
0 0.149000 0.310400 0.064400 0.066200
0 0.749300 0.443900 0.039700 0.117800
0 0.394200 0.504800 0.039500 0.089800
0 0.089100 0.110600 0.038100 0.102400
0 0.920600 0.696400 0.044800 0.086300
0 0.051300 0.359000 0.051500 0.070400
0 0.685600 0.182100 0.037500 0.104500
0 0.535700 0.258400 0.040700 0.077700
0 0.443500 0.921100 0.071600 0.072200
0 0.606100 0.310200 0.057300 0.063800
0 0.940700 0.470000 0.038500 0.082400
0 0.985900 0.174800 0.029000 0.080200
0 0.721400 0.349500 0.063200 0.063200
0 0.800600 0.274800 0.061900 0.060200
0 0.824200 0.316200 0.051700 0.074300
0 0.832600 0.073200 0.051200 0.078200
0 0.036400 0.221500 0.032600 0.088600
0 0.598700 0.541800 0.038000 0.104600
0 0.248200 0.812400 0.036900 0.098600
0 0.148700 0.882700 0.048300 0.084600
0 0.855500 0.783000 0.070600 0.062900
0 0.733800 0.892100 0.038200 0.091800
0 0.891900 0.583900 0.066400 0.069200
0 0.976500 0.916600 0.038400 0.110200
0 0.188600 0.763700 0.062000 0.059300
0 0.234700 0.749900 0.042300 0.091600
0 0.428600 0.149900 0.067800 0.063900
0 0.381800 0.895600 0.052400 0.091400
0 0.303200 0.136200 0.038700 0.103400
0 0.041797 0.315972 0.060156 0.073611
0 0.050391 0.584722 0.036719 0.088889
0 0.691797 0.952778 0.044531 0.075000
0 0.718359 0.969444 0.049219 0.061111
0 0.946094 0.975000 0.057813 0.050000
0 0.722656 0.796528 0.057813 0.073611
0 0.977734 0.337500 0.042969 0.077778
0 0.903516 0.295139 0.042969 0.123611
0 0.867969 0.070139 0.037500 0.090278
0 0.501172 0.406250 0.058594 0.062500
0 0.470313 0.427778 0.037500 0.086111
0 0.439453 0.447222 0.046094 0.088889
0 0.344922 0.415278 0.039844 0.091667
0 0.343750 0.411111 0.035937 0.086111
0 0.368359 0.292361 0.052344 0.062500
0 0.338672 0.275000 0.057031 0.077778
0 0.536719 0.033333 0.045313 0.066667
0 0.480859 0.142361 0.047656 0.084722
0 0.499219 0.101389 0.048437 0.072222
