0 0.626700 0.593500 0.047100 0.086500
0 0.646700 0.720600 0.044300 0.091000
0 0.593400 0.531100 0.037500 0.091100
0 0.110000 0.120300 0.031000 0.101200
0 0.663500 0.417700 0.052300 0.091900
0 0.034500 0.548800 0.031200 0.098000
0 0.981600 0.322100 0.043000 0.078100
0 0.549500 0.695300 0.048200 0.085000
0 0.746500 0.778500 0.061000 0.060200
0 0.057422 0.220139 0.033594 0.095833
0 0.072656 0.288889 0.045313 0.069444
0 0.020703 0.319444 0.039844 0.080556
0 0.026563 0.381250 0.053125 0.059722
0 0.026953 0.415278 0.050781 0.055556
0 0.064062 0.665278 0.034375 0.088889
0 0.079687 0.743056 0.048437 0.091667
0 0.016016 0.770139 0.032031 0.095833
0 0.289453 0.660417 0.052344 0.076389
0 0.208594 0.167361 0.046875 0.081944
0 0.184375 0.961806 0.042188 0.076389
0 0.387500 0.673611 0.040625 0.091667
0 0.456250 0.779167 0.045313 0.097222
0 0.387500 0.800000 0.037500 0.105556
0 0.438672 0.855556 0.052344 0.075000
0 0.328516 0.839583 0.044531 0.073611
0 0.351953 0.870139 0.050781 0.065278
0 0.643750 0.931250 0.046875 0.095833
0 0.680078 0.965972 0.042969 0.068056
0 0.700781 0.944444 0.043750 0.066667
0 0.875000 0.953472 0.056250 0.076389
0 0.843750 0.843056 0.046875 0.091667
0 0.934375 0.795833 0.050000 0.094444
0 0.905078 0.600694 0.047656 0.093056
0 0.983594 0.554861 0.031250 0.087500
0 0.916016 0.305556 0.032031 0.094444
0 0.883984 0.108333 0.039844 0.086111
0 0.828906 0.165972 0.048437 0.087500
0 0.661719 0.077083 0.053125 0.079167
0 0.619531 0.293056 0.054688 0.075000
0 0.539453 0.254167 0.044531 0.080556
0 0.503516 0.207639 0.053906 0.070833
0 0.446484 0.253472 0.047656 0.079167
0 0.437891 0.395139 0.049219 0.076389
0 0.477344 0.330556 0.045313 0.086111
0 0.524219 0.393750 0.057813 0.079167
0 0.901563 0.425000 0.048437 0.080556
0 0.900391 0.398611 0.041406 0.072222
0 0.928906 0.425000 0.046875 0.072222
0 0.957422 0.513194 0.044531 0.070833
