0 0.597800 0.533100 0.039000 0.093300
0 0.788400 0.107700 0.057300 0.087500
0 0.912600 0.636800 0.046300 0.097200
0 0.293100 0.837000 0.055600 0.076900
0 0.910400 0.294300 0.032400 0.087600
0 0.600800 0.682900 0.063400 0.072900
0 0.843300 0.065400 0.069300 0.070300
0 0.701700 0.464400 0.062300 0.063100
0 0.705000 0.943300 0.053300 0.073200
0 0.734000 0.780600 0.068300 0.052400
0 0.832200 0.773300 0.038300 0.088200
0 0.406900 0.709700 0.043700 0.096100
0 0.498700 0.640400 0.042200 0.096900
0 0.378400 0.602600 0.037600 0.100300
0 0.380500 0.852400 0.054900 0.076400
0 0.403700 0.764300 0.033900 0.096100
0 0.041100 0.553000 0.033700 0.096300
0 0.656800 0.529400 0.044200 0.098200
0 0.141406 0.116667 0.043750 0.077778
0 0.101953 0.110417 0.035156 0.090278
0 0.048437 0.229861 0.034375 0.098611
0 0.111719 0.321528 0.048437 0.065278
0 0.023438 0.386111 0.046875 0.058333
0 0.030469 0.422917 0.056250 0.056944
0 0.041406 0.692361 0.040625 0.070833
0 0.026563 0.729167 0.040625 0.063889
0 0.109375 0.770139 0.045313 0.087500
0 0.133594 0.927083 0.048437 0.081944
0 0.225000 0.742361 0.050000 0.068056
0 0.503125 0.884722 0.050000 0.077778
0 0.725781 0.963889 0.053125 0.072222
0 0.895703 0.975000 0.057031 0.050000
0 0.894531 0.840278 0.056250 0.069444
0 0.980469 0.561111 0.037500 0.086111
0 0.987500 0.508333 0.023438 0.086111
0 0.966016 0.493750 0.047656 0.073611
0 0.923047 0.500694 0.046094 0.068056
0 0.912500 0.418056 0.042188 0.075000
0 0.919141 0.392361 0.050781 0.070833
0 0.982031 0.343750 0.034375 0.065278
0 0.617188 0.094444 0.056250 0.069444
0 0.498437 0.039583 0.056250 0.065278
0 0.425391 0.162500 0.042969 0.077778
0 0.437500 0.202778 0.051562 0.069444
0 0.538281 0.241667 0.042188 0.080556
0 0.622656 0.294444 0.054688 0.080556
0 0.499609 0.290972 0.035156 0.076389
0 0.517187 0.393056 0.054688 0.077778
0 0.435156 0.407639 0.048437 0.084722
0 0.689453 0.932639 0.049219 0.059722
