0 0.442400 0.528600 0.041000 0.095200
0 0.921700 0.522800 0.047400 0.072500
0 0.362200 0.905900 0.057600 0.086700
0 0.918400 0.725600 0.040000 0.101300
0 0.148000 0.426900 0.045300 0.089500
0 0.050500 0.362600 0.050100 0.070000
0 0.823300 0.778000 0.041700 0.101800
0 0.085500 0.109000 0.037200 0.112500
0 0.765800 0.447800 0.042000 0.096200
0 0.698200 0.948600 0.052600 0.077300
0 0.148600 0.920800 0.046300 0.099800
0 0.674700 0.055500 0.056800 0.083000
0 0.978100 0.911300 0.034100 0.113300
0 0.675600 0.220500 0.052200 0.097300
0 0.602100 0.541700 0.042200 0.099600
0 0.744300 0.906300 0.035100 0.097100
0 0.175400 0.304400 0.058400 0.081400
0 0.610200 0.310500 0.056500 0.059700
0 0.189000 0.773900 0.058100 0.053200
0 0.840800 0.101600 0.060500 0.064100
0 0.379400 0.514200 0.032400 0.102800
0 0.550800 0.045000 0.044900 0.076700
0 0.860000 0.060700 0.039200 0.083400
0 0.542000 0.257400 0.039800 0.083900
0 0.212700 0.758800 0.049000 0.089500
0 0.722100 0.795200 0.048600 0.057900
0 0.236300 0.818500 0.035400 0.104800
0 0.036700 0.222400 0.032600 0.092800
0 0.946100 0.458200 0.045200 0.078600
0 0.438100 0.143200 0.055200 0.086000
0 0.882800 0.571600 0.061200 0.067800
0 0.734200 0.337300 0.066400 0.068800
0 0.311400 0.106600 0.036600 0.107300
0 0.031250 0.320833 0.057813 0.075000
0 0.046094 0.582639 0.035937 0.106944
0 0.426172 0.943056 0.055469 0.080556
0 0.589844 0.968750 0.050000 0.062500
0 0.958984 0.974306 0.053906 0.051389
0 0.978906 0.340278 0.040625 0.072222
0 0.832031 0.313194 0.053125 0.070833
0 0.819141 0.269444 0.055469 0.077778
0 0.903125 0.301389 0.037500 0.105556
0 0.504297 0.409722 0.061719 0.072222
0 0.462500 0.438194 0.039062 0.090278
0 0.436719 0.438889 0.051562 0.083333
0 0.355078 0.423611 0.044531 0.072222
0 0.344531 0.437500 0.040625 0.091667
0 0.342969 0.304861 0.048437 0.062500
0 0.353125 0.263889 0.040625 0.080556
0 0.492188 0.109028 0.046875 0.076389
0 0.514844 0.092361 0.051562 0.068056
