0 0.595900 0.549800 0.040000 0.091600
0 0.327800 0.284200 0.038000 0.109100
0 0.453000 0.209500 0.055100 0.073300
0 0.488800 0.083900 0.046100 0.085300
0 0.535400 0.791500 0.065600 0.068200
0 0.911600 0.209000 0.045800 0.090400
0 0.401300 0.314100 0.042500 0.090900
0 0.468800 0.767000 0.052900 0.082800
0 0.646900 0.299900 0.062900 0.066200
0 0.680300 0.947100 0.051800 0.068500
0 0.451900 0.452100 0.046300 0.077100
0 0.503200 0.329100 0.040600 0.095200
0 0.790000 0.913200 0.061600 0.074100
0 0.927300 0.505900 0.038400 0.086600
0 0.590900 0.297900 0.052900 0.066400
0 0.032200 0.908400 0.043600 0.095700
0 0.340200 0.176000 0.063200 0.072800
0 0.031800 0.583300 0.031400 0.095800
0 0.124400 0.747300 0.036700 0.092400
0 0.723900 0.816200 0.058700 0.055000
0 0.680100 0.761600 0.040200 0.110500
0 0.989600 0.488000 0.027000 0.111300
0 0.656800 0.071000 0.047800 0.093100
0 0.536600 0.274400 0.040100 0.071600
0 0.399300 0.197800 0.059200 0.059700
0 0.899900 0.108300 0.051100 0.078000
0 0.108203 0.097917 0.041406 0.098611
0 0.065625 0.200000 0.037500 0.086111
0 0.040625 0.228472 0.037500 0.087500
0 0.056641 0.289583 0.053906 0.070833
0 0.061328 0.359028 0.053906 0.068056
0 0.044922 0.400694 0.057031 0.073611
0 0.210156 0.281944 0.040625 0.102778
0 0.188672 0.694444 0.046094 0.097222
0 0.212500 0.697222 0.040625 0.100000
0 0.206641 0.750694 0.044531 0.087500
0 0.975391 0.617361 0.046094 0.081944
0 0.965625 0.565278 0.040625 0.091667
0 0.881250 0.520139 0.045313 0.090278
0 0.909766 0.688889 0.042969 0.108333
0 0.977734 0.341667 0.042969 0.080556
0 0.908594 0.298611 0.039062 0.091667
0 0.716016 0.383333 0.055469 0.075000
0 0.700000 0.297222 0.043750 0.088889
0 0.701563 0.254167 0.051562 0.083333
0 0.756250 0.029861 0.053125 0.056944
0 0.407422 0.433333 0.039844 0.077778
0 0.418359 0.383333 0.047656 0.075000
0 0.251953 0.347917 0.047656 0.079167
0 0.276563 0.378472 0.051562 0.087500
0 0.437109 0.174306 0.049219 0.068056
