0 0.597300 0.548700 0.040900 0.090700
0 0.505100 0.059100 0.050100 0.089400
0 0.215800 0.777700 0.049400 0.091800
0 0.397300 0.481200 0.049900 0.070900
0 0.104100 0.098000 0.030300 0.101800
0 0.194700 0.321400 0.044700 0.097600
0 0.055200 0.356400 0.053400 0.075400
0 0.368600 0.177100 0.065500 0.058300
0 0.779300 0.041300 0.061300 0.068400
0 0.902800 0.297000 0.032400 0.093100
0 0.887400 0.514300 0.046400 0.081100
0 0.932700 0.489000 0.037200 0.086800
0 0.672800 0.103200 0.038000 0.105200
0 0.129300 0.801700 0.042500 0.085300
0 0.446500 0.820000 0.051700 0.089100
0 0.682700 0.944500 0.050700 0.069900
0 0.931500 0.110400 0.056500 0.082100
0 0.889700 0.176700 0.038000 0.109400
0 0.659600 0.303500 0.070900 0.065700
0 0.496200 0.351200 0.038200 0.092400
0 0.754000 0.941100 0.053400 0.073000
0 0.883500 0.711900 0.038500 0.091600
0 0.687900 0.827200 0.038700 0.101900
0 0.425200 0.252600 0.054000 0.073900
0 0.377500 0.342200 0.043500 0.098500
0 0.974800 0.335900 0.046200 0.070900
0 0.045200 0.296500 0.055900 0.054400
0 0.716400 0.352100 0.040500 0.100700
0 0.742000 0.266100 0.067300 0.067500
0 0.329500 0.225000 0.033500 0.109200
0 0.498000 0.826300 0.050900 0.090300
0 0.198100 0.710700 0.042300 0.093500
0 0.755400 0.354200 0.046200 0.079400
0 0.064844 0.234722 0.034375 0.088889
0 0.035156 0.218056 0.037500 0.097222
0 0.092969 0.365278 0.053125 0.063889
0 0.033203 0.584722 0.038281 0.100000
0 0.039062 0.956944 0.037500 0.086111
0 0.240625 0.711806 0.037500 0.087500
0 0.722656 0.805556 0.045313 0.080556
0 0.947266 0.602778 0.050781 0.072222
0 0.942578 0.620833 0.036719 0.091667
0 0.593750 0.302778 0.051562 0.077778
0 0.535156 0.283333 0.043750 0.083333
0 0.504687 0.418056 0.057813 0.077778
0 0.442187 0.454861 0.048437 0.081944
0 0.408984 0.428472 0.042969 0.087500
0 0.292578 0.368056 0.042969 0.069444
0 0.302344 0.356944 0.035937 0.080556
0 0.423047 0.182639 0.042969 0.062500
0 0.447656 0.140278 0.045313 0.069444
