0 0.554600 0.258800 0.038500 0.082500
0 0.876000 0.825600 0.057800 0.082900
0 0.095900 0.491300 0.048200 0.084900
0 0.705400 0.313100 0.043200 0.093800
0 0.613200 0.124300 0.051800 0.080700
0 0.258900 0.894000 0.040100 0.100300
0 0.377400 0.528400 0.039000 0.087400
0 0.434300 0.421300 0.051500 0.072000
0 0.899200 0.147000 0.053400 0.088400
0 0.517900 0.935200 0.075700 0.060500
0 0.355100 0.586100 0.035700 0.097600
0 0.285200 0.303300 0.075100 0.068700
0 0.045400 0.563500 0.031800 0.099600
0 0.474900 0.570600 0.050900 0.091800
0 0.255000 0.257400 0.072600 0.059100
0 0.381900 0.185800 0.056500 0.078000
0 0.706800 0.946800 0.049100 0.065800
0 0.075600 0.107700 0.039300 0.086000
0 0.610900 0.313400 0.056600 0.060400
0 0.436600 0.487600 0.038300 0.079600
0 0.492600 0.102300 0.068700 0.062800
0 0.956800 0.533000 0.046800 0.077400
0 0.638900 0.939000 0.061000 0.065300
0 0.221300 0.959100 0.050700 0.075100
0 0.405100 0.478600 0.038600 0.091000
0 0.791800 0.545000 0.040900 0.082400
0 0.040600 0.234900 0.032100 0.103200
0 0.839200 0.555000 0.060900 0.055700
0 0.804600 0.911800 0.059800 0.062500
0 0.172600 0.957600 0.041000 0.085800
0 0.021875 0.342361 0.043750 0.073611
0 0.043750 0.388194 0.057813 0.079167
0 0.206250 0.797917 0.054688 0.073611
0 0.357422 0.972222 0.047656 0.055556
0 0.564844 0.027778 0.057813 0.052778
0 0.230078 0.833333 0.044531 0.075000
0 0.309375 0.970139 0.050000 0.059722
0 0.768750 0.966667 0.051562 0.058333
0 0.958594 0.836111 0.043750 0.094444
0 0.728516 0.787500 0.050781 0.075000
0 0.983984 0.520833 0.030469 0.097222
0 0.978125 0.411111 0.042188 0.069444
0 0.981641 0.340278 0.035156 0.072222
0 0.812500 0.393056 0.051562 0.077778
0 0.901172 0.304861 0.038281 0.098611
0 0.605469 0.546528 0.043750 0.093056
0 0.506250 0.401389 0.065625 0.063889
0 0.864453 0.294444 0.046094 0.072222
0 0.892187 0.294444 0.053125 0.077778
