0 0.546300 0.258500 0.039300 0.080200
0 0.899800 0.774000 0.048100 0.088100
0 0.639200 0.096500 0.057700 0.083100
0 0.459000 0.546600 0.046400 0.084800
0 0.562300 0.944000 0.072200 0.061000
0 0.937500 0.521300 0.045300 0.066200
0 0.902500 0.302800 0.032500 0.087500
0 0.316400 0.310100 0.064400 0.059900
0 0.334200 0.951700 0.051000 0.084000
0 0.042900 0.565900 0.033500 0.097500
0 0.255500 0.851100 0.040400 0.094300
0 0.366800 0.553500 0.035000 0.101500
0 0.208000 0.276100 0.063200 0.062000
0 0.361200 0.219700 0.046600 0.098000
0 0.611300 0.313000 0.056400 0.059700
0 0.956800 0.471700 0.038000 0.074200
0 0.778300 0.497600 0.047800 0.094700
0 0.720900 0.795300 0.050300 0.060600
0 0.120300 0.459800 0.056000 0.085500
0 0.605500 0.541400 0.039300 0.096400
0 0.387100 0.447600 0.040200 0.089500
0 0.079600 0.111300 0.039800 0.103400
0 0.876800 0.121900 0.061000 0.068600
0 0.350200 0.477500 0.035900 0.091600
0 0.305100 0.052200 0.036800 0.088400
0 0.694800 0.265300 0.042500 0.103200
0 0.471900 0.120400 0.062700 0.074600
0 0.393700 0.957600 0.063200 0.070200
0 0.702200 0.946100 0.046600 0.081700
0 0.039844 0.231250 0.037500 0.090278
0 0.029687 0.329167 0.057813 0.066667
0 0.046875 0.377778 0.054688 0.072222
0 0.025391 0.963889 0.042969 0.072222
0 0.151562 0.960417 0.045313 0.079167
0 0.232812 0.972917 0.051562 0.054167
0 0.193359 0.772917 0.055469 0.070833
0 0.214062 0.800000 0.042188 0.094444
0 0.667188 0.958333 0.046875 0.063889
0 0.752734 0.950000 0.036719 0.091667
0 0.757422 0.971528 0.050781 0.056944
0 0.974609 0.883333 0.039844 0.097222
0 0.837109 0.844444 0.053906 0.077778
0 0.862109 0.565278 0.055469 0.072222
0 0.981250 0.338194 0.035937 0.073611
0 0.866797 0.301389 0.052344 0.066667
0 0.841016 0.275000 0.049219 0.075000
0 0.757422 0.373611 0.052344 0.080556
0 0.502344 0.401389 0.054688 0.066667
0 0.456250 0.461111 0.042188 0.080556
0 0.437500 0.432639 0.048437 0.079167
0 0.530078 0.080556 0.049219 0.080556
0 0.550781 0.063194 0.046875 0.073611
