0 0.523600 0.606400 0.050600 0.085700
0 0.434500 0.419200 0.050100 0.078000
0 0.465400 0.052800 0.049500 0.080800
0 0.044600 0.398000 0.053600 0.070900
0 0.263100 0.944200 0.039200 0.098600
0 0.581700 0.183900 0.048500 0.088700
0 0.080700 0.110800 0.035700 0.096400
0 0.217500 0.314700 0.073100 0.071000
0 0.416700 0.131300 0.050400 0.094700
0 0.694700 0.393400 0.041500 0.096300
0 0.033594 0.095833 0.046875 0.066667
0 0.039062 0.230556 0.034375 0.091667
0 0.019141 0.361111 0.038281 0.083333
0 0.033984 0.567361 0.033594 0.087500
0 0.072656 0.562500 0.045313 0.086111
0 0.020312 0.838889 0.040625 0.086111
0 0.013281 0.931250 0.026563 0.106944
0 0.139844 0.890278 0.043750 0.083333
0 0.180469 0.905556 0.043750 0.080556
0 0.222656 0.896528 0.045313 0.084722
0 0.234766 0.815278 0.044531 0.094444
0 0.476172 0.879861 0.055469 0.073611
0 0.592969 0.925000 0.057813 0.066667
0 0.703125 0.953472 0.053125 0.084722
0 0.778516 0.944444 0.053906 0.069444
0 0.842578 0.939583 0.041406 0.090278
0 0.846094 0.876389 0.035937 0.102778
0 0.976172 0.966667 0.042969 0.066667
0 0.953516 0.765972 0.036719 0.093056
0 0.721094 0.783333 0.054688 0.066667
0 0.981641 0.654861 0.035156 0.084722
0 0.969141 0.555556 0.044531 0.086111
0 0.986328 0.529167 0.025781 0.091667
0 0.982422 0.454167 0.033594 0.075000
0 0.982031 0.349306 0.034375 0.059722
0 0.904297 0.306250 0.041406 0.104167
0 0.954687 0.175000 0.054688 0.080556
0 0.931641 0.438194 0.044531 0.090278
0 0.860937 0.420833 0.056250 0.080556
0 0.791797 0.525000 0.049219 0.077778
0 0.798828 0.622222 0.044531 0.105556
0 0.741406 0.026389 0.048437 0.050000
0 0.783984 0.024306 0.044531 0.048611
0 0.603516 0.540972 0.039844 0.093056
0 0.611719 0.317361 0.056250 0.068056
0 0.557031 0.265278 0.050000 0.077778
0 0.533594 0.109028 0.059375 0.073611
0 0.505859 0.404861 0.061719 0.068056
0 0.433594 0.535417 0.046875 0.081944
0 0.414453 0.541667 0.042969 0.083333
0 0.387891 0.600000 0.041406 0.091667
0 0.382812 0.656944 0.040625 0.102778
0 0.315625 0.242361 0.056250 0.079167
0 0.902344 0.286806 0.051562 0.073611
0 0.942578 0.290278 0.049219 0.080556
