0 0.890600 0.868200 0.052200 0.082200
0 0.453400 0.093000 0.051200 0.081800
0 0.213500 0.241700 0.048900 0.090300
0 0.942500 0.370100 0.043600 0.078900
0 0.097000 0.633600 0.046500 0.095400
0 0.244900 0.467000 0.046800 0.087600
0 0.072400 0.059300 0.041400 0.089600
0 0.057800 0.366900 0.053800 0.074500
0 0.594900 0.542500 0.038400 0.095000
0 0.030500 0.585700 0.033100 0.085900
0 0.184000 0.606400 0.052400 0.079800
0 0.053700 0.288700 0.052500 0.064100
0 0.111800 0.105800 0.030100 0.087800
0 0.052500 0.225600 0.031100 0.089700
0 0.331600 0.257300 0.046500 0.084700
0 0.556600 0.683400 0.051500 0.088300
0 0.928800 0.534300 0.035700 0.092500
0 0.177700 0.673800 0.050700 0.079500
0 0.365400 0.389800 0.032200 0.111900
0 0.682300 0.946800 0.050500 0.074500
0 0.323200 0.103400 0.039700 0.100100
0 0.455700 0.234400 0.047800 0.076100
0 0.366600 0.175000 0.053200 0.069900
0 0.289300 0.092300 0.033600 0.110100
0 0.034300 0.724000 0.062400 0.065700
0 0.232812 0.625694 0.037500 0.101389
0 0.329688 0.966667 0.056250 0.066667
0 0.628125 0.746528 0.054688 0.076389
0 0.621484 0.701389 0.052344 0.080556
0 0.724219 0.826389 0.054688 0.083333
0 0.988672 0.433333 0.021094 0.091667
0 0.976172 0.347917 0.046094 0.087500
0 0.978125 0.275694 0.042188 0.095833
0 0.911328 0.281944 0.035156 0.108333
0 0.873828 0.525694 0.049219 0.090278
0 0.658984 0.425694 0.053906 0.090278
0 0.580078 0.313194 0.047656 0.081944
0 0.600781 0.306250 0.050000 0.076389
0 0.531250 0.269444 0.039062 0.086111
0 0.511719 0.265278 0.034375 0.091667
0 0.513281 0.422917 0.056250 0.062500
0 0.455859 0.470833 0.044531 0.080556
0 0.452344 0.364583 0.042188 0.081944
0 0.441016 0.314583 0.036719 0.087500
0 0.497266 0.121528 0.050781 0.081944
0 0.264062 0.188194 0.042188 0.076389
0 0.264062 0.172222 0.054688 0.075000
0 0.935156 0.614583 0.045313 0.076389
0 0.625781 0.259722 0.043750 0.083333
0 0.629687 0.249306 0.051562 0.070833
