0 0.619000 0.293200 0.056400 0.061900
0 0.649300 0.562100 0.059400 0.066000
0 0.595400 0.529500 0.039400 0.092600
0 0.916800 0.629400 0.043500 0.088300
0 0.241500 0.699500 0.051000 0.079200
0 0.156600 0.920600 0.048800 0.092800
0 0.541700 0.237300 0.037900 0.082800
0 0.430800 0.725800 0.049200 0.089300
0 0.829800 0.804500 0.055400 0.090200
0 0.387100 0.632600 0.040400 0.096000
0 0.811000 0.129000 0.046300 0.092100
0 0.605600 0.696100 0.049100 0.088500
0 0.105300 0.110100 0.034400 0.108100
0 0.469300 0.849400 0.065900 0.062800
0 0.636800 0.082300 0.057900 0.077100
0 0.310900 0.840900 0.057000 0.077900
0 0.387900 0.774200 0.044600 0.094900
0 0.856000 0.080400 0.050400 0.086300
0 0.689900 0.448900 0.051400 0.085400
0 0.912600 0.819100 0.047800 0.084500
0 0.517100 0.665900 0.056800 0.084800
0 0.366800 0.857100 0.061200 0.080500
0 0.165700 0.145200 0.065800 0.078700
0 0.051953 0.218056 0.036719 0.097222
0 0.105078 0.307639 0.055469 0.073611
0 0.024219 0.383333 0.048437 0.052778
0 0.030859 0.422222 0.049219 0.055556
0 0.035156 0.566667 0.034375 0.091667
0 0.028125 0.725000 0.037500 0.091667
0 0.048437 0.695139 0.035937 0.087500
0 0.095312 0.779167 0.039062 0.080556
0 0.684766 0.945139 0.046094 0.079167
0 0.707422 0.952778 0.047656 0.077778
0 0.899609 0.971528 0.052344 0.056944
0 0.737500 0.790972 0.056250 0.068056
0 0.980078 0.561806 0.038281 0.076389
0 0.987891 0.508333 0.022656 0.086111
0 0.958984 0.460417 0.041406 0.079167
0 0.905469 0.415278 0.046875 0.069444
0 0.904297 0.406250 0.042969 0.084722
0 0.982813 0.339583 0.032812 0.068056
0 0.914453 0.295139 0.035156 0.104167
0 0.515234 0.032639 0.052344 0.059722
0 0.519141 0.395139 0.053906 0.065278
0 0.439844 0.404861 0.048437 0.079167
0 0.485547 0.306250 0.042969 0.081944
0 0.462500 0.227083 0.046875 0.068056
0 0.428906 0.204861 0.034375 0.087500
0 0.929297 0.494444 0.042969 0.075000
0 0.698828 0.976389 0.044531 0.047222
