0 0.267200 0.312200 0.062800 0.067900
0 0.861300 0.829900 0.040400 0.102400
0 0.093400 0.512300 0.039600 0.095400
0 0.433600 0.419500 0.049900 0.078900
0 0.049700 0.380800 0.051900 0.083500
0 0.599200 0.140100 0.050100 0.100300
0 0.276200 0.245000 0.060200 0.063000
0 0.912300 0.159600 0.064200 0.067800
0 0.687000 0.333900 0.046400 0.084400
0 0.398700 0.179100 0.045400 0.106800
0 0.706200 0.944900 0.050200 0.070200
0 0.728400 0.774500 0.059400 0.055800
0 0.212900 0.798500 0.049800 0.072800
0 0.833000 0.378100 0.061500 0.072000
0 0.786000 0.871900 0.061700 0.066200
0 0.040500 0.559100 0.032600 0.103800
0 0.510000 0.908900 0.061500 0.070000
0 0.078500 0.109900 0.040700 0.099400
0 0.803300 0.948500 0.045700 0.080100
0 0.208700 0.937400 0.046100 0.079000
0 0.502400 0.575500 0.053400 0.086700
0 0.019531 0.080556 0.035937 0.075000
0 0.041406 0.228472 0.034375 0.098611
0 0.024219 0.338889 0.045313 0.080556
0 0.372266 0.607639 0.035156 0.095833
0 0.385547 0.567361 0.038281 0.098611
0 0.403125 0.506250 0.043750 0.081944
0 0.441016 0.501389 0.042969 0.091667
0 0.604688 0.534722 0.046875 0.097222
0 0.630859 0.964583 0.055469 0.070833
0 0.953906 0.971528 0.051562 0.056944
0 0.966016 0.550694 0.047656 0.076389
0 0.982813 0.533333 0.032812 0.097222
0 0.951172 0.447917 0.044531 0.076389
0 0.980078 0.345833 0.038281 0.077778
0 0.905469 0.317361 0.040625 0.090278
0 0.820312 0.551389 0.050000 0.075000
0 0.790625 0.581250 0.042188 0.090278
0 0.613672 0.322917 0.058594 0.070833
0 0.562891 0.257639 0.047656 0.087500
0 0.505469 0.399306 0.059375 0.079167
0 0.500000 0.127778 0.057813 0.069444
0 0.589844 0.026389 0.060938 0.050000
0 0.246875 0.919444 0.035937 0.086111
0 0.233984 0.857639 0.039844 0.079167
0 0.951563 0.809028 0.037500 0.098611
0 0.868750 0.293750 0.043750 0.070833
0 0.891406 0.274306 0.051562 0.076389
