0 0.857800 0.863900 0.054300 0.081200
0 0.045600 0.393700 0.058900 0.061800
0 0.502500 0.595100 0.055700 0.090100
0 0.263300 0.934100 0.037800 0.098300
0 0.080500 0.532100 0.042000 0.098700
0 0.792800 0.606000 0.039300 0.083000
0 0.299200 0.244000 0.062400 0.076700
0 0.074600 0.109700 0.039900 0.093200
0 0.021484 0.083333 0.042969 0.086111
0 0.037500 0.238889 0.037500 0.102778
0 0.020703 0.354167 0.041406 0.080556
0 0.046094 0.572222 0.042188 0.091667
0 0.015234 0.802778 0.030469 0.075000
0 0.016016 0.915972 0.032031 0.081944
0 0.150781 0.930556 0.046875 0.088889
0 0.186328 0.947917 0.044531 0.084722
0 0.217578 0.807639 0.052344 0.081944
0 0.251563 0.861111 0.039062 0.083333
0 0.476562 0.925000 0.050000 0.077778
0 0.617188 0.957639 0.057813 0.068056
0 0.705469 0.950000 0.053125 0.077778
0 0.779688 0.910417 0.051562 0.079167
0 0.816016 0.960417 0.050781 0.079167
0 0.960938 0.965972 0.046875 0.068056
0 0.727734 0.791667 0.060156 0.077778
0 0.949219 0.788889 0.042188 0.102778
0 0.972656 0.549306 0.048437 0.087500
0 0.984766 0.524306 0.028906 0.104167
0 0.955078 0.428472 0.055469 0.084722
0 0.981641 0.347917 0.035156 0.073611
0 0.799609 0.543750 0.055469 0.073611
0 0.844141 0.437500 0.047656 0.080556
0 0.930078 0.179167 0.050781 0.091667
0 0.901563 0.306250 0.035937 0.106944
0 0.775391 0.031944 0.041406 0.061111
0 0.690625 0.365972 0.048437 0.084722
0 0.613281 0.319444 0.057813 0.075000
0 0.564062 0.254167 0.046875 0.088889
0 0.581250 0.163194 0.046875 0.081944
0 0.516797 0.112500 0.064844 0.075000
0 0.456641 0.031944 0.033594 0.063889
0 0.400391 0.161806 0.055469 0.070833
0 0.244531 0.309028 0.051562 0.073611
0 0.433984 0.429861 0.049219 0.081944
0 0.504297 0.403472 0.061719 0.079167
0 0.604688 0.543750 0.040625 0.104167
0 0.426953 0.513889 0.030469 0.102778
0 0.417578 0.509722 0.035156 0.111111
0 0.376953 0.581250 0.036719 0.090278
0 0.366016 0.625000 0.041406 0.088889
0 0.889063 0.301389 0.048437 0.069444
0 0.928125 0.285417 0.045313 0.076389
