0 0.600200 0.529200 0.037900 0.090200
0 0.786700 0.099000 0.042400 0.099700
0 0.823200 0.056000 0.046900 0.082100
0 0.813800 0.759100 0.041300 0.102600
0 0.392600 0.745000 0.038000 0.084700
0 0.672100 0.505200 0.043300 0.084700
0 0.390500 0.595700 0.044200 0.103000
0 0.912400 0.296900 0.029800 0.091500
0 0.099300 0.107000 0.033300 0.115400
0 0.483000 0.628200 0.056900 0.086500
0 0.504500 0.861700 0.055700 0.074100
0 0.892900 0.842500 0.044600 0.098900
0 0.927700 0.662400 0.042500 0.097200
0 0.041900 0.217000 0.031100 0.107300
0 0.578800 0.675800 0.050800 0.099300
0 0.221800 0.751600 0.048400 0.092600
0 0.489900 0.054300 0.053100 0.087600
0 0.282400 0.835200 0.055100 0.078400
0 0.406700 0.696400 0.048900 0.084400
0 0.119400 0.901500 0.064000 0.076800
0 0.394600 0.858700 0.053500 0.087300
0 0.138300 0.311500 0.063200 0.078800
0 0.036100 0.552500 0.034200 0.094800
0 0.128600 0.131800 0.045900 0.088100
0 0.427400 0.147000 0.052800 0.095500
0 0.111700 0.812400 0.048400 0.077400
0 0.025391 0.391667 0.050781 0.066667
0 0.036328 0.421528 0.052344 0.056944
0 0.043359 0.675000 0.035156 0.077778
0 0.039453 0.731250 0.041406 0.081944
0 0.267188 0.960417 0.040625 0.073611
0 0.805078 0.965972 0.038281 0.068056
0 0.919141 0.978472 0.050781 0.043056
0 0.728516 0.788194 0.057031 0.068056
0 0.980469 0.552083 0.037500 0.081944
0 0.986719 0.511806 0.025000 0.081944
0 0.916797 0.475000 0.047656 0.075000
0 0.931641 0.411111 0.042969 0.069444
0 0.898047 0.408333 0.038281 0.086111
0 0.982422 0.350694 0.033594 0.068056
0 0.981250 0.266667 0.035937 0.069444
0 0.716797 0.484722 0.046094 0.080556
0 0.614844 0.302778 0.057813 0.077778
0 0.605469 0.102778 0.054688 0.080556
0 0.544531 0.244444 0.039062 0.080556
0 0.500781 0.265972 0.043750 0.084722
0 0.423828 0.233333 0.047656 0.061111
0 0.517578 0.388194 0.058594 0.073611
0 0.440234 0.415278 0.050781 0.083333
0 0.704297 0.947222 0.046094 0.063889
0 0.701563 0.947917 0.032812 0.079167
