0 0.603300 0.523200 0.039300 0.095300
0 0.437000 0.419700 0.049700 0.078600
0 0.458200 0.592600 0.054900 0.071800
0 0.253800 0.819900 0.054200 0.076200
0 0.166900 0.326800 0.058000 0.069700
0 0.373300 0.205700 0.064700 0.069400
0 0.550500 0.646800 0.046400 0.094900
0 0.931800 0.698500 0.044500 0.098900
0 0.761700 0.070300 0.048100 0.092300
0 0.031400 0.222700 0.032600 0.083300
0 0.799400 0.045900 0.046000 0.070400
0 0.400100 0.564900 0.039900 0.099000
0 0.061000 0.636000 0.036100 0.101300
0 0.725700 0.775000 0.063600 0.056100
0 0.610600 0.304700 0.059100 0.060000
0 0.881200 0.873800 0.056400 0.076700
0 0.803200 0.712100 0.042700 0.100100
0 0.024800 0.756800 0.034900 0.098000
0 0.894300 0.452100 0.057600 0.063000
0 0.579900 0.100200 0.061400 0.069300
0 0.427500 0.102800 0.032600 0.102700
0 0.823900 0.933500 0.055100 0.077900
0 0.957300 0.975000 0.072100 0.046400
0 0.743500 0.491000 0.056000 0.086400
0 0.554400 0.916200 0.063200 0.076500
0 0.547600 0.226900 0.043400 0.093500
0 0.421500 0.867200 0.061100 0.070500
0 0.036900 0.557000 0.029400 0.094600
0 0.071200 0.876100 0.051200 0.088400
0 0.467187 0.093056 0.053125 0.080556
0 0.086328 0.115278 0.039844 0.086111
0 0.094922 0.113194 0.046094 0.076389
0 0.023047 0.378472 0.042969 0.065278
0 0.031250 0.412500 0.056250 0.072222
0 0.017188 0.959028 0.034375 0.081944
0 0.150781 0.838889 0.046875 0.072222
0 0.176563 0.802778 0.046875 0.075000
0 0.259375 0.941667 0.042188 0.083333
0 0.385547 0.659028 0.044531 0.084722
0 0.390625 0.723611 0.039062 0.086111
0 0.702734 0.952778 0.049219 0.077778
0 0.738281 0.934722 0.046875 0.075000
0 0.976172 0.557639 0.046094 0.093056
0 0.985547 0.520139 0.027344 0.090278
0 0.953125 0.447222 0.046875 0.077778
0 0.923047 0.415278 0.044531 0.077778
0 0.980078 0.354167 0.038281 0.063889
0 0.906641 0.300000 0.035156 0.094444
0 0.677344 0.475000 0.040625 0.100000
0 0.510547 0.398611 0.057031 0.069444
0 0.526953 0.232639 0.047656 0.081944
0 0.959766 0.281250 0.046094 0.065278
0 0.980469 0.230556 0.037500 0.075000
0 0.978906 0.290972 0.040625 0.062500
