0 0.473800 0.599400 0.049600 0.088500
0 0.938100 0.683000 0.045900 0.085600
0 0.870800 0.859900 0.051800 0.071000
0 0.578800 0.661600 0.051400 0.087400
0 0.409600 0.850800 0.060000 0.069100
0 0.816400 0.727300 0.046300 0.095500
0 0.095400 0.879700 0.057900 0.078400
0 0.739100 0.479900 0.058100 0.066700
0 0.199100 0.771400 0.049500 0.079800
0 0.705800 0.953700 0.047900 0.074500
0 0.256500 0.951100 0.061300 0.064700
0 0.399900 0.683000 0.042900 0.090300
0 0.096484 0.111806 0.035156 0.090278
0 0.114063 0.093750 0.046875 0.090278
0 0.035547 0.231250 0.036719 0.093056
0 0.160547 0.326389 0.053906 0.083333
0 0.023828 0.388889 0.047656 0.063889
0 0.033594 0.418056 0.054688 0.061111
0 0.037500 0.562500 0.035937 0.100000
0 0.040625 0.661806 0.035937 0.090278
0 0.018750 0.750694 0.035937 0.084722
0 0.023047 0.965972 0.042969 0.068056
0 0.135547 0.818750 0.047656 0.101389
0 0.266016 0.840972 0.055469 0.081944
0 0.530078 0.915278 0.058594 0.069444
0 0.724609 0.789583 0.055469 0.070833
0 0.823047 0.966667 0.042969 0.066667
0 0.927344 0.975000 0.054688 0.050000
0 0.979297 0.562500 0.039844 0.086111
0 0.986719 0.515278 0.025000 0.086111
0 0.914062 0.485417 0.048437 0.068056
0 0.934766 0.443056 0.042969 0.080556
0 0.893359 0.411806 0.041406 0.084722
0 0.982031 0.356250 0.034375 0.065278
0 0.980078 0.288194 0.038281 0.070833
0 0.908203 0.304861 0.041406 0.093056
0 0.817578 0.042361 0.041406 0.068056
0 0.764844 0.082639 0.050000 0.079167
0 0.589063 0.088194 0.051562 0.068056
0 0.464844 0.067361 0.050000 0.070833
0 0.446094 0.137500 0.037500 0.080556
0 0.393750 0.219444 0.059375 0.069444
0 0.514063 0.248611 0.040625 0.094444
0 0.546875 0.241667 0.043750 0.080556
0 0.616797 0.309028 0.057031 0.076389
0 0.514453 0.385417 0.058594 0.073611
0 0.437109 0.429167 0.052344 0.083333
0 0.384766 0.581944 0.038281 0.094444
0 0.600391 0.542361 0.039844 0.093056
0 0.669531 0.496528 0.045313 0.081944
0 0.696875 0.952778 0.042188 0.055556
0 0.396875 0.736111 0.037500 0.097222
