0 0.554600 0.258800 0.038500 0.082500
0 0.876000 0.825600 0.057800 0.082900
0 0.095900 0.491300 0.048200 0.084900
0 0.705400 0.313100 0.043200 0.093800
0 0.613200 0.124300 0.051800 0.080700
0 0.258900 0.894000 0.040100 0.100300
0 0.377400 0.528400 0.039000 0.087400
0 0.727000 0.785300 0.048300 0.056100
0 0.434300 0.421300 0.051500 0.072000
0 0.899200 0.147000 0.053400 0.088400
0 0.517900 0.935200 0.075700 0.060500
0 0.355100 0.586100 0.035700 0.097600
0 0.285200 0.303300 0.075100 0.068700
0 0.045400 0.563500 0.031800 0.099600
0 0.474900 0.570600 0.050900 0.091800
0 0.255000 0.257400 0.072600 0.059100
0 0.381900 0.185800 0.056500 0.078000
0 0.607800 0.536400 0.040400 0.087400
0 0.706800 0.946800 0.049100 0.065800
0 0.075600 0.107700 0.039300 0.086000
0 0.610900 0.313400 0.056600 0.060400
0 0.436600 0.487600 0.038300 0.079600
0 0.492600 0.102300 0.068700 0.062800
0 0.045800 0.379600 0.054400 0.084700
0 0.956800 0.533000 0.046800 0.077400
0 0.638900 0.939000 0.061000 0.065300
0 0.221300 0.959100 0.050700 0.075100
0 0.405100 0.478600 0.038600 0.091000
0 0.791800 0.545000 0.040900 0.082400
0 0.040600 0.234900 0.032100 0.103200
0 0.839200 0.555000 0.060900 0.055700
0 0.804600 0.911800 0.059800 0.062500
0 0.172600 0.957600 0.041000 0.085800
0 0.359766 0.971528 0.049219 0.056944
0 0.566797 0.029861 0.052344 0.056944
0 0.771484 0.965972 0.050781 0.056944
0 0.206641 0.803472 0.053906 0.062500
0 0.023438 0.345833 0.046875 0.077778
0 0.230859 0.828472 0.041406 0.081944
0 0.957031 0.837500 0.040625 0.100000
0 0.985156 0.522222 0.028125 0.088889
0 0.980469 0.409722 0.037500 0.069444
0 0.980078 0.339583 0.038281 0.062500
0 0.819141 0.396528 0.055469 0.084722
0 0.902734 0.311806 0.039844 0.093056
0 0.502734 0.402778 0.055469 0.069444
0 0.865625 0.298611 0.040625 0.069444
0 0.895312 0.293056 0.051562 0.075000
