0 0.510900 0.388300 0.065900 0.053500
0 0.603300 0.523200 0.039300 0.095300
0 0.437000 0.419700 0.049700 0.078600
0 0.458200 0.592600 0.054900 0.071800
0 0.253800 0.819900 0.054200 0.076200
0 0.373300 0.205700 0.064700 0.069400
0 0.550500 0.646800 0.046400 0.094900
0 0.931800 0.698500 0.044500 0.098900
0 0.761700 0.070300 0.048100 0.092300
0 0.799400 0.045900 0.046000 0.070400
0 0.400100 0.564900 0.039900 0.099000
0 0.061000 0.636000 0.036100 0.101300
0 0.725700 0.775000 0.063600 0.056100
0 0.470800 0.090600 0.044800 0.094900
0 0.803200 0.712100 0.042700 0.100100
0 0.024800 0.756800 0.034900 0.098000
0 0.427500 0.102800 0.032600 0.102700
0 0.823900 0.933500 0.055100 0.077900
0 0.743500 0.491000 0.056000 0.086400
0 0.554400 0.916200 0.063200 0.076500
0 0.547600 0.226900 0.043400 0.093500
0 0.088281 0.120139 0.042188 0.098611
0 0.093750 0.115972 0.046875 0.079167
0 0.032031 0.229861 0.039062 0.087500
0 0.167578 0.336111 0.055469 0.086111
0 0.023438 0.379861 0.046875 0.070833
0 0.030859 0.412500 0.057031 0.066667
0 0.041016 0.565278 0.035156 0.100000
0 0.016797 0.952778 0.033594 0.094444
0 0.075781 0.895833 0.048437 0.088889
0 0.151953 0.838194 0.047656 0.073611
0 0.179688 0.809722 0.042188 0.072222
0 0.257812 0.937500 0.043750 0.080556
0 0.428516 0.877778 0.052344 0.080556
0 0.703516 0.954167 0.046094 0.075000
0 0.737109 0.935417 0.044531 0.076389
0 0.887500 0.884028 0.046875 0.084722
0 0.976562 0.556944 0.042188 0.086111
0 0.985937 0.520139 0.026563 0.081944
0 0.890625 0.451389 0.053125 0.080556
0 0.956250 0.447222 0.043750 0.077778
0 0.922656 0.408333 0.043750 0.086111
0 0.978906 0.348611 0.040625 0.063889
0 0.981641 0.214583 0.035156 0.079167
0 0.908203 0.297917 0.041406 0.095833
0 0.677344 0.468750 0.040625 0.104167
0 0.610156 0.313194 0.057813 0.079167
0 0.578516 0.111111 0.058594 0.077778
0 0.389062 0.718056 0.045313 0.086111
0 0.383594 0.661806 0.045313 0.081944
0 0.530078 0.232639 0.044531 0.079167
0 0.961328 0.278472 0.047656 0.070833
0 0.977734 0.293750 0.042969 0.068056
