0 0.603700 0.526900 0.039800 0.094200
0 0.342000 0.209400 0.064800 0.066100
0 0.433900 0.420300 0.049900 0.078300
0 0.449400 0.900600 0.068800 0.066200
0 0.706500 0.953600 0.048300 0.077700
0 0.788500 0.688000 0.043400 0.095600
0 0.442700 0.052900 0.042000 0.088300
0 0.677000 0.414400 0.041000 0.100800
0 0.440100 0.121000 0.055400 0.078600
0 0.235200 0.819300 0.059000 0.072900
0 0.903300 0.302600 0.036000 0.108600
0 0.200200 0.320700 0.070300 0.076400
0 0.551500 0.098700 0.072100 0.069900
0 0.720000 0.784700 0.057500 0.054700
0 0.083000 0.111600 0.039900 0.105300
0 0.252000 0.907600 0.045300 0.086200
0 0.940900 0.734600 0.040600 0.101900
0 0.763400 0.902100 0.052900 0.081100
0 0.060156 0.090972 0.048437 0.073611
0 0.027734 0.235417 0.041406 0.095833
0 0.021094 0.370139 0.042188 0.081944
0 0.031250 0.400694 0.056250 0.065278
0 0.040234 0.565278 0.035156 0.094444
0 0.071094 0.595139 0.035937 0.093056
0 0.033203 0.837500 0.050781 0.080556
0 0.016797 0.943750 0.033594 0.090278
0 0.160547 0.872222 0.042969 0.077778
0 0.155469 0.847222 0.043750 0.072222
0 0.250781 0.965972 0.039062 0.068056
0 0.588281 0.933333 0.053125 0.077778
0 0.853125 0.922917 0.046875 0.079167
0 0.841797 0.897917 0.049219 0.093056
0 0.978516 0.936111 0.041406 0.072222
0 0.971875 0.547917 0.042188 0.090278
0 0.985547 0.519444 0.027344 0.094444
0 0.874219 0.452778 0.054688 0.066667
0 0.939453 0.422222 0.049219 0.086111
0 0.976953 0.404167 0.038281 0.077778
0 0.981641 0.347222 0.035156 0.069444
0 0.958984 0.202778 0.050781 0.072222
0 0.790234 0.036111 0.035156 0.061111
0 0.755469 0.040278 0.040625 0.069444
0 0.766797 0.527778 0.049219 0.075000
0 0.610156 0.318056 0.056250 0.072222
0 0.560156 0.191667 0.043750 0.077778
0 0.558203 0.252778 0.035156 0.075000
0 0.505859 0.397917 0.052344 0.070833
0 0.525391 0.640278 0.042969 0.088889
0 0.437500 0.567361 0.037500 0.087500
0 0.412500 0.551389 0.035937 0.086111
0 0.382812 0.620833 0.040625 0.091667
0 0.385156 0.676389 0.039062 0.097222
0 0.928906 0.283333 0.043750 0.066667
0 0.953125 0.279167 0.048437 0.063889
