0 0.879600 0.515300 0.048300 0.076300
0 0.911600 0.209000 0.045800 0.090400
0 0.790000 0.913200 0.061600 0.074100
0 0.927300 0.505900 0.038400 0.086600
0 0.032200 0.908400 0.043600 0.095700
0 0.124400 0.747300 0.036700 0.092400
0 0.723900 0.816200 0.058700 0.055000
0 0.680100 0.761600 0.040200 0.110500
0 0.909800 0.680000 0.036800 0.104900
0 0.105859 0.097917 0.033594 0.093056
0 0.065234 0.200000 0.035156 0.077778
0 0.038672 0.227778 0.032031 0.086111
0 0.055078 0.291667 0.057031 0.063889
0 0.059766 0.354861 0.052344 0.065278
0 0.045703 0.395833 0.055469 0.061111
0 0.031641 0.588889 0.035156 0.091667
0 0.185547 0.688889 0.041406 0.086111
0 0.215625 0.701389 0.039062 0.097222
0 0.209766 0.757639 0.041406 0.084722
0 0.467187 0.771528 0.046875 0.079167
0 0.539844 0.795833 0.050000 0.069444
0 0.679297 0.956250 0.052344 0.076389
0 0.973437 0.614583 0.045313 0.087500
0 0.965625 0.568750 0.039062 0.084722
0 0.986719 0.500694 0.025000 0.101389
0 0.976562 0.344444 0.045313 0.075000
0 0.908203 0.302778 0.038281 0.088889
0 0.893750 0.107639 0.056250 0.073611
0 0.756641 0.028472 0.052344 0.056944
0 0.655078 0.076389 0.039844 0.080556
0 0.701172 0.250000 0.050781 0.069444
0 0.701953 0.306250 0.039844 0.079167
0 0.715234 0.377778 0.050781 0.066667
0 0.645703 0.302083 0.052344 0.073611
0 0.588672 0.303472 0.055469 0.070833
0 0.594141 0.561111 0.041406 0.097222
0 0.508203 0.425000 0.057031 0.072222
0 0.503125 0.331250 0.035937 0.087500
0 0.537109 0.279861 0.046094 0.076389
0 0.486719 0.093750 0.051562 0.081944
0 0.451562 0.219444 0.048437 0.077778
0 0.439063 0.182639 0.050000 0.070833
0 0.398438 0.195833 0.053125 0.069444
0 0.337500 0.182639 0.050000 0.073611
0 0.400391 0.318056 0.041406 0.088889
0 0.419922 0.380556 0.041406 0.080556
0 0.411719 0.438889 0.043750 0.083333
0 0.444531 0.459028 0.046875 0.095833
0 0.326562 0.293750 0.039062 0.090278
0 0.282031 0.380556 0.046875 0.083333
0 0.253906 0.344444 0.046875 0.086111
0 0.210156 0.286111 0.039062 0.097222
