0 0.203000 0.292500 0.056400 0.082700
0 0.595400 0.547700 0.040100 0.092400
0 0.495100 0.330900 0.044000 0.091900
0 0.509800 0.408200 0.066300 0.058100
0 0.441100 0.450300 0.047400 0.080900
0 0.910600 0.121800 0.051000 0.072700
0 0.105300 0.094200 0.028300 0.102500
0 0.904100 0.188500 0.047300 0.088800
0 0.329600 0.249000 0.037800 0.092000
0 0.041500 0.222700 0.032600 0.099300
0 0.056000 0.363900 0.054300 0.079200
0 0.535500 0.275100 0.040900 0.070300
0 0.657500 0.086900 0.037700 0.113200
0 0.593300 0.301200 0.052600 0.071100
0 0.406200 0.173200 0.051600 0.071900
0 0.919200 0.711000 0.056400 0.072300
0 0.520900 0.811300 0.058500 0.070700
0 0.781000 0.931400 0.053400 0.087900
0 0.441900 0.136800 0.064400 0.054600
0 0.888200 0.510300 0.046000 0.084800
0 0.140600 0.778000 0.034000 0.094300
0 0.683700 0.800900 0.052800 0.079900
0 0.497900 0.073700 0.052800 0.081200
0 0.979000 0.340700 0.044000 0.069000
0 0.436800 0.223700 0.060800 0.071500
0 0.718600 0.817400 0.050400 0.067400
0 0.931200 0.496900 0.039700 0.093800
0 0.197600 0.689500 0.041000 0.090800
0 0.084375 0.220139 0.039062 0.093056
0 0.052734 0.289583 0.057031 0.068056
0 0.032812 0.590278 0.037500 0.100000
0 0.024609 0.947222 0.036719 0.097222
0 0.232031 0.702778 0.035937 0.105556
0 0.216797 0.756250 0.036719 0.104167
0 0.471094 0.797917 0.051562 0.073611
0 0.683984 0.954167 0.050781 0.075000
0 0.964453 0.604861 0.049219 0.068056
0 0.970703 0.595833 0.035156 0.100000
0 0.903516 0.311111 0.039844 0.094444
0 0.739844 0.369444 0.053125 0.077778
0 0.715625 0.343750 0.046875 0.087500
0 0.716406 0.249306 0.046875 0.079167
0 0.776563 0.031250 0.053125 0.062500
0 0.662891 0.335417 0.049219 0.068056
0 0.400391 0.394444 0.038281 0.091667
0 0.399219 0.450694 0.039062 0.090278
0 0.382812 0.325694 0.053125 0.076389
0 0.350000 0.188194 0.059375 0.073611
0 0.302344 0.367361 0.046875 0.076389
0 0.275781 0.362500 0.046875 0.097222
