0 0.600200 0.529200 0.037900 0.090200
0 0.786700 0.099000 0.042400 0.099700
0 0.823200 0.056000 0.046900 0.082100
0 0.813800 0.759100 0.041300 0.102600
0 0.392600 0.745000 0.038000 0.084700
0 0.672100 0.505200 0.043300 0.084700
0 0.390500 0.595700 0.044200 0.103000
0 0.483000 0.628200 0.056900 0.086500
0 0.706300 0.949100 0.050200 0.082400
0 0.504500 0.861700 0.055700 0.074100
0 0.892900 0.842500 0.044600 0.098900
0 0.927700 0.662400 0.042500 0.097200
0 0.914900 0.471000 0.049500 0.060400
0 0.519800 0.387100 0.067800 0.051400
0 0.578800 0.675800 0.050800 0.099300
0 0.221800 0.751600 0.048400 0.092600
0 0.935000 0.409700 0.047100 0.079600
0 0.489900 0.054300 0.053100 0.087600
0 0.282400 0.835200 0.055100 0.078400
0 0.406700 0.696400 0.048900 0.084400
0 0.394600 0.858700 0.053500 0.087300
0 0.036100 0.552500 0.034200 0.094800
0 0.111700 0.812400 0.048400 0.077400
0 0.097656 0.113194 0.035937 0.095833
0 0.124219 0.135417 0.046875 0.084722
0 0.041406 0.225694 0.035937 0.093056
0 0.140234 0.315278 0.055469 0.083333
0 0.025781 0.387500 0.051562 0.066667
0 0.035937 0.421528 0.053125 0.065278
0 0.048047 0.675000 0.032031 0.077778
0 0.037109 0.729861 0.036719 0.076389
0 0.115625 0.913194 0.057813 0.084722
0 0.266797 0.960417 0.042969 0.079167
0 0.804297 0.967361 0.042969 0.065278
0 0.914844 0.977778 0.053125 0.044444
0 0.730469 0.788194 0.060938 0.070833
0 0.979688 0.552778 0.039062 0.080556
0 0.986719 0.511806 0.025000 0.087500
0 0.899219 0.405556 0.043750 0.075000
0 0.980859 0.347917 0.036719 0.068056
0 0.982031 0.269444 0.034375 0.072222
0 0.911719 0.300000 0.035937 0.091667
0 0.716016 0.484028 0.046094 0.079167
0 0.615625 0.303472 0.056250 0.070833
0 0.605078 0.102083 0.053906 0.076389
0 0.542188 0.236806 0.040625 0.079167
0 0.499219 0.265972 0.045313 0.079167
0 0.439453 0.415972 0.050781 0.090278
0 0.425391 0.233333 0.052344 0.061111
0 0.418750 0.149306 0.040625 0.084722
0 0.703906 0.949306 0.029687 0.084722
