0 0.203000 0.292500 0.056400 0.082700
0 0.495100 0.330900 0.044000 0.091900
0 0.659800 0.326800 0.059100 0.064200
0 0.441100 0.450300 0.047400 0.080900
0 0.910600 0.121800 0.051000 0.072700
0 0.105300 0.094200 0.028300 0.102500
0 0.382900 0.326800 0.060900 0.079700
0 0.904100 0.188500 0.047300 0.088800
0 0.086500 0.210200 0.037600 0.109000
0 0.329600 0.249000 0.037800 0.092000
0 0.041500 0.222700 0.032600 0.099300
0 0.056000 0.363900 0.054300 0.079200
0 0.535500 0.275100 0.040900 0.070300
0 0.657500 0.086900 0.037700 0.113200
0 0.466500 0.792200 0.062100 0.067100
0 0.593300 0.301200 0.052600 0.071100
0 0.406200 0.173200 0.051600 0.071900
0 0.919200 0.711000 0.056400 0.072300
0 0.520900 0.811300 0.058500 0.070700
0 0.682800 0.946600 0.051500 0.068800
0 0.402800 0.398100 0.034600 0.097400
0 0.781000 0.931400 0.053400 0.087900
0 0.441900 0.136800 0.064400 0.054600
0 0.888200 0.510300 0.046000 0.084800
0 0.721200 0.240000 0.071700 0.065700
0 0.140600 0.778000 0.034000 0.094300
0 0.683700 0.800900 0.052800 0.079900
0 0.497900 0.073700 0.052800 0.081200
0 0.979000 0.340700 0.044000 0.069000
0 0.436800 0.223700 0.060800 0.071500
0 0.718600 0.817400 0.050400 0.067400
0 0.931200 0.496900 0.039700 0.093800
0 0.399800 0.470400 0.034000 0.103900
0 0.357000 0.177900 0.061600 0.064300
0 0.197600 0.689500 0.041000 0.090800
0 0.051562 0.287500 0.056250 0.063889
0 0.033984 0.586806 0.039844 0.093056
0 0.022266 0.949306 0.035156 0.093056
0 0.216797 0.755556 0.036719 0.094444
0 0.232422 0.704167 0.039844 0.105556
0 0.964453 0.606250 0.047656 0.079167
0 0.973437 0.606944 0.037500 0.111111
0 0.903906 0.309722 0.037500 0.097222
0 0.773828 0.034722 0.058594 0.063889
0 0.740625 0.372222 0.046875 0.075000
0 0.717969 0.349306 0.046875 0.087500
0 0.596094 0.561806 0.048437 0.095833
0 0.507812 0.421528 0.060938 0.081944
0 0.301953 0.371528 0.047656 0.073611
0 0.273828 0.359722 0.046094 0.097222
