0 0.181200 0.329200 0.049900 0.091500
0 0.402300 0.241900 0.055700 0.078900
0 0.596100 0.547500 0.039900 0.090900
0 0.315200 0.222900 0.038100 0.096300
0 0.361100 0.354300 0.040400 0.079000
0 0.432600 0.829400 0.049600 0.087600
0 0.657600 0.129800 0.040600 0.116100
0 0.753400 0.242100 0.066900 0.071700
0 0.533600 0.273300 0.042000 0.073600
0 0.469300 0.367300 0.045300 0.098800
0 0.893400 0.139800 0.050100 0.084600
0 0.899800 0.519300 0.041400 0.082300
0 0.150900 0.819000 0.037800 0.094300
0 0.486100 0.849300 0.068100 0.066600
0 0.687800 0.944400 0.053000 0.068800
0 0.734300 0.373600 0.055800 0.075400
0 0.934300 0.485300 0.039600 0.087900
0 0.185600 0.728600 0.051400 0.078600
0 0.055800 0.358100 0.050400 0.070700
0 0.036800 0.219200 0.030400 0.086500
0 0.793200 0.044000 0.055400 0.072900
0 0.951200 0.137600 0.059700 0.066300
0 0.520400 0.056700 0.043600 0.095800
0 0.100000 0.096528 0.037500 0.095833
0 0.069922 0.259722 0.038281 0.102778
0 0.046875 0.300694 0.054688 0.070833
0 0.096875 0.354861 0.053125 0.065278
0 0.035547 0.586111 0.039844 0.100000
0 0.030078 0.967361 0.044531 0.065278
0 0.218359 0.714583 0.041406 0.095833
0 0.233203 0.784028 0.041406 0.101389
0 0.714453 0.843750 0.039844 0.084722
0 0.723047 0.797917 0.050781 0.076389
0 0.754687 0.972222 0.048437 0.055556
0 0.979688 0.963889 0.039062 0.072222
0 0.889844 0.738889 0.051562 0.080556
0 0.947656 0.656944 0.037500 0.100000
0 0.932813 0.601389 0.046875 0.080556
0 0.980078 0.338194 0.038281 0.073611
0 0.903516 0.304861 0.042969 0.098611
0 0.764453 0.343056 0.055469 0.072222
0 0.679297 0.337500 0.052344 0.072222
0 0.603906 0.308333 0.059375 0.080556
0 0.503516 0.413194 0.057031 0.073611
0 0.441406 0.447917 0.050000 0.076389
0 0.420312 0.484722 0.040625 0.088889
0 0.400391 0.438194 0.042969 0.093056
0 0.467578 0.125694 0.052344 0.076389
0 0.430859 0.158333 0.046094 0.075000
0 0.380078 0.171528 0.055469 0.076389
0 0.304297 0.386111 0.046094 0.091667
0 0.315234 0.343056 0.044531 0.086111
