0 0.626700 0.593500 0.047100 0.086500
0 0.663500 0.417700 0.052300 0.091900
0 0.746500 0.778500 0.061000 0.060200
0 0.888000 0.108000 0.038200 0.091500
0 0.109375 0.125000 0.040625 0.100000
0 0.207813 0.168750 0.046875 0.079167
0 0.055469 0.217361 0.037500 0.095833
0 0.073047 0.291667 0.046094 0.083333
0 0.021875 0.321528 0.043750 0.084722
0 0.027734 0.378472 0.049219 0.062500
0 0.023438 0.419444 0.046875 0.061111
0 0.034375 0.561806 0.039062 0.098611
0 0.064453 0.660417 0.035156 0.098611
0 0.079297 0.747917 0.046094 0.081944
0 0.016797 0.772222 0.033594 0.100000
0 0.183984 0.966667 0.038281 0.066667
0 0.291016 0.656944 0.053906 0.066667
0 0.328516 0.837500 0.044531 0.075000
0 0.354297 0.868750 0.055469 0.070833
0 0.388281 0.802083 0.037500 0.098611
0 0.435547 0.850694 0.055469 0.076389
0 0.458203 0.779167 0.044531 0.097222
0 0.383594 0.673611 0.040625 0.094444
0 0.555859 0.704167 0.046094 0.091667
0 0.648438 0.729167 0.043750 0.100000
0 0.642187 0.927778 0.048437 0.088889
0 0.681250 0.963194 0.048437 0.073611
0 0.699609 0.944444 0.046094 0.069444
0 0.873828 0.954861 0.058594 0.073611
0 0.845703 0.850000 0.049219 0.094444
0 0.933203 0.796528 0.052344 0.081944
0 0.901172 0.594444 0.046094 0.083333
0 0.983984 0.558333 0.030469 0.075000
0 0.979688 0.319444 0.039062 0.086111
0 0.915234 0.297917 0.036719 0.098611
0 0.820703 0.160417 0.053906 0.084722
0 0.662891 0.079861 0.055469 0.065278
0 0.621875 0.290278 0.053125 0.069444
0 0.539844 0.251389 0.042188 0.077778
0 0.504687 0.207639 0.056250 0.068056
0 0.449219 0.254167 0.048437 0.080556
0 0.476953 0.333333 0.046094 0.086111
0 0.436719 0.393056 0.046875 0.083333
0 0.522656 0.392361 0.057813 0.081944
0 0.592188 0.543056 0.039062 0.097222
0 0.901172 0.422222 0.049219 0.086111
0 0.900391 0.395833 0.039844 0.083333
0 0.930078 0.427778 0.044531 0.069444
0 0.954687 0.507639 0.043750 0.070833
