0 0.442400 0.528600 0.041000 0.095200
0 0.921700 0.522800 0.047400 0.072500
0 0.362200 0.905900 0.057600 0.086700
0 0.918400 0.725600 0.040000 0.101300
0 0.148000 0.426900 0.045300 0.089500
0 0.050500 0.362600 0.050100 0.070000
0 0.823300 0.778000 0.041700 0.101800
0 0.085500 0.109000 0.037200 0.112500
0 0.765800 0.447800 0.042000 0.096200
0 0.698200 0.948600 0.052600 0.077300
0 0.148600 0.920800 0.046300 0.099800
0 0.674700 0.055500 0.056800 0.083000
0 0.978100 0.911300 0.034100 0.113300
0 0.675600 0.220500 0.052200 0.097300
0 0.602100 0.541700 0.042200 0.099600
0 0.744300 0.906300 0.035100 0.097100
0 0.045500 0.571000 0.029900 0.111100
0 0.175400 0.304400 0.058400 0.081400
0 0.610200 0.310500 0.056500 0.059700
0 0.840800 0.101600 0.060500 0.064100
0 0.379400 0.514200 0.032400 0.102800
0 0.550800 0.045000 0.044900 0.076700
0 0.860000 0.060700 0.039200 0.083400
0 0.212700 0.758800 0.049000 0.089500
0 0.722100 0.795200 0.048600 0.057900
0 0.236300 0.818500 0.035400 0.104800
0 0.036700 0.222400 0.032600 0.092800
0 0.946100 0.458200 0.045200 0.078600
0 0.438100 0.143200 0.055200 0.086000
0 0.882800 0.571600 0.061200 0.067800
0 0.734200 0.337300 0.066400 0.068800
0 0.311400 0.106600 0.036600 0.107300
0 0.036719 0.322917 0.057813 0.081944
0 0.189453 0.775000 0.052344 0.077778
0 0.420703 0.941667 0.057031 0.083333
0 0.589063 0.966667 0.050000 0.066667
0 0.961328 0.971528 0.055469 0.056944
0 0.979297 0.343750 0.039844 0.087500
0 0.830859 0.315278 0.055469 0.072222
0 0.904297 0.303472 0.038281 0.101389
0 0.819141 0.273611 0.055469 0.080556
0 0.500781 0.401389 0.057813 0.072222
0 0.540625 0.267361 0.045313 0.087500
0 0.437109 0.440278 0.049219 0.080556
0 0.462500 0.424306 0.035937 0.084722
0 0.347656 0.429861 0.039062 0.095833
0 0.362109 0.425694 0.042969 0.081944
0 0.349609 0.290972 0.049219 0.076389
0 0.353516 0.263194 0.044531 0.095833
0 0.492969 0.115278 0.048437 0.075000
0 0.514063 0.099306 0.051562 0.070833
