0 0.673000 0.442800 0.062100 0.075700
0 0.981700 0.551600 0.034800 0.083100
0 0.592600 0.530600 0.037700 0.092400
0 0.105900 0.121900 0.033600 0.098500
0 0.330100 0.831800 0.050200 0.076800
0 0.910900 0.295900 0.033900 0.086100
0 0.625800 0.288300 0.053300 0.072800
0 0.639800 0.581200 0.043300 0.087100
0 0.478500 0.200100 0.064000 0.066600
0 0.380300 0.645100 0.037000 0.093100
0 0.057100 0.671100 0.054300 0.080300
0 0.742000 0.778000 0.064600 0.059900
0 0.405900 0.793500 0.037800 0.095400
0 0.169500 0.950500 0.052300 0.077900
0 0.646200 0.082400 0.066300 0.069400
0 0.358600 0.874700 0.052400 0.064900
0 0.041600 0.555100 0.032800 0.116300
0 0.635000 0.715700 0.065100 0.069000
0 0.027100 0.740000 0.030600 0.107500
0 0.433000 0.220600 0.048200 0.090600
0 0.183984 0.152778 0.047656 0.091667
0 0.053516 0.222917 0.036719 0.101389
0 0.092578 0.299306 0.052344 0.081944
0 0.017578 0.318056 0.035156 0.069444
0 0.028125 0.387500 0.050000 0.058333
0 0.028906 0.425694 0.053125 0.056944
0 0.089844 0.745833 0.045313 0.077778
0 0.263672 0.673611 0.044531 0.080556
0 0.430078 0.756250 0.042969 0.087500
0 0.466016 0.869444 0.047656 0.077778
0 0.530078 0.704861 0.042969 0.087500
0 0.657812 0.904167 0.053125 0.072222
0 0.870313 0.970139 0.053125 0.059722
0 0.946875 0.818056 0.046875 0.094444
0 0.844922 0.819444 0.036719 0.097222
0 0.897266 0.616667 0.038281 0.100000
0 0.904688 0.420833 0.040625 0.080556
0 0.914062 0.403472 0.046875 0.079167
0 0.933203 0.469444 0.042969 0.086111
0 0.983984 0.319444 0.030469 0.069444
0 0.889453 0.100000 0.038281 0.080556
0 0.807031 0.161111 0.043750 0.097222
0 0.535547 0.025694 0.053906 0.045833
0 0.539453 0.250000 0.046094 0.086111
0 0.521484 0.385417 0.055469 0.068056
0 0.473437 0.313889 0.042188 0.075000
0 0.438672 0.400694 0.053906 0.084722
0 0.940625 0.515972 0.046875 0.070833
0 0.697266 0.927778 0.044531 0.052778
0 0.694531 0.959028 0.043750 0.054167
