0 0.857800 0.863900 0.054300 0.081200
0 0.432900 0.419400 0.050100 0.080400
0 0.502500 0.595100 0.055700 0.090100
0 0.366200 0.623300 0.043500 0.090500
0 0.263300 0.934100 0.037800 0.098300
0 0.080500 0.532100 0.042000 0.098700
0 0.074600 0.109700 0.039900 0.093200
0 0.023000 0.086800 0.041600 0.088300
0 0.037891 0.233333 0.036719 0.100000
0 0.022266 0.352778 0.044531 0.083333
0 0.046094 0.390278 0.056250 0.072222
0 0.045313 0.572222 0.037500 0.091667
0 0.017578 0.806250 0.035156 0.081944
0 0.014062 0.913889 0.028125 0.086111
0 0.149219 0.929167 0.048437 0.097222
0 0.187109 0.952083 0.041406 0.084722
0 0.251563 0.874306 0.042188 0.081944
0 0.219922 0.818750 0.053906 0.090278
0 0.380078 0.574306 0.038281 0.095833
0 0.416797 0.521528 0.032031 0.109722
0 0.428906 0.514583 0.031250 0.109722
0 0.606250 0.543056 0.043750 0.105556
0 0.472266 0.927778 0.055469 0.080556
0 0.615625 0.950694 0.060938 0.079167
0 0.705078 0.956944 0.053906 0.086111
0 0.727344 0.788889 0.057813 0.069444
0 0.816797 0.961806 0.055469 0.070833
0 0.781250 0.915972 0.051562 0.079167
0 0.962109 0.963889 0.050781 0.072222
0 0.947266 0.789583 0.039844 0.090278
0 0.792188 0.611111 0.034375 0.100000
0 0.801172 0.546528 0.052344 0.079167
0 0.970312 0.551389 0.043750 0.080556
0 0.983203 0.525000 0.032031 0.091667
0 0.954687 0.429861 0.048437 0.076389
0 0.981641 0.340972 0.035156 0.079167
0 0.849219 0.443750 0.053125 0.081944
0 0.899609 0.304861 0.036719 0.109722
0 0.927344 0.173611 0.046875 0.077778
0 0.776172 0.029167 0.039844 0.058333
0 0.689844 0.364583 0.045313 0.093056
0 0.611328 0.321528 0.055469 0.065278
0 0.503125 0.400000 0.060938 0.063889
0 0.557813 0.255556 0.043750 0.091667
0 0.584375 0.163194 0.050000 0.079167
0 0.516797 0.109722 0.058594 0.069444
0 0.457812 0.029167 0.037500 0.055556
0 0.401563 0.163194 0.053125 0.068056
0 0.295312 0.251389 0.050000 0.066667
0 0.246484 0.312500 0.055469 0.066667
0 0.883203 0.295139 0.046094 0.068056
0 0.923047 0.287500 0.052344 0.075000
