0 0.495200 0.145800 0.048800 0.091100
0 0.058500 0.359800 0.054800 0.075900
0 0.466400 0.093100 0.042200 0.090000
0 0.360800 0.358800 0.045600 0.091300
0 0.595300 0.545100 0.039400 0.091300
0 0.676600 0.416800 0.048100 0.088800
0 0.604800 0.733300 0.057000 0.061800
0 0.444500 0.256700 0.055500 0.079000
0 0.065900 0.097300 0.044800 0.081200
0 0.877600 0.526000 0.041500 0.071600
0 0.535600 0.697000 0.056000 0.078100
0 0.681800 0.948200 0.050400 0.072300
0 0.030700 0.586200 0.033500 0.089600
0 0.632500 0.685700 0.048900 0.083200
0 0.057500 0.282700 0.049800 0.065600
0 0.111800 0.102800 0.030500 0.093800
0 0.940300 0.629300 0.053800 0.083600
0 0.111200 0.651000 0.052800 0.078800
0 0.280400 0.073400 0.043200 0.093200
0 0.453500 0.459900 0.048300 0.077100
0 0.866700 0.873800 0.049500 0.083000
0 0.724800 0.825900 0.056400 0.057000
0 0.233400 0.256600 0.038600 0.096000
0 0.824500 0.051800 0.055400 0.078600
0 0.055200 0.227300 0.029800 0.109400
0 0.235900 0.638400 0.043800 0.098900
0 0.324100 0.081500 0.034300 0.103800
0 0.581000 0.305000 0.048500 0.069100
0 0.386600 0.197500 0.058000 0.063200
0 0.253000 0.451300 0.040100 0.111000
0 0.017000 0.821300 0.027800 0.113900
0 0.925600 0.530500 0.037400 0.090700
0 0.780500 0.594200 0.032400 0.069600
0 0.019922 0.700694 0.039844 0.084722
0 0.192188 0.613889 0.043750 0.088889
0 0.190234 0.689583 0.042969 0.098611
0 0.976562 0.349306 0.045313 0.076389
0 0.967578 0.377778 0.038281 0.077778
0 0.910937 0.284722 0.032812 0.097222
0 0.964063 0.252778 0.051562 0.075000
0 0.645703 0.232639 0.052344 0.068056
0 0.642578 0.253472 0.047656 0.079167
0 0.618359 0.317361 0.049219 0.068056
0 0.516016 0.422222 0.061719 0.075000
0 0.533594 0.272917 0.037500 0.079167
0 0.506641 0.277778 0.036719 0.091667
0 0.435156 0.377778 0.039062 0.083333
0 0.439063 0.339583 0.046875 0.081944
0 0.339453 0.255556 0.050781 0.069444
0 0.292188 0.186806 0.054688 0.079167
0 0.249609 0.199306 0.046094 0.087500
