0 0.594700 0.547200 0.039700 0.092700
0 0.060800 0.363100 0.055200 0.076100
0 0.592800 0.752300 0.063200 0.062300
0 0.352500 0.322800 0.036900 0.111100
0 0.049500 0.218500 0.030300 0.100500
0 0.030000 0.588200 0.032700 0.090400
0 0.474700 0.091000 0.049500 0.083100
0 0.679900 0.950200 0.050500 0.072200
0 0.905800 0.289400 0.031800 0.094600
0 0.110900 0.675800 0.055500 0.080600
0 0.187600 0.637700 0.054500 0.074200
0 0.240900 0.285900 0.049300 0.079500
0 0.294800 0.197000 0.059400 0.057000
0 0.487400 0.165100 0.045700 0.090300
0 0.397800 0.162400 0.060600 0.059000
0 0.652000 0.250100 0.061900 0.070000
0 0.049100 0.288200 0.056200 0.056400
0 0.372100 0.956300 0.061200 0.069600
0 0.581800 0.304100 0.048900 0.073100
0 0.354200 0.218100 0.057800 0.064200
0 0.198400 0.712400 0.050500 0.088400
0 0.680600 0.405500 0.054300 0.073300
0 0.646700 0.722900 0.059000 0.076800
0 0.945200 0.243600 0.041400 0.090500
0 0.441500 0.280300 0.048200 0.088800
0 0.724200 0.817100 0.058000 0.059700
0 0.530400 0.717800 0.061900 0.070000
0 0.843800 0.053900 0.062200 0.075900
0 0.260800 0.421600 0.060500 0.080600
0 0.242400 0.661200 0.036900 0.109500
0 0.975600 0.342000 0.050500 0.061200
0 0.082422 0.106250 0.035156 0.087500
0 0.112891 0.099306 0.038281 0.095833
0 0.289844 0.069444 0.039062 0.086111
0 0.311719 0.063194 0.034375 0.093056
0 0.245312 0.225000 0.037500 0.091667
0 0.014062 0.864583 0.028125 0.123611
0 0.824219 0.884722 0.045313 0.086111
0 0.905859 0.647917 0.035156 0.098611
0 0.926172 0.526389 0.032031 0.102778
0 0.877734 0.527778 0.042969 0.094444
0 0.978125 0.486111 0.034375 0.091667
0 0.964453 0.406944 0.042969 0.086111
0 0.652344 0.296528 0.048437 0.073611
0 0.619531 0.302083 0.053125 0.076389
0 0.510547 0.425000 0.060156 0.075000
0 0.446875 0.470833 0.050000 0.086111
0 0.532812 0.279861 0.040625 0.076389
0 0.508594 0.292361 0.042188 0.087500
0 0.416797 0.345833 0.033594 0.094444
0 0.425000 0.390972 0.043750 0.087500
