0 0.595300 0.548200 0.040400 0.090800
0 0.480900 0.084500 0.043200 0.093100
0 0.514400 0.413300 0.067300 0.060300
0 0.340400 0.315100 0.042400 0.085000
0 0.311000 0.183500 0.063000 0.070900
0 0.451800 0.457000 0.052200 0.077100
0 0.428500 0.283200 0.054300 0.073400
0 0.061200 0.357400 0.052400 0.070800
0 0.248800 0.300700 0.038200 0.092700
0 0.678600 0.951100 0.050200 0.073300
0 0.029100 0.587400 0.032300 0.091100
0 0.698500 0.395400 0.050300 0.080100
0 0.228000 0.224800 0.041400 0.087700
0 0.276200 0.054200 0.042600 0.097100
0 0.583400 0.301900 0.051000 0.075500
0 0.111200 0.101000 0.031200 0.091700
0 0.878500 0.522800 0.042400 0.077500
0 0.506900 0.743300 0.053600 0.085100
0 0.925900 0.518500 0.038500 0.091000
0 0.465600 0.183700 0.060100 0.071300
0 0.857800 0.069200 0.053800 0.076200
0 0.318900 0.043000 0.041200 0.079300
0 0.618800 0.044200 0.044700 0.088000
0 0.829300 0.904300 0.066100 0.071600
0 0.263000 0.408600 0.040900 0.105000
0 0.225600 0.658600 0.039800 0.103200
0 0.119200 0.703300 0.044800 0.091700
0 0.573300 0.764600 0.061100 0.078400
0 0.657700 0.727400 0.041800 0.103900
0 0.177400 0.661400 0.046400 0.083000
0 0.070312 0.143056 0.042188 0.088889
0 0.050781 0.222917 0.037500 0.095833
0 0.055078 0.284028 0.058594 0.079167
0 0.019922 0.875694 0.038281 0.095833
0 0.207031 0.710417 0.043750 0.087500
0 0.383984 0.972917 0.053906 0.054167
0 0.017969 0.419444 0.034375 0.075000
0 0.721484 0.821528 0.055469 0.065278
0 0.937891 0.672222 0.046094 0.080556
0 0.981641 0.625000 0.035156 0.086111
0 0.976562 0.520833 0.045313 0.080556
0 0.983984 0.426389 0.030469 0.094444
0 0.976172 0.338889 0.046094 0.075000
0 0.905469 0.290278 0.037500 0.097222
0 0.930078 0.242361 0.042969 0.093056
0 0.629687 0.300000 0.054688 0.077778
0 0.680859 0.276389 0.044531 0.080556
0 0.676953 0.239583 0.049219 0.076389
0 0.534766 0.275000 0.041406 0.077778
0 0.503516 0.307639 0.036719 0.093056
0 0.425391 0.364583 0.047656 0.079167
0 0.420703 0.404167 0.041406 0.091667
0 0.404297 0.190278 0.052344 0.069444
0 0.360547 0.217361 0.050781 0.084722
