0 0.441900 0.417400 0.051500 0.081300
0 0.555600 0.638100 0.043800 0.091100
0 0.600800 0.523100 0.039100 0.094700
0 0.689100 0.431800 0.047800 0.083900
0 0.749300 0.051500 0.055700 0.079300
0 0.458000 0.561000 0.047400 0.077400
0 0.402500 0.549700 0.047000 0.082000
0 0.183400 0.323900 0.064500 0.063900
0 0.236200 0.918500 0.048700 0.079900
0 0.979900 0.187100 0.040500 0.081700
0 0.052300 0.607800 0.040900 0.093800
0 0.872800 0.447400 0.051300 0.077500
0 0.565100 0.094500 0.060900 0.069100
0 0.437400 0.864300 0.062900 0.070200
0 0.087500 0.109028 0.042188 0.087500
0 0.079687 0.096528 0.056250 0.076389
0 0.033203 0.224306 0.039844 0.104167
0 0.022266 0.375694 0.042969 0.070833
0 0.037500 0.398611 0.054688 0.066667
0 0.037109 0.567361 0.038281 0.106944
0 0.057031 0.865278 0.056250 0.080556
0 0.023438 0.951389 0.040625 0.080556
0 0.160938 0.875694 0.046875 0.084722
0 0.182031 0.827778 0.043750 0.075000
0 0.253516 0.834028 0.053906 0.079167
0 0.567187 0.926389 0.053125 0.075000
0 0.702734 0.955556 0.050781 0.080556
0 0.754687 0.963194 0.050000 0.073611
0 0.840234 0.924306 0.044531 0.087500
0 0.851562 0.879167 0.056250 0.077778
0 0.944922 0.728472 0.041406 0.098611
0 0.720312 0.778472 0.059375 0.068056
0 0.810547 0.696528 0.047656 0.093056
0 0.972656 0.560417 0.042188 0.093056
0 0.985547 0.527083 0.027344 0.095833
0 0.958594 0.436806 0.051562 0.068056
0 0.925000 0.451389 0.045313 0.086111
0 0.978906 0.352778 0.040625 0.072222
0 0.909766 0.309028 0.038281 0.090278
0 0.763281 0.502083 0.048437 0.081944
0 0.794531 0.034028 0.050000 0.062500
0 0.611328 0.314583 0.055469 0.073611
0 0.553125 0.250000 0.045313 0.086111
0 0.548437 0.211806 0.051562 0.076389
0 0.396484 0.650694 0.038281 0.090278
0 0.379687 0.697222 0.035937 0.102778
0 0.453516 0.095833 0.036719 0.094444
0 0.437109 0.093056 0.047656 0.072222
0 0.361719 0.234028 0.053125 0.073611
0 0.511328 0.390972 0.055469 0.068056
0 0.944531 0.299306 0.046875 0.070833
0 0.975781 0.297222 0.046875 0.063889
