0 0.510800 0.390700 0.065900 0.055200
0 0.603700 0.526900 0.039800 0.094200
0 0.342000 0.209400 0.064800 0.066100
0 0.433900 0.420300 0.049900 0.078300
0 0.706500 0.953600 0.048300 0.077700
0 0.788500 0.688000 0.043400 0.095600
0 0.442700 0.052900 0.042000 0.088300
0 0.677000 0.414400 0.041000 0.100800
0 0.440100 0.121000 0.055400 0.078600
0 0.876600 0.449300 0.061500 0.061400
0 0.235200 0.819300 0.059000 0.072900
0 0.607700 0.310900 0.057800 0.059700
0 0.979300 0.935400 0.037700 0.081200
0 0.200200 0.320700 0.070300 0.076400
0 0.040800 0.831700 0.047800 0.081200
0 0.252000 0.907600 0.045300 0.086200
0 0.940900 0.734600 0.040600 0.101900
0 0.081250 0.110417 0.037500 0.090278
0 0.058984 0.088889 0.046094 0.080556
0 0.026172 0.231944 0.033594 0.080556
0 0.021484 0.367361 0.042969 0.073611
0 0.031641 0.400000 0.053906 0.063889
0 0.039453 0.565972 0.036719 0.093056
0 0.066797 0.595139 0.036719 0.098611
0 0.016016 0.936806 0.032031 0.095833
0 0.164062 0.876389 0.042188 0.077778
0 0.158984 0.843056 0.044531 0.075000
0 0.251953 0.968750 0.039844 0.062500
0 0.441406 0.904167 0.053125 0.080556
0 0.590234 0.931944 0.052344 0.075000
0 0.767969 0.907639 0.046875 0.076389
0 0.857813 0.926389 0.048437 0.075000
0 0.842578 0.903472 0.046094 0.090278
0 0.719922 0.793056 0.057031 0.075000
0 0.972656 0.547222 0.042188 0.088889
0 0.985547 0.524306 0.027344 0.090278
0 0.939844 0.422917 0.048437 0.076389
0 0.974609 0.406250 0.044531 0.073611
0 0.980078 0.345139 0.038281 0.079167
0 0.958594 0.196528 0.048437 0.070833
0 0.790234 0.034722 0.041406 0.063889
0 0.754687 0.034028 0.043750 0.065278
0 0.768750 0.533333 0.051562 0.072222
0 0.554688 0.252083 0.040625 0.076389
0 0.561328 0.194444 0.042969 0.097222
0 0.545313 0.106250 0.054688 0.073611
0 0.524219 0.639583 0.048437 0.081944
0 0.436719 0.565278 0.039062 0.083333
0 0.412891 0.552083 0.036719 0.098611
0 0.381641 0.613889 0.041406 0.086111
0 0.383984 0.676389 0.041406 0.088889
0 0.903516 0.300694 0.038281 0.112500
0 0.928125 0.279167 0.045313 0.075000
0 0.953906 0.275000 0.046875 0.077778
