0 0.473800 0.599400 0.049600 0.088500
0 0.669600 0.487500 0.046800 0.083800
0 0.870800 0.859900 0.051800 0.071000
0 0.578800 0.661600 0.051400 0.087400
0 0.409600 0.850800 0.060000 0.069100
0 0.816400 0.727300 0.046300 0.095500
0 0.937600 0.432000 0.042900 0.089900
0 0.095400 0.879700 0.057900 0.078400
0 0.511800 0.244200 0.036100 0.108000
0 0.739100 0.479900 0.058100 0.066700
0 0.912900 0.486000 0.057700 0.058200
0 0.199100 0.771400 0.049500 0.079800
0 0.978700 0.285500 0.044400 0.069800
0 0.445600 0.132200 0.037000 0.113400
0 0.894200 0.415100 0.042500 0.094200
0 0.399900 0.683000 0.042900 0.090300
0 0.097266 0.110417 0.038281 0.093056
0 0.114453 0.099306 0.047656 0.079167
0 0.035547 0.228472 0.038281 0.090278
0 0.162109 0.322222 0.052344 0.080556
0 0.024219 0.379861 0.048437 0.079167
0 0.032422 0.413889 0.052344 0.069444
0 0.037109 0.564583 0.038281 0.101389
0 0.039844 0.660417 0.037500 0.087500
0 0.017188 0.747917 0.034375 0.093056
0 0.025781 0.965972 0.046875 0.068056
0 0.133203 0.817361 0.046094 0.090278
0 0.257031 0.951389 0.051562 0.086111
0 0.266406 0.839583 0.057813 0.073611
0 0.396094 0.734028 0.040625 0.095833
0 0.383203 0.577083 0.041406 0.090278
0 0.533984 0.918056 0.055469 0.080556
0 0.702734 0.957639 0.050781 0.079167
0 0.822656 0.964583 0.045313 0.070833
0 0.928125 0.972917 0.056250 0.054167
0 0.725000 0.782639 0.056250 0.070833
0 0.939453 0.697222 0.044531 0.091667
0 0.977344 0.553472 0.042188 0.081944
0 0.987109 0.510417 0.024219 0.098611
0 0.981641 0.347917 0.035156 0.068056
0 0.816406 0.045139 0.046875 0.065278
0 0.907422 0.297222 0.041406 0.108333
0 0.767578 0.083333 0.053906 0.086111
0 0.592578 0.090278 0.057031 0.066667
0 0.465625 0.062500 0.056250 0.075000
0 0.394531 0.218750 0.057813 0.068056
0 0.550781 0.243056 0.043750 0.091667
0 0.616016 0.304861 0.057031 0.081944
0 0.517187 0.388889 0.062500 0.075000
0 0.439063 0.427778 0.046875 0.086111
0 0.600781 0.541667 0.040625 0.100000
0 0.696875 0.956944 0.039063 0.063889
