0 0.890600 0.868200 0.052200 0.082200
0 0.453400 0.093000 0.051200 0.081800
0 0.213500 0.241700 0.048900 0.090300
0 0.097000 0.633600 0.046500 0.095400
0 0.244900 0.467000 0.046800 0.087600
0 0.072400 0.059300 0.041400 0.089600
0 0.057800 0.366900 0.053800 0.074500
0 0.662100 0.412700 0.050500 0.080300
0 0.594900 0.542500 0.038400 0.095000
0 0.030500 0.585700 0.033100 0.085900
0 0.184000 0.606400 0.052400 0.079800
0 0.053700 0.288700 0.052500 0.064100
0 0.111800 0.105800 0.030100 0.087800
0 0.052500 0.225600 0.031100 0.089700
0 0.726300 0.823500 0.056700 0.057100
0 0.331600 0.257300 0.046500 0.084700
0 0.556600 0.683400 0.051500 0.088300
0 0.928800 0.534300 0.035700 0.092500
0 0.177700 0.673800 0.050700 0.079500
0 0.457000 0.464500 0.045800 0.077900
0 0.497900 0.121800 0.057400 0.072900
0 0.451900 0.360600 0.044500 0.080300
0 0.682300 0.946800 0.050500 0.074500
0 0.323200 0.103400 0.039700 0.100100
0 0.455700 0.234400 0.047800 0.076100
0 0.366600 0.175000 0.053200 0.069900
0 0.289300 0.092300 0.033600 0.110100
0 0.332400 0.958000 0.066600 0.068100
0 0.234600 0.609700 0.041700 0.098000
0 0.026953 0.727778 0.049219 0.069444
0 0.934766 0.609028 0.046094 0.084722
0 0.989453 0.437500 0.019531 0.097222
0 0.977344 0.346528 0.043750 0.079167
0 0.910547 0.279167 0.038281 0.102778
0 0.945312 0.372222 0.043750 0.088889
0 0.875781 0.525694 0.043750 0.090278
0 0.807031 0.028472 0.056250 0.045833
0 0.630078 0.746528 0.055469 0.065278
0 0.622266 0.704167 0.050781 0.075000
0 0.580859 0.311806 0.049219 0.079167
0 0.594141 0.300694 0.050781 0.068056
0 0.511719 0.423611 0.059375 0.063889
0 0.510938 0.265972 0.035937 0.090278
0 0.531641 0.268056 0.041406 0.097222
0 0.439844 0.313194 0.040625 0.090278
0 0.364453 0.397917 0.038281 0.101389
0 0.262891 0.191667 0.039844 0.088889
0 0.266406 0.176389 0.054688 0.075000
0 0.977734 0.272222 0.042969 0.102778
0 0.627734 0.261111 0.047656 0.086111
0 0.630469 0.252778 0.046875 0.069444
