0 0.899800 0.774000 0.048100 0.088100
0 0.639200 0.096500 0.057700 0.083100
0 0.459000 0.546600 0.046400 0.084800
0 0.316400 0.310100 0.064400 0.059900
0 0.042900 0.565900 0.033500 0.097500
0 0.255500 0.851100 0.040400 0.094300
0 0.366800 0.553500 0.035000 0.101500
0 0.975900 0.869700 0.038200 0.100900
0 0.208000 0.276100 0.063200 0.062000
0 0.361200 0.219700 0.046600 0.098000
0 0.611300 0.313000 0.056400 0.059700
0 0.956800 0.471700 0.038000 0.074200
0 0.778300 0.497600 0.047800 0.094700
0 0.120300 0.459800 0.056000 0.085500
0 0.605500 0.541400 0.039300 0.096400
0 0.387100 0.447600 0.040200 0.089500
0 0.079600 0.111300 0.039800 0.103400
0 0.876800 0.121900 0.061000 0.068600
0 0.350200 0.477500 0.035900 0.091600
0 0.305100 0.052200 0.036800 0.088400
0 0.694800 0.265300 0.042500 0.103200
0 0.471900 0.120400 0.062700 0.074600
0 0.393700 0.957600 0.063200 0.070200
0 0.702200 0.946100 0.046600 0.081700
0 0.038281 0.232639 0.037500 0.090278
0 0.028516 0.331944 0.052344 0.066667
0 0.042578 0.371528 0.052344 0.076389
0 0.026563 0.960417 0.040625 0.079167
0 0.153516 0.957639 0.039844 0.084722
0 0.234375 0.974306 0.048437 0.051389
0 0.188672 0.772222 0.049219 0.066667
0 0.213281 0.798611 0.042188 0.088889
0 0.335547 0.961111 0.044531 0.077778
0 0.566016 0.947222 0.057031 0.075000
0 0.668750 0.957639 0.046875 0.068056
0 0.751953 0.941667 0.038281 0.086111
0 0.757812 0.974306 0.053125 0.051389
0 0.835156 0.841667 0.053125 0.072222
0 0.721484 0.802083 0.053906 0.068056
0 0.864844 0.563194 0.053125 0.073611
0 0.943359 0.522917 0.049219 0.084722
0 0.982031 0.336806 0.034375 0.073611
0 0.759766 0.373611 0.052344 0.080556
0 0.866016 0.293750 0.049219 0.070833
0 0.842188 0.281250 0.050000 0.073611
0 0.904688 0.301389 0.039062 0.105556
0 0.504297 0.404167 0.066406 0.066667
0 0.434766 0.429861 0.046094 0.087500
0 0.456641 0.461111 0.041406 0.077778
0 0.543359 0.265972 0.046094 0.084722
0 0.528125 0.084028 0.040625 0.076389
0 0.548437 0.063194 0.048437 0.073611
