0 0.608500 0.532700 0.042600 0.090000
0 0.267200 0.312200 0.062800 0.067900
0 0.861300 0.829900 0.040400 0.102400
0 0.093400 0.512300 0.039600 0.095400
0 0.433600 0.419500 0.049900 0.078900
0 0.049700 0.380800 0.051900 0.083500
0 0.599200 0.140100 0.050100 0.100300
0 0.276200 0.245000 0.060200 0.063000
0 0.912300 0.159600 0.064200 0.067800
0 0.950600 0.798000 0.036700 0.096600
0 0.398700 0.179100 0.045400 0.106800
0 0.706200 0.944900 0.050200 0.070200
0 0.212900 0.798500 0.049800 0.072800
0 0.833000 0.378100 0.061500 0.072000
0 0.786000 0.871900 0.061700 0.066200
0 0.951500 0.445200 0.052600 0.069500
0 0.040500 0.559100 0.032600 0.103800
0 0.510000 0.908900 0.061500 0.070000
0 0.078500 0.109900 0.040700 0.099400
0 0.819900 0.544300 0.048500 0.081400
0 0.208700 0.937400 0.046100 0.079000
0 0.502400 0.575500 0.053400 0.086700
0 0.018359 0.084722 0.036719 0.083333
0 0.039844 0.233333 0.035937 0.100000
0 0.019922 0.347222 0.039844 0.080556
0 0.171484 0.943056 0.041406 0.091667
0 0.245312 0.918750 0.037500 0.095833
0 0.228906 0.847222 0.040625 0.088889
0 0.372266 0.607639 0.035156 0.095833
0 0.383984 0.568056 0.039844 0.094444
0 0.404297 0.508333 0.046094 0.080556
0 0.441797 0.499306 0.036719 0.095833
0 0.630078 0.961111 0.052344 0.077778
0 0.805469 0.955556 0.051562 0.083333
0 0.728125 0.781944 0.056250 0.075000
0 0.950781 0.975694 0.051562 0.048611
0 0.967188 0.551389 0.045313 0.086111
0 0.983984 0.534028 0.030469 0.095833
0 0.789453 0.584028 0.042969 0.095833
0 0.981641 0.349306 0.035156 0.070833
0 0.903516 0.315278 0.035156 0.083333
0 0.689453 0.342361 0.038281 0.093056
0 0.610547 0.320139 0.052344 0.073611
0 0.501953 0.399306 0.058594 0.070833
0 0.560938 0.263194 0.048437 0.090278
0 0.499219 0.121528 0.060938 0.070833
0 0.472266 0.022917 0.044531 0.045833
0 0.869141 0.288889 0.041406 0.077778
0 0.892969 0.275000 0.048437 0.072222
