0 0.901500 0.842600 0.055900 0.083700
0 0.444900 0.095900 0.052800 0.080300
0 0.096300 0.608100 0.054000 0.084700
0 0.684800 0.944600 0.050700 0.068100
0 0.574900 0.668000 0.051100 0.073700
0 0.337800 0.125900 0.039100 0.099300
0 0.113000 0.103900 0.031300 0.099600
0 0.595400 0.542300 0.038400 0.095700
0 0.249200 0.490900 0.042700 0.092900
0 0.062200 0.059100 0.051500 0.087200
0 0.619000 0.646600 0.050300 0.088200
0 0.288900 0.096900 0.049600 0.084600
0 0.190200 0.592300 0.046000 0.072400
0 0.721300 0.832600 0.052300 0.065600
0 0.236800 0.620100 0.042400 0.093100
0 0.177700 0.659000 0.037500 0.094600
0 0.643600 0.436800 0.053500 0.072300
0 0.056641 0.231944 0.035156 0.083333
0 0.055469 0.273611 0.051562 0.080556
0 0.050000 0.376389 0.054688 0.075000
0 0.029687 0.589583 0.037500 0.093056
0 0.642969 0.729861 0.057813 0.065278
0 0.941797 0.581944 0.047656 0.080556
0 0.926172 0.534028 0.033594 0.095833
0 0.877344 0.532639 0.045313 0.095833
0 0.978906 0.352778 0.040625 0.080556
0 0.943750 0.352083 0.037500 0.093056
0 0.912109 0.287500 0.038281 0.108333
0 0.986328 0.275000 0.025781 0.066667
0 0.611719 0.215972 0.040625 0.087500
0 0.616797 0.236806 0.050781 0.079167
0 0.580859 0.311806 0.047656 0.079167
0 0.596094 0.322917 0.053125 0.068056
0 0.512891 0.425694 0.060156 0.068056
0 0.531641 0.277083 0.041406 0.090278
0 0.518359 0.259722 0.049219 0.080556
0 0.451562 0.471528 0.046875 0.087500
0 0.375000 0.409722 0.039062 0.077778
0 0.449219 0.352083 0.035937 0.079167
0 0.456250 0.299306 0.040625 0.070833
0 0.467578 0.236111 0.039844 0.080556
0 0.510547 0.113889 0.042969 0.086111
0 0.304297 0.967361 0.052344 0.065278
0 0.318750 0.283333 0.050000 0.072222
0 0.350781 0.211806 0.057813 0.065278
0 0.265234 0.169444 0.053906 0.069444
0 0.269922 0.193056 0.044531 0.075000
0 0.208984 0.220139 0.044531 0.079167
0 0.055078 0.749306 0.053906 0.079167
