0 0.553300 0.716800 0.050000 0.084700
0 0.112300 0.119700 0.033700 0.094100
0 0.748000 0.789300 0.049500 0.067400
0 0.055300 0.704700 0.052900 0.073300
0 0.074300 0.632500 0.047700 0.078900
0 0.056250 0.220139 0.035937 0.090278
0 0.065234 0.265972 0.053906 0.079167
0 0.032031 0.318750 0.053125 0.068056
0 0.031641 0.386806 0.050781 0.056944
0 0.028516 0.421528 0.053906 0.065278
0 0.037891 0.574306 0.035156 0.095833
0 0.021484 0.799306 0.036719 0.093056
0 0.197656 0.972222 0.048437 0.055556
0 0.332031 0.876389 0.048437 0.069444
0 0.353516 0.840972 0.044531 0.081944
0 0.289453 0.615972 0.052344 0.079167
0 0.378125 0.685417 0.037500 0.101389
0 0.406641 0.830556 0.033594 0.091667
0 0.416797 0.836806 0.053906 0.073611
0 0.464844 0.801389 0.054688 0.083333
0 0.610156 0.922917 0.040625 0.093056
0 0.664453 0.934028 0.036719 0.059722
0 0.668750 0.972917 0.040625 0.054167
0 0.693359 0.948611 0.046094 0.069444
0 0.845312 0.953472 0.050000 0.076389
0 0.962109 0.797917 0.047656 0.084722
0 0.855469 0.866667 0.040625 0.100000
0 0.985937 0.553472 0.026563 0.081944
0 0.971094 0.504861 0.046875 0.076389
0 0.896875 0.584722 0.040625 0.097222
0 0.980078 0.323611 0.038281 0.083333
0 0.919141 0.298611 0.036719 0.100000
0 0.881250 0.113194 0.048437 0.076389
0 0.829297 0.183333 0.044531 0.097222
0 0.665234 0.079861 0.055469 0.073611
0 0.651563 0.737500 0.054688 0.080556
0 0.633203 0.626389 0.046094 0.080556
0 0.591016 0.541667 0.039844 0.094444
0 0.643359 0.423611 0.053906 0.077778
0 0.625391 0.292361 0.055469 0.073611
0 0.530859 0.218056 0.047656 0.069444
0 0.542188 0.253472 0.045313 0.079167
0 0.433203 0.265972 0.039844 0.093056
0 0.439063 0.396528 0.051562 0.084722
0 0.471484 0.358333 0.046094 0.077778
0 0.526172 0.387500 0.057031 0.077778
0 0.216406 0.204861 0.045313 0.084722
0 0.907422 0.395139 0.042969 0.076389
0 0.881641 0.380556 0.041406 0.077778
0 0.898828 0.406944 0.042969 0.077778
