0 0.595300 0.548200 0.040400 0.090800
0 0.480900 0.084500 0.043200 0.093100
0 0.514400 0.413300 0.067300 0.060300
0 0.340400 0.315100 0.042400 0.085000
0 0.311000 0.183500 0.063000 0.070900
0 0.451800 0.457000 0.052200 0.077100
0 0.428500 0.283200 0.054300 0.073400
0 0.061200 0.357400 0.052400 0.070800
0 0.248800 0.300700 0.038200 0.092700
0 0.678600 0.951100 0.050200 0.073300
0 0.029100 0.587400 0.032300 0.091100
0 0.698500 0.395400 0.050300 0.080100
0 0.228000 0.224800 0.041400 0.087700
0 0.276200 0.054200 0.042600 0.097100
0 0.583400 0.301900 0.051000 0.075500
0 0.111200 0.101000 0.031200 0.091700
0 0.878500 0.522800 0.042400 0.077500
0 0.506900 0.743300 0.053600 0.085100
0 0.979600 0.519000 0.038900 0.087500
0 0.925900 0.518500 0.038500 0.091000
0 0.465600 0.183700 0.060100 0.071300
0 0.857800 0.069200 0.053800 0.076200
0 0.318900 0.043000 0.041200 0.079300
0 0.618800 0.044200 0.044700 0.088000
0 0.829300 0.904300 0.066100 0.071600
0 0.263000 0.408600 0.040900 0.105000
0 0.225600 0.658600 0.039800 0.103200
0 0.119200 0.703300 0.044800 0.091700
0 0.982500 0.637500 0.035500 0.101900
0 0.021700 0.867800 0.034700 0.102800
0 0.573300 0.764600 0.061100 0.078400
0 0.657700 0.727400 0.041800 0.103900
0 0.177400 0.661400 0.046400 0.083000
0 0.069922 0.147222 0.046094 0.088889
0 0.048437 0.225694 0.032812 0.095833
0 0.057031 0.284722 0.057813 0.075000
0 0.210938 0.706250 0.042188 0.087500
0 0.378906 0.977083 0.053125 0.045833
0 0.722656 0.818750 0.057813 0.068056
0 0.938281 0.667361 0.050000 0.079167
0 0.984766 0.426389 0.028906 0.091667
0 0.975781 0.342361 0.046875 0.073611
0 0.928906 0.238889 0.045313 0.080556
0 0.904688 0.290972 0.037500 0.095833
0 0.634375 0.302083 0.050000 0.073611
0 0.679688 0.270833 0.042188 0.080556
0 0.673437 0.237500 0.046875 0.077778
0 0.502344 0.304861 0.035937 0.087500
0 0.535547 0.272222 0.042969 0.088889
0 0.422266 0.399306 0.041406 0.093056
0 0.431641 0.358333 0.046094 0.072222
0 0.360938 0.213889 0.046875 0.077778
0 0.403516 0.194444 0.055469 0.066667
0 0.017578 0.415278 0.035156 0.072222
