0 0.597500 0.546100 0.040100 0.090600
0 0.904600 0.522100 0.044200 0.082300
0 0.141900 0.838400 0.041400 0.092600
0 0.166700 0.362400 0.057300 0.080900
0 0.928700 0.668000 0.045900 0.086700
0 0.184700 0.743500 0.058800 0.071600
0 0.319300 0.196600 0.042100 0.105000
0 0.052200 0.357300 0.052900 0.067800
0 0.734600 0.956800 0.053200 0.078000
0 0.360300 0.371200 0.039900 0.090900
0 0.443100 0.443300 0.045400 0.065500
0 0.530600 0.051100 0.046500 0.073800
0 0.766100 0.263900 0.067100 0.063700
0 0.417800 0.848100 0.063900 0.074700
0 0.321600 0.378100 0.045200 0.086000
0 0.452600 0.147400 0.054600 0.071700
0 0.810000 0.055700 0.067600 0.077000
0 0.677600 0.139100 0.042900 0.101700
0 0.533900 0.266500 0.043500 0.087400
0 0.739700 0.378900 0.037000 0.106200
0 0.601600 0.305800 0.057800 0.064900
0 0.981600 0.949000 0.033300 0.092500
0 0.394400 0.267200 0.061200 0.079000
0 0.854900 0.728400 0.048300 0.081900
0 0.785600 0.336300 0.053200 0.079300
0 0.473700 0.879200 0.059000 0.085400
0 0.484000 0.106100 0.059400 0.063800
0 0.706700 0.857300 0.038400 0.093000
0 0.427000 0.494400 0.043200 0.090600
0 0.934900 0.482800 0.037000 0.095200
0 0.683600 0.945600 0.049800 0.069900
0 0.717500 0.816200 0.039500 0.073600
0 0.928400 0.594700 0.056500 0.057900
0 0.099219 0.094444 0.039062 0.102778
0 0.035547 0.225694 0.039844 0.090278
0 0.034375 0.300000 0.051562 0.069444
0 0.066797 0.271528 0.039844 0.090278
0 0.116797 0.353472 0.047656 0.070833
0 0.049609 0.592361 0.038281 0.104167
0 0.234375 0.724306 0.039062 0.104167
0 0.233984 0.793750 0.044531 0.093056
0 0.978125 0.340278 0.042188 0.077778
0 0.969922 0.158333 0.050781 0.097222
0 0.904688 0.306944 0.039062 0.105556
0 0.881250 0.136806 0.042188 0.098611
0 0.691406 0.326389 0.050000 0.083333
0 0.502734 0.409722 0.055469 0.069444
0 0.473047 0.402083 0.036719 0.084722
0 0.400000 0.470833 0.042188 0.086111
0 0.313281 0.320833 0.059375 0.075000
0 0.390625 0.176389 0.057813 0.072222
