0 0.181200 0.329200 0.049900 0.091500
0 0.402300 0.241900 0.055700 0.078900
0 0.508400 0.408300 0.065500 0.055400
0 0.596100 0.547500 0.039900 0.090900
0 0.315200 0.222900 0.038100 0.096300
0 0.361100 0.354300 0.040400 0.079000
0 0.432600 0.829400 0.049600 0.087600
0 0.657600 0.129800 0.040600 0.116100
0 0.753400 0.242100 0.066900 0.071700
0 0.533600 0.273300 0.042000 0.073600
0 0.469300 0.367300 0.045300 0.098800
0 0.893400 0.139800 0.050100 0.084600
0 0.899800 0.519300 0.041400 0.082300
0 0.150900 0.819000 0.037800 0.094300
0 0.486100 0.849300 0.068100 0.066600
0 0.687800 0.944400 0.053000 0.068800
0 0.734300 0.373600 0.055800 0.075400
0 0.934300 0.485300 0.039600 0.087900
0 0.185600 0.728600 0.051400 0.078600
0 0.055800 0.358100 0.050400 0.070700
0 0.036800 0.219200 0.030400 0.086500
0 0.793200 0.044000 0.055400 0.072900
0 0.604000 0.305600 0.058200 0.066400
0 0.951200 0.137600 0.059700 0.066300
0 0.474500 0.125900 0.067300 0.059800
0 0.520400 0.056700 0.043600 0.095800
0 0.763500 0.338300 0.050700 0.066100
0 0.439500 0.160200 0.061300 0.063300
0 0.100781 0.092361 0.037500 0.101389
0 0.069141 0.259722 0.033594 0.091667
0 0.044531 0.304167 0.053125 0.072222
0 0.095312 0.354861 0.056250 0.076389
0 0.033984 0.587500 0.038281 0.105556
0 0.033203 0.968750 0.039844 0.062500
0 0.216016 0.720833 0.046094 0.094444
0 0.234375 0.783333 0.037500 0.102778
0 0.754297 0.966667 0.052344 0.066667
0 0.714063 0.840278 0.040625 0.094444
0 0.723828 0.800694 0.057031 0.070833
0 0.979297 0.966667 0.038281 0.066667
0 0.893750 0.737500 0.051562 0.080556
0 0.948438 0.659028 0.039062 0.095833
0 0.933203 0.603472 0.050781 0.084722
0 0.976172 0.334722 0.046094 0.083333
0 0.903125 0.311111 0.040625 0.105556
0 0.682031 0.339583 0.059375 0.079167
0 0.443359 0.450000 0.047656 0.083333
0 0.419141 0.481944 0.038281 0.086111
0 0.398828 0.441667 0.038281 0.105556
0 0.303906 0.384722 0.046875 0.086111
0 0.315625 0.338889 0.043750 0.086111
0 0.375781 0.175000 0.056250 0.069444
