0 0.060800 0.363100 0.055200 0.076100
0 0.352500 0.322800 0.036900 0.111100
0 0.049500 0.218500 0.030300 0.100500
0 0.030000 0.588200 0.032700 0.090400
0 0.474700 0.091000 0.049500 0.083100
0 0.187600 0.637700 0.054500 0.074200
0 0.240900 0.285900 0.049300 0.079500
0 0.928900 0.527000 0.036500 0.091100
0 0.450000 0.459200 0.047400 0.075800
0 0.487400 0.165100 0.045700 0.090300
0 0.652000 0.250100 0.061900 0.070000
0 0.372100 0.956300 0.061200 0.069600
0 0.581800 0.304100 0.048900 0.073100
0 0.198400 0.712400 0.050500 0.088400
0 0.945200 0.243600 0.041400 0.090500
0 0.441500 0.280300 0.048200 0.088800
0 0.843800 0.053900 0.062200 0.075900
0 0.260800 0.421600 0.060500 0.080600
0 0.316900 0.060700 0.036100 0.114400
0 0.242400 0.661200 0.036900 0.109500
0 0.975600 0.342000 0.050500 0.061200
0 0.289800 0.067200 0.035300 0.116600
0 0.960000 0.406600 0.048800 0.077500
0 0.111719 0.103472 0.034375 0.104167
0 0.078906 0.106944 0.040625 0.097222
0 0.046875 0.288889 0.054688 0.066667
0 0.101953 0.677778 0.047656 0.086111
0 0.014453 0.852778 0.028906 0.111111
0 0.679688 0.956250 0.051562 0.070833
0 0.535937 0.723611 0.054688 0.072222
0 0.598047 0.757639 0.049219 0.070833
0 0.638672 0.734028 0.047656 0.076389
0 0.724609 0.819444 0.055469 0.058333
0 0.821094 0.880556 0.043750 0.086111
0 0.907031 0.648611 0.035937 0.097222
0 0.878125 0.532639 0.043750 0.095833
0 0.977734 0.484028 0.033594 0.104167
0 0.904297 0.291667 0.036719 0.105556
0 0.674219 0.407639 0.051562 0.073611
0 0.592188 0.557639 0.045313 0.098611
0 0.656250 0.302778 0.050000 0.072222
0 0.616406 0.305556 0.051562 0.069444
0 0.508594 0.424306 0.059375 0.062500
0 0.536719 0.277083 0.039062 0.079167
0 0.509766 0.297917 0.038281 0.087500
0 0.421484 0.332639 0.038281 0.087500
0 0.425000 0.388889 0.043750 0.088889
0 0.395703 0.166667 0.053906 0.069444
0 0.352344 0.217361 0.051562 0.065278
0 0.289062 0.202778 0.054688 0.072222
0 0.246875 0.225000 0.042188 0.094444
