0 0.619000 0.293200 0.056400 0.061900
0 0.649300 0.562100 0.059400 0.066000
0 0.595400 0.529500 0.039400 0.092600
0 0.241500 0.699500 0.051000 0.079200
0 0.156600 0.920600 0.048800 0.092800
0 0.541700 0.237300 0.037900 0.082800
0 0.430800 0.725800 0.049200 0.089300
0 0.829800 0.804500 0.055400 0.090200
0 0.387100 0.632600 0.040400 0.096000
0 0.811000 0.129000 0.046300 0.092100
0 0.605600 0.696100 0.049100 0.088500
0 0.105300 0.110100 0.034400 0.108100
0 0.033800 0.553100 0.031500 0.107800
0 0.310900 0.840900 0.057000 0.077900
0 0.387900 0.774200 0.044600 0.094900
0 0.856000 0.080400 0.050400 0.086300
0 0.705500 0.949700 0.046300 0.076400
0 0.689900 0.448900 0.051400 0.085400
0 0.912600 0.819100 0.047800 0.084500
0 0.742900 0.783000 0.060500 0.053800
0 0.366800 0.857100 0.061200 0.080500
0 0.165700 0.145200 0.065800 0.078700
0 0.898900 0.959200 0.057300 0.075300
0 0.106641 0.309028 0.052344 0.073611
0 0.053516 0.218750 0.036719 0.093056
0 0.062891 0.359028 0.039844 0.070833
0 0.022656 0.384028 0.045313 0.054167
0 0.031250 0.421528 0.050000 0.056944
0 0.026563 0.729167 0.039062 0.083333
0 0.046094 0.689583 0.040625 0.087500
0 0.096094 0.782639 0.043750 0.079167
0 0.470313 0.855556 0.054688 0.088889
0 0.511328 0.669444 0.052344 0.075000
0 0.914453 0.634028 0.044531 0.095833
0 0.979688 0.562500 0.039062 0.088889
0 0.987500 0.504167 0.023438 0.086111
0 0.961719 0.459722 0.043750 0.075000
0 0.904688 0.415972 0.048437 0.070833
0 0.905469 0.404167 0.040625 0.094444
0 0.981641 0.335417 0.035156 0.070833
0 0.914062 0.293750 0.035937 0.101389
0 0.513672 0.029861 0.053906 0.056944
0 0.633203 0.093056 0.050781 0.069444
0 0.428125 0.201389 0.040625 0.086111
0 0.464063 0.229861 0.053125 0.068056
0 0.483594 0.302778 0.040625 0.077778
0 0.520312 0.392361 0.060938 0.068056
0 0.438672 0.400000 0.047656 0.086111
0 0.927344 0.495833 0.045313 0.069444
0 0.683984 0.934028 0.044531 0.070833
0 0.697266 0.977083 0.049219 0.045833
