0 0.305700 0.302000 0.060100 0.067700
0 0.551500 0.255600 0.043000 0.081000
0 0.688300 0.287900 0.043800 0.082600
0 0.110300 0.472100 0.039400 0.105100
0 0.057800 0.360400 0.045700 0.091400
0 0.608300 0.534800 0.041000 0.088000
0 0.882000 0.786000 0.037000 0.096600
0 0.368700 0.572400 0.039800 0.092700
0 0.634400 0.117600 0.060500 0.078400
0 0.776000 0.532700 0.044400 0.097500
0 0.726100 0.783300 0.058200 0.054000
0 0.293700 0.048100 0.037500 0.080100
0 0.950300 0.522200 0.048200 0.071100
0 0.472900 0.557900 0.056700 0.080700
0 0.364400 0.950800 0.053600 0.082600
0 0.238800 0.881200 0.038300 0.087900
0 0.708900 0.942600 0.048200 0.064900
0 0.609700 0.313000 0.055800 0.059300
0 0.844100 0.558700 0.061800 0.072900
0 0.075700 0.103100 0.036500 0.087100
0 0.476900 0.119500 0.066900 0.063400
0 0.041000 0.559400 0.032200 0.111300
0 0.881400 0.143900 0.061100 0.069300
0 0.040200 0.227400 0.027800 0.116700
0 0.227100 0.814700 0.035800 0.080400
0 0.658000 0.974700 0.065300 0.044100
0 0.175700 0.968600 0.047300 0.062700
0 0.791400 0.378000 0.053600 0.090100
0 0.261719 0.370139 0.423438 0.001389
0 0.026953 0.337500 0.053906 0.072222
0 0.201172 0.783333 0.049219 0.080556
0 0.302734 0.960417 0.050781 0.079167
0 0.539062 0.945139 0.051562 0.079167
0 0.750391 0.961806 0.038281 0.076389
0 0.769141 0.974306 0.052344 0.051389
0 0.806250 0.847917 0.048437 0.090278
0 0.960156 0.852778 0.035937 0.100000
0 0.980078 0.431250 0.038281 0.084722
0 0.981641 0.342361 0.035156 0.073611
0 0.901172 0.313889 0.038281 0.091667
0 0.502344 0.401389 0.057813 0.066667
0 0.458203 0.477778 0.039844 0.075000
0 0.437891 0.427083 0.053906 0.081944
0 0.386719 0.472917 0.045313 0.081944
0 0.348828 0.497917 0.049219 0.084722
0 0.383203 0.222222 0.049219 0.088889
0 0.237891 0.282639 0.052344 0.079167
0 0.228906 0.971528 0.046875 0.056944
0 0.846094 0.286111 0.045313 0.075000
0 0.869922 0.281944 0.050781 0.069444
0 0.981641 0.974306 0.035156 0.051389
0 0.541406 0.052778 0.045313 0.069444
0 0.568359 0.035417 0.050781 0.068056
