0 0.058300 0.361400 0.051800 0.071500
0 0.795800 0.903100 0.053700 0.080800
0 0.488200 0.090700 0.043400 0.089100
0 0.595100 0.547500 0.039700 0.093600
0 0.226000 0.260200 0.055600 0.080200
0 0.339200 0.284600 0.037000 0.103200
0 0.445600 0.452900 0.051300 0.080000
0 0.881300 0.519200 0.045300 0.074300
0 0.459300 0.201100 0.052900 0.077100
0 0.266200 0.323700 0.047600 0.075300
0 0.587500 0.301400 0.052200 0.077400
0 0.551000 0.766500 0.060200 0.073100
0 0.485200 0.749700 0.049700 0.090400
0 0.288000 0.390600 0.044700 0.089600
0 0.132200 0.723600 0.048000 0.080200
0 0.724000 0.816300 0.059500 0.058100
0 0.926700 0.520300 0.038800 0.100700
0 0.188900 0.683000 0.055900 0.066300
0 0.640000 0.322500 0.065000 0.058100
0 0.290100 0.042900 0.040600 0.078100
0 0.328800 0.179400 0.067300 0.072000
0 0.410600 0.304000 0.059300 0.077000
0 0.970200 0.531000 0.037200 0.104100
0 0.686700 0.243000 0.071800 0.069800
0 0.109375 0.098611 0.032812 0.105556
0 0.083984 0.153472 0.036719 0.095833
0 0.045313 0.218750 0.032812 0.098611
0 0.044922 0.281250 0.055469 0.076389
0 0.024609 0.596528 0.041406 0.095833
0 0.016016 0.901389 0.030469 0.094444
0 0.219922 0.734722 0.036719 0.100000
0 0.237500 0.685417 0.034375 0.104167
0 0.392969 0.966667 0.051562 0.066667
0 0.682031 0.956944 0.051562 0.077778
0 0.674609 0.765278 0.050781 0.080556
0 0.944922 0.690972 0.055469 0.081944
0 0.977734 0.623611 0.042969 0.075000
0 0.986719 0.450000 0.025000 0.100000
0 0.980078 0.346528 0.038281 0.079167
0 0.906250 0.298611 0.035937 0.097222
0 0.927734 0.225000 0.042969 0.091667
0 0.874219 0.093056 0.046875 0.083333
0 0.741406 0.021528 0.050000 0.043056
0 0.648828 0.040278 0.038281 0.075000
0 0.686719 0.305556 0.040625 0.080556
0 0.712891 0.393750 0.052344 0.068056
0 0.537500 0.283333 0.046875 0.080556
0 0.495313 0.318056 0.043750 0.094444
0 0.506250 0.420139 0.057813 0.079167
0 0.406250 0.359722 0.037500 0.080556
0 0.402734 0.426389 0.039844 0.094444
0 0.378906 0.200000 0.053125 0.083333
0 0.420312 0.158333 0.053125 0.069444
0 0.033984 0.427083 0.047656 0.070833
