0 0.331500 0.292800 0.060100 0.064400
0 0.900400 0.748800 0.039800 0.103000
0 0.127900 0.435900 0.040000 0.092200
0 0.294500 0.094200 0.036600 0.107000
0 0.366900 0.246500 0.050900 0.081500
0 0.332200 0.449600 0.040300 0.099500
0 0.605700 0.534600 0.043300 0.092100
0 0.762900 0.496000 0.049300 0.098500
0 0.685700 0.237500 0.044900 0.105400
0 0.541600 0.257700 0.037400 0.083700
0 0.449900 0.535600 0.056300 0.073200
0 0.437100 0.429400 0.044100 0.084100
0 0.080700 0.110300 0.039000 0.104400
0 0.658700 0.084800 0.048900 0.091900
0 0.470500 0.456400 0.043400 0.083300
0 0.609400 0.313200 0.056900 0.060800
0 0.367700 0.439500 0.035100 0.103600
0 0.205500 0.296500 0.072500 0.064100
0 0.450600 0.135300 0.066300 0.062800
0 0.873000 0.568700 0.064200 0.062400
0 0.169200 0.938900 0.038000 0.088800
0 0.855000 0.106800 0.049600 0.094800
0 0.189700 0.775200 0.060900 0.056900
0 0.234700 0.784900 0.038200 0.106400
0 0.388000 0.542000 0.041100 0.091100
0 0.037000 0.223200 0.032500 0.089600
0 0.752200 0.933900 0.040300 0.096100
0 0.249700 0.851800 0.029300 0.099400
0 0.032031 0.324306 0.056250 0.068056
0 0.045313 0.365278 0.053125 0.075000
0 0.044922 0.572222 0.038281 0.091667
0 0.400781 0.946528 0.050000 0.076389
0 0.357422 0.925000 0.057031 0.077778
0 0.566016 0.972222 0.050781 0.055556
0 0.700000 0.946528 0.048437 0.076389
0 0.841406 0.811111 0.046875 0.086111
0 0.968359 0.893750 0.038281 0.079167
0 0.722656 0.795139 0.053125 0.068056
0 0.967578 0.979167 0.057031 0.041667
0 0.936328 0.518056 0.050781 0.086111
0 0.947656 0.474306 0.035937 0.087500
0 0.981250 0.333333 0.035937 0.075000
0 0.901953 0.311806 0.038281 0.101389
0 0.750000 0.384028 0.056250 0.073611
0 0.500391 0.404861 0.057031 0.068056
0 0.564844 0.032639 0.043750 0.065278
0 0.509766 0.082639 0.042969 0.070833
0 0.525781 0.069444 0.045313 0.080556
0 0.824609 0.285417 0.047656 0.045833
0 0.839844 0.308333 0.053125 0.058333
