0 0.909100 0.517800 0.048000 0.077700
0 0.335100 0.294400 0.044100 0.094800
0 0.792600 0.251600 0.064100 0.073900
0 0.438600 0.438500 0.046600 0.065000
0 0.908000 0.590200 0.047100 0.084300
0 0.597000 0.544800 0.039300 0.095600
0 0.430200 0.507700 0.034000 0.092900
0 0.413000 0.870100 0.054000 0.078000
0 0.535200 0.264800 0.041800 0.083900
0 0.188200 0.757200 0.059600 0.055400
0 0.053200 0.358600 0.048900 0.069400
0 0.161800 0.405900 0.043200 0.095500
0 0.388100 0.481900 0.034300 0.101700
0 0.814900 0.068700 0.053100 0.082100
0 0.667400 0.162400 0.040300 0.099300
0 0.750300 0.416200 0.051200 0.089700
0 0.708500 0.321500 0.063300 0.072700
0 0.151100 0.870200 0.038900 0.097200
0 0.140100 0.338200 0.072000 0.061000
0 0.688400 0.942500 0.051500 0.066900
0 0.225600 0.799000 0.041300 0.084200
0 0.939900 0.469700 0.037200 0.085200
0 0.798300 0.326000 0.070300 0.061800
0 0.932200 0.686100 0.039500 0.102100
0 0.980800 0.148800 0.039300 0.085700
0 0.974500 0.928300 0.038700 0.091800
0 0.456500 0.890400 0.050100 0.076600
0 0.941600 0.976600 0.064300 0.047800
0 0.045100 0.580600 0.035000 0.100600
0 0.721300 0.795000 0.050300 0.062400
0 0.534900 0.041300 0.051300 0.060000
0 0.399700 0.166800 0.055500 0.078200
0 0.224000 0.728200 0.044500 0.094100
0 0.382300 0.274400 0.050600 0.081600
0 0.312300 0.163900 0.040000 0.112700
0 0.733800 0.870200 0.040800 0.099600
0 0.097656 0.091667 0.039062 0.097222
0 0.048828 0.254861 0.002344 0.001389
0 0.036719 0.222917 0.035937 0.101389
0 0.040234 0.315972 0.055469 0.073611
0 0.062109 0.288194 0.033594 0.093056
0 0.735547 0.971528 0.050781 0.056944
0 0.856641 0.758333 0.044531 0.088889
0 0.979297 0.338194 0.039844 0.087500
0 0.904688 0.306944 0.042188 0.105556
0 0.868750 0.102083 0.043750 0.087500
0 0.692187 0.033333 0.050000 0.063889
0 0.608594 0.313889 0.056250 0.080556
0 0.487109 0.118056 0.058594 0.069444
0 0.464063 0.143750 0.050000 0.073611
0 0.504687 0.409722 0.050000 0.072222
0 0.466406 0.400694 0.043750 0.084722
0 0.349609 0.386111 0.042969 0.080556
0 0.323438 0.404861 0.046875 0.093056
