0 0.474800 0.584800 0.056700 0.097100
0 0.718800 0.276000 0.057400 0.093200
0 0.701900 0.457500 0.057200 0.086800
0 0.068600 0.398900 0.050400 0.085800
0 0.784400 0.402700 0.047800 0.109600
0 0.029000 0.456300 0.054400 0.089700
0 0.844900 0.206900 0.048000 0.112600
0 0.736800 0.040900 0.063000 0.071600
0 0.443700 0.243000 0.049500 0.121100
0 0.183200 0.226500 0.040700 0.114700
0 0.890900 0.886900 0.054200 0.106800
0 0.063000 0.720900 0.075000 0.085900
0 0.345500 0.788400 0.076600 0.067900
0 0.967969 0.394444 0.042188 0.091667
0 0.942969 0.182639 0.031250 0.081944
0 0.928125 0.213889 0.067188 0.052778
0 0.912891 0.245139 0.058594 0.048611
0 0.975391 0.234028 0.044531 0.056944
0 0.927734 0.347917 0.036719 0.098611
0 0.570703 0.776389 0.047656 0.091667
0 0.609375 0.781944 0.035937 0.091667
