0 0.284700 0.180200 0.059700 0.080000
0 0.457800 0.051800 0.051100 0.087200
0 0.032800 0.490400 0.049300 0.098600
0 0.242900 0.673700 0.064500 0.074300
0 0.541500 0.868200 0.049800 0.083800
0 0.958900 0.746200 0.039800 0.107800
0 0.315000 0.645900 0.069400 0.088300
0 0.684700 0.071000 0.040800 0.107000
0 0.921200 0.224200 0.059200 0.075200
0 0.301000 0.842800 0.077500 0.064100
0 0.769800 0.741600 0.069000 0.066900
0 0.066000 0.362800 0.077700 0.066900
0 0.398800 0.226200 0.051100 0.093800
0 0.687600 0.961500 0.055000 0.069400
0 0.887000 0.424400 0.037400 0.096400
0 0.696875 0.556944 0.043750 0.105556
0 0.742188 0.572917 0.043750 0.095833
0 0.759375 0.493750 0.042188 0.093056
0 0.468359 0.675000 0.049219 0.091667
0 0.421875 0.681944 0.053125 0.063889
0 0.872266 0.302083 0.060156 0.059722
0 0.826172 0.331944 0.064844 0.061111
0 0.837500 0.050694 0.053125 0.084722
