0 0.863100 0.190400 0.060200 0.093600
0 0.588700 0.462600 0.057100 0.094000
0 0.892500 0.750700 0.057400 0.093100
0 0.768100 0.397200 0.048700 0.100000
0 0.626000 0.700700 0.058200 0.089900
0 0.689500 0.381100 0.053700 0.096600
0 0.638700 0.875400 0.047500 0.092100
0 0.083300 0.527700 0.067200 0.075100
0 0.051200 0.441500 0.052800 0.088900
0 0.249900 0.684200 0.067600 0.074800
0 0.541200 0.837800 0.046200 0.090700
0 0.767800 0.761400 0.047200 0.107000
0 0.069500 0.042600 0.047600 0.075100
0 0.312700 0.802800 0.066400 0.073100
0 0.992100 0.258000 0.021100 0.121300
0 0.894531 0.375694 0.034375 0.087500
0 0.933984 0.414583 0.039844 0.095833
0 0.853516 0.288889 0.060156 0.055556
0 0.842188 0.332639 0.060938 0.056944
0 0.200391 0.784722 0.047656 0.083333
