0 0.525600 0.475600 0.051800 0.099100
0 0.396700 0.466200 0.057300 0.098600
0 0.236500 0.361200 0.050400 0.104300
0 0.074700 0.392200 0.046700 0.097600
0 0.580600 0.625000 0.052500 0.111600
0 0.117900 0.627300 0.046500 0.109400
0 0.754000 0.712700 0.053400 0.102700
0 0.953300 0.513800 0.038100 0.099700
0 0.960600 0.349300 0.033600 0.123900
0 0.604600 0.764300 0.049500 0.099800
0 0.867100 0.355800 0.051600 0.098400
0 0.360700 0.766400 0.081300 0.072200
0 0.436200 0.835600 0.043700 0.108500
0 0.854500 0.066600 0.047900 0.100100
0 0.823600 0.148000 0.046100 0.105800
0 0.906500 0.064900 0.048900 0.094500
0 0.659375 0.075694 0.039063 0.087500
0 0.625391 0.072222 0.047656 0.066667
0 0.875781 0.201389 0.039063 0.108333
0 0.953906 0.168056 0.045313 0.088889
0 0.962109 0.187500 0.057031 0.055556
0 0.968359 0.214583 0.058594 0.051389
