0 0.515800 0.618400 0.060800 0.085100
0 0.152200 0.172700 0.044200 0.109200
0 0.064700 0.407800 0.050400 0.090300
0 0.119600 0.705200 0.072100 0.081700
0 0.683200 0.312100 0.053600 0.092600
0 0.571200 0.790400 0.049400 0.098000
0 0.411700 0.163700 0.051600 0.111300
0 0.926600 0.946900 0.053100 0.108900
0 0.123100 0.947800 0.051900 0.104100
0 0.621400 0.659700 0.049500 0.111400
0 0.742400 0.390900 0.054600 0.093400
0 0.769500 0.504800 0.043000 0.097600
0 0.340800 0.793900 0.077000 0.069700
0 0.920400 0.354900 0.036300 0.113600
0 0.959700 0.357500 0.043300 0.105200
0 0.772800 0.027600 0.067700 0.045900
0 0.947266 0.220139 0.035156 0.098611
0 0.905859 0.231944 0.055469 0.061111
0 0.894531 0.277778 0.062500 0.063889
0 0.833203 0.252778 0.041406 0.116667
