0 0.854800 0.370800 0.050100 0.095200
0 0.571100 0.644700 0.050600 0.102000
0 0.740700 0.688700 0.049600 0.105200
0 0.075200 0.391400 0.048600 0.097400
0 0.607300 0.759400 0.049800 0.104000
0 0.954100 0.532400 0.039300 0.101800
0 0.390400 0.448400 0.051500 0.090100
0 0.534500 0.517800 0.054800 0.096600
0 0.121700 0.647500 0.047900 0.113700
0 0.247900 0.379200 0.045100 0.100900
0 0.963300 0.352300 0.035200 0.123800
0 0.442600 0.812600 0.051000 0.099600
0 0.364600 0.764400 0.081700 0.067500
0 0.904700 0.049500 0.048500 0.086300
0 0.949219 0.187500 0.035937 0.102778
0 0.962500 0.183333 0.056250 0.061111
0 0.969531 0.214583 0.053125 0.056944
0 0.887891 0.175694 0.042969 0.106944
0 0.835156 0.134028 0.053125 0.079167
0 0.852734 0.054861 0.038281 0.093056
0 0.661719 0.072222 0.042188 0.100000
0 0.616016 0.079861 0.052344 0.073611
