0 0.415500 0.895200 0.042100 0.114500
0 0.622700 0.575600 0.066500 0.098800
0 0.421700 0.517300 0.052200 0.095600
0 0.082600 0.560900 0.052900 0.111100
0 0.074800 0.390400 0.049900 0.095700
0 0.774600 0.209100 0.048000 0.094500
0 0.498500 0.377400 0.054100 0.099400
0 0.796700 0.774700 0.050800 0.096500
0 0.851600 0.121900 0.040100 0.112200
0 0.601400 0.906500 0.044800 0.122700
0 0.221100 0.322800 0.046200 0.113100
0 0.596700 0.774500 0.049800 0.105900
0 0.953600 0.458800 0.039900 0.107900
0 0.946400 0.352900 0.038000 0.111200
0 0.681200 0.062500 0.055900 0.076000
0 0.634600 0.045100 0.050200 0.076100
0 0.903500 0.301700 0.054100 0.087300
0 0.921400 0.120700 0.045700 0.114800
0 0.966300 0.123000 0.049500 0.108400
0 0.842500 0.274600 0.049600 0.088700
0 0.950391 0.193750 0.061719 0.062500
0 0.953906 0.225694 0.060938 0.054167
0 0.349219 0.777778 0.060938 0.069444
