0 0.401100 0.483600 0.058600 0.094400
0 0.229100 0.342100 0.047900 0.105300
0 0.074400 0.390600 0.048700 0.097400
0 0.773900 0.736700 0.055900 0.101300
0 0.959000 0.349800 0.033200 0.116400
0 0.426500 0.858000 0.041300 0.105700
0 0.601600 0.766300 0.049800 0.100000
0 0.803600 0.173400 0.048900 0.113500
0 0.953900 0.495200 0.041200 0.098300
0 0.358400 0.769400 0.079600 0.068100
0 0.595200 0.607400 0.053600 0.104700
0 0.102800 0.601000 0.047800 0.116800
0 0.854100 0.085400 0.043800 0.110700
0 0.512900 0.451200 0.048800 0.126600
0 0.625100 0.967300 0.060200 0.067300
0 0.651563 0.055556 0.043750 0.091667
0 0.636719 0.073611 0.050000 0.052778
0 0.916016 0.084722 0.039844 0.094444
0 0.960547 0.150000 0.039844 0.088889
0 0.957422 0.190972 0.060156 0.059722
0 0.964453 0.222222 0.058594 0.055556
0 0.884375 0.345833 0.048437 0.088889
0 0.867969 0.223611 0.042188 0.105556
