0 0.185300 0.101500 0.055200 0.095400
0 0.304000 0.097100 0.044300 0.119300
0 0.502400 0.593200 0.057000 0.093800
0 0.768600 0.182800 0.058600 0.088200
0 0.191100 0.623300 0.060000 0.081600
0 0.784500 0.639000 0.050900 0.082500
0 0.041200 0.488200 0.046400 0.103700
0 0.727300 0.502300 0.050900 0.106100
0 0.824900 0.950200 0.052800 0.098900
0 0.542600 0.859900 0.050300 0.093400
0 0.946500 0.621400 0.041800 0.130200
0 0.961500 0.048300 0.053100 0.087400
0 0.954800 0.263800 0.063500 0.076500
0 0.712400 0.743200 0.064800 0.068000
0 0.891300 0.416500 0.031700 0.103800
0 0.308000 0.835200 0.076800 0.060900
0 0.340100 0.679800 0.080000 0.066700
0 0.273047 0.699306 0.069531 0.081944
0 0.721875 0.661111 0.042188 0.108333
0 0.832422 0.343750 0.071094 0.048611
0 0.853516 0.301389 0.063281 0.055556
