0 0.664600 0.348300 0.055000 0.095000
0 0.538700 0.638200 0.064300 0.080500
0 0.059800 0.413400 0.048500 0.089100
0 0.563000 0.806500 0.050300 0.099700
0 0.759900 0.349600 0.062000 0.093700
0 0.135000 0.133500 0.053400 0.104600
0 0.392700 0.139400 0.071500 0.088700
0 0.149400 0.912800 0.044600 0.114800
0 0.763100 0.561100 0.049700 0.111100
0 0.146600 0.694200 0.073100 0.083200
0 0.638800 0.602400 0.042300 0.118700
0 0.331700 0.797300 0.071700 0.074700
0 0.816700 0.287800 0.042800 0.113600
0 0.954300 0.968900 0.055500 0.065800
0 0.912109 0.363194 0.038281 0.101389
0 0.973828 0.326389 0.044531 0.094444
0 0.940625 0.255556 0.035937 0.108333
0 0.893359 0.238889 0.057031 0.058333
0 0.877344 0.270833 0.062500 0.061111
