0 0.788500 0.141600 0.061500 0.087500
0 0.717300 0.518700 0.052600 0.108300
0 0.489300 0.613700 0.054200 0.099500
0 0.199800 0.641300 0.068400 0.081900
0 0.037800 0.491200 0.046600 0.102300
0 0.204300 0.104700 0.058900 0.094000
0 0.340300 0.120400 0.048000 0.146900
0 0.541100 0.861600 0.049000 0.088900
0 0.725700 0.749900 0.067400 0.071500
0 0.948800 0.657700 0.038700 0.118600
0 0.351600 0.671900 0.070300 0.079000
0 0.311000 0.837200 0.077400 0.060600
0 0.941800 0.250200 0.055200 0.076900
0 0.970500 0.042100 0.049000 0.073800
0 0.890600 0.420200 0.033800 0.097300
0 0.771094 0.629167 0.046875 0.091667
0 0.727734 0.613194 0.036719 0.090278
0 0.863281 0.297917 0.065625 0.054167
0 0.830469 0.339583 0.065625 0.051389
0 0.281250 0.688194 0.057813 0.093056
