0 0.363400 0.107400 0.060500 0.078500
0 0.661600 0.637200 0.049700 0.116400
0 0.193400 0.449900 0.065600 0.083100
0 0.365000 0.262500 0.059700 0.085800
0 0.296300 0.728700 0.062600 0.089600
0 0.400000 0.739100 0.051900 0.097300
0 0.865600 0.180500 0.057800 0.092400
0 0.025400 0.785800 0.053500 0.096200
0 0.399200 0.558300 0.052700 0.095100
0 0.687400 0.174500 0.042100 0.108400
0 0.836000 0.741300 0.078800 0.076000
0 0.495800 0.265100 0.090600 0.079700
0 0.021400 0.363100 0.047000 0.089900
0 0.969600 0.837500 0.043800 0.119600
0 0.023300 0.496400 0.044300 0.105400
0 0.536200 0.881200 0.049900 0.084500
0 0.516600 0.673600 0.078900 0.075300
0 0.686700 0.885800 0.041800 0.116100
0 0.290100 0.850000 0.070300 0.072200
0 0.710300 0.494300 0.044400 0.105400
0 0.870500 0.323300 0.054500 0.079800
0 0.981500 0.308100 0.035800 0.083000
0 0.821484 0.331250 0.052344 0.062500
0 0.778516 0.331944 0.039844 0.102778
0 0.874219 0.443750 0.039063 0.095833
