0 0.417000 0.529700 0.068700 0.088400
0 0.687500 0.193700 0.042100 0.108700
0 0.688300 0.866300 0.039700 0.109600
0 0.031600 0.769200 0.061000 0.095300
0 0.530300 0.280500 0.081100 0.074800
0 0.852000 0.174700 0.058300 0.085700
0 0.654300 0.655600 0.047500 0.110400
0 0.342000 0.120300 0.069500 0.073400
0 0.029000 0.376100 0.060100 0.088500
0 0.216900 0.466400 0.065700 0.071600
0 0.377100 0.265500 0.058800 0.079000
0 0.386200 0.758400 0.063300 0.092700
0 0.540600 0.671600 0.077200 0.075200
0 0.972700 0.857300 0.045500 0.110700
0 0.978700 0.318100 0.043000 0.086600
0 0.306600 0.733300 0.060300 0.099500
0 0.705200 0.478400 0.047600 0.105100
0 0.020800 0.494300 0.043000 0.103100
0 0.533900 0.883100 0.050200 0.083000
0 0.870300 0.325500 0.058100 0.078300
0 0.848800 0.744200 0.077100 0.069400
0 0.289500 0.851300 0.069400 0.069900
0 0.873400 0.449800 0.035100 0.110700
0 0.784766 0.286806 0.039844 0.095833
0 0.821484 0.336806 0.055469 0.068056
