0 0.814900 0.676400 0.062100 0.090100
0 0.147900 0.057100 0.057900 0.082900
0 0.734500 0.474700 0.051200 0.101500
0 0.526600 0.552000 0.056200 0.105400
0 0.930600 0.085400 0.052500 0.087800
0 0.044000 0.478100 0.051100 0.095400
0 0.150600 0.596200 0.058700 0.092100
0 0.801800 0.901400 0.046400 0.102900
0 0.538700 0.846800 0.048700 0.092400
0 0.972000 0.266100 0.051000 0.087500
0 0.734000 0.225700 0.050100 0.106000
0 0.886200 0.393600 0.034800 0.113800
0 0.300300 0.671300 0.081500 0.064100
0 0.251600 0.713200 0.056100 0.082900
0 0.307900 0.820000 0.078900 0.064000
0 0.937200 0.543000 0.028900 0.127100
0 0.694922 0.743750 0.035156 0.115278
0 0.683203 0.734028 0.071094 0.068056
0 0.846875 0.291667 0.065625 0.061111
0 0.832812 0.338194 0.070313 0.054167
0 0.283203 0.054167 0.047656 0.094444
