0 0.361700 0.081000 0.050800 0.104100
0 0.563600 0.656300 0.061700 0.080400
0 0.645200 0.379100 0.053900 0.116000
0 0.560800 0.815000 0.051200 0.099500
0 0.971000 0.808000 0.054500 0.087100
0 0.057100 0.413200 0.051300 0.086200
0 0.116800 0.099300 0.047900 0.105800
0 0.647900 0.523800 0.055100 0.101400
0 0.177400 0.688200 0.072500 0.080200
0 0.759100 0.621700 0.043500 0.111400
0 0.168000 0.869900 0.052500 0.104200
0 0.025200 0.473300 0.054900 0.081600
0 0.328800 0.800600 0.078300 0.067800
0 0.787891 0.286111 0.047656 0.083333
0 0.808984 0.324306 0.038281 0.095833
0 0.882422 0.254167 0.061719 0.055556
0 0.869922 0.299306 0.064844 0.059722
0 0.939453 0.286806 0.035156 0.123611
0 0.980859 0.299306 0.036719 0.087500
0 0.910156 0.361111 0.035937 0.094444
