0 0.262800 0.157400 0.059200 0.089500
0 0.369400 0.190500 0.055700 0.096900
0 0.471200 0.656400 0.061800 0.089000
0 0.474100 0.042300 0.052400 0.075600
0 0.229800 0.663200 0.056600 0.096100
0 0.821300 0.062600 0.048200 0.090700
0 0.034700 0.490600 0.048100 0.101200
0 0.702500 0.542300 0.049400 0.104800
0 0.540300 0.866100 0.048900 0.084800
0 0.923200 0.240100 0.055900 0.083800
0 0.752800 0.747000 0.068200 0.062600
0 0.958100 0.725400 0.039600 0.108200
0 0.302900 0.843800 0.077200 0.064800
0 0.308800 0.663500 0.052800 0.100200
0 0.038100 0.346100 0.078700 0.058000
0 0.684100 0.052900 0.044500 0.095500
0 0.886000 0.421900 0.036700 0.096600
0 0.868750 0.304167 0.059375 0.058333
0 0.830469 0.340278 0.068750 0.055556
0 0.753906 0.600694 0.050000 0.087500
0 0.747656 0.543750 0.050000 0.120833
0 0.405078 0.682639 0.061719 0.062500
