0 0.253900 0.507100 0.063700 0.085400
0 0.693300 0.235600 0.042800 0.113700
0 0.453500 0.514300 0.060000 0.087900
0 0.417800 0.299100 0.062600 0.072400
0 0.965000 0.346500 0.054700 0.084700
0 0.053400 0.751400 0.063400 0.100100
0 0.973700 0.899000 0.044100 0.113700
0 0.645500 0.696000 0.054800 0.105600
0 0.693300 0.828200 0.037500 0.105800
0 0.051300 0.398300 0.065500 0.070300
0 0.565200 0.671300 0.075800 0.072200
0 0.302400 0.129900 0.069300 0.066800
0 0.830500 0.155000 0.064700 0.081200
0 0.857200 0.452900 0.035200 0.106800
0 0.874700 0.741000 0.068400 0.077200
0 0.699100 0.437200 0.043500 0.103000
0 0.528800 0.892200 0.052700 0.094300
0 0.820000 0.341400 0.058600 0.072500
0 0.874800 0.327400 0.057300 0.074800
0 0.287500 0.853400 0.067000 0.073700
0 0.018500 0.495200 0.039000 0.102300
0 0.799400 0.186600 0.052000 0.114900
0 0.369922 0.790278 0.053906 0.077778
0 0.316797 0.776389 0.058594 0.072222
0 0.570313 0.277083 0.062500 0.073611
