0 0.636700 0.399100 0.053200 0.105500
0 0.352300 0.073100 0.064700 0.084300
0 0.112800 0.089900 0.044500 0.106500
0 0.957600 0.794500 0.058500 0.092700
0 0.576200 0.668300 0.060800 0.081900
0 0.194300 0.686800 0.078000 0.079200
0 0.057000 0.415800 0.050200 0.094800
0 0.178400 0.851600 0.052400 0.108700
0 0.760000 0.651500 0.042200 0.112200
0 0.553100 0.820800 0.050600 0.094300
0 0.324900 0.797800 0.071000 0.073700
0 0.037600 0.481000 0.068800 0.077500
0 0.908984 0.368056 0.033594 0.091667
0 0.933203 0.305556 0.036719 0.100000
0 0.981641 0.290972 0.035156 0.087500
0 0.873438 0.265972 0.059375 0.056944
0 0.863281 0.303472 0.060938 0.054167
0 0.800000 0.262500 0.053125 0.075000
0 0.798047 0.336806 0.039844 0.098611
0 0.654688 0.489583 0.042188 0.090278
