0 0.069800 0.397800 0.045700 0.097300
0 0.116800 0.807500 0.053100 0.116300
0 0.696300 0.147700 0.046400 0.110100
0 0.340300 0.348900 0.046000 0.104500
0 0.645400 0.564200 0.057100 0.104600
0 0.313700 0.478000 0.053800 0.103000
0 0.918700 0.265100 0.047000 0.100400
0 0.972900 0.344700 0.034500 0.119300
0 0.365800 0.760400 0.076700 0.062400
0 0.495800 0.693100 0.054400 0.087500
0 0.590900 0.717400 0.058100 0.082200
0 0.619600 0.737700 0.052600 0.100800
0 0.055469 0.552778 0.037500 0.097222
0 0.818359 0.528472 0.046094 0.087500
0 0.978516 0.163889 0.042969 0.063889
0 0.968750 0.207639 0.057813 0.048611
0 0.960156 0.617361 0.042188 0.081944
0 0.507031 0.749306 0.053125 0.081944
0 0.544141 0.097222 0.066406 0.066667
