0 0.284700 0.180200 0.059700 0.080000
0 0.457800 0.051800 0.051100 0.087200
0 0.032800 0.490400 0.049300 0.098600
0 0.242900 0.673700 0.064500 0.074300
0 0.541500 0.868200 0.049800 0.083800
0 0.958900 0.746200 0.039800 0.107800
0 0.315000 0.645900 0.069400 0.088300
0 0.684700 0.071000 0.040800 0.107000
0 0.921200 0.224200 0.059200 0.075200
0 0.301000 0.842800 0.077500 0.064100
0 0.769800 0.741600 0.069000 0.066900
0 0.066000 0.362800 0.077700 0.066900
0 0.860000 0.310600 0.056400 0.078000
0 0.398800 0.226200 0.051100 0.093800
0 0.687600 0.961500 0.055000 0.069400
0 0.887000 0.424400 0.037400 0.096400
0 0.815900 0.324300 0.061100 0.078100
0 0.421875 0.679861 0.060938 0.068056
0 0.468750 0.674306 0.051562 0.090278
0 0.695703 0.560417 0.044531 0.104167
0 0.742578 0.576389 0.044531 0.102778
0 0.760156 0.498611 0.040625 0.097222
0 0.839453 0.051389 0.047656 0.088889
