0 0.788600 0.756800 0.062500 0.095800
0 0.614200 0.592700 0.061900 0.090500
0 0.502000 0.412400 0.046800 0.097700
0 0.095900 0.578800 0.049200 0.114500
0 0.414100 0.498600 0.054000 0.097500
0 0.216300 0.328700 0.046600 0.111300
0 0.073900 0.390300 0.049700 0.095300
0 0.848600 0.106200 0.042600 0.119000
0 0.597800 0.770900 0.048900 0.101100
0 0.423300 0.877400 0.039300 0.106000
0 0.357000 0.773800 0.080600 0.067600
0 0.952800 0.479900 0.039700 0.102200
0 0.953200 0.351500 0.035500 0.117200
0 0.791900 0.187100 0.046200 0.113800
0 0.918900 0.104400 0.044900 0.111800
0 0.621200 0.940800 0.052900 0.101500
0 0.894300 0.317200 0.054900 0.087500
0 0.857900 0.254200 0.048100 0.097100
0 0.971484 0.125000 0.047656 0.097222
0 0.955469 0.189583 0.059375 0.059722
0 0.957812 0.223611 0.060938 0.055556
0 0.648047 0.055556 0.038281 0.097222
0 0.656250 0.059722 0.051562 0.069444
