0 0.614100 0.693200 0.062100 0.084600
0 0.195400 0.792800 0.054200 0.102900
0 0.601700 0.450900 0.059200 0.093900
0 0.905500 0.763100 0.063100 0.096200
0 0.072400 0.514100 0.062600 0.077200
0 0.080900 0.047100 0.045500 0.085700
0 0.768300 0.735800 0.047100 0.118500
0 0.844800 0.208800 0.060500 0.094500
0 0.681600 0.401000 0.047200 0.103400
0 0.056500 0.434200 0.055100 0.082700
0 0.776400 0.381400 0.044300 0.110800
0 0.626800 0.913400 0.050400 0.098800
0 0.236100 0.684200 0.078100 0.068400
0 0.317000 0.800100 0.066900 0.069600
0 0.543300 0.829300 0.049100 0.089900
0 0.300900 0.032600 0.074600 0.048100
0 0.989200 0.255400 0.025300 0.109000
0 0.933594 0.390972 0.037500 0.098611
0 0.898047 0.375694 0.038281 0.104167
0 0.858594 0.284722 0.060938 0.052778
0 0.848828 0.322917 0.061719 0.059722
