0 0.162000 0.078500 0.054000 0.102900
0 0.511200 0.572200 0.056800 0.112800
0 0.813100 0.927000 0.049600 0.108900
0 0.730300 0.487000 0.050400 0.109100
0 0.173100 0.607400 0.058300 0.100300
0 0.747500 0.215800 0.052000 0.103300
0 0.942700 0.063900 0.051600 0.091200
0 0.041600 0.486300 0.046700 0.104700
0 0.797900 0.657300 0.052900 0.090100
0 0.964300 0.269500 0.059200 0.086100
0 0.540800 0.856100 0.048500 0.090400
0 0.262600 0.709000 0.051400 0.087200
0 0.946900 0.586900 0.035700 0.124500
0 0.704400 0.735900 0.062000 0.073500
0 0.296800 0.045400 0.058100 0.072500
0 0.319100 0.671900 0.082800 0.065200
0 0.887000 0.399600 0.036300 0.113000
0 0.309600 0.828000 0.078500 0.065400
0 0.845703 0.296528 0.066406 0.065278
0 0.831250 0.341667 0.068750 0.061111
0 0.710156 0.681944 0.039063 0.083333
