0 0.074900 0.398300 0.050000 0.100700
0 0.368100 0.415700 0.049800 0.103400
0 0.462000 0.771200 0.052200 0.095700
0 0.671400 0.096800 0.045300 0.108600
0 0.710200 0.644900 0.048700 0.113400
0 0.131700 0.695500 0.046300 0.117000
0 0.837200 0.423800 0.049300 0.095900
0 0.270900 0.410100 0.049000 0.101100
0 0.548300 0.684900 0.051100 0.095000
0 0.609500 0.751400 0.051800 0.102000
0 0.952200 0.558900 0.037600 0.103000
0 0.968400 0.356100 0.036000 0.121100
0 0.553100 0.568300 0.049300 0.101700
0 0.896875 0.121528 0.040625 0.115278
0 0.896484 0.039583 0.039844 0.073611
0 0.854297 0.036111 0.033594 0.058333
0 0.852344 0.096528 0.046875 0.079167
0 0.361328 0.764583 0.061719 0.065278
0 0.597656 0.090278 0.062500 0.077778
0 0.969141 0.165972 0.058594 0.056944
0 0.970312 0.203472 0.057813 0.051389
0 0.941406 0.227778 0.034375 0.086111
