0 0.694700 0.292600 0.057400 0.096200
0 0.502800 0.604600 0.061300 0.085900
0 0.426500 0.203400 0.066200 0.101600
0 0.914100 0.928800 0.055000 0.111500
0 0.066700 0.405200 0.048800 0.088900
0 0.096200 0.709300 0.069700 0.085400
0 0.163800 0.190800 0.042800 0.113000
0 0.619400 0.697100 0.050200 0.113600
0 0.733600 0.412000 0.054700 0.096900
0 0.571400 0.781300 0.046800 0.103700
0 0.843200 0.239400 0.048400 0.114900
0 0.343100 0.794100 0.076800 0.068000
0 0.922400 0.360700 0.038000 0.112600
0 0.775200 0.464000 0.052900 0.108700
0 0.122100 0.959100 0.048700 0.078500
0 0.764600 0.036100 0.065200 0.052500
0 0.967969 0.371528 0.040625 0.112500
0 0.950781 0.206250 0.035937 0.104167
0 0.913281 0.226389 0.059375 0.063889
0 0.901172 0.269444 0.066406 0.052778
