0 0.192700 0.812600 0.052500 0.097500
0 0.614800 0.434000 0.055700 0.106200
0 0.058100 0.427700 0.055400 0.082800
0 0.599100 0.683100 0.061900 0.077900
0 0.090600 0.060600 0.043900 0.107700
0 0.057700 0.507000 0.058300 0.086100
0 0.922600 0.775300 0.059500 0.095700
0 0.762600 0.706700 0.043700 0.120500
0 0.780400 0.367200 0.050500 0.105600
0 0.546000 0.825900 0.048500 0.092200
0 0.224800 0.685300 0.071900 0.072400
0 0.612700 0.938600 0.045200 0.094200
0 0.321200 0.800900 0.079700 0.066000
0 0.318000 0.048500 0.063900 0.074400
0 0.830200 0.219400 0.055100 0.104600
0 0.673437 0.443750 0.043750 0.109722
0 0.935547 0.376389 0.036719 0.108333
0 0.901172 0.369444 0.035156 0.088889
0 0.864062 0.279861 0.059375 0.059722
0 0.854688 0.321528 0.064062 0.056944
0 0.987109 0.268750 0.024219 0.095833
