0 0.062100 0.740100 0.063000 0.095200
0 0.695500 0.254100 0.041900 0.104600
0 0.280100 0.516900 0.059000 0.098500
0 0.694300 0.813400 0.038000 0.096900
0 0.065900 0.415400 0.067400 0.066500
0 0.433500 0.314100 0.062900 0.077100
0 0.956600 0.365700 0.059700 0.081400
0 0.480500 0.504600 0.071300 0.079300
0 0.977400 0.917800 0.042000 0.110300
0 0.643200 0.709900 0.051400 0.105300
0 0.526800 0.892500 0.053100 0.097200
0 0.698700 0.410900 0.040200 0.107700
0 0.285200 0.134800 0.076300 0.068400
0 0.851900 0.455000 0.036200 0.104100
0 0.873000 0.329100 0.056200 0.070600
0 0.573900 0.670100 0.080300 0.076600
0 0.600500 0.267100 0.070800 0.089900
0 0.815900 0.343400 0.058200 0.078100
0 0.980600 0.712700 0.042700 0.099400
0 0.019700 0.502000 0.040100 0.089700
0 0.817969 0.145139 0.057813 0.079167
0 0.787891 0.185417 0.035156 0.098611
0 0.887500 0.747917 0.065625 0.051389
0 0.367188 0.818750 0.054688 0.079167
0 0.324219 0.781944 0.048437 0.100000
0 0.282422 0.864583 0.066406 0.054167
