0 0.072300 0.399800 0.050100 0.102600
0 0.685300 0.120400 0.050100 0.110100
0 0.618200 0.745100 0.046800 0.107300
0 0.126600 0.748400 0.047900 0.117200
0 0.359100 0.381600 0.048700 0.092800
0 0.682200 0.602100 0.050300 0.107100
0 0.818900 0.452000 0.046300 0.108100
0 0.027100 0.655900 0.045700 0.110100
0 0.956900 0.587500 0.039200 0.102000
0 0.970100 0.346200 0.036900 0.109800
0 0.293900 0.442100 0.051400 0.108400
0 0.480000 0.726000 0.049400 0.096600
0 0.569800 0.093500 0.068500 0.075700
0 0.366200 0.761200 0.078400 0.067400
0 0.523600 0.718900 0.049800 0.097900
0 0.933200 0.229300 0.045500 0.112800
0 0.974609 0.165278 0.049219 0.055556
0 0.967578 0.199306 0.060156 0.051389
0 0.911328 0.047222 0.038281 0.080556
0 0.879297 0.076389 0.041406 0.083333
0 0.573438 0.662500 0.039063 0.097222
