0 0.635900 0.546700 0.064600 0.094200
0 0.431600 0.530600 0.057800 0.100500
0 0.073700 0.391700 0.051600 0.088700
0 0.484500 0.340000 0.047700 0.119200
0 0.220100 0.297500 0.054200 0.112900
0 0.409900 0.920400 0.041300 0.116800
0 0.818200 0.798800 0.051100 0.105300
0 0.074700 0.536400 0.053400 0.103000
0 0.691200 0.057300 0.066600 0.070800
0 0.850200 0.137700 0.040300 0.106600
0 0.831300 0.305000 0.049200 0.087900
0 0.591100 0.780900 0.048700 0.096000
0 0.762100 0.220800 0.052800 0.085800
0 0.352400 0.779300 0.080900 0.062400
0 0.632800 0.040400 0.054000 0.058200
0 0.978100 0.091900 0.046000 0.096000
0 0.013100 0.751300 0.030700 0.079500
0 0.945703 0.351389 0.036719 0.105556
0 0.923828 0.129167 0.047656 0.097222
0 0.945313 0.191667 0.057813 0.058333
0 0.941016 0.224306 0.060156 0.051389
0 0.918359 0.297917 0.053906 0.095833
0 0.592188 0.872222 0.043750 0.091667
0 0.960156 0.456944 0.040625 0.100000
