0 0.452400 0.559500 0.055300 0.107500
0 0.031800 0.736600 0.063700 0.087800
0 0.070800 0.399400 0.052700 0.083400
0 0.740000 0.242500 0.057400 0.086200
0 0.472200 0.304200 0.065100 0.090300
0 0.849100 0.176400 0.041100 0.116000
0 0.400800 0.950300 0.043500 0.098300
0 0.855800 0.840000 0.050500 0.104400
0 0.200400 0.260700 0.047800 0.113600
0 0.671300 0.494900 0.058200 0.097700
0 0.350800 0.782100 0.078800 0.067800
0 0.800100 0.350100 0.052200 0.087900
0 0.718000 0.045400 0.071100 0.070900
0 0.575900 0.765500 0.051300 0.089500
0 0.936100 0.154500 0.047700 0.090600
0 0.981800 0.064100 0.036100 0.090600
0 0.596875 0.819444 0.035937 0.097222
0 0.056250 0.495833 0.051562 0.100000
0 0.934766 0.203472 0.058594 0.048611
0 0.924219 0.236111 0.059375 0.055556
0 0.960547 0.420833 0.039844 0.097222
0 0.932813 0.352778 0.034375 0.097222
0 0.944531 0.269444 0.057813 0.069444
