0 0.073100 0.399500 0.050400 0.100500
0 0.362600 0.398600 0.050700 0.104000
0 0.614400 0.747300 0.047600 0.104200
0 0.469300 0.750200 0.053700 0.100400
0 0.700100 0.625100 0.050000 0.113500
0 0.563800 0.614900 0.058300 0.088600
0 0.284400 0.427200 0.049200 0.114100
0 0.831200 0.433000 0.045400 0.121700
0 0.969000 0.348900 0.036900 0.113400
0 0.952800 0.579500 0.036000 0.106100
0 0.579800 0.098900 0.068600 0.079100
0 0.129200 0.716400 0.046300 0.121000
0 0.017200 0.699700 0.032200 0.114500
0 0.680000 0.106800 0.047500 0.110600
0 0.539600 0.698100 0.053200 0.093300
0 0.367000 0.762300 0.079800 0.066600
0 0.938500 0.215100 0.049700 0.114800
0 0.954900 0.203200 0.044500 0.104100
0 0.868750 0.095833 0.039063 0.091667
0 0.903516 0.083333 0.042969 0.097222
