0 0.750800 0.235400 0.056100 0.088300
0 0.654600 0.516900 0.063000 0.093100
0 0.072500 0.395200 0.051500 0.082900
0 0.066400 0.510200 0.050500 0.100700
0 0.442800 0.547900 0.051900 0.107400
0 0.839400 0.819100 0.049200 0.113500
0 0.812300 0.314200 0.051600 0.098200
0 0.210000 0.280700 0.049500 0.117400
0 0.850400 0.154000 0.042400 0.119300
0 0.403800 0.936300 0.045300 0.111700
0 0.474200 0.325000 0.046300 0.111300
0 0.022500 0.744600 0.051900 0.092100
0 0.703900 0.054400 0.067300 0.072600
0 0.587600 0.770500 0.051800 0.087900
0 0.352100 0.780400 0.079500 0.065500
0 0.594400 0.840700 0.042600 0.103000
0 0.630100 0.037500 0.048800 0.055300
0 0.974400 0.080500 0.045900 0.093600
0 0.926562 0.131250 0.043750 0.090278
0 0.940234 0.193056 0.063281 0.055556
0 0.934766 0.230556 0.061719 0.052778
0 0.929688 0.288889 0.051562 0.077778
0 0.938672 0.353472 0.033594 0.095833
0 0.960156 0.441667 0.039063 0.105556
