0 0.751800 0.370900 0.061200 0.084700
0 0.528700 0.626300 0.061700 0.081900
0 0.675200 0.330800 0.057700 0.092000
0 0.141600 0.151200 0.047300 0.108500
0 0.063400 0.409100 0.051000 0.087500
0 0.400900 0.156500 0.055100 0.114600
0 0.137900 0.935100 0.043100 0.111800
0 0.570000 0.796500 0.051400 0.103400
0 0.131900 0.700500 0.070800 0.084500
0 0.627800 0.617100 0.042200 0.130800
0 0.767300 0.533300 0.046900 0.101300
0 0.916800 0.351400 0.036700 0.122300
0 0.336100 0.794000 0.073700 0.072300
0 0.825100 0.267800 0.042500 0.107700
0 0.941200 0.958400 0.051100 0.084000
0 0.901172 0.239583 0.061719 0.062500
0 0.886328 0.277778 0.067969 0.055556
0 0.971484 0.338889 0.044531 0.094444
0 0.943750 0.243056 0.035937 0.097222
