0 0.915600 0.108500 0.051600 0.086200
0 0.828400 0.694800 0.059700 0.087700
0 0.044500 0.473300 0.052300 0.098300
0 0.145800 0.583600 0.068500 0.070000
0 0.742200 0.457300 0.048100 0.103900
0 0.716300 0.272000 0.067000 0.092700
0 0.543900 0.533300 0.047900 0.123800
0 0.538700 0.846100 0.047700 0.090100
0 0.796700 0.873400 0.047200 0.101000
0 0.975700 0.269800 0.046200 0.084800
0 0.124200 0.040300 0.058200 0.061600
0 0.241800 0.729700 0.054200 0.075700
0 0.284700 0.675800 0.078100 0.062700
0 0.308400 0.818100 0.078600 0.063300
0 0.931200 0.511600 0.037900 0.111100
0 0.878100 0.375700 0.047000 0.100900
0 0.844922 0.295833 0.064844 0.063889
0 0.830859 0.340972 0.064844 0.054167
0 0.686719 0.763194 0.037500 0.093056
0 0.669531 0.725000 0.054688 0.050000
