0 0.481400 0.637500 0.050500 0.099500
0 0.805900 0.098500 0.053300 0.096500
0 0.298200 0.671600 0.056300 0.096700
0 0.235300 0.128500 0.059100 0.084300
0 0.209300 0.657100 0.056700 0.098400
0 0.354300 0.153500 0.058600 0.087600
0 0.704200 0.530900 0.050600 0.108700
0 0.034900 0.491700 0.048000 0.101800
0 0.951400 0.694400 0.037300 0.104300
0 0.541200 0.864200 0.048900 0.087100
0 0.930300 0.240600 0.054100 0.085500
0 0.307200 0.841100 0.077400 0.060900
0 0.885700 0.415000 0.036300 0.098600
0 0.740000 0.751200 0.069000 0.067000
0 0.685600 0.045200 0.042900 0.078300
0 0.488400 0.030300 0.052400 0.055700
0 0.762109 0.618056 0.041406 0.083333
0 0.737500 0.583333 0.039063 0.102778
0 0.865625 0.298611 0.059375 0.055556
0 0.833203 0.336806 0.069531 0.045833
0 0.382031 0.676389 0.065625 0.061111
