0 0.071000 0.730400 0.055500 0.099000
0 0.805900 0.141800 0.050100 0.095000
0 0.298900 0.530700 0.064300 0.077500
0 0.264900 0.137600 0.081000 0.075600
0 0.453800 0.330500 0.064700 0.075800
0 0.079000 0.430800 0.067400 0.074100
0 0.524600 0.894200 0.052800 0.092700
0 0.690200 0.789000 0.045800 0.110800
0 0.970600 0.709200 0.057900 0.081400
0 0.846300 0.457800 0.035600 0.106800
0 0.591300 0.669300 0.084700 0.080700
0 0.873700 0.330000 0.060000 0.067700
0 0.977400 0.933000 0.039100 0.112200
0 0.946200 0.381700 0.049500 0.092500
0 0.812200 0.343900 0.062600 0.083000
0 0.494800 0.494800 0.080700 0.076300
0 0.632000 0.269000 0.082300 0.079000
0 0.902200 0.732000 0.068400 0.078500
0 0.017500 0.502700 0.039000 0.084200
0 0.697266 0.277083 0.044531 0.104167
0 0.697656 0.402083 0.037500 0.118056
0 0.362500 0.845833 0.050000 0.086111
0 0.333984 0.793056 0.053906 0.091667
0 0.279687 0.867361 0.062500 0.054167
0 0.635938 0.735417 0.045313 0.106944
0 0.789063 0.156250 0.035937 0.120833
