0 0.487800 0.594200 0.060600 0.088600
0 0.900800 0.908400 0.059000 0.105100
0 0.077100 0.712600 0.071300 0.085400
0 0.066600 0.400900 0.050900 0.088000
0 0.174000 0.205800 0.043900 0.110200
0 0.708000 0.280100 0.055400 0.104600
0 0.431200 0.218300 0.050200 0.115700
0 0.752600 0.036700 0.066000 0.057800
0 0.717200 0.426800 0.056500 0.089800
0 0.344900 0.791400 0.076300 0.067100
0 0.840900 0.220500 0.042900 0.111700
0 0.924500 0.362900 0.039600 0.118500
0 0.958800 0.378800 0.044100 0.106700
0 0.573700 0.780800 0.047400 0.106500
0 0.614400 0.718300 0.043700 0.112100
0 0.020312 0.441667 0.040625 0.088889
0 0.777734 0.430556 0.049219 0.094444
0 0.975391 0.238889 0.047656 0.058333
0 0.946875 0.195139 0.029687 0.095833
0 0.917969 0.227083 0.057813 0.068056
0 0.910547 0.265278 0.061719 0.050000
