0 0.058100 0.413000 0.052100 0.088300
0 0.656700 0.364600 0.054900 0.091900
0 0.553100 0.647800 0.066200 0.081300
0 0.562000 0.813500 0.051400 0.096700
0 0.758000 0.584000 0.051600 0.115100
0 0.374500 0.097200 0.052500 0.093200
0 0.128100 0.119900 0.047600 0.111200
0 0.646000 0.561400 0.046800 0.106200
0 0.162200 0.883100 0.051400 0.106900
0 0.165300 0.692000 0.076000 0.084400
0 0.330100 0.798300 0.072300 0.073300
0 0.980859 0.814583 0.036719 0.093056
0 0.014844 0.481250 0.029687 0.073611
0 0.944141 0.268056 0.033594 0.108333
0 0.888672 0.247917 0.060156 0.051389
0 0.873828 0.284028 0.064844 0.051389
0 0.978906 0.314583 0.040625 0.090278
0 0.913281 0.361111 0.039063 0.097222
0 0.817969 0.306944 0.039063 0.102778
0 0.775781 0.323611 0.048437 0.075000
