0 0.070000 0.398800 0.045800 0.103500
0 0.690000 0.139400 0.053000 0.094300
0 0.305100 0.462800 0.050100 0.101900
0 0.349900 0.366000 0.051300 0.105400
0 0.655200 0.582700 0.049200 0.096700
0 0.816200 0.478400 0.053300 0.102600
0 0.038200 0.614700 0.044800 0.112700
0 0.620600 0.742200 0.050700 0.105500
0 0.970800 0.344700 0.035700 0.107700
0 0.516800 0.733500 0.054400 0.102400
0 0.123900 0.780800 0.050100 0.116400
0 0.365700 0.759900 0.078200 0.064600
0 0.556700 0.088600 0.067600 0.072000
0 0.588200 0.676000 0.052900 0.093300
0 0.924500 0.245700 0.049300 0.104100
0 0.959000 0.603300 0.039700 0.091100
0 0.484300 0.708900 0.051700 0.085600
0 0.903900 0.035600 0.050000 0.057100
0 0.975391 0.162500 0.049219 0.061111
0 0.966406 0.202778 0.059375 0.058333
