0 0.142700 0.420000 0.062900 0.079400
0 0.337400 0.236300 0.061000 0.074800
0 0.401200 0.085900 0.054200 0.094000
0 0.280300 0.700600 0.058600 0.079100
0 0.693400 0.926500 0.043600 0.109400
0 0.028300 0.496100 0.048600 0.099700
0 0.730300 0.530500 0.050700 0.093600
0 0.453800 0.264500 0.069000 0.081700
0 0.366700 0.591800 0.068200 0.079600
0 0.675800 0.601600 0.057400 0.108800
0 0.684000 0.127100 0.041000 0.113100
0 0.890200 0.195700 0.065400 0.074100
0 0.810800 0.743100 0.077600 0.073300
0 0.968400 0.802900 0.042000 0.110900
0 0.868900 0.317300 0.056200 0.078600
0 0.537800 0.877500 0.049100 0.085100
0 0.294400 0.850000 0.078500 0.067700
0 0.769300 0.398100 0.041800 0.100200
0 0.427800 0.713900 0.054000 0.105700
0 0.878800 0.432300 0.036400 0.103900
0 0.013100 0.796200 0.030600 0.079200
0 0.821484 0.327083 0.055469 0.062500
0 0.480078 0.675000 0.064844 0.066667
