0 0.579500 0.481400 0.054500 0.093700
0 0.690100 0.353400 0.050400 0.098200
0 0.877600 0.737700 0.064000 0.099000
0 0.050200 0.451200 0.054500 0.088300
0 0.098900 0.542400 0.063900 0.076500
0 0.540000 0.840200 0.046800 0.090700
0 0.632800 0.711100 0.066400 0.078500
0 0.881200 0.165100 0.057600 0.092400
0 0.762100 0.413300 0.049300 0.092900
0 0.775300 0.791700 0.045000 0.112900
0 0.262200 0.684300 0.078400 0.069200
0 0.209300 0.768000 0.048100 0.104300
0 0.892400 0.377400 0.038800 0.106000
0 0.645000 0.847800 0.050800 0.104900
0 0.063200 0.036400 0.040800 0.067400
0 0.935547 0.427778 0.039844 0.108333
0 0.851563 0.288194 0.059375 0.059722
0 0.841406 0.336806 0.065625 0.062500
0 0.311328 0.810417 0.063281 0.054167
