0 0.463000 0.571200 0.058300 0.101700
0 0.070300 0.397600 0.050500 0.084300
0 0.726300 0.261600 0.056400 0.087000
0 0.197500 0.246500 0.043600 0.119900
0 0.875000 0.863500 0.049900 0.106800
0 0.686300 0.473200 0.057100 0.104100
0 0.038600 0.474300 0.058100 0.091000
0 0.042700 0.730900 0.067300 0.086400
0 0.453200 0.255000 0.054500 0.108500
0 0.846600 0.187400 0.044200 0.111000
0 0.791100 0.377000 0.046500 0.097800
0 0.728900 0.042400 0.069100 0.073400
0 0.347800 0.785300 0.076800 0.067800
0 0.393700 0.961800 0.041800 0.083000
0 0.926700 0.355100 0.033400 0.116600
0 0.571484 0.770833 0.046094 0.086111
0 0.603125 0.783333 0.032812 0.094444
0 0.962891 0.402083 0.041406 0.084722
0 0.940234 0.167361 0.039844 0.073611
0 0.931250 0.206250 0.064062 0.056944
0 0.915234 0.236111 0.057031 0.055556
0 0.957031 0.247917 0.050000 0.054167
0 0.987109 0.045139 0.022656 0.073611
