0 0.355100 0.252600 0.059800 0.080600
0 0.380000 0.098500 0.057600 0.083700
0 0.373200 0.575700 0.051100 0.097700
0 0.290800 0.710900 0.065200 0.071700
0 0.163800 0.432600 0.064600 0.074700
0 0.879200 0.188900 0.062900 0.084900
0 0.681900 0.151100 0.041500 0.113600
0 0.671200 0.616000 0.047900 0.120100
0 0.970800 0.817600 0.040400 0.116100
0 0.025200 0.496900 0.045200 0.105800
0 0.689700 0.909500 0.042500 0.117600
0 0.019500 0.789700 0.043200 0.088000
0 0.773300 0.361700 0.041400 0.113700
0 0.537100 0.878500 0.048100 0.087400
0 0.821000 0.740700 0.081500 0.079500
0 0.868800 0.319800 0.054700 0.078800
0 0.292800 0.851900 0.078300 0.067300
0 0.502300 0.675400 0.070300 0.071500
0 0.724000 0.518300 0.047800 0.097600
0 0.875300 0.430800 0.036700 0.104900
0 0.416300 0.719300 0.056200 0.109300
0 0.489062 0.288194 0.075000 0.065278
0 0.821094 0.329861 0.053125 0.068056
