0 0.075300 0.394200 0.048800 0.093700
0 0.450500 0.787800 0.055400 0.096200
0 0.378200 0.431700 0.048600 0.092400
0 0.561300 0.668900 0.053800 0.089700
0 0.844400 0.399400 0.052700 0.092700
0 0.257800 0.395700 0.047500 0.103100
0 0.730200 0.663400 0.050300 0.113300
0 0.609200 0.751200 0.050400 0.104100
0 0.603700 0.076600 0.063300 0.086200
0 0.952400 0.545100 0.037200 0.095900
0 0.363500 0.764300 0.078900 0.066400
0 0.965900 0.353700 0.035400 0.122900
0 0.540900 0.544300 0.044600 0.125500
0 0.127800 0.669900 0.042700 0.122400
0 0.664453 0.087500 0.047656 0.100000
0 0.851563 0.045833 0.035937 0.075000
0 0.842969 0.108333 0.053125 0.075000
0 0.900000 0.045139 0.040625 0.073611
0 0.891016 0.150694 0.042969 0.112500
0 0.963672 0.176389 0.057031 0.061111
0 0.963672 0.213889 0.067969 0.050000
0 0.946484 0.210417 0.041406 0.090278
