0 0.845900 0.705000 0.057600 0.093900
0 0.907000 0.124300 0.055000 0.092500
0 0.133500 0.567700 0.058300 0.084400
0 0.043600 0.468000 0.050500 0.095900
0 0.556900 0.515900 0.055600 0.100900
0 0.787200 0.849600 0.044500 0.106500
0 0.540200 0.844500 0.048300 0.091900
0 0.751800 0.437400 0.043100 0.096200
0 0.710100 0.314100 0.054100 0.089000
0 0.661100 0.720400 0.061900 0.074900
0 0.272300 0.684000 0.082700 0.060800
0 0.233200 0.740800 0.051000 0.083700
0 0.981000 0.270500 0.037900 0.097300
0 0.099400 0.023500 0.053500 0.043000
0 0.890300 0.382400 0.038800 0.103900
0 0.937891 0.479167 0.035156 0.125000
0 0.845312 0.291667 0.060938 0.061111
0 0.834375 0.343056 0.067188 0.061111
0 0.308984 0.816667 0.064844 0.055556
0 0.665234 0.805556 0.036719 0.094444
