0 0.940900 0.785700 0.060700 0.087600
0 0.589700 0.675800 0.063200 0.075700
0 0.057600 0.425200 0.054400 0.085300
0 0.099000 0.072000 0.044300 0.107400
0 0.334600 0.043900 0.063600 0.076300
0 0.041400 0.502900 0.069300 0.070500
0 0.760300 0.678100 0.040900 0.120600
0 0.549300 0.822800 0.049200 0.088000
0 0.795200 0.348200 0.042500 0.110000
0 0.207800 0.685500 0.069600 0.077200
0 0.186400 0.835700 0.051600 0.109200
0 0.323900 0.800200 0.079400 0.067500
0 0.813000 0.242900 0.055200 0.097900
0 0.591100 0.964600 0.054700 0.067700
0 0.625391 0.414583 0.050781 0.106944
0 0.660156 0.452778 0.039063 0.088889
0 0.906250 0.365972 0.040625 0.093056
0 0.940234 0.337500 0.035156 0.097222
0 0.985156 0.280556 0.028125 0.094444
0 0.870703 0.272222 0.058594 0.058333
0 0.857422 0.311806 0.063281 0.048611
