0 0.893700 0.140900 0.062200 0.087100
0 0.862400 0.719300 0.056100 0.093700
0 0.567300 0.496900 0.055700 0.093800
0 0.047800 0.458200 0.053800 0.087800
0 0.647300 0.720200 0.060700 0.078100
0 0.539300 0.843700 0.048000 0.094100
0 0.118400 0.553600 0.056600 0.090400
0 0.779900 0.818000 0.047500 0.107700
0 0.700100 0.323200 0.047100 0.108200
0 0.760600 0.426100 0.044000 0.097900
0 0.309900 0.806600 0.068900 0.070000
0 0.891700 0.379900 0.040600 0.112600
0 0.663281 0.817361 0.048437 0.115278
0 0.213281 0.767361 0.043750 0.084722
0 0.268359 0.695833 0.066406 0.069444
0 0.935156 0.445139 0.035937 0.123611
0 0.846094 0.292361 0.062500 0.062500
0 0.837109 0.338194 0.066406 0.054167
0 0.985547 0.286111 0.027344 0.072222
