0 0.236800 0.492400 0.059100 0.091900
0 0.400500 0.280600 0.059900 0.081600
0 0.426000 0.519000 0.059600 0.092400
0 0.690800 0.215300 0.040400 0.116000
0 0.973100 0.330100 0.048000 0.084200
0 0.041900 0.762600 0.062600 0.091400
0 0.651400 0.675300 0.047100 0.112600
0 0.689900 0.847600 0.042200 0.109100
0 0.552400 0.675900 0.078300 0.073100
0 0.841800 0.164400 0.057200 0.095100
0 0.702600 0.459100 0.045700 0.113300
0 0.317500 0.749300 0.060500 0.089600
0 0.321400 0.124600 0.070800 0.069500
0 0.039900 0.387300 0.064600 0.085600
0 0.973200 0.877700 0.042100 0.107000
0 0.287500 0.851200 0.069000 0.072200
0 0.020000 0.493800 0.040800 0.102800
0 0.874700 0.326600 0.059400 0.075800
0 0.863600 0.747500 0.066400 0.074000
0 0.572000 0.289800 0.078900 0.065100
0 0.817300 0.337100 0.060900 0.072600
0 0.531900 0.885000 0.050600 0.083300
0 0.788300 0.243200 0.040600 0.107300
0 0.378906 0.769444 0.065625 0.080556
0 0.864062 0.448611 0.042188 0.097222
