0 0.127600 0.402400 0.064000 0.086200
0 0.422200 0.071500 0.054900 0.095800
0 0.350500 0.617100 0.052100 0.093900
0 0.260600 0.691300 0.055000 0.096700
0 0.028900 0.490600 0.050400 0.097200
0 0.315800 0.214800 0.062500 0.081800
0 0.899200 0.210800 0.060500 0.082800
0 0.678400 0.590900 0.051400 0.112600
0 0.538900 0.874500 0.049800 0.083600
0 0.738700 0.539300 0.046200 0.105700
0 0.967100 0.783700 0.042600 0.114100
0 0.868700 0.315300 0.056100 0.075500
0 0.684300 0.107500 0.040600 0.111900
0 0.692700 0.940200 0.043700 0.109400
0 0.797300 0.744400 0.078700 0.066600
0 0.883100 0.427100 0.037800 0.097500
0 0.423500 0.234800 0.068400 0.072200
0 0.297000 0.849200 0.078700 0.065800
0 0.765600 0.442200 0.040000 0.107500
0 0.814900 0.324700 0.053700 0.077500
0 0.432031 0.704167 0.045313 0.075000
0 0.467187 0.677778 0.056250 0.063889
